# power spectrum of delta
# redshift z=100.000000
# k              Pk             sigma(k)       sigma(Pk)      count
  2.094395e-02   1.172184e-06   0.000000e+00   5.098695e-07   6
  2.961922e-02   1.824750e-06   0.000000e+00   3.933624e-07   12
  3.627599e-02   2.315404e-06   3.973643e-10   5.095003e-07   8
  4.188790e-02   1.111512e-05   0.000000e+00   1.292120e-06   6
  4.683210e-02   1.040980e-05   0.000000e+00   3.585339e-06   24
  5.130199e-02   1.925423e-05   7.492773e-10   3.506790e-06   24
  5.923844e-02   1.322592e-05   0.000000e+00   6.430801e-06   12
  6.283185e-02   1.844665e-05   8.477105e-10   3.666322e-06   30
  6.623059e-02   2.713804e-05   0.000000e+00   6.459899e-06   24
  6.946323e-02   2.857049e-05   1.297786e-09   7.653321e-06   24
  7.255197e-02   3.783131e-05   7.947286e-10   8.275122e-06   8
  7.551449e-02   3.577388e-05   1.059638e-09   4.806732e-06   24
  7.836509e-02   3.709592e-05   0.000000e+00   5.635153e-06   48
  8.377580e-02   5.160780e-05   0.000000e+00   2.451848e-05   6
  8.635412e-02   4.429988e-05   1.498555e-09   6.726258e-06   48
  8.885766e-02   4.380934e-05   0.000000e+00   4.925501e-06   36
  9.129257e-02   6.698729e-05   1.059638e-09   1.514106e-05   24
  9.366420e-02   4.161151e-05   0.000000e+00   7.727074e-06   24
  9.597724e-02   3.939283e-05   0.000000e+00   5.779930e-06   48
  9.823584e-02   6.453146e-05   1.498555e-09   9.920487e-06   24
  1.026040e-01   5.753229e-05   1.498555e-09   9.760788e-06   24
  1.047198e-01   4.144826e-05   0.000000e+00   7.333641e-06   30
  1.067936e-01   4.692293e-05   0.000000e+00   5.597436e-06   72
  1.088280e-01   4.833691e-05   1.589457e-09   1.064486e-05   32
  1.127866e-01   7.248735e-05   0.000000e+00   9.086337e-06   72
  1.147147e-01   4.664577e-05   0.000000e+00   7.369117e-06   48
  1.184769e-01   2.772126e-05   0.000000e+00   8.907883e-06   12
  1.212185e-01   5.594766e-05   9.046661e-04   5.509967e-06   96
  1.239061e-01   7.510603e-05   1.498555e-09   1.025177e-05   48
  1.256637e-01   9.500510e-05   1.695421e-09   1.799286e-05   30
  1.286797e-01   9.321062e-05   7.404969e-04   9.402867e-06   96
  1.324612e-01   6.064965e-05   0.000000e+00   1.244661e-05   24
  1.346486e-01   9.017337e-05   7.663130e-04   7.868385e-06   144
  1.373387e-01   6.672039e-05   2.595573e-09   1.765453e-05   24
  1.401038e-01   1.044130e-04   6.797608e-04   1.289783e-05   96
  1.420488e-01   9.430804e-05   0.000000e+00   1.566115e-05   48
  1.464136e-01   1.240099e-04   5.040965e-04   1.512877e-05   62
  1.486320e-01   9.340525e-05   7.088830e-04   1.213767e-05   132
  1.510290e-01   6.371456e-05   2.119276e-09   1.223844e-05   24
  1.532924e-01   1.030770e-04   7.085150e-04   9.496981e-06   168
  1.574268e-01   1.273005e-04   6.965923e-04   1.138617e-05   96
  1.605312e-01   9.008052e-05   5.928643e-04   9.192194e-06   96
  1.643405e-01   1.002903e-04   6.608262e-04   8.939443e-06   168
  1.675516e-01   1.424267e-04   0.000000e+00   6.763922e-05   6
  1.688555e-01   1.198086e-04   0.000000e+00   1.254082e-05   96
  1.704063e-01   1.176321e-04   5.136660e-04   1.251730e-05   120
  1.735518e-01   9.931019e-05   5.964581e-04   8.509294e-06   144
  1.752297e-01   1.194556e-04   0.000000e+00   1.741979e-05   48
  1.784181e-01   1.116037e-04   6.086320e-04   1.293888e-05   84
  1.801667e-01   1.274436e-04   4.152916e-09   1.233738e-05   120
  1.817415e-01   1.018314e-04   5.522900e-04   1.260275e-05   80
  1.841789e-01   1.011192e-04   5.607558e-04   8.007358e-06   144
  1.873284e-01   1.341522e-04   0.000000e+00   2.682309e-05   24
  1.888668e-01   1.510030e-04   5.411047e-04   1.363541e-05   150
  1.912669e-01   1.413575e-04   5.614266e-04   1.106824e-05   120
  1.939026e-01   1.330990e-04   5.116222e-04   1.207845e-05   168
  1.964717e-01   2.082121e-04   2.997109e-09   3.735085e-05   24
  1.980880e-01   1.244219e-04   5.511715e-04   8.529616e-06   264
  1.997926e-01   1.001808e-04   2.997109e-09   1.519750e-05   48
  2.026981e-01   1.362087e-04   5.105263e-04   1.211984e-05   144
  2.059187e-01   1.734604e-04   5.025279e-04   2.296049e-05   72
  2.077566e-01   1.398880e-04   5.169131e-04   9.654961e-06   180
  2.103258e-01   1.512684e-04   3.745390e-04   1.221899e-05   198
  2.115235e-01   1.606412e-04   0.000000e+00   1.888458e-05   48
  2.141726e-01   1.331183e-04   5.069490e-04   1.086091e-05   168
  2.161385e-01   1.604991e-04   5.073703e-04   1.576424e-05   144
  2.191126e-01   1.546569e-04   7.128833e-04   8.709106e-06   248
  2.231287e-01   1.148392e-04   4.914754e-04   8.733933e-06   192
  2.258635e-01   1.536530e-04   7.591556e-04   1.084285e-05   240
  2.275095e-01   1.704512e-04   0.000000e+00   1.997426e-05   72
  2.300200e-01   1.810860e-04   4.632692e-04   1.706293e-05   126
  2.316038e-01   1.951687e-04   4.274285e-04   1.664352e-05   168
  2.346279e-01   1.886738e-04   4.673881e-04   1.134626e-05   288
  2.378065e-01   1.788866e-04   2.461643e-04   1.643547e-05   156
  2.394526e-01   1.555252e-04   4.141199e-04   1.463774e-05   168
  2.419488e-01   1.703844e-04   7.099355e-04   1.126336e-05   264
  2.442463e-01   1.642870e-04   0.000000e+00   2.191706e-05   48
  2.459536e-01   1.686650e-04   7.065578e-04   1.194938e-05   264
  2.484011e-01   1.763912e-04   4.164711e-04   1.579510e-05   144
  2.502496e-01   2.018985e-04   8.520791e-04   2.469788e-05   78
  2.529423e-01   1.677755e-04   5.538865e-04   1.002593e-05   336
  2.554815e-01   1.597845e-04   4.214174e-04   1.160587e-05   200
  2.571491e-01   1.583354e-04   8.251410e-04   1.296101e-05   192
  2.594005e-01   2.021028e-04   4.140765e-04   1.544877e-05   240
  2.614687e-01   2.186022e-04   8.298338e-04   1.625209e-05   168
  2.635936e-01   1.834670e-04   6.643886e-04   1.702222e-05   120
  2.661455e-01   2.086172e-04   5.192777e-04   1.198922e-05   324
  2.686217e-01   1.905297e-04   4.082406e-04   1.395992e-05   192
  2.703070e-01   2.186026e-04   7.321571e-04   1.699585e-05   168
  2.731737e-01   1.653831e-04   6.030253e-04   9.811104e-06   342
  2.757584e-01   2.313571e-04   4.855567e-04   1.276865e-05   336
  2.783784e-01   2.607875e-04   3.715784e-04   3.130386e-05   72
  2.801451e-01   2.107915e-04   5.942898e-04   1.510069e-05   288
  2.821960e-01   2.129291e-04   3.870425e-04   1.661169e-05   264
  2.850605e-01   1.922061e-04   5.090563e-04   1.121647e-05   384
  2.876262e-01   2.047244e-04   6.110000e-04   1.643543e-05   240
  2.886924e-01   2.183473e-04   0.000000e+00   2.857636e-05   48
  2.917764e-01   2.184071e-04   5.001435e-04   1.187311e-05   392
  2.941293e-01   2.040386e-04   5.488825e-04   1.246444e-05   294
  2.966593e-01   2.060751e-04   3.567449e-04   1.646585e-05   228
  2.983232e-01   2.471555e-04   5.417695e-04   1.736374e-05   216
  3.003935e-01   2.090029e-04   3.300084e-04   1.187848e-05   336
  3.029278e-01   2.272554e-04   3.921041e-04   1.399303e-05   360
  3.050199e-01   2.497710e-04   5.973987e-04   1.658422e-05   240
  3.071998e-01   2.307722e-04   7.068596e-04   1.746635e-05   168
  3.092332e-01   2.195807e-04   5.563844e-04   1.341506e-05   312
  3.116558e-01   2.210050e-04   3.482047e-04   1.212837e-05   336
  3.142729e-01   2.442125e-04   4.750158e-04   1.594913e-05   294
  3.162461e-01   2.786133e-04   6.330990e-04   1.842541e-05   288
  3.177560e-01   1.978946e-04   3.961512e-04   1.393240e-05   264
  3.204486e-01   2.338142e-04   6.804860e-04   1.276385e-05   480
  3.226998e-01   2.644294e-04   3.328915e-04   1.694583e-05   240
  3.254598e-01   2.655017e-04   3.366119e-04   1.670824e-05   276
  3.276374e-01   2.531094e-04   7.389293e-04   1.139876e-05   488
  3.302243e-01   2.927660e-04   3.254402e-04   2.774796e-05   240
  3.317258e-01   2.679846e-04   6.319211e-04   1.429372e-05   360
  3.338314e-01   2.292994e-04   2.248280e-04   1.839445e-05   198
  3.365392e-01   2.264852e-04   7.597029e-04   1.060604e-05   480
  3.385218e-01   2.295265e-04   2.804101e-04   1.501699e-05   288
  3.412638e-01   2.687558e-04   5.927229e-04   1.372952e-05   480
  3.437295e-01   2.784029e-04   3.651923e-04   1.265878e-05   480
  3.462617e-01   2.472779e-04   4.723156e-04   1.784377e-05   288
  3.478416e-01   2.800904e-04   5.038737e-04   1.716299e-05   288
  3.503265e-01   2.727398e-04   8.759854e-04   1.416328e-05   456
  3.528285e-01   3.076921e-04   8.249741e-04   1.633520e-05   360
  3.544416e-01   2.768285e-04   4.945137e-04   1.842405e-05   180
  3.567761e-01   2.373502e-04   5.385857e-04   1.086948e-05   486
  3.591423e-01   2.704929e-04   7.164922e-04   1.308542e-05   504
  3.615482e-01   2.942833e-04   5.566783e-04   1.499458e-05   456
  3.635431e-01   2.878965e-04   4.625014e-04   1.822402e-05   296
  3.661787e-01   2.756899e-04   4.563815e-04   1.304817e-05   528
  3.681608e-01   2.823613e-04   4.503301e-04   1.536943e-05   336
  3.710801e-01   2.897764e-04   4.995006e-04   1.287142e-05   600
  3.732170e-01   2.454939e-04   2.926340e-04   1.576277e-05   264
  3.753585e-01   2.940302e-04   3.164489e-04   1.549823e-05   360
  3.775443e-01   2.850620e-04   6.335620e-04   1.336321e-05   630
  3.799529e-01   3.327804e-04   3.270388e-04   1.701539e-05   432
  3.820894e-01   3.240071e-04   6.301210e-04   1.641048e-05   408
  3.847119e-01   3.012847e-04   4.182357e-04   1.749669e-05   324
  3.866629e-01   2.903043e-04   5.960370e-04   1.170492e-05   744
  3.890163e-01   2.878048e-04   4.764919e-04   1.727008e-05   336
  3.912647e-01   3.315883e-04   6.550547e-04   1.561347e-05   528
  3.937304e-01   2.850011e-04   3.342288e-04   1.634008e-05   408
  3.953651e-01   2.822433e-04   5.688578e-04   1.492517e-05   408
  3.980661e-01   2.948359e-04   4.696106e-04   1.426082e-05   470
  4.000336e-01   3.165386e-04   5.641541e-04   1.541061e-05   528
  4.027809e-01   2.772802e-04   4.700933e-04   1.104686e-05   624
  4.048044e-01   3.206053e-04   3.576967e-04   1.591135e-05   504
  4.068921e-01   2.824243e-04   4.982449e-04   1.310909e-05   552
  4.089628e-01   3.138470e-04   2.422052e-04   1.697160e-05   336
  4.115557e-01   3.390131e-04   5.155594e-04   1.587527e-05   528
  4.135643e-01   3.246214e-04   5.869740e-04   1.379322e-05   564
  4.159170e-01   3.131191e-04   5.402479e-04   1.618990e-05   528
  4.184677e-01   3.478568e-04   8.387511e-04   1.638423e-05   582
  4.207873e-01   3.241385e-04   6.457118e-04   1.382158e-05   624
  4.228159e-01   3.198890e-04   7.381727e-04   1.730595e-05   432
  4.252364e-01   3.375008e-04   8.210885e-04   1.238882e-05   816
  4.277269e-01   3.540562e-04   3.742153e-04   2.091638e-05   312
  4.293561e-01   3.144277e-04   6.064990e-04   1.505162e-05   552
  4.319834e-01   3.313974e-04   3.819874e-04   1.318789e-05   744
  4.338868e-01   3.685067e-04   3.568539e-04   2.145059e-05   408
  4.363435e-01   3.235897e-04   5.113871e-04   1.401464e-05   632
  4.388956e-01   3.794894e-04   8.684651e-04   1.502665e-05   750
  4.409718e-01   3.695665e-04   5.974394e-04   2.112532e-05   312
  4.432855e-01   3.548624e-04   8.820360e-04   1.307238e-05   876
  4.455739e-01   2.928558e-04   5.759172e-04   1.307891e-05   552
  4.481524e-01   3.641856e-04   4.762814e-04   1.537119e-05   696
  4.499089e-01   3.667860e-04   5.257243e-04   1.669841e-05   576
  4.522993e-01   3.309946e-04   5.566155e-04   1.644668e-05   576
  4.543396e-01   3.783827e-04   7.458666e-04   1.593784e-05   648
  4.568053e-01   3.793271e-04   7.465656e-04   1.488095e-05   672
  4.595275e-01   3.708547e-04   3.166654e-04   1.887639e-05   480
  4.612699e-01   3.498912e-04   4.903946e-04   1.336742e-05   726
  4.635134e-01   3.902389e-04   5.556809e-04   1.460295e-05   792
  4.659434e-01   3.626099e-04   7.708762e-04   1.423625e-05   768
  4.685045e-01   3.831695e-04   6.300078e-04   1.540228e-05   672
  4.708527e-01   3.753769e-04   4.225960e-04   1.559031e-05   608
  4.725526e-01   3.618457e-04   4.057050e-04   1.530623e-05   624
  4.749778e-01   3.662384e-04   5.272102e-04   1.420407e-05   684
  4.773365e-01   3.763265e-04   7.787508e-04   1.381982e-05   768
  4.795318e-01   3.933750e-04   6.226058e-04   1.443997e-05   744
  4.821476e-01   3.723193e-04   3.920296e-04   1.373867e-05   750
  4.840542e-01   3.504740e-04   5.826998e-04   1.631642e-05   600
  4.861159e-01   3.744524e-04   6.187220e-04   1.618379e-05   600
  4.886632e-01   3.900470e-04   7.130389e-04   1.276146e-05   1008
  4.906861e-01   3.956248e-04   3.954760e-04   1.594303e-05   696
  4.929276e-01   4.099232e-04   5.224414e-04   1.778063e-05   624
  4.951810e-01   4.009077e-04   8.129849e-04   1.570531e-05   840
  4.977410e-01   4.279652e-04   5.531707e-04   1.572449e-05   816
  4.998176e-01   3.881913e-04   3.674290e-04   1.429348e-05   744
  5.019147e-01   4.026098e-04   6.495539e-04   1.802079e-05   510
  5.044479e-01   4.142076e-04   6.236251e-04   1.419833e-05   1020
  5.068056e-01   4.102075e-04   5.032036e-04   1.391476e-05   912
  5.091297e-01   4.274571e-04   7.455244e-04   1.628038e-05   752
  5.110515e-01   4.220983e-04   6.186111e-04   1.723724e-05   888
  5.136740e-01   4.028727e-04   3.991873e-04   1.516825e-05   768
  5.158191e-01   4.153009e-04   7.253584e-04   1.597938e-05   720
  5.182879e-01   4.135779e-04   6.394244e-04   1.401915e-05   1056
  5.204776e-01   4.204653e-04   4.423808e-04   1.949775e-05   504
  5.222718e-01   3.973465e-04   6.907864e-04   1.600560e-05   774
  5.248377e-01   4.146355e-04   6.643538e-04   1.346975e-05   1272
  5.272477e-01   4.302800e-04   4.352563e-04   1.747065e-05   744
  5.294949e-01   3.979030e-04   7.107459e-04   1.511469e-05   768
  5.315565e-01   4.247839e-04   6.011984e-04   1.490764e-05   840
  5.338719e-01   4.490123e-04   4.075963e-04   1.541396e-05   924
  5.361013e-01   4.342752e-04   7.185914e-04   1.513982e-05   936
  5.382925e-01   4.068318e-04   4.993938e-04   1.422995e-05   840
  5.404997e-01   4.556769e-04   5.937210e-04   1.512817e-05   1008
  5.433048e-01   4.195993e-04   6.702558e-04   1.646552e-05   696
  5.450648e-01   4.040547e-04   5.957418e-04   1.367300e-05   974
  5.476797e-01   4.522765e-04   7.912144e-04   1.374518e-05   1152
  5.499531e-01   4.516179e-04   3.096043e-04   1.601176e-05   816
  5.517211e-01   4.104749e-04   6.810945e-04   1.433728e-05   816
  5.540998e-01   4.426420e-04   6.014371e-04   1.347715e-05   1152
  5.566084e-01   4.485969e-04   5.414997e-04   1.516189e-05   912
  5.588896e-01   4.797453e-04   6.579220e-04   1.527316e-05   1056
  5.608430e-01   4.695872e-04   5.626411e-04   1.976606e-05   624
  5.634695e-01   4.460407e-04   7.028126e-04   1.423667e-05   1260
  5.657364e-01   4.667287e-04   4.239067e-04   1.669745e-05   894
  5.679504e-01   4.925758e-04   7.263031e-04   1.415951e-05   1176
  5.701655e-01   4.247468e-04   6.011637e-04   1.672366e-05   840
  5.726868e-01   4.724008e-04   6.833103e-04   1.277218e-05   1440
  5.753341e-01   4.335345e-04   3.841610e-04   1.494859e-05   864
  5.773413e-01   4.911060e-04   6.592392e-04   1.666455e-05   1056
  5.793392e-01   4.989675e-04   3.886788e-04   2.148431e-05   624
  5.817656e-01   4.845524e-04   7.197659e-04   1.330926e-05   1496
  5.840858e-01   4.851771e-04   5.081804e-04   1.932079e-05   936
  5.861513e-01   4.686720e-04   7.356851e-04   1.600359e-05   966
  5.883739e-01   4.673554e-04   5.214836e-04   1.619714e-05   936
  5.907085e-01   4.827598e-04   6.450473e-04   1.411496e-05   1248
  5.930987e-01   4.555237e-04   4.547296e-04   1.407742e-05   1044
  5.953258e-01   4.762549e-04   7.043907e-04   1.423122e-05   1392
  5.970897e-01   4.435209e-04   5.425229e-04   1.813826e-05   600
  5.996130e-01   4.672527e-04   6.163631e-04   1.275379e-05   1416
  6.019788e-01   4.872301e-04   6.634396e-04   1.491056e-05   1152
  6.043762e-01   4.841239e-04   6.364662e-04   1.625564e-05   936
  6.063074e-01   4.918485e-04   6.826412e-04   1.778073e-05   870
  6.086021e-01   5.206456e-04   5.723674e-04   1.609533e-05   1368
  6.111487e-01   5.045611e-04   7.525138e-04   1.391476e-05   1632
  6.133248e-01   5.153566e-04   3.266993e-04   1.927927e-05   816
  6.156805e-01   5.184406e-04   7.453333e-04   1.576335e-05   1200
  6.177358e-01   5.261997e-04   7.126266e-04   1.598901e-05   1184
  6.198237e-01   5.414918e-04   5.408369e-04   1.860023e-05   984
  6.223854e-01   5.122477e-04   6.603065e-04   1.410527e-05   1572
  6.247077e-01   5.603711e-04   3.636422e-04   2.097593e-05   840
  6.268719e-01   5.069596e-04   8.456643e-04   1.401360e-05   1392
  6.291569e-01   4.987389e-04   6.208861e-04   1.632220e-05   1158
  6.311964e-01   5.333579e-04   5.653649e-04   1.585046e-05   1272
  6.336522e-01   5.441637e-04   5.761575e-04   1.558639e-05   1320
  6.359589e-01   5.249018e-04   5.637636e-04   1.732221e-05   1104
  6.381535e-01   5.162493e-04   6.381014e-04   1.532776e-05   1392
  6.404570e-01   5.085676e-04   6.901710e-04   1.544357e-05   1296
  6.428294e-01   5.306220e-04   7.206525e-04   1.502328e-05   1392
  6.450554e-01   5.354366e-04   5.286563e-04   1.703524e-05   1104
  6.471151e-01   5.177260e-04   6.658930e-04   1.456465e-05   1320
  6.500486e-01   5.318067e-04   5.085327e-04   1.498586e-05   1422
  6.519224e-01   5.187786e-04   6.333489e-04   1.599576e-05   1212
  6.540749e-01   5.192514e-04   6.920793e-04   1.478769e-05   1280
  6.562861e-01   5.666767e-04   7.206431e-04   1.687630e-05   1272
  6.584054e-01   5.773910e-04   6.236451e-04   1.515490e-05   1680
  6.609175e-01   5.099512e-04   5.892288e-04   1.606655e-05   1152
  6.632300e-01   5.391271e-04   6.823477e-04   1.394799e-05   1512
  6.656611e-01   5.375267e-04   2.880845e-04   1.917135e-05   912
  6.675829e-01   5.694470e-04   7.262020e-04   1.391100e-05   1680
  6.701389e-01   5.001646e-04   6.433296e-04   1.333198e-05   1518
  6.720333e-01   5.730978e-04   5.956008e-04   1.788848e-05   1056
  6.740288e-01   5.524441e-04   6.013922e-04   1.501006e-05   1344
  6.766083e-01   6.225626e-04   6.457639e-04   1.585559e-05   1680
  6.789422e-01   5.601931e-04   6.363333e-04   1.497524e-05   1656
  6.814926e-01   5.434539e-04   5.408934e-04   1.823813e-05   1140
  6.834072e-01   5.571788e-04   6.263134e-04   1.665714e-05   1368
  6.856600e-01   5.682088e-04   7.124352e-04   1.505388e-05   1656
  6.879500e-01   5.916347e-04   7.296865e-04   1.745950e-05   1448
  6.904427e-01   5.709043e-04   6.854924e-04   1.542145e-05   1422
  6.927449e-01   5.926240e-04   7.567557e-04   1.600922e-05   1512
  6.947139e-01   5.957611e-04   5.769284e-04   1.808031e-05   1296
  6.969920e-01   5.695695e-04   5.267736e-04   1.448995e-05   1824
  6.994548e-01   5.823634e-04   6.830413e-04   1.570980e-05   1464
  7.019428e-01   5.579194e-04   6.095164e-04   1.305641e-05   1824
  7.042518e-01   6.008317e-04   4.845964e-04   1.653730e-05   1416
  7.062606e-01   5.969630e-04   7.098033e-04   1.690255e-05   1392
  7.084290e-01   5.825125e-04   6.549956e-04   1.573899e-05   1464
  7.110747e-01   5.474615e-04   6.403598e-04   1.550020e-05   1524
  7.131193e-01   5.817787e-04   5.901021e-04   1.554130e-05   1686
  7.154821e-01   5.862335e-04   7.026338e-04   1.549446e-05   1800
  7.175130e-01   6.288290e-04   5.578243e-04   1.933665e-05   1344
  7.197661e-01   6.270847e-04   6.508115e-04   1.771005e-05   1656
  7.220249e-01   6.180190e-04   5.196398e-04   1.614774e-05   1488
  7.239875e-01   6.315351e-04   5.187937e-04   1.699186e-05   1536
  7.267222e-01   6.071070e-04   5.763209e-04   1.573635e-05   1760
  7.288411e-01   6.124540e-04   6.410447e-04   1.486495e-05   1824
  7.312914e-01   6.465472e-04   5.379559e-04   1.700583e-05   1560
  7.336492e-01   6.303693e-04   6.178927e-04   1.539831e-05   1926
  7.358666e-01   6.394987e-04   4.394029e-04   1.884153e-05   1272
  7.378906e-01   6.140154e-04   7.384162e-04   1.510203e-05   1848
  7.405510e-01   6.566132e-04   5.965768e-04   1.524456e-05   1908
  7.425745e-01   6.271678e-04   5.818819e-04   1.698989e-05   1488
  7.447096e-01   6.113149e-04   6.562377e-04   1.590074e-05   1800
  7.470243e-01   6.269577e-04   6.568847e-04   1.598238e-05   1752
  7.492414e-01   6.128356e-04   6.984920e-04   1.710918e-05   1368
  7.514602e-01   6.518154e-04   6.564483e-04   1.446388e-05   2016
  7.539004e-01   6.695150e-04   6.933707e-04   1.768147e-05   1542
  7.561525e-01   6.303122e-04   6.789973e-04   1.501218e-05   2184
  7.586454e-01   6.651934e-04   6.211285e-04   1.614305e-05   1776
  7.607988e-01   6.439348e-04   7.100437e-04   1.941290e-05   1568
  7.628515e-01   6.719152e-04   6.487045e-04   1.577742e-05   2040
  7.650850e-01   6.942319e-04   6.935230e-04   1.772070e-05   1704
  7.674230e-01   6.397137e-04   6.952063e-04   1.739126e-05   1512
  7.696275e-01   6.718048e-04   5.930129e-04   1.575032e-05   2028
  7.721043e-01   6.692869e-04   7.153259e-04   1.535210e-05   1968
  7.743688e-01   6.601605e-04   7.255913e-04   1.542587e-05   1854
  7.765848e-01   6.413836e-04   6.917118e-04   1.584290e-05   1632
  7.788558e-01   6.787510e-04   7.107933e-04   1.391120e-05   2424
  7.812097e-01   6.550787e-04   7.115326e-04   1.704412e-05   1560
  7.831996e-01   6.869829e-04   6.723975e-04   1.646780e-05   1728
  7.856040e-01   6.659622e-04   7.177534e-04   1.601353e-05   2088
  7.880242e-01   6.488938e-04   6.832244e-04   1.559756e-05   1968
  7.902505e-01   6.777679e-04   6.764578e-04   1.579675e-05   2256
  7.924830e-01   6.935167e-04   6.014459e-04   1.671855e-05   1728
  7.948136e-01   6.876874e-04   5.928973e-04   2.003081e-05   1416
  7.968783e-01   7.244056e-04   6.250326e-04   1.603671e-05   2246
  7.992159e-01   6.832970e-04   6.922167e-04   1.654559e-05   2148
  8.014525e-01   7.136643e-04   5.847178e-04   1.867162e-05   1680
  8.035576e-01   6.972783e-04   7.392056e-04   1.416809e-05   2280
  8.060878e-01   7.144445e-04   6.883635e-04   1.490073e-05   2352
  8.084511e-01   7.110064e-04   5.783971e-04   1.852396e-05   1632
  8.103208e-01   7.156993e-04   6.618399e-04   1.733331e-05   1968
  8.128865e-01   6.999400e-04   6.790480e-04   1.631828e-05   2112
  8.152656e-01   6.873128e-04   5.100848e-04   1.621281e-05   2208
  8.175775e-01   7.043587e-04   5.143188e-04   1.604740e-05   1974
  8.194021e-01   6.866377e-04   5.031436e-04   1.641667e-05   1944
  8.218672e-01   7.436051e-04   5.692492e-04   1.679998e-05   2160
  8.240037e-01   7.209373e-04   5.323764e-04   1.732285e-05   2040
  8.263126e-01   7.431442e-04   7.448068e-04   1.675661e-05   2352
  8.286808e-01   7.613053e-04   6.187553e-04   1.840380e-05   1836
  8.308423e-01   7.316118e-04   6.600592e-04   1.526645e-05   2352
  8.332691e-01   7.194651e-04   6.923127e-04   1.674425e-05   2008
  8.354937e-01   7.251603e-04   6.810680e-04   1.610204e-05   2464
  8.379744e-01   7.365947e-04   5.493112e-04   1.632371e-05   2118
  8.400090e-01   7.321263e-04   5.521955e-04   1.798278e-05   1848
  8.421033e-01   7.888276e-04   7.307351e-04   1.863739e-05   2280
  8.446329e-01   7.698031e-04   6.951038e-04   1.658694e-05   2472
  8.469967e-01   7.399225e-04   4.645166e-04   1.676139e-05   2280
  8.489811e-01   8.020486e-04   5.677933e-04   1.979427e-05   1992
  8.511210e-01   7.823911e-04   5.969256e-04   1.620324e-05   2184
  8.535886e-01   7.115040e-04   7.200986e-04   1.575440e-05   2352
  8.559663e-01   7.628429e-04   7.588552e-04   1.604015e-05   2496
  8.582947e-01   7.309558e-04   7.087796e-04   1.863569e-05   1770
  8.603830e-01   8.007227e-04   6.115648e-04   1.694335e-05   2568
  8.628933e-01   7.856903e-04   7.501093e-04   1.606616e-05   2712
  8.651754e-01   7.964914e-04   5.956950e-04   1.737582e-05   2448
  8.674542e-01   8.201238e-04   5.021405e-04   1.853605e-05   2064
  8.693444e-01   7.601205e-04   5.300205e-04   1.900588e-05   1944
  8.717953e-01   7.681078e-04   6.547701e-04   1.688217e-05   2480
  8.742957e-01   7.938934e-04   7.112724e-04   1.584949e-05   2880
  8.765104e-01   7.992319e-04   6.822977e-04   1.726786e-05   2304
  8.788236e-01   7.956155e-04   6.268629e-04   1.856196e-05   1806
  8.808748e-01   7.948761e-04   6.147614e-04   1.539799e-05   2856
  8.834451e-01   8.218803e-04   5.895746e-04   1.743513e-05   2568
  8.854012e-01   7.650559e-04   5.915069e-04   1.791112e-05   2112
  8.875301e-01   8.054979e-04   5.697255e-04   1.970303e-05   2028
  8.898140e-01   8.103086e-04   6.743872e-04   1.580538e-05   2712
  8.921331e-01   8.333876e-04   7.265457e-04   1.620140e-05   2952
  8.946255e-01   8.384572e-04   5.613799e-04   1.873782e-05   2112
  8.966404e-01   8.193273e-04   6.579085e-04   1.674008e-05   2520
  8.990607e-01   8.073610e-04   6.345659e-04   1.749059e-05   2376
  9.012651e-01   8.376421e-04   5.086891e-04   1.773150e-05   2526
  9.035533e-01   8.596834e-04   6.330501e-04   1.779518e-05   2664
  9.058189e-01   8.549298e-04   7.550482e-04   1.805136e-05   2408
  9.079905e-01   8.562846e-04   6.048230e-04   1.805895e-05   2568
  9.102053e-01   8.835885e-04   5.702395e-04   1.701017e-05   2904
  9.126081e-01   8.509118e-04   6.398249e-04   1.743869e-05   2544
  9.148908e-01   8.572542e-04   4.712750e-04   1.924224e-05   2160
  9.170447e-01   9.127462e-04   8.147803e-04   1.879964e-05   2652
  9.194241e-01   8.496821e-04   6.451383e-04   1.691521e-05   2784
  9.217138e-01   8.947946e-04   6.370928e-04   1.716735e-05   2694
  9.240862e-01   8.415305e-04   5.725683e-04   1.628304e-05   2952
  9.261476e-01   9.213437e-04   5.423264e-04   2.004128e-05   2208
  9.282476e-01   8.641544e-04   5.780130e-04   1.876332e-05   2304
  9.305917e-01   8.466973e-04   7.516421e-04   1.414140e-05   3504
  9.333254e-01   9.037635e-04   6.086313e-04   1.976083e-05   2616
  9.354576e-01   9.073878e-04   5.945836e-04   1.869763e-05   2664
  9.375115e-01   8.871063e-04   5.524202e-04   1.847585e-05   2448
  9.395811e-01   9.154644e-04   7.693393e-04   1.899452e-05   2472
  9.420159e-01   9.190964e-04   6.116685e-04   1.700368e-05   3134
  9.443076e-01   9.187214e-04   6.689856e-04   1.897928e-05   2616
  9.465957e-01   8.730912e-04   5.419043e-04   1.803151e-05   2712
  9.489495e-01   8.924362e-04   6.214858e-04   1.662594e-05   3204
  9.511992e-01   8.927879e-04   7.157649e-04   1.872564e-05   2760
  9.533358e-01   8.921379e-04   6.244935e-04   1.785028e-05   2688
  9.556920e-01   9.206353e-04   5.904565e-04   1.916736e-05   2760
  9.577755e-01   8.909187e-04   4.875494e-04   1.873921e-05   2568
  9.601748e-01   8.945471e-04   7.571402e-04   1.599427e-05   3336
  9.624777e-01   9.301755e-04   6.408360e-04   1.939697e-05   2334
  9.648031e-01   8.943686e-04   7.091541e-04   1.664125e-05   3264
  9.669763e-01   9.439658e-04   5.156092e-04   1.907569e-05   2760
  9.692050e-01   9.135755e-04   6.227098e-04   1.687540e-05   3192
  9.714742e-01   9.310438e-04   6.465060e-04   1.874914e-05   2904
  9.738877e-01   9.297591e-04   6.486793e-04   1.881454e-05   2784
  9.759079e-01   9.783173e-04   5.338750e-04   2.087627e-05   2592
  9.782060e-01   9.323950e-04   7.277479e-04   1.646751e-05   3284
  9.806483e-01   9.645540e-04   7.309895e-04   1.847307e-05   3168
  9.828333e-01   9.640319e-04   6.031187e-04   1.953715e-05   2616
  9.851303e-01   9.099736e-04   5.827617e-04   1.731869e-05   3222
  9.873647e-01   9.480909e-04   6.538767e-04   1.641473e-05   3240
  9.895286e-01   9.793278e-04   6.615016e-04   2.091255e-05   2568
  9.919886e-01   1.005271e-03   6.069602e-04   1.886778e-05   3120
  9.940455e-01   1.015985e-03   6.672634e-04   1.939719e-05   3168
  9.962577e-01   9.598071e-04   5.841384e-04   1.817351e-05   3240
  9.986777e-01   9.623453e-04   5.993115e-04   1.755809e-05   3144
  1.001029e+00   9.493828e-04   5.712483e-04   1.817241e-05   2856
  1.003251e+00   9.802558e-04   6.101161e-04   1.755803e-05   3264
  1.005765e+00   1.001900e-03   6.741509e-04   1.823692e-05   3318
  1.007744e+00   1.009322e-03   4.721373e-04   2.245768e-05   2556
  1.010103e+00   9.904169e-04   8.064977e-04   1.608084e-05   4008
  1.012491e+00   1.009285e-03   5.953361e-04   2.016296e-05   2904
  1.014533e+00   9.863406e-04   6.087521e-04   1.778881e-05   3144
  1.016859e+00   9.663871e-04   6.346301e-04   1.831093e-05   3200
  1.019265e+00   1.003614e-03   6.258990e-04   1.830325e-05   3312
  1.021423e+00   1.050882e-03   5.044467e-04   2.099921e-05   2832
  1.023831e+00   1.016919e-03   7.259305e-04   1.694222e-05   3984
  1.026068e+00   1.101654e-03   5.901471e-04   2.509464e-05   2238
  1.028109e+00   1.028407e-03   6.945017e-04   1.742944e-05   3984
  1.030643e+00   1.013622e-03   6.599835e-04   1.875554e-05   3384
  1.032747e+00   1.081086e-03   6.169063e-04   2.080343e-05   3048
  1.034944e+00   1.011005e-03   5.664403e-04   1.915929e-05   3096
  1.037239e+00   1.076277e-03   6.420432e-04   1.784847e-05   3708
  1.039521e+00   1.023778e-03   6.085698e-04   2.073703e-05   2784
  1.041641e+00   1.105765e-03   6.321163e-04   1.939614e-05   3648
  1.044048e+00   1.065281e-03   6.505839e-04   1.849612e-05   3888
  1.046611e+00   1.047115e-03   6.945175e-04   1.940668e-05   2958
  1.048524e+00   1.035257e-03   5.928352e-04   1.861520e-05   3264
  1.050829e+00   1.113433e-03   6.544732e-04   2.067496e-05   3160
  1.053007e+00   1.030844e-03   5.931406e-04   1.811437e-05   3736
  1.055072e+00   1.083977e-03   5.404899e-04   2.054496e-05   3216
  1.057506e+00   1.092883e-03   6.623413e-04   1.799385e-05   4032
  1.060045e+00   1.097865e-03   6.047056e-04   1.906937e-05   3528
  1.062210e+00   1.114182e-03   5.337823e-04   2.028236e-05   3192
  1.064375e+00   1.082926e-03   5.845867e-04   1.951745e-05   3456
  1.066722e+00   1.114344e-03   6.061547e-04   2.152794e-05   3060
  1.069076e+00   1.102373e-03   7.207877e-04   1.761862e-05   4518
  1.071369e+00   1.114964e-03   6.421285e-04   1.906480e-05   3528
  1.073476e+00   1.106959e-03   5.392758e-04   2.131260e-05   3024
  1.075724e+00   1.070350e-03   7.301579e-04   1.839159e-05   3672
  1.078013e+00   1.124622e-03   6.266971e-04   1.993115e-05   3864
  1.080554e+00   1.091720e-03   6.642905e-04   1.796433e-05   3816
  1.082633e+00   1.131467e-03   6.043575e-04   2.010621e-05   3456
  1.084626e+00   1.145673e-03   5.470805e-04   2.327967e-05   2688
  1.086974e+00   1.150495e-03   6.491006e-04   1.842286e-05   4248
  1.089302e+00   1.128856e-03   6.217140e-04   1.866329e-05   3926
  1.091640e+00   1.113402e-03   6.564232e-04   1.890003e-05   3504
  1.093898e+00   1.160792e-03   5.868522e-04   1.892120e-05   3960
  1.096392e+00   1.127425e-03   6.606587e-04   1.921421e-05   3684
  1.098531e+00   1.110429e-03   6.606145e-04   1.854520e-05   4104
  1.100669e+00   1.166502e-03   6.265564e-04   2.157548e-05   3144
  1.102966e+00   1.163424e-03   6.862951e-04   1.864060e-05   4224
  1.105491e+00   1.158310e-03   6.091464e-04   1.890557e-05   4008
  1.107648e+00   1.178807e-03   6.701575e-04   2.096363e-05   3312
  1.109870e+00   1.155470e-03   6.665481e-04   2.001910e-05   3726
  1.112233e+00   1.175515e-03   6.846267e-04   1.957439e-05   3936
  1.114331e+00   1.199510e-03   7.057155e-04   2.010760e-05   3888
  1.116508e+00   1.188659e-03   6.673215e-04   1.956102e-05   3864
  1.118774e+00   1.162369e-03   7.094190e-04   1.947140e-05   3888
  1.121107e+00   1.130439e-03   6.690914e-04   1.853622e-05   4080
  1.123411e+00   1.188388e-03   7.101095e-04   2.126300e-05   3400
  1.125761e+00   1.200655e-03   6.512421e-04   1.821609e-05   4588
  1.128138e+00   1.228662e-03   6.445952e-04   2.107097e-05   3816
  1.130214e+00   1.238681e-03   6.108080e-04   2.083808e-05   3534
  1.132413e+00   1.255185e-03   6.033151e-04   2.005467e-05   4080
  1.134713e+00   1.247933e-03   6.306352e-04   1.989630e-05   4248
  1.137023e+00   1.223431e-03   6.354887e-04   2.175869e-05   3528
  1.139154e+00   1.282389e-03   6.497004e-04   2.072436e-05   4248
  1.141309e+00   1.227655e-03   6.354722e-04   2.120886e-05   3696
  1.143708e+00   1.272519e-03   6.593917e-04   1.987975e-05   4560
  1.145983e+00   1.244837e-03   6.176310e-04   2.083814e-05   3864
  1.148320e+00   1.238168e-03   6.725055e-04   1.943808e-05   4440
  1.150534e+00   1.233061e-03   6.274634e-04   2.292033e-05   3432
  1.152861e+00   1.233375e-03   6.152410e-04   1.904600e-05   4470
  1.155151e+00   1.260948e-03   5.467449e-04   2.030857e-05   4188
  1.157401e+00   1.282744e-03   7.004569e-04   2.004183e-05   4392
  1.159635e+00   1.302813e-03   5.418700e-04   2.246210e-05   3960
  1.161959e+00   1.309935e-03   6.121554e-04   2.075037e-05   4328
  1.164211e+00   1.289980e-03   6.370723e-04   2.098647e-05   4320
  1.166486e+00   1.294751e-03   6.661793e-04   1.984458e-05   4152
  1.168596e+00   1.397662e-03   5.572690e-04   2.454199e-05   3528
  1.170982e+00   1.298678e-03   6.031585e-04   1.968503e-05   4512
  1.173214e+00   1.308410e-03   6.165765e-04   2.115696e-05   4134
  1.175481e+00   1.352422e-03   6.568607e-04   1.909929e-05   5208
  1.177662e+00   1.347052e-03   5.722860e-04   2.407552e-05   3240
  1.179918e+00   1.423392e-03   6.312053e-04   2.207858e-05   4680
  1.182214e+00   1.327509e-03   6.249444e-04   2.111748e-05   4440
  1.184513e+00   1.266672e-03   7.081635e-04   1.984929e-05   4260
  1.186718e+00   1.346195e-03   5.781470e-04   2.214048e-05   4056
  1.188989e+00   1.354450e-03   6.409771e-04   2.059787e-05   4704
  1.191372e+00   1.401279e-03   7.458862e-04   2.064953e-05   4800
  1.193891e+00   1.348544e-03   6.462529e-04   1.962492e-05   4806
  1.196068e+00   1.450942e-03   6.442113e-04   2.633298e-05   3552
  1.198142e+00   1.355303e-03   6.459388e-04   2.239476e-05   4304
  1.200483e+00   1.360591e-03   6.264146e-04   1.930126e-05   5280
  1.202798e+00   1.384051e-03   6.009387e-04   2.169061e-05   4320
  1.204989e+00   1.357474e-03   6.786173e-04   2.148017e-05   4296
  1.207300e+00   1.456438e-03   7.544534e-04   2.170485e-05   4608
  1.209637e+00   1.424766e-03   7.228069e-04   2.136814e-05   4824
  1.211951e+00   1.428485e-03   6.823810e-04   2.190133e-05   4488
  1.214433e+00   1.452828e-03   6.370760e-04   2.273967e-05   4530
  1.216483e+00   1.395007e-03   6.220521e-04   2.105596e-05   4464
  1.218535e+00   1.448436e-03   5.862380e-04   2.327276e-05   4104
  1.220890e+00   1.377766e-03   6.320870e-04   1.940684e-05   5424
  1.223206e+00   1.444920e-03   6.804030e-04   2.108103e-05   4392
  1.225564e+00   1.498194e-03   6.661420e-04   2.244407e-05   4896
  1.227705e+00   1.466204e-03   6.529553e-04   2.362046e-05   4104
  1.229939e+00   1.515535e-03   5.887935e-04   2.281436e-05   4824
  1.232296e+00   1.449808e-03   5.627487e-04   2.260724e-05   4680
  1.234349e+00   1.444869e-03   5.755688e-04   2.228927e-05   4328
  1.236733e+00   1.467647e-03   6.634818e-04   2.114009e-05   5118
  1.239128e+00   1.506853e-03   7.686860e-04   2.136047e-05   5304
  1.241289e+00   1.511828e-03   6.053044e-04   2.280992e-05   4392
  1.243644e+00   1.537581e-03   6.075366e-04   2.341371e-05   4476
  1.245703e+00   1.461278e-03   6.033560e-04   2.155006e-05   4704
  1.247995e+00   1.515629e-03   7.302904e-04   2.151379e-05   5208
  1.250403e+00   1.466086e-03   6.157571e-04   2.145316e-05   5304
  1.252622e+00   1.560510e-03   6.595615e-04   2.504751e-05   4296
  1.254897e+00   1.578135e-03   6.254347e-04   2.365943e-05   4752
  1.257288e+00   1.471370e-03   6.278344e-04   2.158866e-05   4950
  1.259437e+00   1.527921e-03   6.562557e-04   2.217367e-05   5064
  1.261586e+00   1.540389e-03   5.498571e-04   2.294091e-05   4872
  1.263760e+00   1.512695e-03   5.788489e-04   2.514296e-05   4224
  1.266080e+00   1.553356e-03   6.394112e-04   2.051368e-05   6120
  1.268550e+00   1.524253e-03   7.034337e-04   2.200940e-05   4968
  1.270790e+00   1.595639e-03   6.224776e-04   2.404472e-05   4424
  1.273108e+00   1.633201e-03   7.950831e-04   2.292620e-05   5436
  1.275397e+00   1.562061e-03   6.778782e-04   2.377075e-05   4896
  1.277610e+00   1.547057e-03   6.489941e-04   2.220711e-05   5214
  1.279744e+00   1.608332e-03   5.516791e-04   2.432077e-05   4656
  1.282114e+00   1.628084e-03   7.014151e-04   2.373898e-05   5448
  1.284379e+00   1.620802e-03   5.923968e-04   2.347087e-05   4992
  1.286597e+00   1.627668e-03   6.556191e-04   2.297992e-05   5400
  1.289035e+00   1.666478e-03   7.266288e-04   2.301447e-05   5328
  1.291282e+00   1.569641e-03   6.497394e-04   2.247571e-05   4776
  1.293395e+00   1.673523e-03   6.105378e-04   2.435441e-05   4800
  1.295743e+00   1.655694e-03   7.851202e-04   2.089167e-05   6552
  1.298200e+00   1.637056e-03   5.931475e-04   2.652827e-05   3942
  1.300329e+00   1.621844e-03   7.475951e-04   2.188633e-05   6072
  1.302686e+00   1.625081e-03   5.806099e-04   2.514056e-05   4692
  1.304662e+00   1.722198e-03   6.061475e-04   2.468738e-05   4944
  1.306977e+00   1.679815e-03   6.505830e-04   2.181308e-05   5840
  1.309354e+00   1.646007e-03   6.964222e-04   2.315522e-05   5712
  1.311694e+00   1.651230e-03   5.836467e-04   2.423576e-05   4800
  1.313829e+00   1.678668e-03   7.729539e-04   2.339457e-05   5688
  1.316167e+00   1.735302e-03   6.098445e-04   2.655347e-05   4848
  1.318485e+00   1.419858e-03   6.787932e-04   2.331834e-05   5406
  1.320684e+00   3.372626e-06   6.127208e-04   6.488616e-08   5568
  1.322892e+00   3.538274e-06   5.507950e-04   6.614448e-08   5736
  1.325279e+00   3.348482e-06   6.840520e-04   7.036335e-08   5280
  1.327445e+00   3.487411e-06   6.324560e-04   6.878329e-08   5592
  1.329674e+00   3.243514e-06   7.239946e-04   6.710147e-08   4968
  1.332031e+00   3.157594e-06   6.491579e-04   5.951254e-08   5964
  1.334330e+00   3.293646e-06   6.521745e-04   6.428144e-08   5376
  1.336419e+00   3.369716e-06   6.297147e-04   6.643817e-08   5472
  1.338842e+00   2.950565e-06   5.980480e-04   5.757523e-08   5472
  1.341057e+00   3.062036e-06   6.799610e-04   6.660566e-08   5415
  1.343203e+00   2.984776e-06   5.981080e-04   6.106622e-08   5096
  1.345525e+00   2.844542e-06   7.691519e-04   5.182225e-08   6372
  1.347874e+00   3.024460e-06   6.243627e-04   6.799644e-08   4656
  1.349980e+00   2.869766e-06   6.816041e-04   5.253406e-08   5844
  1.352245e+00   2.695272e-06   5.992883e-04   5.235468e-08   5508
  1.354646e+00   2.864480e-06   6.798415e-04   5.110680e-08   6324
  1.357001e+00   2.832775e-06   5.839847e-04   5.839918e-08   4752
  1.359155e+00   2.546082e-06   6.538193e-04   4.968023e-08   5676
  1.361485e+00   2.660799e-06   5.981192e-04   5.238201e-08   5472
  1.363697e+00   2.734142e-06   6.746616e-04   5.236242e-08   5556
  1.366074e+00   2.483441e-06   6.574448e-04   4.625667e-08   5436
  1.368368e+00   2.611542e-06   6.729406e-04   4.914828e-08   5916
  1.370723e+00   2.559154e-06   7.001544e-04   5.004765e-08   5520
  1.372844e+00   2.325104e-06   6.367575e-04   4.605742e-08   5280
  1.375017e+00   2.539458e-06   6.256714e-04   5.200882e-08   4416
  1.377469e+00   2.373162e-06   6.098767e-04   4.231421e-08   6260
  1.379772e+00   2.452489e-06   7.252179e-04   4.343040e-08   5940
  1.381859e+00   2.388565e-06   5.679641e-04   4.925223e-08   4188
  1.384155e+00   2.448594e-06   7.261902e-04   4.146680e-08   6360
  1.386570e+00   2.248979e-06   6.477311e-04   4.088103e-08   5256
  1.388813e+00   2.249425e-06   6.123193e-04   4.582748e-08   4848
  1.390735e+00   2.204325e-06   5.550994e-04   4.367898e-08   4704
  1.393101e+00   2.326834e-06   6.809624e-04   4.151102e-08   5784
  1.395508e+00   2.137015e-06   7.205370e-04   3.865318e-08   5820
  1.397831e+00   2.249160e-06   6.454468e-04   3.958255e-08   5700
  1.400168e+00   2.103886e-06   5.985627e-04   3.953906e-08   5232
  1.402509e+00   2.314383e-06   6.641567e-04   4.197541e-08   4932
  1.404581e+00   2.195097e-06   5.716653e-04   4.256787e-08   4716
  1.406760e+00   2.351409e-06   7.281784e-04   4.318648e-08   5616
  1.409001e+00   2.097371e-06   6.430884e-04   3.840706e-08   5184
  1.411312e+00   2.085471e-06   6.487183e-04   3.843188e-08   5064
  1.413492e+00   2.113244e-06   6.642563e-04   3.668077e-08   5544
  1.415910e+00   2.054186e-06   6.668012e-04   3.731508e-08   5192
  1.418110e+00   2.054359e-06   5.992248e-04   3.675094e-08   5244
  1.420423e+00   2.054112e-06   6.483680e-04   3.698239e-08   5112
  1.422723e+00   2.116969e-06   5.950048e-04   3.971900e-08   5040
  1.424833e+00   2.130485e-06   6.255382e-04   3.749978e-08   5124
  1.427297e+00   2.040654e-06   7.022507e-04   3.441654e-08   5952
  1.429572e+00   2.122749e-06   6.153143e-04   3.758913e-08   4824
  1.431634e+00   2.032895e-06   6.210828e-04   3.732557e-08   4536
  1.434022e+00   1.991442e-06   6.601543e-04   3.279557e-08   5712
  1.436473e+00   2.007142e-06   7.223889e-04   3.537839e-08   5352
  1.438786e+00   2.112910e-06   6.292274e-04   3.603719e-08   5004
  1.440852e+00   2.139464e-06   6.293987e-04   3.869947e-08   4800
  1.443072e+00   1.996934e-06   6.763745e-04   3.352598e-08   5148
  1.445531e+00   1.960672e-06   7.025026e-04   3.202019e-08   5664
  1.447754e+00   1.977319e-06   6.309490e-04   3.505224e-08   4692
  1.449807e+00   1.969026e-06   5.861595e-04   3.825208e-08   4008
  1.452202e+00   2.098692e-06   6.718655e-04   3.423239e-08   5852
  1.454636e+00   1.915432e-06   6.361940e-04   3.078550e-08   5784
  1.456799e+00   2.083305e-06   5.864602e-04   3.875758e-08   4392
  1.459025e+00   1.974617e-06   5.752613e-04   3.374449e-08   4944
  1.461361e+00   1.899708e-06   6.782235e-04   3.310466e-08   4776
  1.463565e+00   1.882237e-06   6.524880e-04   3.095323e-08   5244
  1.465957e+00   1.930464e-06   6.513370e-04   3.163761e-08   4884
  1.467963e+00   1.973416e-06   5.523843e-04   3.587268e-08   4488
  1.470297e+00   2.038357e-06   6.563784e-04   3.340055e-08   5160
  1.472646e+00   1.900815e-06   6.682849e-04   3.142011e-08   5316
  1.474910e+00   2.068320e-06   6.756827e-04   3.603693e-08   4896
  1.477116e+00   1.935535e-06   6.278274e-04   3.668671e-08   4188
  1.479340e+00   1.921620e-06   6.847897e-04   3.184153e-08   4836
  1.481611e+00   1.951186e-06   6.793174e-04   3.144060e-08   5316
  1.483910e+00   1.972631e-06   6.287906e-04   3.194196e-08   4920
  1.486061e+00   2.041572e-06   6.334593e-04   3.849164e-08   4128
  1.488369e+00   2.024378e-06   6.814549e-04   3.248041e-08   5348
  1.490640e+00   1.933945e-06   5.912978e-04   3.255593e-08   4836
  1.492809e+00   1.955500e-06   6.371426e-04   3.467636e-08   4392
  1.495145e+00   1.985618e-06   5.597818e-04   3.408112e-08   4632
  1.497248e+00   2.044356e-06   6.254671e-04   3.619601e-08   4596
  1.499663e+00   1.908781e-06   6.289938e-04   2.985844e-08   5424
  1.502052e+00   1.902612e-06   6.474357e-04   2.918749e-08   5256
  1.504514e+00   1.920920e-06   6.575482e-04   3.328421e-08   4524
  1.506563e+00   1.970841e-06   6.254582e-04   3.503869e-08   4440
  1.508859e+00   1.933360e-06   5.348471e-04   3.208121e-08   4380
  1.511106e+00   1.947278e-06   6.999393e-04   3.226833e-08   4812
  1.513498e+00   1.953053e-06   6.952052e-04   3.109854e-08   5376
  1.515685e+00   1.954640e-06   5.552831e-04   3.461020e-08   3888
  1.517780e+00   1.994135e-06   6.358633e-04   3.207118e-08   4896
  1.520118e+00   1.977531e-06   6.709399e-04   3.244941e-08   4608
  1.522572e+00   1.984750e-06   6.333259e-04   3.339376e-08   4448
  1.524708e+00   1.920670e-06   6.537653e-04   3.086835e-08   4752
  1.526960e+00   2.013879e-06   6.847783e-04   3.449981e-08   4356
  1.529327e+00   2.000602e-06   6.589717e-04   3.196009e-08   5232
  1.531681e+00   1.895494e-06   6.640783e-04   3.315206e-08   4548
  1.533963e+00   1.922606e-06   6.455681e-04   3.064168e-08   4608
  1.536190e+00   2.022289e-06   5.864465e-04   3.739525e-08   3936
  1.538294e+00   1.975874e-06   7.009742e-04   3.475804e-08   4260
  1.540657e+00   1.959236e-06   6.284335e-04   3.127559e-08   5004
  1.542818e+00   2.044400e-06   6.209986e-04   3.705966e-08   4224
  1.545187e+00   2.018448e-06   6.709252e-04   3.339952e-08   4788
  1.547488e+00   2.022012e-06   7.055928e-04   3.550303e-08   4428
  1.549731e+00   1.997969e-06   5.896178e-04   3.544437e-08   4080
  1.551889e+00   2.083255e-06   6.446933e-04   3.330060e-08   4632
  1.554162e+00   1.932120e-06   6.704318e-04   3.502377e-08   4056
  1.556551e+00   2.016306e-06   6.312232e-04   3.570006e-08   4536
  1.558734e+00   2.020516e-06   6.438062e-04   3.417466e-08   4668
  1.561124e+00   1.994708e-06   6.900454e-04   3.383406e-08   4604
  1.563452e+00   1.978980e-06   6.200124e-04   3.477048e-08   4152
  1.565601e+00   2.023778e-06   6.008904e-04   3.505998e-08   4224
  1.567878e+00   2.010665e-06   5.777113e-04   3.552152e-08   4152
  1.570154e+00   2.090080e-06   6.553147e-04   3.699011e-08   4224
  1.572366e+00   2.139559e-06   6.060338e-04   3.956756e-08   3960
  1.574497e+00   2.021797e-06   6.253886e-04   3.407074e-08   4656
  1.576825e+00   1.991266e-06   6.747817e-04   3.390264e-08   4452
  1.579212e+00   1.987379e-06   6.860268e-04   3.576288e-08   4056
  1.581433e+00   2.030636e-06   6.797692e-04   3.491018e-08   4212
  1.583683e+00   2.066205e-06   5.649167e-04   4.032788e-08   3432
  1.585963e+00   2.090389e-06   7.226932e-04   3.284175e-08   5352
  1.588191e+00   2.110578e-06   5.292864e-04   4.014318e-08   3600
  1.590617e+00   2.036205e-06   5.838124e-04   3.469554e-08   4584
  1.592736e+00   2.073226e-06   5.820933e-04   3.830992e-08   3768
  1.594917e+00   2.066627e-06   6.213932e-04   3.996691e-08   3848
  1.597095e+00   2.009012e-06   5.697468e-04   3.835403e-08   3720
  1.599565e+00   2.004034e-06   7.151164e-04   3.313611e-08   4764
  1.601745e+00   2.143125e-06   5.758673e-04   3.951259e-08   3864
  1.603984e+00   2.188237e-06   7.132810e-04   3.799670e-08   4332
  1.606426e+00   2.116780e-06   6.089705e-04   3.954346e-08   3792
  1.608608e+00   1.987511e-06   6.907531e-04   3.432116e-08   4284
  1.610921e+00   1.972800e-06   6.540669e-04   3.793510e-08   3840
  1.613110e+00   1.958228e-06   6.225862e-04   3.959355e-08   3480
  1.615333e+00   2.031564e-06   6.946864e-04   3.480829e-08   4380
  1.617735e+00   2.051423e-06   6.525362e-04   3.659297e-08   4200
  1.620096e+00   2.186724e-06   6.272066e-04   3.841839e-08   4056
  1.622289e+00   2.070897e-06   6.303678e-04   4.058894e-08   3600
  1.624343e+00   2.079995e-06   6.280626e-04   4.052024e-08   3492
  1.626743e+00   2.025071e-06   7.334351e-04   3.482048e-08   4500
  1.629192e+00   2.171900e-06   6.425883e-04   4.132112e-08   3516
  1.631297e+00   2.283322e-06   6.717665e-04   4.419106e-08   3968
  1.633655e+00   2.133743e-06   6.456258e-04   4.135063e-08   3648
  1.635744e+00   2.098547e-06   6.173965e-04   4.108744e-08   4224
  1.638111e+00   1.992898e-06   6.929719e-04   4.022777e-08   3588
  1.640332e+00   2.105873e-06   6.391856e-04   4.128328e-08   3456
  1.642567e+00   2.014708e-06   5.676759e-04   3.823413e-08   3660
  1.644876e+00   2.162886e-06   6.230907e-04   4.195879e-08   3768
  1.647029e+00   2.163287e-06   6.301286e-04   4.106495e-08   3744
  1.649341e+00   2.137828e-06   6.916696e-04   3.840924e-08   4176
  1.651800e+00   2.165009e-06   6.379894e-04   4.284736e-08   3612
  1.653833e+00   2.194797e-06   6.933185e-04   4.503071e-08   3216
  1.656159e+00   2.122828e-06   6.703208e-04   4.308047e-08   3624
  1.658498e+00   2.152878e-06   6.303220e-04   4.195608e-08   3744
  1.660759e+00   2.201287e-06   6.725486e-04   4.401808e-08   3672
  1.662989e+00   2.189851e-06   6.098849e-04   4.197207e-08   3852
  1.665292e+00   2.226126e-06   6.277119e-04   4.186612e-08   3672
  1.667741e+00   2.235653e-06   6.116013e-04   5.173704e-08   3248
  1.669787e+00   2.053166e-06   6.260172e-04   4.291630e-08   3336
  1.672020e+00   2.021924e-06   6.372295e-04   4.010399e-08   3576
  1.674304e+00   2.167557e-06   5.409505e-04   4.414274e-08   3336
  1.676630e+00   2.186914e-06   6.425544e-04   4.180057e-08   3936
  1.678925e+00   2.301129e-06   6.843385e-04   4.649902e-08   3408
  1.681202e+00   2.278504e-06   6.029132e-04   4.941996e-08   3336
  1.683414e+00   1.890583e-06   6.772095e-04   4.054027e-08   3312
  1.685625e+00   2.137566e-06   6.856822e-04   4.483756e-08   3432
  1.687981e+00   2.255306e-06   5.944590e-04   4.906591e-08   3144
  1.690129e+00   2.181769e-06   6.453444e-04   4.595816e-08   3456
  1.692547e+00   2.196371e-06   6.202499e-04   4.366944e-08   3792
  1.694732e+00   2.319366e-06   6.092595e-04   5.284238e-08   2868
  1.697092e+00   2.125568e-06   6.311905e-04   3.975027e-08   3888
  1.699297e+00   2.058803e-06   5.480698e-04   4.753841e-08   2784
  1.701468e+00   2.155723e-06   6.259113e-04   5.280150e-08   2964
  1.703840e+00   2.201329e-06   6.445658e-04   4.706609e-08   3432
  1.706098e+00   2.200942e-06   6.671905e-04   4.613721e-08   3416
  1.708382e+00   2.170906e-06   7.131683e-04   4.572695e-08   3528
  1.710721e+00   2.367773e-06   5.723683e-04   5.462603e-08   2904
  1.712789e+00   2.096092e-06   6.417927e-04   4.751684e-08   3072
  1.715194e+00   2.130339e-06   7.208068e-04   4.681486e-08   3216
  1.717599e+00   2.105142e-06   5.837770e-04   5.069098e-08   2844
  1.719710e+00   2.129448e-06   6.680256e-04   4.663143e-08   3432
  1.721877e+00   2.345537e-06   5.369347e-04   5.603323e-08   2880
  1.724298e+00   2.142610e-06   7.112468e-04   4.675373e-08   3576
  1.726579e+00   2.286004e-06   6.357550e-04   5.774135e-08   2700
  1.728763e+00   2.151517e-06   7.141105e-04   4.702442e-08   3000
  1.731050e+00   2.069532e-06   5.929245e-04   5.023240e-08   2556
  1.733270e+00   2.256917e-06   6.354971e-04   5.007484e-08   3360
  1.735566e+00   2.245078e-06   6.174865e-04   4.942117e-08   3120
  1.738040e+00   2.239943e-06   7.269774e-04   5.281060e-08   3216
  1.740170e+00   2.408752e-06   5.127173e-04   6.072097e-08   2628
  1.742564e+00   2.197205e-06   6.777384e-04   5.287792e-08   3200
  1.744748e+00   2.062483e-06   6.393810e-04   5.544616e-08   2232
  1.746953e+00   2.053122e-06   7.298333e-04   5.017491e-08   3108
  1.749149e+00   2.395990e-06   6.411166e-04   6.385850e-08   2604
  1.751396e+00   2.334788e-06   6.906639e-04   5.447022e-08   3096
  1.753868e+00   2.246273e-06   6.292854e-04   5.098340e-08   3084
  1.756013e+00   2.154735e-06   6.421761e-04   5.356536e-08   2664
  1.758223e+00   2.260900e-06   5.662985e-04   6.207996e-08   2232
  1.760389e+00   1.994973e-06   6.975943e-04   4.775722e-08   2808
  1.762761e+00   2.227791e-06   6.589857e-04   6.005207e-08   2592
  1.764975e+00   2.447683e-06   6.765280e-04   6.118287e-08   2952
  1.767301e+00   2.181505e-06   6.387254e-04   5.685052e-08   2772
  1.769563e+00   2.190379e-06   6.869092e-04   5.323504e-08   3036
  1.771930e+00   2.080189e-06   6.663052e-04   6.086220e-08   2136
  1.774088e+00   2.119925e-06   5.313800e-04   5.780230e-08   2496
  1.776303e+00   2.416893e-06   7.077585e-04   6.897594e-08   2228
  1.778614e+00   2.439345e-06   6.598578e-04   6.466512e-08   3048
  1.780913e+00   2.237340e-06   6.303155e-04   6.118620e-08   2676
  1.783199e+00   2.106369e-06   6.279333e-04   5.173087e-08   2784
  1.785383e+00   2.187305e-06   6.100386e-04   6.452625e-08   1920
  1.787573e+00   2.083695e-06   6.510587e-04   5.581488e-08   2400
  1.789947e+00   2.038757e-06   5.971552e-04   5.237663e-08   2532
  1.792401e+00   2.257451e-06   6.632965e-04   6.268880e-08   2544
  1.794610e+00   2.451818e-06   6.938982e-04   6.386439e-08   2772
  1.796785e+00   2.080297e-06   6.499482e-04   6.648606e-08   2160
  1.798946e+00   2.255346e-06   7.000560e-04   6.410619e-08   2304
  1.801446e+00   2.135308e-06   6.850409e-04   6.455246e-08   2328
  1.803687e+00   1.924287e-06   6.568097e-04   5.442316e-08   2304
  1.805763e+00   1.944729e-06   6.211046e-04   5.876437e-08   1908
  1.808124e+00   2.457395e-06   6.946655e-04   7.250995e-08   2736
  1.810398e+00   2.292453e-06   6.581950e-04   6.897045e-08   2448
  1.812817e+00   2.396514e-06   6.153768e-04   7.216548e-08   2040
  1.815006e+00   1.886915e-06   6.407327e-04   6.294114e-08   2120
  1.817111e+00   2.259443e-06   5.312323e-04   6.682703e-08   2040
  1.819377e+00   1.935394e-06   6.590893e-04   6.432853e-08   2208
  1.821940e+00   2.408601e-06   5.917624e-04   7.518229e-08   2208
  1.824017e+00   2.716038e-06   6.557857e-04   8.103443e-08   2196
  1.826163e+00   1.839258e-06   5.768709e-04   5.865966e-08   1848
  1.828347e+00   2.179280e-06   6.542478e-04   7.079958e-08   2124
  1.830789e+00   2.091015e-06   6.862919e-04   6.512788e-08   2328
  1.833174e+00   2.025082e-06   6.987049e-04   6.791804e-08   1920
  1.835493e+00   1.996333e-06   6.414031e-04   7.040007e-08   1548
  1.837555e+00   2.446785e-06   7.035991e-04   7.333956e-08   2388
  1.839988e+00   1.985842e-06   6.510981e-04   6.839017e-08   2160
  1.842216e+00   2.082239e-06   5.926228e-04   7.967793e-08   1704
  1.844350e+00   2.032621e-06   6.676420e-04   7.592286e-08   1776
  1.846370e+00   2.012184e-06   6.244949e-04   7.064748e-08   1800
  1.848923e+00   1.804093e-06   7.209217e-04   6.440517e-08   1700
  1.851307e+00   2.383424e-06   6.491035e-04   8.193865e-08   2292
  1.853528e+00   2.121918e-06   6.025607e-04   8.004474e-08   1704
  1.855624e+00   2.101889e-06   6.737639e-04   7.879520e-08   1728
  1.857919e+00   1.896896e-06   6.235837e-04   7.206737e-08   1728
  1.860168e+00   2.300569e-06   6.229972e-04   8.654220e-08   1680
  1.862561e+00   1.621621e-06   7.177113e-04   5.887577e-08   1704
  1.864945e+00   1.817265e-06   5.636182e-04   6.158702e-08   1752
  1.867076e+00   2.156448e-06   6.700349e-04   8.112185e-08   1872
  1.869381e+00   2.123595e-06   6.567081e-04   8.606175e-08   1500
  1.871720e+00   1.888466e-06   5.750440e-04   7.248676e-08   1656
  1.873992e+00   2.139077e-06   6.165564e-04   8.003098e-08   1464
  1.876011e+00   1.569159e-06   5.400417e-04   7.246642e-08   1488
  1.878487e+00   1.744134e-06   6.517901e-04   6.319630e-08   1680
  1.880750e+00   1.926253e-06   6.809573e-04   7.206429e-08   1692
  1.882867e+00   1.881552e-06   6.520511e-04   8.404571e-08   1128
  1.885217e+00   1.931884e-06   6.278688e-04   7.811732e-08   1536
  1.887510e+00   1.653412e-06   6.544901e-04   7.482555e-08   1616
  1.889830e+00   1.656109e-06   6.311335e-04   6.999398e-08   1476
  1.892170e+00   1.610971e-06   6.945780e-04   8.027330e-08   1176
  1.894258e+00   1.726179e-06   7.462500e-04   6.259626e-08   1656
  1.896532e+00   1.824174e-06   6.555115e-04   1.027406e-07   891
  1.898876e+00   1.568066e-06   6.987810e-04   5.671634e-08   1596
  1.901160e+00   1.546418e-06   6.093557e-04   6.975737e-08   1422
  1.903413e+00   1.527010e-06   5.843312e-04   6.610379e-08   1254
  1.905532e+00   1.328299e-06   5.969608e-04   5.789995e-08   918
  1.907803e+00   1.650147e-06   6.533376e-04   5.887463e-08   1614
  1.910090e+00   1.313232e-06   5.643619e-04   7.399934e-08   798
  1.912364e+00   1.306973e-06   7.234449e-04   5.161334e-08   1458
  1.914669e+00   1.454732e-06   6.624341e-04   5.485941e-08   1374
  1.916948e+00   1.213693e-06   5.657629e-04   5.867594e-08   984
  1.919209e+00   1.350745e-06   7.784114e-04   5.487666e-08   1062
  1.921512e+00   1.540953e-06   6.598506e-04   6.622454e-08   1246
  1.923748e+00   1.087968e-06   6.118445e-04   5.178247e-08   1072
  1.926137e+00   1.149940e-06   6.625884e-04   5.769117e-08   1110
  1.928344e+00   1.386115e-06   7.178181e-04   5.279988e-08   1254
  1.930665e+00   1.200861e-06   6.812473e-04   6.056829e-08   1032
  1.933193e+00   1.335154e-06   6.311707e-04   7.651609e-08   786
  1.935116e+00   1.325103e-06   6.470862e-04   5.446777e-08   1152
  1.937368e+00   1.113373e-06   7.052595e-04   4.844391e-08   1086
  1.939714e+00   8.859309e-07   6.363015e-04   3.519590e-08   912
  1.941882e+00   1.642247e-06   6.378332e-04   7.307130e-08   1062
  1.944095e+00   1.059564e-06   6.357657e-04   4.246485e-08   912
  1.946652e+00   8.944840e-07   7.097230e-04   4.350497e-08   750
  1.948645e+00   1.326354e-06   6.838233e-04   5.570147e-08   1200
  1.950952e+00   1.075009e-06   6.192558e-04   5.691506e-08   918
  1.953245e+00   9.198926e-07   6.427668e-04   4.099656e-08   876
  1.955575e+00   1.328996e-06   5.616492e-04   5.861677e-08   870
  1.957615e+00   1.150630e-06   6.550744e-04   5.340390e-08   768
  1.960007e+00   7.839868e-07   6.004103e-04   3.511412e-08   830
  1.962222e+00   1.102357e-06   6.216450e-04   4.982820e-08   1080
  1.964516e+00   1.038373e-06   6.994320e-04   4.831896e-08   840
  1.966828e+00   8.248787e-07   6.734760e-04   3.665939e-08   798
  1.969450e+00   1.348775e-06   5.345484e-04   6.901887e-08   792
  1.971484e+00   8.833800e-07   6.234566e-04   4.264679e-08   726
  1.973618e+00   7.314322e-07   6.986178e-04   2.600343e-08   864
  1.975955e+00   9.363333e-07   5.980007e-04   4.842112e-08   900
  1.978325e+00   7.691695e-07   6.645965e-04   3.184548e-08   726
  1.980357e+00   8.238078e-07   5.751794e-04   3.766222e-08   576
  1.983069e+00   9.277357e-07   5.985766e-04   4.538735e-08   840
  1.984977e+00   8.100282e-07   6.213598e-04   4.195884e-08   750
  1.987238e+00   7.474080e-07   6.232467e-04   3.430145e-08   720
  1.989370e+00   9.359960e-07   6.305085e-04   4.881729e-08   702
  1.991860e+00   8.505244e-07   6.885999e-04   3.978545e-08   696
  1.993909e+00   8.622745e-07   6.158234e-04   4.963139e-08   480
  1.996324e+00   8.342028e-07   5.835181e-04   4.060864e-08   830
  1.998462e+00   7.914053e-07   6.788206e-04   3.629890e-08   756
  2.000858e+00   8.058196e-07   6.517872e-04   4.128500e-08   624
  2.002972e+00   7.247473e-07   6.887046e-04   3.856402e-08   582
  2.005472e+00   8.905166e-07   5.285963e-04   5.157940e-08   576
  2.007634e+00   6.953382e-07   7.079632e-04   3.273585e-08   624
  2.009851e+00   7.791171e-07   5.781934e-04   3.892250e-08   702
  2.012045e+00   7.136582e-07   6.650770e-04   3.482008e-08   624
  2.014651e+00   7.958975e-07   6.434173e-04   3.851724e-08   672
  2.016774e+00   5.908936e-07   4.816581e-04   3.577571e-08   342
  2.019106e+00   7.706838e-07   6.021361e-04   4.491353e-08   660
  2.021249e+00   5.903926e-07   6.189698e-04   3.810915e-08   576
  2.023463e+00   6.530315e-07   6.017634e-04   3.946942e-08   600
  2.025701e+00   5.915782e-07   6.960222e-04   3.438212e-08   510
  2.028218e+00   7.154910e-07   6.520686e-04   3.591021e-08   600
  2.030159e+00   5.372956e-07   5.193477e-04   3.769734e-08   216
  2.032420e+00   5.974491e-07   6.321362e-04   2.845471e-08   758
  2.035055e+00   5.437869e-07   6.920548e-04   3.005795e-08   576
  2.037365e+00   6.671473e-07   5.875356e-04   3.437163e-08   528
  2.039449e+00   5.959910e-07   4.046025e-04   4.571266e-08   318
  2.041688e+00   7.121175e-07   6.989543e-04   3.618955e-08   540
  2.044336e+00   3.462151e-07   4.941502e-04   2.118591e-08   384
  2.046130e+00   6.060847e-07   6.827435e-04   3.476830e-08   576
  2.048466e+00   4.619576e-07   5.579280e-04   2.603852e-08   414
  2.050674e+00   6.387524e-07   6.230233e-04   3.765339e-08   504
  2.053033e+00   5.996081e-07   6.839342e-04   3.277317e-08   312
  2.055299e+00   5.609449e-07   6.196527e-04   3.808496e-08   414
  2.057547e+00   4.187655e-07   5.724597e-04   2.392216e-08   432
  2.059639e+00   4.772813e-07   7.581407e-04   2.622830e-08   504
  2.062060e+00   5.575929e-07   7.301746e-04   3.300734e-08   432
  2.064327e+00   4.952031e-07   5.981226e-04   2.887961e-08   354
  2.066636e+00   5.421064e-07   8.703413e-04   4.229766e-08   200
  2.068617e+00   4.176908e-07   6.175353e-04   2.396813e-08   480
  2.071293e+00   4.355310e-07   7.056693e-04   2.344669e-08   552
  2.073748e+00   4.493157e-07   4.395757e-04   3.040507e-08   366
  2.075640e+00   5.343030e-07   4.679504e-04   5.408460e-08   240
  2.077722e+00   5.322699e-07   6.542137e-04   3.119788e-08   288
  2.080652e+00   4.291020e-07   4.496137e-04   2.876486e-08   366
  2.082547e+00   3.464359e-07   7.289658e-04   2.025674e-08   408
  2.084661e+00   3.856244e-07   5.479941e-04   2.924386e-08   360
  2.086849e+00   4.342388e-07   5.108222e-04   2.759141e-08   324
  2.088971e+00   4.484934e-07   6.032973e-04   3.784853e-08   174
  2.091499e+00   4.045478e-07   6.931038e-04   3.038181e-08   264
  2.093871e+00   3.578794e-07   6.321447e-04   2.321016e-08   456
  2.096237e+00   3.688061e-07   6.356462e-04   2.332910e-08   360
  2.098182e+00   3.407422e-07   7.002254e-04   2.685237e-08   270
  2.100564e+00   4.496267e-07   7.658383e-04   3.594573e-08   240
  2.103548e+00   5.562062e-07   5.580892e-04   4.718100e-08   120
  2.105015e+00   1.962062e-07   5.826262e-04   1.400462e-08   320
  2.107383e+00   3.351684e-07   7.208998e-04   1.644992e-08   462
  2.109864e+00   3.349684e-07   4.194244e-04   2.187283e-08   276
  2.112019e+00   3.905873e-07   4.758306e-04   3.734236e-08   144
  2.114094e+00   4.951572e-07   4.997149e-04   5.107165e-08   120
  2.116854e+00   2.266693e-07   3.784157e-04   1.256374e-08   294
  2.118939e+00   2.978350e-07   6.713296e-04   1.883285e-08   384
  2.120885e+00   2.671260e-07   4.444158e-04   1.867310e-08   216
  2.122747e+00   4.059098e-07   4.127151e-04   3.329292e-08   168
  2.124850e+00   3.294532e-07   4.910651e-04   3.546074e-08   102
  2.127892e+00   2.920719e-07   7.450428e-04   2.458626e-08   168
  2.130024e+00   2.732533e-07   6.520918e-04   1.604272e-08   384
  2.132362e+00   3.009965e-07   6.625415e-04   2.394494e-08   300
  2.134537e+00   3.115822e-07   7.094383e-04   2.294294e-08   144
  2.136989e+00   3.238909e-07   7.265651e-04   3.262376e-08   102
  2.139932e+00   3.723648e-07   1.719941e-04   4.235937e-08   56
  2.141342e+00   1.856559e-07   5.599681e-04   1.270870e-08   288
  2.143553e+00   2.176576e-07   7.287265e-04   1.087558e-08   360
  2.145961e+00   2.284114e-07   3.909120e-04   1.695693e-08   126
  2.147989e+00   2.271757e-07   1.925285e-04   2.826375e-08   72
  2.150200e+00   3.795220e-07   1.020019e-04   4.698051e-08   48
  2.153085e+00   1.638336e-07   4.126461e-04   1.278382e-08   240
  2.154981e+00   2.321587e-07   6.122582e-04   1.320861e-08   306
  2.156922e+00   2.557003e-07   3.402793e-04   2.439543e-08   120
  2.159158e+00   3.342560e-07   8.374730e-04   3.806679e-08   96
  2.160782e+00   3.742581e-07   0.000000e+00   5.877288e-08   24
  2.164433e+00   1.366751e-07   7.252303e-04   1.384446e-08   120
  2.166222e+00   1.655695e-07   6.271913e-04   9.856653e-09   318
  2.168411e+00   2.374759e-07   6.702392e-04   1.686708e-08   168
  2.170808e+00   3.237299e-07   7.192418e-04   3.094743e-08   72
  2.173433e+00   2.556721e-07   0.000000e+00   4.293325e-08   24
  2.176257e+00   2.568362e-07   3.491224e-04   5.988298e-08   14
  2.177600e+00   1.240550e-07   5.506440e-04   7.793321e-09   288
  2.179687e+00   1.754350e-07   6.624547e-04   1.607900e-08   204
  2.182094e+00   2.736835e-07   1.005110e-04   3.793989e-08   48
  2.184003e+00   4.568325e-07   0.000000e+00   9.202022e-08   24
  2.186211e+00   1.478229e-07   0.000000e+00   3.381409e-08   6
  2.189386e+00   1.233415e-07   4.116910e-04   9.798010e-09   216
  2.191022e+00   1.892195e-07   5.482597e-04   1.396313e-08   192
  2.193023e+00   1.586766e-07   1.000102e-04   3.058866e-08   48
  2.195122e+00   3.126228e-07   7.990980e-04   4.531621e-08   30
  2.201059e+00   1.298294e-07   1.652456e-04   1.372354e-08   96
  2.202278e+00   1.139746e-07   5.414667e-04   7.632368e-09   228
  2.204593e+00   2.054257e-07   7.080656e-04   2.654042e-08   72
  2.207377e+00   3.415318e-07   2.397687e-08   1.801987e-07   6
  2.213717e+00   1.188748e-07   5.346279e-04   8.010805e-09   248
  2.215741e+00   1.385129e-07   6.119095e-04   1.517481e-08   72
  2.218181e+00   1.669261e-07   0.000000e+00   3.928945e-08   6
  2.225558e+00   9.965633e-08   3.799140e-04   7.982222e-09   180
  2.227029e+00   1.443571e-07   5.169328e-04   1.497306e-08   72
  2.229129e+00   6.541213e-08   0.000000e+00   2.324047e-08   6
  2.237330e+00   9.397323e-08   1.625666e-04   1.113479e-08   96
  2.238310e+00   1.008547e-07   4.463135e-04   1.214370e-08   96
  2.240220e+00   3.741762e-07   0.000000e+00   6.855962e-08   6
  2.249696e+00   9.089698e-08   4.271566e-04   8.811147e-09   140
  2.251450e+00   7.119646e-08   2.397687e-08   1.926681e-08   6
  2.261607e+00   8.020818e-08   2.868548e-04   8.666691e-09   96
  2.262819e+00   6.758899e-08   4.152916e-08   2.249907e-08   6
  2.273552e+00   9.887393e-08   1.725668e-04   1.125249e-08   60
  2.274324e+00   1.011235e-07   0.000000e+00   2.526638e-08   6
  2.285599e+00   5.265139e-08   1.749471e-04   8.511458e-09   38
  2.297606e+00   5.110500e-08   8.999726e-05   1.722987e-08   18
  2.309634e+00   3.050744e-08   0.000000e+00   1.252399e-08   6
