# power spectrum of delta
# redshift z=100.000000
# k              Pk             sigma(k)       sigma(Pk)      count
  2.094395e-02   9.269679e-07   0.000000e+00   2.317396e-07   6
  2.961922e-02   2.338271e-06   0.000000e+00   8.120926e-07   12
  3.627599e-02   6.988335e-06   3.973643e-10   2.035220e-06   8
  4.188790e-02   3.961627e-06   0.000000e+00   9.848743e-07   6
  4.683210e-02   1.549431e-05   0.000000e+00   2.001219e-06   24
  5.130199e-02   1.136905e-05   7.492773e-10   3.261775e-06   24
  5.923844e-02   1.264007e-05   0.000000e+00   2.672125e-06   12
  6.283185e-02   2.402319e-05   8.477105e-10   4.626358e-06   30
  6.623059e-02   2.853035e-05   0.000000e+00   5.593411e-06   24
  6.946323e-02   2.238693e-05   1.297786e-09   4.108862e-06   24
  7.255197e-02   1.948852e-05   7.947286e-10   3.697322e-06   8
  7.551449e-02   3.757848e-05   1.059638e-09   1.085912e-05   24
  7.836509e-02   4.564754e-05   0.000000e+00   5.898575e-06   48
  8.377580e-02   2.281149e-05   0.000000e+00   5.384437e-06   6
  8.635412e-02   3.641505e-05   1.498555e-09   7.912026e-06   48
  8.885766e-02   3.008611e-05   0.000000e+00   7.408333e-06   36
  9.129257e-02   4.741783e-05   1.059638e-09   1.455018e-05   24
  9.366420e-02   3.212686e-05   0.000000e+00   7.380676e-06   24
  9.597724e-02   5.838538e-05   0.000000e+00   9.354896e-06   48
  9.823584e-02   4.704672e-05   1.498555e-09   1.193167e-05   24
  1.026040e-01   6.901933e-05   1.498555e-09   1.217276e-05   24
  1.047198e-01   3.744877e-05   0.000000e+00   6.779135e-06   30
  1.067936e-01   4.198482e-05   0.000000e+00   7.061820e-06   72
  1.088280e-01   7.651908e-05   1.589457e-09   1.193990e-05   32
  1.127866e-01   7.431596e-05   0.000000e+00   9.962385e-06   72
  1.147147e-01   5.283216e-05   0.000000e+00   1.216663e-05   48
  1.184769e-01   4.915216e-05   0.000000e+00   9.937189e-06   12
  1.212185e-01   6.522191e-05   9.046661e-04   6.151422e-06   96
  1.239061e-01   5.488315e-05   1.498555e-09   1.069879e-05   48
  1.256637e-01   7.759023e-05   1.695421e-09   1.728788e-05   30
  1.286797e-01   6.903922e-05   7.404969e-04   6.262282e-06   96
  1.324612e-01   5.171784e-05   0.000000e+00   1.268295e-05   24
  1.346486e-01   9.531980e-05   7.663130e-04   8.758880e-06   144
  1.373387e-01   1.172018e-04   2.595573e-09   2.171937e-05   24
  1.401038e-01   9.139018e-05   6.797608e-04   1.243571e-05   96
  1.420488e-01   7.146983e-05   0.000000e+00   1.330870e-05   48
  1.464136e-01   8.770085e-05   5.040965e-04   1.738991e-05   62
  1.486320e-01   9.248693e-05   7.088830e-04   8.033022e-06   132
  1.510290e-01   6.170142e-05   2.119276e-09   1.470193e-05   24
  1.532924e-01   9.770451e-05   7.085150e-04   8.097362e-06   168
  1.574268e-01   7.381133e-05   6.965923e-04   8.185616e-06   96
  1.605312e-01   1.208472e-04   5.928643e-04   1.223948e-05   96
  1.643405e-01   9.603090e-05   6.608262e-04   7.459518e-06   168
  1.675516e-01   2.289368e-05   0.000000e+00   4.514458e-06   6
  1.688555e-01   1.041386e-04   0.000000e+00   1.269872e-05   96
  1.704063e-01   1.280228e-04   5.136660e-04   1.279028e-05   120
  1.735518e-01   1.069599e-04   5.964581e-04   9.289359e-06   144
  1.752297e-01   1.059900e-04   0.000000e+00   1.942396e-05   48
  1.784181e-01   8.070622e-05   6.086320e-04   1.008822e-05   84
  1.801667e-01   1.306188e-04   4.152916e-09   1.140057e-05   120
  1.817415e-01   1.263099e-04   5.522900e-04   1.491008e-05   80
  1.841789e-01   1.238855e-04   5.607558e-04   1.057901e-05   144
  1.873284e-01   9.439168e-05   0.000000e+00   1.711382e-05   24
  1.888668e-01   1.196546e-04   5.411047e-04   9.385609e-06   150
  1.912669e-01   1.316653e-04   5.614266e-04   1.259111e-05   120
  1.939026e-01   1.640851e-04   5.116222e-04   1.498742e-05   168
  1.964717e-01   1.623197e-04   2.997109e-09   2.624260e-05   24
  1.980880e-01   1.632656e-04   5.511715e-04   1.222243e-05   264
  1.997926e-01   1.656288e-04   2.997109e-09   2.737682e-05   48
  2.026981e-01   1.239476e-04   5.105263e-04   1.077687e-05   144
  2.059187e-01   1.446563e-04   5.025279e-04   2.135053e-05   72
  2.077566e-01   1.320590e-04   5.169131e-04   1.072609e-05   180
  2.103258e-01   1.586816e-04   3.745390e-04   1.321889e-05   198
  2.115235e-01   1.182864e-04   0.000000e+00   1.436917e-05   48
  2.141726e-01   1.297339e-04   5.069490e-04   1.048547e-05   168
  2.161385e-01   1.280215e-04   5.073703e-04   1.327086e-05   144
  2.191126e-01   1.554569e-04   7.128833e-04   1.046732e-05   248
  2.231287e-01   1.347442e-04   4.914754e-04   9.571642e-06   192
  2.258635e-01   1.780772e-04   7.591556e-04   1.122149e-05   240
  2.275095e-01   1.529194e-04   0.000000e+00   2.286435e-05   72
  2.300200e-01   1.771944e-04   4.632692e-04   1.713757e-05   126
  2.316038e-01   1.623893e-04   4.274285e-04   1.185098e-05   168
  2.346279e-01   1.752045e-04   4.673881e-04   1.109285e-05   288
  2.378065e-01   1.470954e-04   2.461643e-04   1.195103e-05   156
  2.394526e-01   1.374242e-04   4.141199e-04   1.188665e-05   168
  2.419488e-01   1.902337e-04   7.099355e-04   1.124290e-05   264
  2.442463e-01   1.696463e-04   0.000000e+00   2.439263e-05   48
  2.459536e-01   1.459507e-04   7.065578e-04   9.104441e-06   264
  2.484011e-01   2.006927e-04   4.164711e-04   1.816852e-05   144
  2.502496e-01   1.746682e-04   8.520791e-04   1.852353e-05   78
  2.529423e-01   1.722959e-04   5.538865e-04   9.768791e-06   336
  2.554815e-01   2.140485e-04   4.214174e-04   1.374393e-05   200
  2.571491e-01   1.914512e-04   8.251410e-04   1.520515e-05   192
  2.594005e-01   2.160600e-04   4.140765e-04   1.742291e-05   240
  2.614687e-01   1.850614e-04   8.298338e-04   1.331759e-05   168
  2.635936e-01   1.930486e-04   6.643886e-04   1.734624e-05   120
  2.661455e-01   2.060163e-04   5.192777e-04   1.174232e-05   324
  2.686217e-01   1.917822e-04   4.082406e-04   1.504141e-05   192
  2.703070e-01   1.820207e-04   7.321571e-04   1.401191e-05   168
  2.731737e-01   2.051889e-04   6.030253e-04   1.353158e-05   342
  2.757584e-01   2.204674e-04   4.855567e-04   1.136542e-05   336
  2.783784e-01   1.792942e-04   3.715784e-04   2.260085e-05   72
  2.801451e-01   2.079931e-04   5.942898e-04   1.107743e-05   288
  2.821960e-01   2.067672e-04   3.870425e-04   1.273959e-05   264
  2.850605e-01   2.102813e-04   5.090563e-04   1.195666e-05   384
  2.876262e-01   2.350987e-04   6.110000e-04   1.784995e-05   240
  2.886924e-01   2.671032e-04   0.000000e+00   5.515146e-05   48
  2.917764e-01   1.988466e-04   5.001435e-04   9.595795e-06   392
  2.941293e-01   2.049173e-04   5.488825e-04   1.440715e-05   294
  2.966593e-01   2.120096e-04   3.567449e-04   1.326915e-05   228
  2.983232e-01   2.334940e-04   5.417695e-04   1.476230e-05   216
  3.003935e-01   1.759060e-04   3.300084e-04   1.094603e-05   336
  3.029278e-01   2.232394e-04   3.921041e-04   1.283383e-05   360
  3.050199e-01   2.349402e-04   5.973987e-04   1.537082e-05   240
  3.071998e-01   2.071051e-04   7.068596e-04   1.745145e-05   168
  3.092332e-01   1.961664e-04   5.563844e-04   1.214985e-05   312
  3.116558e-01   2.621175e-04   3.482047e-04   1.696653e-05   336
  3.142729e-01   2.272324e-04   4.750158e-04   1.224052e-05   294
  3.162461e-01   2.615073e-04   6.330990e-04   1.710499e-05   288
  3.177560e-01   2.796388e-04   3.961512e-04   1.743592e-05   264
  3.204486e-01   2.207426e-04   6.804860e-04   1.059156e-05   480
  3.226998e-01   2.474595e-04   3.328915e-04   1.611571e-05   240
  3.254598e-01   2.641048e-04   3.366119e-04   1.859010e-05   276
  3.276374e-01   2.562536e-04   7.389293e-04   1.233766e-05   488
  3.302243e-01   2.509063e-04   3.254402e-04   1.739633e-05   240
  3.317258e-01   2.568326e-04   6.319211e-04   1.507481e-05   360
  3.338314e-01   2.608051e-04   2.248280e-04   2.075250e-05   198
  3.365392e-01   2.811114e-04   7.597029e-04   1.528642e-05   480
  3.385218e-01   2.811257e-04   2.804101e-04   1.539599e-05   288
  3.412638e-01   2.889120e-04   5.927229e-04   1.306430e-05   480
  3.437295e-01   2.491836e-04   3.651923e-04   1.137954e-05   480
  3.462617e-01   2.521734e-04   4.723156e-04   1.498238e-05   288
  3.478416e-01   2.476591e-04   5.038737e-04   1.418439e-05   288
  3.503265e-01   3.033365e-04   8.759854e-04   1.569736e-05   456
  3.528285e-01   2.728316e-04   8.249741e-04   1.599589e-05   360
  3.544416e-01   2.891903e-04   4.945137e-04   2.101124e-05   180
  3.567761e-01   2.480391e-04   5.385857e-04   1.227934e-05   486
  3.591423e-01   2.551759e-04   7.164922e-04   1.293391e-05   504
  3.615482e-01   2.656913e-04   5.566783e-04   1.214465e-05   456
  3.635431e-01   2.937169e-04   4.625014e-04   2.064123e-05   296
  3.661787e-01   2.871037e-04   4.563815e-04   1.319167e-05   528
  3.681608e-01   3.084061e-04   4.503301e-04   2.093150e-05   336
  3.710801e-01   2.779607e-04   4.995006e-04   1.217457e-05   600
  3.732170e-01   2.810226e-04   2.926340e-04   1.867679e-05   264
  3.753585e-01   2.848764e-04   3.164489e-04   1.816313e-05   360
  3.775443e-01   2.918430e-04   6.335620e-04   1.400933e-05   630
  3.799529e-01   3.386374e-04   3.270388e-04   1.632739e-05   432
  3.820894e-01   3.034847e-04   6.301210e-04   1.476424e-05   408
  3.847119e-01   3.095442e-04   4.182357e-04   1.889678e-05   324
  3.866629e-01   2.969836e-04   5.960370e-04   1.159449e-05   744
  3.890163e-01   3.131384e-04   4.764919e-04   1.942336e-05   336
  3.912647e-01   3.162123e-04   6.550547e-04   1.624561e-05   528
  3.937304e-01   3.257269e-04   3.342288e-04   1.533052e-05   408
  3.953651e-01   2.917810e-04   5.688578e-04   1.620914e-05   408
  3.980661e-01   3.275603e-04   4.696106e-04   1.608131e-05   470
  4.000336e-01   2.760957e-04   5.641541e-04   1.115230e-05   528
  4.027809e-01   3.234126e-04   4.700933e-04   1.423730e-05   624
  4.048044e-01   2.881519e-04   3.576967e-04   1.345622e-05   504
  4.068921e-01   3.384178e-04   4.982449e-04   1.495786e-05   552
  4.089628e-01   3.046925e-04   2.422052e-04   1.912545e-05   336
  4.115557e-01   2.908827e-04   5.155594e-04   1.372168e-05   528
  4.135643e-01   3.235017e-04   5.869740e-04   1.312920e-05   564
  4.159170e-01   3.393579e-04   5.402479e-04   1.696386e-05   528
  4.184677e-01   3.385832e-04   8.387511e-04   1.794025e-05   582
  4.207873e-01   3.338988e-04   6.457118e-04   1.362955e-05   624
  4.228159e-01   3.217479e-04   7.381727e-04   1.749198e-05   432
  4.252364e-01   3.351176e-04   8.210885e-04   1.303017e-05   816
  4.277269e-01   2.919301e-04   3.742153e-04   1.576604e-05   312
  4.293561e-01   3.363079e-04   6.064990e-04   1.552267e-05   552
  4.319834e-01   3.336149e-04   3.819874e-04   1.317417e-05   744
  4.338868e-01   3.888375e-04   3.568539e-04   2.244470e-05   408
  4.363435e-01   3.383772e-04   5.113871e-04   1.469243e-05   632
  4.388956e-01   3.460927e-04   8.684651e-04   1.303288e-05   750
  4.409718e-01   3.125463e-04   5.974394e-04   2.194424e-05   312
  4.432855e-01   3.407985e-04   8.820360e-04   1.213724e-05   876
  4.455739e-01   3.606176e-04   5.759172e-04   1.542498e-05   552
  4.481524e-01   3.502834e-04   4.762814e-04   1.430044e-05   696
  4.499089e-01   3.455232e-04   5.257243e-04   1.588177e-05   576
  4.522993e-01   3.638490e-04   5.566155e-04   1.579984e-05   576
  4.543396e-01   3.650202e-04   7.458666e-04   1.517055e-05   648
  4.568053e-01   3.734416e-04   7.465656e-04   1.645274e-05   672
  4.595275e-01   3.265647e-04   3.166654e-04   1.807471e-05   480
  4.612699e-01   3.446144e-04   4.903946e-04   1.418428e-05   726
  4.635134e-01   3.996563e-04   5.556809e-04   1.519990e-05   792
  4.659434e-01   3.353425e-04   7.708762e-04   1.253184e-05   768
  4.685045e-01   3.825293e-04   6.300078e-04   1.450722e-05   672
  4.708527e-01   3.397290e-04   4.225960e-04   1.612143e-05   608
  4.725526e-01   3.676441e-04   4.057050e-04   1.473200e-05   624
  4.749778e-01   3.896258e-04   5.272102e-04   1.544078e-05   684
  4.773365e-01   3.816092e-04   7.787508e-04   1.445151e-05   768
  4.795318e-01   4.044444e-04   6.226058e-04   1.630206e-05   744
  4.821476e-01   3.431552e-04   3.920296e-04   1.362179e-05   750
  4.840542e-01   4.252737e-04   5.826998e-04   1.846310e-05   600
  4.861159e-01   4.399695e-04   6.187220e-04   2.022821e-05   600
  4.886632e-01   3.571523e-04   7.130389e-04   1.153857e-05   1008
  4.906861e-01   3.694160e-04   3.954760e-04   1.510870e-05   696
  4.929276e-01   4.103198e-04   5.224414e-04   1.743583e-05   624
  4.951810e-01   3.782287e-04   8.129849e-04   1.344212e-05   840
  4.977410e-01   4.302471e-04   5.531707e-04   1.614030e-05   816
  4.998176e-01   4.033904e-04   3.674290e-04   1.498456e-05   744
  5.019147e-01   3.772685e-04   6.495539e-04   1.771772e-05   510
  5.044479e-01   3.920470e-04   6.236251e-04   1.388365e-05   1020
  5.068056e-01   4.088361e-04   5.032036e-04   1.399898e-05   912
  5.091297e-01   4.338464e-04   7.455244e-04   1.688299e-05   752
  5.110515e-01   4.287815e-04   6.186111e-04   1.455389e-05   888
  5.136740e-01   4.312031e-04   3.991873e-04   1.815543e-05   768
  5.158191e-01   4.006973e-04   7.253584e-04   1.528842e-05   720
  5.182879e-01   3.905813e-04   6.394244e-04   1.361671e-05   1056
  5.204776e-01   3.752301e-04   4.423808e-04   1.830487e-05   504
  5.222718e-01   4.018879e-04   6.907864e-04   1.450763e-05   774
  5.248377e-01   4.211089e-04   6.643538e-04   1.251615e-05   1272
  5.272477e-01   4.038496e-04   4.352563e-04   1.648622e-05   744
  5.294949e-01   4.218436e-04   7.107459e-04   1.838572e-05   768
  5.315565e-01   4.391861e-04   6.011984e-04   1.595870e-05   840
  5.338719e-01   4.117898e-04   4.075963e-04   1.494642e-05   924
  5.361013e-01   4.353948e-04   7.185914e-04   1.530552e-05   936
  5.382925e-01   4.144215e-04   4.993938e-04   1.492489e-05   840
  5.404997e-01   4.378637e-04   5.937210e-04   1.404652e-05   1008
  5.433048e-01   4.281103e-04   6.702558e-04   1.871058e-05   696
  5.450648e-01   4.326975e-04   5.957418e-04   1.417001e-05   974
  5.476797e-01   4.348712e-04   7.912144e-04   1.285421e-05   1152
  5.499531e-01   4.403691e-04   3.096043e-04   1.560158e-05   816
  5.517211e-01   4.628103e-04   6.810945e-04   1.841015e-05   816
  5.540998e-01   4.383788e-04   6.014371e-04   1.453268e-05   1152
  5.566084e-01   4.442410e-04   5.414997e-04   1.591470e-05   912
  5.588896e-01   4.585149e-04   6.579220e-04   1.451770e-05   1056
  5.608430e-01   4.465454e-04   5.626411e-04   1.834813e-05   624
  5.634695e-01   4.365586e-04   7.028126e-04   1.234448e-05   1260
  5.657364e-01   4.532366e-04   4.239067e-04   1.631783e-05   894
  5.679504e-01   4.747748e-04   7.263031e-04   1.475996e-05   1176
  5.701655e-01   4.778428e-04   6.011637e-04   1.679459e-05   840
  5.726868e-01   4.498915e-04   6.833103e-04   1.239373e-05   1440
  5.753341e-01   4.366684e-04   3.841610e-04   1.571457e-05   864
  5.773413e-01   4.179155e-04   6.592392e-04   1.351517e-05   1056
  5.793392e-01   4.347312e-04   3.886788e-04   1.785328e-05   624
  5.817656e-01   4.799312e-04   7.197659e-04   1.302387e-05   1496
  5.840858e-01   4.693243e-04   5.081804e-04   1.570982e-05   936
  5.861513e-01   4.934928e-04   7.356851e-04   1.779106e-05   966
  5.883739e-01   4.735157e-04   5.214836e-04   1.741454e-05   936
  5.907085e-01   4.704005e-04   6.450473e-04   1.425786e-05   1248
  5.930987e-01   4.749642e-04   4.547296e-04   1.607550e-05   1044
  5.953258e-01   4.706947e-04   7.043907e-04   1.285276e-05   1392
  5.970897e-01   4.869855e-04   5.425229e-04   2.342617e-05   600
  5.996130e-01   4.919699e-04   6.163631e-04   1.463634e-05   1416
  6.019788e-01   5.576668e-04   6.634396e-04   1.728635e-05   1152
  6.043762e-01   5.008180e-04   6.364662e-04   1.667460e-05   936
  6.063074e-01   4.960576e-04   6.826412e-04   1.733760e-05   870
  6.086021e-01   4.840025e-04   5.723674e-04   1.446548e-05   1368
  6.111487e-01   4.973684e-04   7.525138e-04   1.242169e-05   1632
  6.133248e-01   4.915843e-04   3.266993e-04   1.919062e-05   816
  6.156805e-01   5.158745e-04   7.453333e-04   1.513808e-05   1200
  6.177358e-01   5.038684e-04   7.126266e-04   1.571096e-05   1184
  6.198237e-01   4.887220e-04   5.408369e-04   1.627182e-05   984
  6.223854e-01   5.193191e-04   6.603065e-04   1.374162e-05   1572
  6.247077e-01   5.346647e-04   3.636422e-04   2.009133e-05   840
  6.268719e-01   5.274299e-04   8.456643e-04   1.489971e-05   1392
  6.291569e-01   4.925001e-04   6.208861e-04   1.520847e-05   1158
  6.311964e-01   5.004869e-04   5.653649e-04   1.445924e-05   1272
  6.336522e-01   5.651287e-04   5.761575e-04   1.622563e-05   1320
  6.359589e-01   5.306156e-04   5.637636e-04   1.771749e-05   1104
  6.381535e-01   5.333638e-04   6.381014e-04   1.523240e-05   1392
  6.404570e-01   5.363966e-04   6.901710e-04   1.460417e-05   1296
  6.428294e-01   5.016424e-04   7.206525e-04   1.531257e-05   1392
  6.450554e-01   5.014046e-04   5.286563e-04   1.642998e-05   1104
  6.471151e-01   5.455845e-04   6.658930e-04   1.655167e-05   1320
  6.500486e-01   5.283783e-04   5.085327e-04   1.556664e-05   1422
  6.519224e-01   5.237578e-04   6.333489e-04   1.609377e-05   1212
  6.540749e-01   5.338805e-04   6.920793e-04   1.787865e-05   1280
  6.562861e-01   5.413879e-04   7.206431e-04   1.655561e-05   1272
  6.584054e-01   5.632177e-04   6.236451e-04   1.448484e-05   1680
  6.609175e-01   5.626262e-04   5.892288e-04   1.793513e-05   1152
  6.632300e-01   5.727906e-04   6.823477e-04   1.572883e-05   1512
  6.656611e-01   5.754182e-04   2.880845e-04   2.166483e-05   912
  6.675829e-01   5.341097e-04   7.262020e-04   1.401034e-05   1680
  6.701389e-01   5.606893e-04   6.433296e-04   1.525063e-05   1518
  6.720333e-01   5.276976e-04   5.956008e-04   1.676641e-05   1056
  6.740288e-01   5.658456e-04   6.013922e-04   1.632282e-05   1344
  6.766083e-01   5.976451e-04   6.457639e-04   1.593211e-05   1680
  6.789422e-01   5.560298e-04   6.363333e-04   1.445548e-05   1656
  6.814926e-01   6.033839e-04   5.408934e-04   1.954459e-05   1140
  6.834072e-01   5.666792e-04   6.263134e-04   1.608800e-05   1368
  6.856600e-01   5.985844e-04   7.124352e-04   1.550839e-05   1656
  6.879500e-01   5.534635e-04   7.296865e-04   1.452678e-05   1448
  6.904427e-01   5.935238e-04   6.854924e-04   1.679999e-05   1422
  6.927449e-01   5.676314e-04   7.567557e-04   1.504187e-05   1512
  6.947139e-01   5.863026e-04   5.769284e-04   1.755566e-05   1296
  6.969920e-01   5.836424e-04   5.267736e-04   1.485701e-05   1824
  6.994548e-01   5.969332e-04   6.830413e-04   1.562645e-05   1464
  7.019428e-01   5.752191e-04   6.095164e-04   1.396941e-05   1824
  7.042518e-01   6.074261e-04   4.845964e-04   1.744423e-05   1416
  7.062606e-01   6.173241e-04   7.098033e-04   1.703820e-05   1392
  7.084290e-01   5.759296e-04   6.549956e-04   1.571051e-05   1464
  7.110747e-01   5.812292e-04   6.403598e-04   1.532885e-05   1524
  7.131193e-01   6.200763e-04   5.901021e-04   1.484180e-05   1686
  7.154821e-01   5.870100e-04   7.026338e-04   1.524872e-05   1800
  7.175130e-01   5.922220e-04   5.578243e-04   1.724806e-05   1344
  7.197661e-01   5.539670e-04   6.508115e-04   1.420400e-05   1656
  7.220249e-01   6.038557e-04   5.196398e-04   1.645854e-05   1488
  7.239875e-01   6.182789e-04   5.187937e-04   1.743618e-05   1536
  7.267222e-01   6.177276e-04   5.763209e-04   1.491669e-05   1760
  7.288411e-01   6.097089e-04   6.410447e-04   1.557446e-05   1824
  7.312914e-01   6.387232e-04   5.379559e-04   1.730048e-05   1560
  7.336492e-01   5.973657e-04   6.178927e-04   1.431561e-05   1926
  7.358666e-01   5.828612e-04   4.394029e-04   1.738943e-05   1272
  7.378906e-01   6.215909e-04   7.384162e-04   1.612832e-05   1848
  7.405510e-01   6.203118e-04   5.965768e-04   1.435501e-05   1908
  7.425745e-01   6.725403e-04   5.818819e-04   1.815429e-05   1488
  7.447096e-01   6.466228e-04   6.562377e-04   1.598762e-05   1800
  7.470243e-01   6.222968e-04   6.568847e-04   1.544106e-05   1752
  7.492414e-01   6.716094e-04   6.984920e-04   1.917388e-05   1368
  7.514602e-01   6.642675e-04   6.564483e-04   1.569458e-05   2016
  7.539004e-01   6.676337e-04   6.933707e-04   1.792339e-05   1542
  7.561525e-01   6.376070e-04   6.789973e-04   1.410760e-05   2184
  7.586454e-01   6.996398e-04   6.211285e-04   1.782124e-05   1776
  7.607988e-01   6.778625e-04   7.100437e-04   1.841496e-05   1568
  7.628515e-01   6.391140e-04   6.487045e-04   1.470852e-05   2040
  7.650850e-01   6.521424e-04   6.935230e-04   1.772871e-05   1704
  7.674230e-01   6.742359e-04   6.952063e-04   1.908341e-05   1512
  7.696275e-01   6.658962e-04   5.930129e-04   1.626777e-05   2028
  7.721043e-01   6.495718e-04   7.153259e-04   1.626155e-05   1968
  7.743688e-01   6.605644e-04   7.255913e-04   1.679359e-05   1854
  7.765848e-01   6.718425e-04   6.917118e-04   1.780760e-05   1632
  7.788558e-01   6.692050e-04   7.107933e-04   1.491257e-05   2424
  7.812097e-01   6.927545e-04   7.115326e-04   1.922330e-05   1560
  7.831996e-01   6.719821e-04   6.723975e-04   1.735391e-05   1728
  7.856040e-01   6.850673e-04   7.177534e-04   1.622616e-05   2088
  7.880242e-01   7.008342e-04   6.832244e-04   1.617155e-05   1968
  7.902505e-01   6.748197e-04   6.764578e-04   1.503228e-05   2256
  7.924830e-01   6.783290e-04   6.014459e-04   1.666225e-05   1728
  7.948136e-01   6.982608e-04   5.928973e-04   1.955561e-05   1416
  7.968783e-01   7.516291e-04   6.250326e-04   1.668852e-05   2246
  7.992159e-01   6.905674e-04   6.922167e-04   1.528372e-05   2148
  8.014525e-01   6.920913e-04   5.847178e-04   1.887072e-05   1680
  8.035576e-01   6.867107e-04   7.392056e-04   1.511255e-05   2280
  8.060878e-01   7.041660e-04   6.883635e-04   1.601264e-05   2352
  8.084511e-01   7.099575e-04   5.783971e-04   1.950401e-05   1632
  8.103208e-01   7.314284e-04   6.618399e-04   1.677824e-05   1968
  8.128865e-01   7.173280e-04   6.790480e-04   1.643329e-05   2112
  8.152656e-01   7.540878e-04   5.100848e-04   1.666407e-05   2208
  8.175775e-01   7.016251e-04   5.143188e-04   1.665321e-05   1974
  8.194021e-01   7.632808e-04   5.031436e-04   1.762142e-05   1944
  8.218672e-01   7.299270e-04   5.692492e-04   1.597845e-05   2160
  8.240037e-01   7.549689e-04   5.323764e-04   1.758630e-05   2040
  8.263126e-01   7.427138e-04   7.448068e-04   1.644107e-05   2352
  8.286808e-01   7.283733e-04   6.187553e-04   1.846564e-05   1836
  8.308423e-01   7.707937e-04   6.600592e-04   1.677893e-05   2352
  8.332691e-01   7.245240e-04   6.923127e-04   1.683421e-05   2008
  8.354937e-01   7.256531e-04   6.810680e-04   1.579780e-05   2464
  8.379744e-01   7.393984e-04   5.493112e-04   1.751472e-05   2118
  8.400090e-01   7.322426e-04   5.521955e-04   1.795021e-05   1848
  8.421033e-01   7.716419e-04   7.307351e-04   1.841300e-05   2280
  8.446329e-01   7.819764e-04   6.951038e-04   1.692040e-05   2472
  8.469967e-01   7.264729e-04   4.645166e-04   1.585060e-05   2280
  8.489811e-01   7.738235e-04   5.677933e-04   1.945676e-05   1992
  8.511210e-01   7.554083e-04   5.969256e-04   1.698530e-05   2184
  8.535886e-01   7.466371e-04   7.200986e-04   1.602556e-05   2352
  8.559663e-01   7.731685e-04   7.588552e-04   1.680798e-05   2496
  8.582947e-01   7.232153e-04   7.087796e-04   1.808232e-05   1770
  8.603830e-01   7.411431e-04   6.115648e-04   1.538471e-05   2568
  8.628933e-01   7.837704e-04   7.501093e-04   1.585366e-05   2712
  8.651754e-01   7.803344e-04   5.956950e-04   1.679334e-05   2448
  8.674542e-01   7.375713e-04   5.021405e-04   1.685700e-05   2064
  8.693444e-01   8.246547e-04   5.300205e-04   1.916547e-05   1944
  8.717953e-01   7.805675e-04   6.547701e-04   1.730501e-05   2480
  8.742957e-01   8.125669e-04   7.112724e-04   1.552501e-05   2880
  8.765104e-01   8.488932e-04   6.822977e-04   1.808403e-05   2304
  8.788236e-01   8.046285e-04   6.268629e-04   1.869639e-05   1806
  8.808748e-01   7.972249e-04   6.147614e-04   1.586621e-05   2856
  8.834451e-01   8.472471e-04   5.895746e-04   1.790792e-05   2568
  8.854012e-01   7.840825e-04   5.915069e-04   1.749526e-05   2112
  8.875301e-01   8.120171e-04   5.697255e-04   1.815656e-05   2028
  8.898140e-01   7.881047e-04   6.743872e-04   1.637927e-05   2712
  8.921331e-01   7.984783e-04   7.265457e-04   1.602741e-05   2952
  8.946255e-01   8.220574e-04   5.613799e-04   1.949306e-05   2112
  8.966404e-01   8.347420e-04   6.579085e-04   1.678880e-05   2520
  8.990607e-01   8.543753e-04   6.345659e-04   1.870273e-05   2376
  9.012651e-01   8.553904e-04   5.086891e-04   1.843164e-05   2526
  9.035533e-01   8.261497e-04   6.330501e-04   1.719422e-05   2664
  9.058189e-01   8.289743e-04   7.550482e-04   1.793693e-05   2408
  9.079905e-01   8.574431e-04   6.048230e-04   1.842626e-05   2568
  9.102053e-01   8.136527e-04   5.702395e-04   1.572101e-05   2904
  9.126081e-01   8.473240e-04   6.398249e-04   1.700999e-05   2544
  9.148908e-01   8.435220e-04   4.712750e-04   1.859821e-05   2160
  9.170447e-01   8.578555e-04   8.147803e-04   1.794396e-05   2652
  9.194241e-01   8.820856e-04   6.451383e-04   1.678579e-05   2784
  9.217138e-01   8.780637e-04   6.370928e-04   1.829034e-05   2694
  9.240862e-01   8.781886e-04   5.725683e-04   1.692744e-05   2952
  9.261476e-01   9.243406e-04   5.423264e-04   2.011213e-05   2208
  9.282476e-01   8.529495e-04   5.780130e-04   1.890417e-05   2304
  9.305917e-01   8.870321e-04   7.516421e-04   1.582107e-05   3504
  9.333254e-01   8.734659e-04   6.086313e-04   1.738515e-05   2616
  9.354576e-01   9.183625e-04   5.945836e-04   1.889752e-05   2664
  9.375115e-01   8.846381e-04   5.524202e-04   1.916981e-05   2448
  9.395811e-01   8.745257e-04   7.693393e-04   1.802409e-05   2472
  9.420159e-01   8.713388e-04   6.116685e-04   1.644950e-05   3134
  9.443076e-01   8.733096e-04   6.689856e-04   1.814673e-05   2616
  9.465957e-01   9.141957e-04   5.419043e-04   1.757100e-05   2712
  9.489495e-01   9.161075e-04   6.214858e-04   1.680886e-05   3204
  9.511992e-01   8.892299e-04   7.157649e-04   1.703403e-05   2760
  9.533358e-01   9.229150e-04   6.244935e-04   1.865931e-05   2688
  9.556920e-01   9.239713e-04   5.904565e-04   1.882736e-05   2760
  9.577755e-01   9.217399e-04   4.875494e-04   1.851904e-05   2568
  9.601748e-01   9.418732e-04   7.571402e-04   1.664838e-05   3336
  9.624777e-01   9.665121e-04   6.408360e-04   2.121565e-05   2334
  9.648031e-01   9.097087e-04   7.091541e-04   1.687083e-05   3264
  9.669763e-01   9.142419e-04   5.156092e-04   1.833121e-05   2760
  9.692050e-01   9.225930e-04   6.227098e-04   1.748638e-05   3192
  9.714742e-01   9.434023e-04   6.465060e-04   1.848528e-05   2904
  9.738877e-01   9.172006e-04   6.486793e-04   1.789452e-05   2784
  9.759079e-01   9.736034e-04   5.338750e-04   1.949000e-05   2592
  9.782060e-01   9.361596e-04   7.277479e-04   1.637231e-05   3284
  9.806483e-01   9.412098e-04   7.309895e-04   1.763778e-05   3168
  9.828333e-01   9.379958e-04   6.031187e-04   1.879831e-05   2616
  9.851303e-01   9.837511e-04   5.827617e-04   1.720787e-05   3222
  9.873647e-01   9.685930e-04   6.538767e-04   1.738799e-05   3240
  9.895286e-01   1.013927e-03   6.615016e-04   1.981991e-05   2568
  9.919886e-01   9.649769e-04   6.069602e-04   1.841369e-05   3120
  9.940455e-01   1.014143e-03   6.672634e-04   1.895952e-05   3168
  9.962577e-01   9.850133e-04   5.841384e-04   1.784670e-05   3240
  9.986777e-01   9.743541e-04   5.993115e-04   1.842488e-05   3144
  1.001029e+00   9.829446e-04   5.712483e-04   1.955119e-05   2856
  1.003251e+00   9.832975e-04   6.101161e-04   1.771832e-05   3264
  1.005765e+00   9.845189e-04   6.741509e-04   1.737886e-05   3318
  1.007744e+00   9.874592e-04   4.721373e-04   2.018622e-05   2556
  1.010103e+00   9.723782e-04   8.064977e-04   1.584942e-05   4008
  1.012491e+00   9.935152e-04   5.953361e-04   1.877118e-05   2904
  1.014533e+00   1.008560e-03   6.087521e-04   1.890408e-05   3144
  1.016859e+00   1.033621e-03   6.346301e-04   1.861122e-05   3200
  1.019265e+00   1.044279e-03   6.258990e-04   1.941335e-05   3312
  1.021423e+00   1.076148e-03   5.044467e-04   2.098681e-05   2832
  1.023831e+00   1.026566e-03   7.259305e-04   1.682289e-05   3984
  1.026068e+00   1.016919e-03   5.901471e-04   2.266860e-05   2238
  1.028109e+00   1.022848e-03   6.945017e-04   1.697829e-05   3984
  1.030643e+00   1.038606e-03   6.599835e-04   1.815980e-05   3384
  1.032747e+00   1.026795e-03   6.169063e-04   1.945404e-05   3048
  1.034944e+00   1.075914e-03   5.664403e-04   1.989268e-05   3096
  1.037239e+00   1.050949e-03   6.420432e-04   1.799540e-05   3708
  1.039521e+00   1.040702e-03   6.085698e-04   2.024850e-05   2784
  1.041641e+00   1.079752e-03   6.321163e-04   1.838823e-05   3648
  1.044048e+00   1.051481e-03   6.505839e-04   1.735440e-05   3888
  1.046611e+00   1.001582e-03   6.945175e-04   1.894130e-05   2958
  1.048524e+00   1.074876e-03   5.928352e-04   1.941556e-05   3264
  1.050829e+00   1.062233e-03   6.544732e-04   1.962423e-05   3160
  1.053007e+00   1.068654e-03   5.931406e-04   1.884668e-05   3736
  1.055072e+00   1.090630e-03   5.404899e-04   2.038248e-05   3216
  1.057506e+00   1.084960e-03   6.623413e-04   1.826736e-05   4032
  1.060045e+00   1.060953e-03   6.047056e-04   1.805123e-05   3528
  1.062210e+00   1.067914e-03   5.337823e-04   1.940860e-05   3192
  1.064375e+00   1.090184e-03   5.845867e-04   1.920632e-05   3456
  1.066722e+00   1.087746e-03   6.061547e-04   2.037071e-05   3060
  1.069076e+00   1.105567e-03   7.207877e-04   1.741183e-05   4518
  1.071369e+00   1.128911e-03   6.421285e-04   1.953038e-05   3528
  1.073476e+00   1.134254e-03   5.392758e-04   2.213639e-05   3024
  1.075724e+00   1.118716e-03   7.301579e-04   1.925404e-05   3672
  1.078013e+00   1.169655e-03   6.266971e-04   1.932991e-05   3864
  1.080554e+00   1.215844e-03   6.642905e-04   1.995726e-05   3816
  1.082633e+00   1.106446e-03   6.043575e-04   2.005931e-05   3456
  1.084626e+00   1.152695e-03   5.470805e-04   2.224330e-05   2688
  1.086974e+00   1.098449e-03   6.491006e-04   1.765743e-05   4248
  1.089302e+00   1.131975e-03   6.217140e-04   1.886192e-05   3926
  1.091640e+00   1.125417e-03   6.564232e-04   2.068692e-05   3504
  1.093898e+00   1.166733e-03   5.868522e-04   1.864455e-05   3960
  1.096392e+00   1.155495e-03   6.606587e-04   2.004824e-05   3684
  1.098531e+00   1.183976e-03   6.606145e-04   1.924523e-05   4104
  1.100669e+00   1.176341e-03   6.265564e-04   2.198199e-05   3144
  1.102966e+00   1.121374e-03   6.862951e-04   1.816981e-05   4224
  1.105491e+00   1.144032e-03   6.091464e-04   1.814493e-05   4008
  1.107648e+00   1.158463e-03   6.701575e-04   2.144544e-05   3312
  1.109870e+00   1.191808e-03   6.665481e-04   2.058256e-05   3726
  1.112233e+00   1.176849e-03   6.846267e-04   1.927995e-05   3936
  1.114331e+00   1.212723e-03   7.057155e-04   2.047004e-05   3888
  1.116508e+00   1.152055e-03   6.673215e-04   1.956068e-05   3864
  1.118774e+00   1.200387e-03   7.094190e-04   1.999758e-05   3888
  1.121107e+00   1.210206e-03   6.690914e-04   1.947270e-05   4080
  1.123411e+00   1.216852e-03   7.101095e-04   2.131363e-05   3400
  1.125761e+00   1.249589e-03   6.512421e-04   1.983812e-05   4588
  1.128138e+00   1.248191e-03   6.445952e-04   2.142777e-05   3816
  1.130214e+00   1.170109e-03   6.108080e-04   2.065812e-05   3534
  1.132413e+00   1.267189e-03   6.033151e-04   2.018493e-05   4080
  1.134713e+00   1.206938e-03   6.306352e-04   1.927799e-05   4248
  1.137023e+00   1.217988e-03   6.354887e-04   2.176907e-05   3528
  1.139154e+00   1.203912e-03   6.497004e-04   1.984347e-05   4248
  1.141309e+00   1.275813e-03   6.354722e-04   2.203308e-05   3696
  1.143708e+00   1.269404e-03   6.593917e-04   1.927505e-05   4560
  1.145983e+00   1.284967e-03   6.176310e-04   2.176356e-05   3864
  1.148320e+00   1.287976e-03   6.725055e-04   1.930930e-05   4440
  1.150534e+00   1.195030e-03   6.274634e-04   2.131553e-05   3432
  1.152861e+00   1.262600e-03   6.152410e-04   1.963683e-05   4470
  1.155151e+00   1.231752e-03   5.467449e-04   1.953259e-05   4188
  1.157401e+00   1.331407e-03   7.004569e-04   2.166185e-05   4392
  1.159635e+00   1.256411e-03   5.418700e-04   2.060996e-05   3960
  1.161959e+00   1.297405e-03   6.121554e-04   2.017387e-05   4328
  1.164211e+00   1.325724e-03   6.370723e-04   2.028362e-05   4320
  1.166486e+00   1.259303e-03   6.661793e-04   2.105788e-05   4152
  1.168596e+00   1.281570e-03   5.572690e-04   2.266973e-05   3528
  1.170982e+00   1.319052e-03   6.031585e-04   1.961298e-05   4512
  1.173214e+00   1.304358e-03   6.165765e-04   2.092285e-05   4134
  1.175481e+00   1.297916e-03   6.568607e-04   1.908985e-05   5208
  1.177662e+00   1.295393e-03   5.722860e-04   2.397581e-05   3240
  1.179918e+00   1.335056e-03   6.312053e-04   2.049941e-05   4680
  1.182214e+00   1.343933e-03   6.249444e-04   2.115062e-05   4440
  1.184513e+00   1.355927e-03   7.081635e-04   2.203996e-05   4260
  1.186718e+00   1.354351e-03   5.781470e-04   2.204216e-05   4056
  1.188989e+00   1.347105e-03   6.409771e-04   2.044235e-05   4704
  1.191372e+00   1.363954e-03   7.458862e-04   2.088744e-05   4800
  1.193891e+00   1.392193e-03   6.462529e-04   2.151106e-05   4806
  1.196068e+00   1.420132e-03   6.442113e-04   2.545221e-05   3552
  1.198142e+00   1.414055e-03   6.459388e-04   2.194983e-05   4304
  1.200483e+00   1.405076e-03   6.264146e-04   1.972173e-05   5280
  1.202798e+00   1.382434e-03   6.009387e-04   2.195757e-05   4320
  1.204989e+00   1.414551e-03   6.786173e-04   2.213426e-05   4296
  1.207300e+00   1.380621e-03   7.544534e-04   2.156220e-05   4608
  1.209637e+00   1.359534e-03   7.228069e-04   2.060717e-05   4824
  1.211951e+00   1.453162e-03   6.823810e-04   2.306202e-05   4488
  1.214433e+00   1.427887e-03   6.370760e-04   2.224393e-05   4530
  1.216483e+00   1.410268e-03   6.220521e-04   2.119009e-05   4464
  1.218535e+00   1.408802e-03   5.862380e-04   2.187447e-05   4104
  1.220890e+00   1.426896e-03   6.320870e-04   1.972664e-05   5424
  1.223206e+00   1.441379e-03   6.804030e-04   2.259403e-05   4392
  1.225564e+00   1.415522e-03   6.661420e-04   2.095829e-05   4896
  1.227705e+00   1.472097e-03   6.529553e-04   2.370934e-05   4104
  1.229939e+00   1.480405e-03   5.887935e-04   2.229417e-05   4824
  1.232296e+00   1.468732e-03   5.627487e-04   2.235616e-05   4680
  1.234349e+00   1.441756e-03   5.755688e-04   2.210204e-05   4328
  1.236733e+00   1.467856e-03   6.634818e-04   2.169973e-05   5118
  1.239128e+00   1.433255e-03   7.686860e-04   2.059725e-05   5304
  1.241289e+00   1.522665e-03   6.053044e-04   2.361887e-05   4392
  1.243644e+00   1.468352e-03   6.075366e-04   2.333799e-05   4476
  1.245703e+00   1.473522e-03   6.033560e-04   2.223809e-05   4704
  1.247995e+00   1.512963e-03   7.302904e-04   2.191927e-05   5208
  1.250403e+00   1.500335e-03   6.157571e-04   2.136716e-05   5304
  1.252622e+00   1.465975e-03   6.595615e-04   2.329092e-05   4296
  1.254897e+00   1.497997e-03   6.254347e-04   2.205296e-05   4752
  1.257288e+00   1.538473e-03   6.278344e-04   2.297503e-05   4950
  1.259437e+00   1.527746e-03   6.562557e-04   2.253289e-05   5064
  1.261586e+00   1.517637e-03   5.498571e-04   2.341285e-05   4872
  1.263760e+00   1.476242e-03   5.788489e-04   2.369164e-05   4224
  1.266080e+00   1.553322e-03   6.394112e-04   2.073820e-05   6120
  1.268550e+00   1.535525e-03   7.034337e-04   2.237272e-05   4968
  1.270790e+00   1.600050e-03   6.224776e-04   2.469325e-05   4424
  1.273108e+00   1.569967e-03   7.950831e-04   2.202351e-05   5436
  1.275397e+00   1.587301e-03   6.778782e-04   2.363504e-05   4896
  1.277610e+00   1.624477e-03   6.489941e-04   2.348594e-05   5214
  1.279744e+00   1.577644e-03   5.516791e-04   2.383229e-05   4656
  1.282114e+00   1.627480e-03   7.014151e-04   2.309100e-05   5448
  1.284379e+00   1.580957e-03   5.923968e-04   2.338962e-05   4992
  1.286597e+00   1.598712e-03   6.556191e-04   2.199966e-05   5400
  1.289035e+00   1.627427e-03   7.266288e-04   2.306637e-05   5328
  1.291282e+00   1.613525e-03   6.497394e-04   2.463372e-05   4776
  1.293395e+00   1.582588e-03   6.105378e-04   2.358664e-05   4800
  1.295743e+00   1.632712e-03   7.851202e-04   2.087196e-05   6552
  1.298200e+00   1.622642e-03   5.931475e-04   2.667714e-05   3942
  1.300329e+00   1.704968e-03   7.475951e-04   2.236654e-05   6072
  1.302686e+00   1.630343e-03   5.806099e-04   2.397694e-05   4692
  1.304662e+00   1.649906e-03   6.061475e-04   2.433891e-05   4944
  1.306977e+00   1.632543e-03   6.505830e-04   2.200598e-05   5840
  1.309354e+00   1.668952e-03   6.964222e-04   2.221649e-05   5712
  1.311694e+00   1.685427e-03   5.836467e-04   2.499216e-05   4800
  1.313829e+00   1.719973e-03   7.729539e-04   2.335781e-05   5688
  1.316167e+00   1.800997e-03   6.098445e-04   2.671491e-05   4848
  1.318485e+00   1.423000e-03   6.787932e-04   2.387642e-05   5406
  1.320684e+00   3.403788e-06   6.127208e-04   6.705010e-08   5568
  1.322892e+00   3.490871e-06   5.507950e-04   6.724832e-08   5736
  1.325279e+00   3.325639e-06   6.840520e-04   6.637650e-08   5280
  1.327445e+00   3.404573e-06   6.324560e-04   6.821899e-08   5592
  1.329674e+00   3.341468e-06   7.239946e-04   6.957474e-08   4968
  1.332031e+00   3.183918e-06   6.491579e-04   6.287609e-08   5964
  1.334330e+00   3.244125e-06   6.521745e-04   6.253068e-08   5376
  1.336419e+00   3.243279e-06   6.297147e-04   6.297244e-08   5472
  1.338842e+00   3.056104e-06   5.980480e-04   6.031048e-08   5472
  1.341057e+00   2.978373e-06   6.799610e-04   5.829460e-08   5415
  1.343203e+00   2.994952e-06   5.981080e-04   6.012139e-08   5096
  1.345525e+00   3.011340e-06   7.691519e-04   5.357147e-08   6372
  1.347874e+00   3.014270e-06   6.243627e-04   6.655758e-08   4656
  1.349980e+00   2.897132e-06   6.816041e-04   5.264765e-08   5844
  1.352245e+00   2.719075e-06   5.992883e-04   5.370965e-08   5508
  1.354646e+00   2.879622e-06   6.798415e-04   5.321687e-08   6324
  1.357001e+00   2.830754e-06   5.839847e-04   5.863328e-08   4752
  1.359155e+00   2.462501e-06   6.538193e-04   4.844452e-08   5676
  1.361485e+00   2.627692e-06   5.981192e-04   5.381867e-08   5472
  1.363697e+00   2.522612e-06   6.746616e-04   4.789696e-08   5556
  1.366074e+00   2.516365e-06   6.574448e-04   4.873605e-08   5436
  1.368368e+00   2.678117e-06   6.729406e-04   4.945391e-08   5916
  1.370723e+00   2.479717e-06   7.001544e-04   4.583785e-08   5520
  1.372844e+00   2.349217e-06   6.367575e-04   4.519181e-08   5280
  1.375017e+00   2.467094e-06   6.256714e-04   5.217521e-08   4416
  1.377469e+00   2.476912e-06   6.098767e-04   4.374457e-08   6260
  1.379772e+00   2.433639e-06   7.252179e-04   4.516295e-08   5940
  1.381859e+00   2.257171e-06   5.679641e-04   4.659946e-08   4188
  1.384155e+00   2.501669e-06   7.261902e-04   4.258200e-08   6360
  1.386570e+00   2.178842e-06   6.477311e-04   4.045606e-08   5256
  1.388813e+00   2.113111e-06   6.123193e-04   4.187325e-08   4848
  1.390735e+00   2.244563e-06   5.550994e-04   4.469862e-08   4704
  1.393101e+00   2.267323e-06   6.809624e-04   4.098388e-08   5784
  1.395508e+00   2.138987e-06   7.205370e-04   3.777161e-08   5820
  1.397831e+00   2.232026e-06   6.454468e-04   3.899478e-08   5700
  1.400168e+00   2.066330e-06   5.985627e-04   3.874832e-08   5232
  1.402509e+00   2.199421e-06   6.641567e-04   4.086760e-08   4932
  1.404581e+00   2.139006e-06   5.716653e-04   4.205356e-08   4716
  1.406760e+00   2.110004e-06   7.281784e-04   3.738061e-08   5616
  1.409001e+00   2.152275e-06   6.430884e-04   3.889917e-08   5184
  1.411312e+00   2.054004e-06   6.487183e-04   3.785409e-08   5064
  1.413492e+00   2.173074e-06   6.642563e-04   3.851278e-08   5544
  1.415910e+00   1.967870e-06   6.668012e-04   3.515877e-08   5192
  1.418110e+00   2.048354e-06   5.992248e-04   3.648223e-08   5244
  1.420423e+00   2.025546e-06   6.483680e-04   3.536929e-08   5112
  1.422723e+00   2.032817e-06   5.950048e-04   3.738078e-08   5040
  1.424833e+00   2.044962e-06   6.255382e-04   3.542616e-08   5124
  1.427297e+00   1.968776e-06   7.022507e-04   3.200367e-08   5952
  1.429572e+00   1.992225e-06   6.153143e-04   3.602980e-08   4824
  1.431634e+00   1.943658e-06   6.210828e-04   3.621959e-08   4536
  1.434022e+00   1.942427e-06   6.601543e-04   3.201436e-08   5712
  1.436473e+00   1.945911e-06   7.223889e-04   3.201671e-08   5352
  1.438786e+00   2.069991e-06   6.292274e-04   3.514257e-08   5004
  1.440852e+00   2.042289e-06   6.293987e-04   3.777494e-08   4800
  1.443072e+00   2.058825e-06   6.763745e-04   3.540190e-08   5148
  1.445531e+00   1.981560e-06   7.025026e-04   3.333173e-08   5664
  1.447754e+00   1.963393e-06   6.309490e-04   3.594273e-08   4692
  1.449807e+00   1.930528e-06   5.861595e-04   3.665194e-08   4008
  1.452202e+00   1.993213e-06   6.718655e-04   3.235965e-08   5852
  1.454636e+00   1.939895e-06   6.361940e-04   3.082335e-08   5784
  1.456799e+00   2.013601e-06   5.864602e-04   3.632098e-08   4392
  1.459025e+00   1.960975e-06   5.752613e-04   3.416497e-08   4944
  1.461361e+00   1.934463e-06   6.782235e-04   3.292020e-08   4776
  1.463565e+00   1.818843e-06   6.524880e-04   2.935548e-08   5244
  1.465957e+00   1.995765e-06   6.513370e-04   3.578759e-08   4884
  1.467963e+00   1.938571e-06   5.523843e-04   3.469569e-08   4488
  1.470297e+00   2.090293e-06   6.563784e-04   3.300472e-08   5160
  1.472646e+00   1.885754e-06   6.682849e-04   3.146115e-08   5316
  1.474910e+00   2.034848e-06   6.756827e-04   3.402898e-08   4896
  1.477116e+00   1.924855e-06   6.278274e-04   3.436159e-08   4188
  1.479340e+00   1.950790e-06   6.847897e-04   3.240108e-08   4836
  1.481611e+00   2.032622e-06   6.793174e-04   3.290469e-08   5316
  1.483910e+00   2.059043e-06   6.287906e-04   3.442500e-08   4920
  1.486061e+00   1.860034e-06   6.334593e-04   3.420736e-08   4128
  1.488369e+00   1.948159e-06   6.814549e-04   3.063521e-08   5348
  1.490640e+00   1.928227e-06   5.912978e-04   3.366533e-08   4836
  1.492809e+00   1.981045e-06   6.371426e-04   3.387972e-08   4392
  1.495145e+00   1.951422e-06   5.597818e-04   3.488801e-08   4632
  1.497248e+00   2.013187e-06   6.254671e-04   3.397622e-08   4596
  1.499663e+00   1.997897e-06   6.289938e-04   3.104754e-08   5424
  1.502052e+00   1.985200e-06   6.474357e-04   3.238096e-08   5256
  1.504514e+00   1.945692e-06   6.575482e-04   3.186242e-08   4524
  1.506563e+00   2.016243e-06   6.254582e-04   3.450001e-08   4440
  1.508859e+00   1.968229e-06   5.348471e-04   3.478925e-08   4380
  1.511106e+00   2.063692e-06   6.999393e-04   3.429181e-08   4812
  1.513498e+00   1.993568e-06   6.952052e-04   3.260459e-08   5376
  1.515685e+00   2.001229e-06   5.552831e-04   3.594128e-08   3888
  1.517780e+00   1.942089e-06   6.358633e-04   3.155906e-08   4896
  1.520118e+00   1.937098e-06   6.709399e-04   3.256465e-08   4608
  1.522572e+00   1.927743e-06   6.333259e-04   3.349311e-08   4448
  1.524708e+00   1.896790e-06   6.537653e-04   3.106247e-08   4752
  1.526960e+00   2.034775e-06   6.847783e-04   3.638559e-08   4356
  1.529327e+00   2.031158e-06   6.589717e-04   3.254019e-08   5232
  1.531681e+00   1.939855e-06   6.640783e-04   3.402771e-08   4548
  1.533963e+00   1.932800e-06   6.455681e-04   3.269815e-08   4608
  1.536190e+00   2.006338e-06   5.864465e-04   3.656230e-08   3936
  1.538294e+00   1.959502e-06   7.009742e-04   3.365022e-08   4260
  1.540657e+00   2.004679e-06   6.284335e-04   3.275737e-08   5004
  1.542818e+00   2.008057e-06   6.209986e-04   3.458351e-08   4224
  1.545187e+00   2.011145e-06   6.709252e-04   3.362848e-08   4788
  1.547488e+00   2.053110e-06   7.055928e-04   3.515568e-08   4428
  1.549731e+00   1.959491e-06   5.896178e-04   3.374069e-08   4080
  1.551889e+00   1.912485e-06   6.446933e-04   3.141065e-08   4632
  1.554162e+00   1.991577e-06   6.704318e-04   3.555431e-08   4056
  1.556551e+00   1.998048e-06   6.312232e-04   3.297122e-08   4536
  1.558734e+00   2.107547e-06   6.438062e-04   3.410131e-08   4668
  1.561124e+00   1.982865e-06   6.900454e-04   3.385852e-08   4604
  1.563452e+00   2.073194e-06   6.200124e-04   3.810499e-08   4152
  1.565601e+00   2.024246e-06   6.008904e-04   3.514930e-08   4224
  1.567878e+00   1.952893e-06   5.777113e-04   3.405447e-08   4152
  1.570154e+00   2.126405e-06   6.553147e-04   3.739357e-08   4224
  1.572366e+00   1.983946e-06   6.060338e-04   3.530982e-08   3960
  1.574497e+00   1.924438e-06   6.253886e-04   3.231692e-08   4656
  1.576825e+00   2.014090e-06   6.747817e-04   3.472749e-08   4452
  1.579212e+00   2.025633e-06   6.860268e-04   3.543279e-08   4056
  1.581433e+00   2.028578e-06   6.797692e-04   3.407795e-08   4212
  1.583683e+00   1.890221e-06   5.649167e-04   3.678361e-08   3432
  1.585963e+00   2.092400e-06   7.226932e-04   3.338694e-08   5352
  1.588191e+00   2.071675e-06   5.292864e-04   4.018652e-08   3600
  1.590617e+00   1.971688e-06   5.838124e-04   3.324052e-08   4584
  1.592736e+00   2.017135e-06   5.820933e-04   3.851014e-08   3768
  1.594917e+00   1.893025e-06   6.213932e-04   3.595744e-08   3848
  1.597095e+00   2.000106e-06   5.697468e-04   3.865229e-08   3720
  1.599565e+00   2.074351e-06   7.151164e-04   3.371702e-08   4764
  1.601745e+00   2.153982e-06   5.758673e-04   4.036827e-08   3864
  1.603984e+00   2.105351e-06   7.132810e-04   3.762262e-08   4332
  1.606426e+00   2.061682e-06   6.089705e-04   3.857963e-08   3792
  1.608608e+00   2.035766e-06   6.907531e-04   3.472965e-08   4284
  1.610921e+00   1.957040e-06   6.540669e-04   3.688489e-08   3840
  1.613110e+00   2.052185e-06   6.225862e-04   4.194003e-08   3480
  1.615333e+00   2.062611e-06   6.946864e-04   3.537069e-08   4380
  1.617735e+00   2.057470e-06   6.525362e-04   3.515990e-08   4200
  1.620096e+00   2.205474e-06   6.272066e-04   4.100491e-08   4056
  1.622289e+00   2.099759e-06   6.303678e-04   4.215262e-08   3600
  1.624343e+00   2.079763e-06   6.280626e-04   3.994215e-08   3492
  1.626743e+00   2.095608e-06   7.334351e-04   3.657254e-08   4500
  1.629192e+00   2.104280e-06   6.425883e-04   4.311191e-08   3516
  1.631297e+00   2.182771e-06   6.717665e-04   4.060471e-08   3968
  1.633655e+00   2.098289e-06   6.456258e-04   4.098857e-08   3648
  1.635744e+00   2.089429e-06   6.173965e-04   3.774404e-08   4224
  1.638111e+00   2.073044e-06   6.929719e-04   4.053916e-08   3588
  1.640332e+00   2.104965e-06   6.391856e-04   4.164145e-08   3456
  1.642567e+00   2.037408e-06   5.676759e-04   3.894886e-08   3660
  1.644876e+00   2.174815e-06   6.230907e-04   4.233159e-08   3768
  1.647029e+00   2.184094e-06   6.301286e-04   4.227575e-08   3744
  1.649341e+00   2.126458e-06   6.916696e-04   3.850629e-08   4176
  1.651800e+00   2.147046e-06   6.379894e-04   4.184937e-08   3612
  1.653833e+00   2.064244e-06   6.933185e-04   4.197473e-08   3216
  1.656159e+00   2.112488e-06   6.703208e-04   4.049027e-08   3624
  1.658498e+00   2.120011e-06   6.303220e-04   4.158758e-08   3744
  1.660759e+00   2.204603e-06   6.725486e-04   4.373073e-08   3672
  1.662989e+00   2.105364e-06   6.098849e-04   4.134693e-08   3852
  1.665292e+00   2.224749e-06   6.277119e-04   4.682717e-08   3672
  1.667741e+00   2.131488e-06   6.116013e-04   4.249007e-08   3248
  1.669787e+00   1.956445e-06   6.260172e-04   3.899786e-08   3336
  1.672020e+00   2.176700e-06   6.372295e-04   4.404839e-08   3576
  1.674304e+00   2.179797e-06   5.409505e-04   4.405409e-08   3336
  1.676630e+00   2.231679e-06   6.425544e-04   4.338657e-08   3936
  1.678925e+00   2.171419e-06   6.843385e-04   4.445265e-08   3408
  1.681202e+00   2.132646e-06   6.029132e-04   4.397408e-08   3336
  1.683414e+00   1.977487e-06   6.772095e-04   4.026809e-08   3312
  1.685625e+00   2.072671e-06   6.856822e-04   4.297496e-08   3432
  1.687981e+00   2.197564e-06   5.944590e-04   4.666501e-08   3144
  1.690129e+00   2.254420e-06   6.453444e-04   4.761430e-08   3456
  1.692547e+00   2.237202e-06   6.202499e-04   4.534702e-08   3792
  1.694732e+00   2.078036e-06   6.092595e-04   4.685833e-08   2868
  1.697092e+00   2.099432e-06   6.311905e-04   4.178355e-08   3888
  1.699297e+00   2.110105e-06   5.480698e-04   4.969737e-08   2784
  1.701468e+00   2.087569e-06   6.259113e-04   4.674501e-08   2964
  1.703840e+00   2.239686e-06   6.445658e-04   4.985259e-08   3432
  1.706098e+00   2.293085e-06   6.671905e-04   4.855994e-08   3416
  1.708382e+00   2.213712e-06   7.131683e-04   4.758129e-08   3528
  1.710721e+00   2.209754e-06   5.723683e-04   4.969296e-08   2904
  1.712789e+00   2.078447e-06   6.417927e-04   4.694897e-08   3072
  1.715194e+00   2.045354e-06   7.208068e-04   4.624671e-08   3216
  1.717599e+00   2.221497e-06   5.837770e-04   5.388279e-08   2844
  1.719710e+00   2.214769e-06   6.680256e-04   4.763430e-08   3432
  1.721877e+00   2.203683e-06   5.369347e-04   5.259278e-08   2880
  1.724298e+00   2.090826e-06   7.112468e-04   4.421618e-08   3576
  1.726579e+00   2.279939e-06   6.357550e-04   5.759918e-08   2700
  1.728763e+00   2.042093e-06   7.141105e-04   4.765834e-08   3000
  1.731050e+00   2.126484e-06   5.929245e-04   5.218206e-08   2556
  1.733270e+00   2.343200e-06   6.354971e-04   5.299301e-08   3360
  1.735566e+00   2.346837e-06   6.174865e-04   5.514733e-08   3120
  1.738040e+00   2.345314e-06   7.269774e-04   5.329463e-08   3216
  1.740170e+00   2.425387e-06   5.127173e-04   5.835835e-08   2628
  1.742564e+00   2.035520e-06   6.777384e-04   4.782437e-08   3200
  1.744748e+00   2.024785e-06   6.393810e-04   5.511420e-08   2232
  1.746953e+00   2.046654e-06   7.298333e-04   4.727553e-08   3108
  1.749149e+00   2.450929e-06   6.411166e-04   6.363633e-08   2604
  1.751396e+00   2.342734e-06   6.906639e-04   5.356259e-08   3096
  1.753868e+00   2.201739e-06   6.292854e-04   5.206025e-08   3084
  1.756013e+00   2.223225e-06   6.421761e-04   6.096003e-08   2664
  1.758223e+00   2.150660e-06   5.662985e-04   5.898751e-08   2232
  1.760389e+00   1.945414e-06   6.975943e-04   4.731665e-08   2808
  1.762761e+00   2.240918e-06   6.589857e-04   5.574993e-08   2592
  1.764975e+00   2.319489e-06   6.765280e-04   5.525812e-08   2952
  1.767301e+00   2.263000e-06   6.387254e-04   5.826289e-08   2772
  1.769563e+00   2.224684e-06   6.869092e-04   4.975966e-08   3036
  1.771930e+00   2.104474e-06   6.663052e-04   6.431936e-08   2136
  1.774088e+00   2.060218e-06   5.313800e-04   5.373737e-08   2496
  1.776303e+00   2.269726e-06   7.077585e-04   6.306470e-08   2228
  1.778614e+00   2.343505e-06   6.598578e-04   5.569391e-08   3048
  1.780913e+00   2.305528e-06   6.303155e-04   6.463785e-08   2676
  1.783199e+00   2.198348e-06   6.279333e-04   5.787166e-08   2784
  1.785383e+00   2.138479e-06   6.100386e-04   6.914308e-08   1920
  1.787573e+00   2.085585e-06   6.510587e-04   5.342550e-08   2400
  1.789947e+00   1.992268e-06   5.971552e-04   5.057537e-08   2532
  1.792401e+00   2.293590e-06   6.632965e-04   6.641149e-08   2544
  1.794610e+00   2.398560e-06   6.938982e-04   6.203569e-08   2772
  1.796785e+00   2.181149e-06   6.499482e-04   6.345579e-08   2160
  1.798946e+00   2.156103e-06   7.000560e-04   5.865851e-08   2304
  1.801446e+00   2.162392e-06   6.850409e-04   6.316463e-08   2328
  1.803687e+00   1.940136e-06   6.568097e-04   5.758630e-08   2304
  1.805763e+00   2.121629e-06   6.211046e-04   7.314108e-08   1908
  1.808124e+00   2.357454e-06   6.946655e-04   6.013096e-08   2736
  1.810398e+00   2.352587e-06   6.581950e-04   6.785638e-08   2448
  1.812817e+00   2.308302e-06   6.153768e-04   7.090762e-08   2040
  1.815006e+00   2.001554e-06   6.407327e-04   7.616013e-08   2120
  1.817111e+00   2.053507e-06   5.312323e-04   6.263919e-08   2040
  1.819377e+00   1.869139e-06   6.590893e-04   6.073049e-08   2208
  1.821940e+00   2.503403e-06   5.917624e-04   7.767355e-08   2208
  1.824017e+00   2.765851e-06   6.557857e-04   8.559118e-08   2196
  1.826163e+00   1.953619e-06   5.768709e-04   6.772749e-08   1848
  1.828347e+00   1.931163e-06   6.542478e-04   6.190052e-08   2124
  1.830789e+00   1.997998e-06   6.862919e-04   5.843535e-08   2328
  1.833174e+00   2.052925e-06   6.987049e-04   6.661893e-08   1920
  1.835493e+00   1.968975e-06   6.414031e-04   7.335253e-08   1548
  1.837555e+00   2.512631e-06   7.035991e-04   7.662203e-08   2388
  1.839988e+00   1.975300e-06   6.510981e-04   6.258015e-08   2160
  1.842216e+00   2.156235e-06   5.926228e-04   7.336427e-08   1704
  1.844350e+00   1.946748e-06   6.676420e-04   6.721058e-08   1776
  1.846370e+00   2.144994e-06   6.244949e-04   7.330201e-08   1800
  1.848923e+00   1.805176e-06   7.209217e-04   6.590034e-08   1700
  1.851307e+00   2.292698e-06   6.491035e-04   7.809603e-08   2292
  1.853528e+00   2.237615e-06   6.025607e-04   8.948409e-08   1704
  1.855624e+00   2.181040e-06   6.737639e-04   8.540260e-08   1728
  1.857919e+00   1.779426e-06   6.235837e-04   6.560021e-08   1728
  1.860168e+00   1.998752e-06   6.229972e-04   6.993968e-08   1680
  1.862561e+00   1.705330e-06   7.177113e-04   6.633266e-08   1704
  1.864945e+00   1.753671e-06   5.636182e-04   6.180696e-08   1752
  1.867076e+00   2.160793e-06   6.700349e-04   7.858213e-08   1872
  1.869381e+00   2.055285e-06   6.567081e-04   8.251114e-08   1500
  1.871720e+00   2.033906e-06   5.750440e-04   7.590326e-08   1656
  1.873992e+00   1.917151e-06   6.165564e-04   7.929918e-08   1464
  1.876011e+00   1.631539e-06   5.400417e-04   6.159675e-08   1488
  1.878487e+00   1.861907e-06   6.517901e-04   6.673798e-08   1680
  1.880750e+00   2.227793e-06   6.809573e-04   9.423166e-08   1692
  1.882867e+00   1.960897e-06   6.520511e-04   9.429579e-08   1128
  1.885217e+00   1.837194e-06   6.278688e-04   7.551803e-08   1536
  1.887510e+00   1.600734e-06   6.544901e-04   6.160924e-08   1616
  1.889830e+00   1.778370e-06   6.311335e-04   7.178132e-08   1476
  1.892170e+00   1.663630e-06   6.945780e-04   7.609065e-08   1176
  1.894258e+00   1.704498e-06   7.462500e-04   6.048233e-08   1656
  1.896532e+00   1.618139e-06   6.555115e-04   8.378728e-08   891
  1.898876e+00   1.672337e-06   6.987810e-04   6.587410e-08   1596
  1.901160e+00   1.490863e-06   6.093557e-04   6.264945e-08   1422
  1.903413e+00   1.732134e-06   5.843312e-04   8.333640e-08   1254
  1.905532e+00   1.316541e-06   5.969608e-04   5.617035e-08   918
  1.907803e+00   1.707771e-06   6.533376e-04   6.465819e-08   1614
  1.910090e+00   1.487481e-06   5.643619e-04   8.983660e-08   798
  1.912364e+00   1.273936e-06   7.234449e-04   4.678131e-08   1458
  1.914669e+00   1.418212e-06   6.624341e-04   5.135769e-08   1374
  1.916948e+00   1.289500e-06   5.657629e-04   6.150663e-08   984
  1.919209e+00   1.375887e-06   7.784114e-04   6.234379e-08   1062
  1.921512e+00   1.458904e-06   6.598506e-04   5.155591e-08   1246
  1.923748e+00   1.022543e-06   6.118445e-04   4.812488e-08   1072
  1.926137e+00   1.175847e-06   6.625884e-04   5.535686e-08   1110
  1.928344e+00   1.395805e-06   7.178181e-04   5.638053e-08   1254
  1.930665e+00   1.175549e-06   6.812473e-04   5.525181e-08   1032
  1.933193e+00   1.166423e-06   6.311707e-04   5.578103e-08   786
  1.935116e+00   1.340309e-06   6.470862e-04   5.419339e-08   1152
  1.937368e+00   1.065663e-06   7.052595e-04   4.294395e-08   1086
  1.939714e+00   8.398974e-07   6.363015e-04   3.231962e-08   912
  1.941882e+00   1.455498e-06   6.378332e-04   5.485212e-08   1062
  1.944095e+00   1.086384e-06   6.357657e-04   4.777253e-08   912
  1.946652e+00   1.064803e-06   7.097230e-04   5.415872e-08   750
  1.948645e+00   1.125493e-06   6.838233e-04   4.640523e-08   1200
  1.950952e+00   8.760478e-07   6.192558e-04   3.989845e-08   918
  1.953245e+00   9.788801e-07   6.427668e-04   4.355709e-08   876
  1.955575e+00   1.577906e-06   5.616492e-04   7.661010e-08   870
  1.957615e+00   1.000131e-06   6.550744e-04   4.715666e-08   768
  1.960007e+00   7.011758e-07   6.004103e-04   3.673841e-08   830
  1.962222e+00   1.064300e-06   6.216450e-04   4.094998e-08   1080
  1.964516e+00   9.998843e-07   6.994320e-04   4.253828e-08   840
  1.966828e+00   9.554396e-07   6.734760e-04   4.822046e-08   798
  1.969450e+00   1.210721e-06   5.345484e-04   6.319646e-08   792
  1.971484e+00   8.878705e-07   6.234566e-04   4.389196e-08   726
  1.973618e+00   7.293156e-07   6.986178e-04   3.018120e-08   864
  1.975955e+00   1.011252e-06   5.980007e-04   5.167900e-08   900
  1.978325e+00   9.271395e-07   6.645965e-04   5.279433e-08   726
  1.980357e+00   9.455873e-07   5.751794e-04   4.412132e-08   576
  1.983069e+00   1.015557e-06   5.985766e-04   4.976031e-08   840
  1.984977e+00   8.307392e-07   6.213598e-04   5.509928e-08   750
  1.987238e+00   8.313973e-07   6.232467e-04   4.268300e-08   720
  1.989370e+00   8.805651e-07   6.305085e-04   5.168482e-08   702
  1.991860e+00   8.574844e-07   6.885999e-04   4.266054e-08   696
  1.993909e+00   8.979812e-07   6.158234e-04   5.003948e-08   480
  1.996324e+00   7.930381e-07   5.835181e-04   4.014224e-08   830
  1.998462e+00   7.339384e-07   6.788206e-04   3.626746e-08   756
  2.000858e+00   8.142923e-07   6.517872e-04   4.012890e-08   624
  2.002972e+00   7.691020e-07   6.887046e-04   4.518248e-08   582
  2.005472e+00   9.230597e-07   5.285963e-04   4.992156e-08   576
  2.007634e+00   6.902092e-07   7.079632e-04   3.727379e-08   624
  2.009851e+00   7.997212e-07   5.781934e-04   4.329138e-08   702
  2.012045e+00   8.120210e-07   6.650770e-04   4.585342e-08   624
  2.014651e+00   8.195847e-07   6.434173e-04   3.500693e-08   672
  2.016774e+00   6.406305e-07   4.816581e-04   4.319320e-08   342
  2.019106e+00   7.221893e-07   6.021361e-04   3.383059e-08   660
  2.021249e+00   5.987394e-07   6.189698e-04   3.473629e-08   576
  2.023463e+00   6.311277e-07   6.017634e-04   3.572366e-08   600
  2.025701e+00   5.942779e-07   6.960222e-04   3.268953e-08   510
  2.028218e+00   8.058592e-07   6.520686e-04   4.269912e-08   600
  2.030159e+00   4.899969e-07   5.193477e-04   3.180079e-08   216
  2.032420e+00   6.043308e-07   6.321362e-04   3.081578e-08   758
  2.035055e+00   5.122033e-07   6.920548e-04   2.395905e-08   576
  2.037365e+00   6.811439e-07   5.875356e-04   3.648773e-08   528
  2.039449e+00   5.358920e-07   4.046025e-04   3.121612e-08   318
  2.041688e+00   6.356883e-07   6.989543e-04   3.187492e-08   540
  2.044336e+00   4.295471e-07   4.941502e-04   2.421966e-08   384
  2.046130e+00   5.355629e-07   6.827435e-04   2.852495e-08   576
  2.048466e+00   5.585219e-07   5.579280e-04   3.356269e-08   414
  2.050674e+00   6.132963e-07   6.230233e-04   3.968422e-08   504
  2.053033e+00   6.069056e-07   6.839342e-04   5.616844e-08   312
  2.055299e+00   5.422397e-07   6.196527e-04   3.939752e-08   414
  2.057547e+00   3.774964e-07   5.724597e-04   2.125866e-08   432
  2.059639e+00   4.827258e-07   7.581407e-04   3.345118e-08   504
  2.062060e+00   5.381801e-07   7.301746e-04   3.137625e-08   432
  2.064327e+00   4.938670e-07   5.981226e-04   2.604423e-08   354
  2.066636e+00   5.426897e-07   8.703413e-04   4.431811e-08   200
  2.068617e+00   4.006474e-07   6.175353e-04   2.328384e-08   480
  2.071293e+00   4.657888e-07   7.056693e-04   2.767152e-08   552
  2.073748e+00   4.931128e-07   4.395757e-04   2.688466e-08   366
  2.075640e+00   4.812940e-07   4.679504e-04   4.918487e-08   240
  2.077722e+00   5.430193e-07   6.542137e-04   3.543401e-08   288
  2.080652e+00   4.039596e-07   4.496137e-04   2.356969e-08   366
  2.082547e+00   3.463399e-07   7.289658e-04   2.396929e-08   408
  2.084661e+00   4.252237e-07   5.479941e-04   2.597771e-08   360
  2.086849e+00   4.843739e-07   5.108222e-04   3.309097e-08   324
  2.088971e+00   5.604605e-07   6.032973e-04   5.761397e-08   174
  2.091499e+00   4.842211e-07   6.931038e-04   3.680765e-08   264
  2.093871e+00   3.133698e-07   6.321447e-04   2.069667e-08   456
  2.096237e+00   3.917534e-07   6.356462e-04   2.256876e-08   360
  2.098182e+00   3.302440e-07   7.002254e-04   2.289517e-08   270
  2.100564e+00   4.588675e-07   7.658383e-04   3.385621e-08   240
  2.103548e+00   5.166224e-07   5.580892e-04   4.741148e-08   120
  2.105015e+00   2.509532e-07   5.826262e-04   2.721385e-08   320
  2.107383e+00   3.102081e-07   7.208998e-04   1.828432e-08   462
  2.109864e+00   3.490752e-07   4.194244e-04   2.393244e-08   276
  2.112019e+00   3.477354e-07   4.758306e-04   3.377482e-08   144
  2.114094e+00   4.580204e-07   4.997149e-04   4.423980e-08   120
  2.116854e+00   2.552486e-07   3.784157e-04   1.856111e-08   294
  2.118939e+00   2.872232e-07   6.713296e-04   1.791498e-08   384
  2.120885e+00   2.755513e-07   4.444158e-04   2.126588e-08   216
  2.122747e+00   4.418454e-07   4.127151e-04   3.278624e-08   168
  2.124850e+00   3.535525e-07   4.910651e-04   3.602524e-08   102
  2.127892e+00   2.997784e-07   7.450428e-04   2.544972e-08   168
  2.130024e+00   2.483435e-07   6.520918e-04   1.469466e-08   384
  2.132362e+00   2.944986e-07   6.625415e-04   2.047394e-08   300
  2.134537e+00   2.964790e-07   7.094383e-04   2.347375e-08   144
  2.136989e+00   4.334438e-07   7.265651e-04   5.922568e-08   102
  2.139932e+00   4.151522e-07   1.719941e-04   7.312601e-08   56
  2.141342e+00   1.562746e-07   5.599681e-04   1.044317e-08   288
  2.143553e+00   2.579532e-07   7.287265e-04   1.834858e-08   360
  2.145961e+00   3.130788e-07   3.909120e-04   2.883717e-08   126
  2.147989e+00   4.273054e-07   1.925285e-04   4.372938e-08   72
  2.150200e+00   3.696965e-07   1.020019e-04   4.992301e-08   48
  2.153085e+00   1.675568e-07   4.126461e-04   1.120333e-08   240
  2.154981e+00   2.159856e-07   6.122582e-04   1.176428e-08   306
  2.156922e+00   2.594344e-07   3.402793e-04   2.205857e-08   120
  2.159158e+00   2.372287e-07   8.374730e-04   2.832345e-08   96
  2.160782e+00   3.855382e-07   0.000000e+00   6.424526e-08   24
  2.164433e+00   1.700955e-07   7.252303e-04   2.048114e-08   120
  2.166222e+00   1.796893e-07   6.271913e-04   1.163399e-08   318
  2.168411e+00   2.095897e-07   6.702392e-04   1.936956e-08   168
  2.170808e+00   2.524282e-07   7.192418e-04   2.383084e-08   72
  2.173433e+00   3.823886e-07   0.000000e+00   6.001720e-08   24
  2.176257e+00   1.432768e-07   3.491224e-04   2.622440e-08   14
  2.177600e+00   1.344763e-07   5.506440e-04   7.933575e-09   288
  2.179687e+00   2.170104e-07   6.624547e-04   1.620694e-08   204
  2.182094e+00   2.436447e-07   1.005110e-04   3.122168e-08   48
  2.184003e+00   2.353873e-07   0.000000e+00   4.106793e-08   24
  2.186211e+00   9.059265e-07   0.000000e+00   1.287539e-07   6
  2.189386e+00   1.342777e-07   4.116910e-04   9.007662e-09   216
  2.191022e+00   1.427832e-07   5.482597e-04   1.018916e-08   192
  2.193023e+00   2.166613e-07   1.000102e-04   2.469389e-08   48
  2.195122e+00   2.611873e-07   7.990980e-04   3.536998e-08   30
  2.201059e+00   1.132932e-07   1.652456e-04   9.986522e-09   96
  2.202278e+00   1.303963e-07   5.414667e-04   8.572902e-09   228
  2.204593e+00   1.546677e-07   7.080656e-04   1.952870e-08   72
  2.207377e+00   5.393535e-07   2.397687e-08   2.432511e-07   6
  2.213717e+00   1.102269e-07   5.346279e-04   8.975246e-09   248
  2.215741e+00   1.487831e-07   6.119095e-04   1.868279e-08   72
  2.218181e+00   3.918412e-07   0.000000e+00   6.772700e-08   6
  2.225558e+00   8.569927e-08   3.799140e-04   7.156947e-09   180
  2.227029e+00   1.251192e-07   5.169328e-04   1.653404e-08   72
  2.229129e+00   1.547352e-07   0.000000e+00   1.207064e-08   6
  2.237330e+00   7.615417e-08   1.625666e-04   7.750740e-09   96
  2.238310e+00   1.269641e-07   4.463135e-04   1.116066e-08   96
  2.240220e+00   1.485697e-07   0.000000e+00   4.598088e-08   6
  2.249696e+00   9.578578e-08   4.271566e-04   7.541699e-09   140
  2.251450e+00   5.424287e-08   2.397687e-08   2.243007e-09   6
  2.261607e+00   6.205913e-08   2.868548e-04   6.982027e-09   96
  2.262819e+00   4.641849e-08   4.152916e-08   1.638401e-08   6
  2.273552e+00   6.473095e-08   1.725668e-04   8.613554e-09   60
  2.274324e+00   7.037754e-08   0.000000e+00   1.025067e-08   6
  2.285599e+00   6.554880e-08   1.749471e-04   1.718287e-08   38
  2.297606e+00   6.617351e-08   8.999726e-05   1.486425e-08   18
  2.309634e+00   7.276921e-08   0.000000e+00   4.119122e-08   6
