# Transfer functions T_i(k) for adiabatic (AD) mode (normalized to initial curvature=1) at redshift z=100
# for k=7.29086e-06 to 6 1/Mpc,
# number of wavenumbers equal to 111
# d_kessence   stands for (\pi)(k,z) with above normalization, kessence field perturbation
# t_kessence stands for (\pi’)(k,z) with above normalization, kessence field derivative perturbation
#
#	1:k (1/Mpc)              2:d_kess                    3:t_kess		4:a(t)
7.290995000000e-06	3.020088887856e+02	2.090987182807e-01	1.041870000000e-02
7.460824000000e-06	3.020223176969e+02	2.090973362020e-01	1.041870000000e-02
7.634609000000e-06	3.020155033671e+02	2.090980102964e-01	9.315139000000e-03
7.812442000000e-06	3.020088887861e+02	2.090987182817e-01	9.728116000000e-03
7.994417000000e-06	3.020205684554e+02	2.090974979794e-01	9.728116000000e-03
8.180631000000e-06	3.020218375005e+02	2.090973760141e-01	1.028181000000e-02
8.371182000000e-06	3.020121849511e+02	2.090983052262e-01	9.786540000000e-03
8.566172000000e-06	3.020201576356e+02	2.090975222852e-01	1.041855000000e-02
8.765704000000e-06	3.020223176982e+02	2.090973421720e-01	1.041855000000e-02
8.969883000000e-06	3.020243852101e+02	2.090971087810e-01	9.315139000000e-03
9.178819000000e-06	3.020271614236e+02	2.090967888307e-01	9.727982000000e-03
9.392621000000e-06	3.020248714039e+02	2.090969980657e-01	9.727982000000e-03
9.611403000000e-06	3.020088656794e+02	2.090986182855e-01	1.028181000000e-02
9.835282000000e-06	3.020088656797e+02	2.090986182860e-01	9.786540000000e-03
1.006437000000e-05	3.020087887886e+02	2.090986182866e-01	1.041853000000e-02
1.029880000000e-05	3.020103452459e+02	2.090984874841e-01	1.041853000000e-02
1.053869000000e-05	3.020118085702e+02	2.090982550842e-01	9.315139000000e-03
1.078417000000e-05	3.020087887895e+02	2.090985413971e-01	9.727961000000e-03
1.103537000000e-05	3.020156348387e+02	2.090978763422e-01	9.727961000000e-03
1.129241000000e-05	3.020203486334e+02	2.090973930199e-01	1.028181000000e-02
1.155545000000e-05	3.020172962956e+02	2.090977493166e-01	9.786540000000e-03
1.182461000000e-05	3.020087813946e+02	2.090986183391e-01	1.041835000000e-02
1.210004000000e-05	3.020207282139e+02	2.090973395650e-01	1.041835000000e-02
1.238189000000e-05	3.020163480888e+02	2.090978346119e-01	9.315139000000e-03
1.267030000000e-05	3.020140938343e+02	2.090980514347e-01	9.727790000000e-03
1.296543000000e-05	3.020086887927e+02	2.090984414034e-01	9.727790000000e-03
1.326743000000e-05	3.020086656846e+02	2.090985182957e-01	1.028181000000e-02
1.357647000000e-05	3.020086656851e+02	2.090985182967e-01	9.786540000000e-03
1.389270000000e-05	3.020086656856e+02	2.090985182978e-01	1.041834000000e-02
1.421631000000e-05	3.020163776205e+02	2.090976708498e-01	1.041834000000e-02
1.454745000000e-05	3.020085887954e+02	2.090984414087e-01	9.315139000000e-03
1.488630000000e-05	3.020085887960e+02	2.090984183013e-01	9.727783000000e-03
1.523305000000e-05	3.020239572789e+02	2.090968315521e-01	9.727783000000e-03
1.558787000000e-05	3.020085656887e+02	2.090983414125e-01	1.028181000000e-02
1.595096000000e-05	3.020085656894e+02	2.090983183053e-01	9.786540000000e-03
1.632250000000e-05	3.020096529229e+02	2.090982030273e-01	1.041809000000e-02
1.670270000000e-05	3.020093615124e+02	2.090982270088e-01	1.041809000000e-02
1.709176000000e-05	3.020209247759e+02	2.090969624355e-01	9.315139000000e-03
1.748988000000e-05	3.020084656926e+02	2.090982183116e-01	9.727542000000e-03
1.789727000000e-05	3.020136427411e+02	2.090976908282e-01	9.727542000000e-03
1.831415000000e-05	3.020083888030e+02	2.090981183152e-01	1.028181000000e-02
1.874074000000e-05	3.020233677500e+02	2.090965209766e-01	9.786540000000e-03
1.917727000000e-05	3.020257539497e+02	2.090962250475e-01	1.041831000000e-02
1.962397000000e-05	3.020233292174e+02	2.090964627375e-01	1.041831000000e-02
2.008107000000e-05	3.020242691918e+02	2.090962956355e-01	9.315139000000e-03
2.054882000000e-05	3.020210227072e+02	2.090966174277e-01	9.727747000000e-03
2.102746000000e-05	3.020082657009e+02	2.090978183283e-01	9.727747000000e-03
2.151725000000e-05	3.020082657022e+02	2.090978183308e-01	1.028181000000e-02
2.201845000000e-05	3.020081657036e+02	2.090977414421e-01	9.786540000000e-03
2.253133000000e-05	3.020081657050e+02	2.090977183363e-01	1.041808000000e-02
2.305615000000e-05	3.020081657064e+02	2.090976183392e-01	1.041808000000e-02
2.359320000000e-05	3.020152906496e+02	2.090968791613e-01	9.315139000000e-03
2.414275000000e-05	3.020115486170e+02	2.090971800826e-01	9.727537000000e-03
2.470511000000e-05	3.020225724797e+02	2.090959389461e-01	9.727537000000e-03
2.528057000000e-05	3.020240416296e+02	2.090957431735e-01	1.028181000000e-02
2.586943000000e-05	3.020205129535e+02	2.090960283325e-01	9.786540000000e-03
2.647200000000e-05	3.020230106363e+02	2.090957620786e-01	1.041798000000e-02
2.708862000000e-05	3.020120293878e+02	2.090967876971e-01	1.041798000000e-02
2.771959000000e-05	3.020112099404e+02	2.090967976569e-01	9.315139000000e-03
2.836526000000e-05	3.020076657232e+02	2.090970183726e-01	9.727442000000e-03
2.902597000000e-05	3.020244535139e+02	2.090952978980e-01	9.727442000000e-03
2.970208000000e-05	3.020128402528e+02	2.090963088901e-01	1.028181000000e-02
3.039393000000e-05	3.020101064370e+02	2.090965366657e-01	9.786540000000e-03
3.110189000000e-05	3.020074426246e+02	2.090966183925e-01	1.041797000000e-02
3.182635000000e-05	3.020073657360e+02	2.090965183980e-01	1.041797000000e-02
3.256768000000e-05	3.020228814633e+02	2.090948347906e-01	9.315139000000e-03
3.332628000000e-05	3.020072426334e+02	2.090963184100e-01	9.727424000000e-03
3.410255000000e-05	3.020203183305e+02	2.090948722792e-01	9.727424000000e-03
3.489690000000e-05	3.020177112062e+02	2.090950085435e-01	1.028181000000e-02
3.570975000000e-05	3.020084455877e+02	2.090957503241e-01	9.786540000000e-03
3.654154000000e-05	3.020068426472e+02	2.090958184374e-01	1.041793000000e-02
3.739270000000e-05	3.020121183142e+02	2.090950627917e-01	1.041793000000e-02
3.826369000000e-05	3.020143250769e+02	2.090947227175e-01	9.315139000000e-03
3.915496000000e-05	3.020189099692e+02	2.090940810464e-01	9.727393000000e-03
4.006700000000e-05	3.020191582715e+02	2.090938920438e-01	9.727393000000e-03
4.100028000000e-05	3.020088728724e+02	2.090947347270e-01	1.028181000000e-02
4.195530000000e-05	3.020090819799e+02	2.090945136865e-01	9.786540000000e-03
4.293256000000e-05	3.020163097187e+02	2.090935645248e-01	1.041782000000e-02
4.393259000000e-05	3.020125975940e+02	2.090937131213e-01	1.041782000000e-02
4.495591000000e-05	3.020160025926e+02	2.090931425392e-01	9.315139000000e-03
4.600307000000e-05	3.020155576071e+02	2.090929661663e-01	9.727290000000e-03
4.707462000000e-05	3.020055195927e+02	2.090936954364e-01	9.727290000000e-03
4.817113000000e-05	3.020085256418e+02	2.090931647998e-01	1.028181000000e-02
4.929318000000e-05	3.020149477394e+02	2.090922332971e-01	9.786540000000e-03
5.044136000000e-05	3.020181202889e+02	2.090916268984e-01	1.041764000000e-02
5.161629000000e-05	3.020060308090e+02	2.090925339264e-01	1.041764000000e-02
5.281859000000e-05	3.020216901064e+02	2.090906044642e-01	9.315139000000e-03
5.404889000000e-05	3.020044196361e+02	2.090920724140e-01	9.727120000000e-03
5.530785000000e-05	3.020093534865e+02	2.090911827203e-01	9.727120000000e-03
5.659614000000e-05	3.020210289627e+02	2.090896772066e-01	1.028181000000e-02
5.791443000000e-05	3.020116749346e+02	2.090901996502e-01	9.786540000000e-03
5.926343000000e-05	3.020161271132e+02	2.090893849624e-01	1.041772000000e-02
6.064386000000e-05	3.020031965740e+02	2.090902725065e-01	1.041772000000e-02
6.205643000000e-05	3.020055727842e+02	2.090896219605e-01	9.315139000000e-03
6.350191000000e-05	3.020068805645e+02	2.090889913112e-01	9.727192000000e-03
6.498106000000e-05	3.020040595257e+02	2.090888042271e-01	9.727192000000e-03
6.649466000000e-05	3.020033242832e+02	2.090883543517e-01	1.028181000000e-02
6.804352000000e-05	3.020050613145e+02	2.090877278787e-01	9.786540000000e-03
6.962846000000e-05	3.020013735373e+02	2.090874726495e-01	1.041761000000e-02
7.125032000000e-05	3.020124101920e+02	2.090858393932e-01	1.041761000000e-02
7.290995000000e-05	3.020025291357e+02	2.090862328947e-01	9.315139000000e-03
7.460824000000e-05	3.020019843847e+02	2.090856805736e-01	9.727088000000e-03
7.634609000000e-05	3.020142796124e+02	2.090837089780e-01	9.727088000000e-03
7.812442000000e-05	3.020026880790e+02	2.090842178444e-01	1.028181000000e-02
7.994417000000e-05	3.020171977987e+02	2.090820069741e-01	9.786540000000e-03
8.180631000000e-05	3.020021137115e+02	2.090827681924e-01	1.041760000000e-02
8.371182000000e-05	3.020037736508e+02	2.090817991376e-01	1.041760000000e-02
8.566172000000e-05	3.020004490155e+02	2.090813403501e-01	9.315139000000e-03
8.765704000000e-05	3.019971108402e+02	2.090808072669e-01	9.727076000000e-03
8.969883000000e-05	3.020108582356e+02	2.090784677189e-01	9.727076000000e-03
9.178819000000e-05	3.020040550819e+02	2.090782663280e-01	1.028181000000e-02
9.392621000000e-05	3.020004834181e+02	2.090775924488e-01	9.786540000000e-03
9.611403000000e-05	3.019967499192e+02	2.090769674785e-01	1.041748000000e-02
9.835282000000e-05	3.020107310671e+02	2.090744256212e-01	1.041748000000e-02
1.006437000000e-04	3.019997658933e+02	2.090743604643e-01	9.315139000000e-03
1.029880000000e-04	3.020105972813e+02	2.090721166033e-01	9.726962000000e-03
1.053869000000e-04	3.019952200138e+02	2.090724119010e-01	9.726962000000e-03
1.078417000000e-04	3.020038779284e+02	2.090702595441e-01	1.028181000000e-02
1.103537000000e-04	3.019931368312e+02	2.090699358188e-01	9.786540000000e-03
1.129241000000e-04	3.019940667539e+02	2.090683543280e-01	1.041752000000e-02
1.155545000000e-04	3.019979715797e+02	2.090664755556e-01	1.041752000000e-02
1.182461000000e-04	3.019998189932e+02	2.090647175102e-01	9.315139000000e-03
1.210004000000e-04	3.019957760584e+02	2.090634481918e-01	9.726993000000e-03
1.238189000000e-04	3.020018819570e+02	2.090611097768e-01	9.726993000000e-03
1.267030000000e-04	3.019955662866e+02	2.090599294810e-01	1.028181000000e-02
1.296543000000e-04	3.019885621717e+02	2.090587267350e-01	9.786540000000e-03
1.326743000000e-04	3.019850936833e+02	2.090571342150e-01	1.041739000000e-02
1.357647000000e-04	3.019836961837e+02	2.090551593412e-01	1.041739000000e-02
1.389270000000e-04	3.019822918369e+02	2.090531138726e-01	9.315139000000e-03
1.421631000000e-04	3.019956136993e+02	2.090494620977e-01	9.726877000000e-03
1.454745000000e-04	3.019885372713e+02	2.090477842738e-01	9.726877000000e-03
1.488630000000e-04	3.019813853322e+02	2.090460150704e-01	1.028181000000e-02
1.523305000000e-04	3.019862883374e+02	2.090429065540e-01	9.786540000000e-03
1.558787000000e-04	3.019875688654e+02	2.090400382545e-01	1.041729000000e-02
1.595096000000e-04	3.019799116013e+02	2.090379139101e-01	1.041729000000e-02
1.632250000000e-04	3.019796628492e+02	2.090349731729e-01	9.315139000000e-03
1.670270000000e-04	3.019727068344e+02	2.090325189896e-01	9.726783000000e-03
1.709176000000e-04	3.019700918173e+02	2.090294550904e-01	9.726783000000e-03
1.748988000000e-04	3.019667841018e+02	2.090263519703e-01	1.028181000000e-02
1.789727000000e-04	3.019641504945e+02	2.090229806709e-01	9.786540000000e-03
1.831415000000e-04	3.019728405788e+02	2.090183036679e-01	1.041716000000e-02
1.874074000000e-04	3.019651874435e+02	2.090151510269e-01	1.041716000000e-02
1.917727000000e-04	3.019581973001e+02	2.090116567435e-01	9.315139000000e-03
1.962397000000e-04	3.019543831373e+02	2.090076778561e-01	9.726662000000e-03
2.008107000000e-04	3.019563865532e+02	2.090029341057e-01	9.726662000000e-03
2.054882000000e-04	3.019505345555e+02	2.089987536338e-01	1.028181000000e-02
2.102746000000e-04	3.019471419408e+02	2.089941372818e-01	9.786540000000e-03
2.151725000000e-04	3.019545875569e+02	2.089881260940e-01	1.041742000000e-02
2.201845000000e-04	3.019460435294e+02	2.089835329585e-01	1.041742000000e-02
2.253133000000e-04	3.019449458161e+02	2.089778945886e-01	9.315139000000e-03
2.305615000000e-04	3.019337688607e+02	2.089729787401e-01	9.726899000000e-03
2.359320000000e-04	3.019325858933e+02	2.089668040568e-01	9.726899000000e-03
2.414275000000e-04	3.019271321996e+02	2.089607975281e-01	1.028181000000e-02
2.470511000000e-04	3.019205219716e+02	2.089545722674e-01	9.786540000000e-03
2.528057000000e-04	3.019203351648e+02	2.089473818966e-01	1.041747000000e-02
2.586943000000e-04	3.019220570297e+02	2.089396420443e-01	1.041747000000e-02
2.647200000000e-04	3.019103310403e+02	2.089329339465e-01	9.315139000000e-03
2.708862000000e-04	3.019101067897e+02	2.089246673996e-01	9.726941000000e-03
2.771959000000e-04	3.019045754991e+02	2.089166144564e-01	9.726941000000e-03
2.836526000000e-04	3.018946832214e+02	2.089085254056e-01	1.028181000000e-02
2.902597000000e-04	3.018906253801e+02	2.088994303567e-01	9.786540000000e-03
2.970208000000e-04	3.018805276948e+02	2.088904471585e-01	1.041709000000e-02
3.039393000000e-04	3.018810864589e+02	2.088799303254e-01	1.041709000000e-02
3.110189000000e-04	3.018723302361e+02	2.088699515372e-01	9.315139000000e-03
3.182635000000e-04	3.018594479632e+02	2.088598359592e-01	9.726590000000e-03
3.256768000000e-04	3.018612409757e+02	2.088476611718e-01	9.726590000000e-03
3.332628000000e-04	3.018489047870e+02	2.088364240684e-01	1.028181000000e-02
3.410255000000e-04	3.018460791008e+02	2.088236415095e-01	9.786540000000e-03
3.489690000000e-04	3.018328770102e+02	2.088112158887e-01	1.041697000000e-02
3.570975000000e-04	3.018284985795e+02	2.087972403977e-01	1.041697000000e-02
3.654154000000e-04	3.018097013215e+02	2.087841451363e-01	9.315139000000e-03
3.739270000000e-04	3.018012143420e+02	2.087692746562e-01	9.726473000000e-03
3.826369000000e-04	3.017932400089e+02	2.087535832238e-01	9.726473000000e-03
3.915496000000e-04	3.017841383367e+02	2.087372299230e-01	1.028181000000e-02
4.006700000000e-04	3.017731315699e+02	2.087202652207e-01	9.786540000000e-03
4.100028000000e-04	3.017591880515e+02	2.087027890963e-01	1.041699000000e-02
4.195530000000e-04	3.017449488316e+02	2.086844428721e-01	1.041699000000e-02
4.293256000000e-04	3.017363914239e+02	2.086645090788e-01	9.315139000000e-03
4.393259000000e-04	3.017193078227e+02	2.086445858309e-01	9.726487000000e-03
4.495591000000e-04	3.017109688798e+02	2.086226493748e-01	9.726487000000e-03
4.600307000000e-04	3.016897248419e+02	2.086010906213e-01	1.028181000000e-02
4.707462000000e-04	3.016812212932e+02	2.085770448283e-01	9.786540000000e-03
4.817113000000e-04	3.016622670780e+02	2.085529076034e-01	1.041682000000e-02
4.929318000000e-04	3.016462987302e+02	2.085272369795e-01	1.041682000000e-02
5.044136000000e-04	3.016248635765e+02	2.085008357718e-01	9.315139000000e-03
5.161629000000e-04	3.016106527344e+02	2.084723405348e-01	9.726329000000e-03
5.281859000000e-04	3.015865114185e+02	2.084435777132e-01	9.726329000000e-03
5.404889000000e-04	3.015653163412e+02	2.084129722045e-01	1.028181000000e-02
5.530785000000e-04	3.015516329127e+02	2.083800058544e-01	9.786540000000e-03
5.659614000000e-04	3.015219266506e+02	2.083471710138e-01	1.041684000000e-02
5.791443000000e-04	3.015035853173e+02	2.083114834888e-01	1.041684000000e-02
5.926343000000e-04	3.014778348769e+02	2.082748257166e-01	9.315139000000e-03
6.064386000000e-04	3.014551554753e+02	2.082359643493e-01	9.726351000000e-03
6.205643000000e-04	3.014285274513e+02	2.081956596704e-01	9.726351000000e-03
6.350191000000e-04	3.013994429733e+02	2.081535480218e-01	1.028181000000e-02
6.498106000000e-04	3.013707163238e+02	2.081093191485e-01	9.786540000000e-03
6.649466000000e-04	3.013349039149e+02	2.080636682519e-01	1.041689000000e-02
6.804352000000e-04	3.013027400839e+02	2.080153194994e-01	1.041689000000e-02
6.962846000000e-04	3.012681390267e+02	2.079647879728e-01	9.315139000000e-03
7.125032000000e-04	3.012358950603e+02	2.079115623239e-01	9.726388000000e-03
7.290995000000e-04	3.011958591195e+02	2.078564878563e-01	9.726388000000e-03
7.460824000000e-04	3.011592071168e+02	2.077982927957e-01	1.028181000000e-02
7.634609000000e-04	3.011217575673e+02	2.077373466744e-01	9.786540000000e-03
7.812442000000e-04	3.010788553377e+02	2.076740292488e-01	1.041669000000e-02
7.994417000000e-04	3.010292105933e+02	2.076081972374e-01	1.041669000000e-02
8.180631000000e-04	3.009873816509e+02	2.075383576296e-01	9.315139000000e-03
8.371182000000e-04	3.009391896452e+02	2.074656968308e-01	9.726209000000e-03
8.566172000000e-04	3.008895654082e+02	2.073896207944e-01	9.726209000000e-03
8.765704000000e-04	3.008330441227e+02	2.073105365042e-01	1.028181000000e-02
8.969883000000e-04	3.007807919763e+02	2.072271053693e-01	9.786540000000e-03
9.178819000000e-04	3.007219475141e+02	2.071402570912e-01	1.041685000000e-02
9.392621000000e-04	3.006552614259e+02	2.070500567691e-01	1.041685000000e-02
9.611403000000e-04	3.005942892791e+02	2.069547733428e-01	9.315139000000e-03
9.835282000000e-04	3.005263400926e+02	2.068555795327e-01	9.726355000000e-03
1.006437000000e-03	3.004568067520e+02	2.067517185386e-01	9.726355000000e-03
1.029880000000e-03	3.003827704168e+02	2.066432211080e-01	1.028181000000e-02
1.053869000000e-03	3.003062927789e+02	2.065297601166e-01	9.786540000000e-03
1.078417000000e-03	3.002264229014e+02	2.064111141349e-01	1.041663000000e-02
1.103537000000e-03	3.001481888605e+02	2.062865173712e-01	1.041663000000e-02
1.129241000000e-03	3.000578952903e+02	2.061572279944e-01	9.315139000000e-03
1.155545000000e-03	2.999639173211e+02	2.060220696286e-01	9.726148000000e-03
1.182461000000e-03	2.998732778996e+02	2.058799606282e-01	9.726148000000e-03
1.210004000000e-03	2.997732303243e+02	2.057320899190e-01	1.028181000000e-02
1.238189000000e-03	2.996631178889e+02	2.055782560115e-01	9.786540000000e-03
1.267030000000e-03	2.995581499335e+02	2.054163639885e-01	1.041665000000e-02
1.296543000000e-03	2.994397128454e+02	2.052483107559e-01	1.041665000000e-02
1.326743000000e-03	2.993207252129e+02	2.050721496172e-01	9.315139000000e-03
1.357647000000e-03	2.991939813564e+02	2.048885702509e-01	9.726163000000e-03
1.389270000000e-03	2.990646578808e+02	2.046965066686e-01	9.726163000000e-03
1.421631000000e-03	2.989285886003e+02	2.044960769682e-01	1.028181000000e-02
1.454745000000e-03	2.987851651463e+02	2.042870366551e-01	9.786540000000e-03
1.488630000000e-03	2.986369804140e+02	2.040686586203e-01	1.038226000000e-02
1.523305000000e-03	2.984769584660e+02	2.038414010110e-01	1.038226000000e-02
1.558787000000e-03	2.983143036439e+02	2.036037622679e-01	9.315139000000e-03
1.595096000000e-03	2.981428192295e+02	2.033560729462e-01	9.709431000000e-03
1.632250000000e-03	2.979633934160e+02	2.030978471607e-01	9.709431000000e-03
1.670270000000e-03	2.977762953626e+02	2.028284787955e-01	1.028181000000e-02
1.709176000000e-03	2.975825938198e+02	2.025474146844e-01	9.786540000000e-03
1.748988000000e-03	2.973775481756e+02	2.022548923174e-01	1.041651000000e-02
1.789727000000e-03	2.971645505239e+02	2.019498818526e-01	1.041651000000e-02
1.831415000000e-03	2.969420461085e+02	2.016321579598e-01	9.315139000000e-03
1.874074000000e-03	2.967111322655e+02	2.013009901474e-01	9.726028000000e-03
1.917727000000e-03	2.964664744870e+02	2.009567112832e-01	9.726028000000e-03
1.962397000000e-03	2.962128719205e+02	2.005980406291e-01	1.028181000000e-02
2.008107000000e-03	2.959527183955e+02	2.002241188104e-01	9.786540000000e-03
2.054882000000e-03	2.956724010921e+02	1.998364639233e-01	1.041655000000e-02
2.102746000000e-03	2.953885226135e+02	1.994318420716e-01	1.041655000000e-02
2.151725000000e-03	2.950859412628e+02	1.990122305805e-01	9.315139000000e-03
2.201845000000e-03	2.947719940635e+02	1.985757499332e-01	9.726058000000e-03
2.253133000000e-03	2.944449029627e+02	1.981222555392e-01	9.726058000000e-03
2.305615000000e-03	2.941015078118e+02	1.976517278541e-01	1.028181000000e-02
2.359320000000e-03	2.937464817179e+02	1.971625558645e-01	9.786540000000e-03
2.414275000000e-03	2.933762872225e+02	1.966550422514e-01	1.041647000000e-02
2.470511000000e-03	2.929880917544e+02	1.961289826907e-01	1.041647000000e-02
2.528057000000e-03	2.925843429836e+02	1.955834487877e-01	9.315139000000e-03
2.586943000000e-03	2.921682150744e+02	1.950171862365e-01	9.725983000000e-03
2.647200000000e-03	2.917273624524e+02	1.944320807041e-01	9.725983000000e-03
2.708862000000e-03	2.912727813855e+02	1.938255394272e-01	1.028181000000e-02
2.771959000000e-03	2.907996040191e+02	1.931978567110e-01	9.786540000000e-03
2.836526000000e-03	2.903025533629e+02	1.925497544959e-01	1.041639000000e-02
2.902597000000e-03	2.897885959853e+02	1.918791897671e-01	1.041639000000e-02
2.970208000000e-03	2.892547530642e+02	1.911865645994e-01	9.315139000000e-03
3.039393000000e-03	2.887021907754e+02	1.904710243939e-01	9.725911000000e-03
3.110189000000e-03	2.881226886175e+02	1.897341455773e-01	9.725911000000e-03
3.182635000000e-03	2.875193321647e+02	1.889749291401e-01	1.028181000000e-02
3.256768000000e-03	2.868959166131e+02	1.881922665153e-01	9.786540000000e-03
3.332628000000e-03	2.862496427329e+02	1.873865055485e-01	1.041635000000e-02
3.410255000000e-03	2.855744844564e+02	1.865590839510e-01	1.041635000000e-02
3.489690000000e-03	2.848797080487e+02	1.857074370943e-01	9.315139000000e-03
3.570975000000e-03	2.841514846657e+02	1.848355180022e-01	9.725872000000e-03
3.654154000000e-03	2.834008703249e+02	1.839400602521e-01	9.725872000000e-03
3.739270000000e-03	2.826227185533e+02	1.830228490700e-01	1.028181000000e-02
3.826369000000e-03	2.818165836115e+02	1.820840993056e-01	9.786540000000e-03
3.915496000000e-03	2.809815775547e+02	1.811246153014e-01	1.041636000000e-02
4.006700000000e-03	2.801149973576e+02	1.801455990369e-01	1.041636000000e-02
4.100028000000e-03	2.792193806201e+02	1.791467699452e-01	9.315139000000e-03
4.195530000000e-03	2.782938494971e+02	1.781291634715e-01	9.725873000000e-03
4.293256000000e-03	2.773393568293e+02	1.770929749982e-01	9.725873000000e-03
4.393259000000e-03	2.763497746286e+02	1.760414821470e-01	1.028181000000e-02
4.495591000000e-03	2.753317677571e+02	1.749731258386e-01	9.786540000000e-03
4.600307000000e-03	2.742754670774e+02	1.738927101982e-01	1.041630000000e-02
4.707462000000e-03	2.731944799109e+02	1.727961899620e-01	1.041630000000e-02
4.817113000000e-03	2.720730117954e+02	1.716910595796e-01	9.315139000000e-03
4.929318000000e-03	2.709223309159e+02	1.705742821403e-01	9.725819000000e-03
5.044136000000e-03	2.697403767823e+02	1.694479739087e-01	9.725819000000e-03
5.161629000000e-03	2.685199129686e+02	1.683166024498e-01	1.028181000000e-02
5.281859000000e-03	2.672698496569e+02	1.671782075466e-01	9.786540000000e-03
5.404889000000e-03	2.659813834163e+02	1.660379869576e-01	1.041629000000e-02
5.530785000000e-03	2.646636726817e+02	1.648936046815e-01	1.041629000000e-02
5.659614000000e-03	2.633093148200e+02	1.637498087561e-01	9.315139000000e-03
5.791443000000e-03	2.619179528202e+02	1.626082873910e-01	9.725805000000e-03
5.926343000000e-03	2.604967356391e+02	1.614672084129e-01	9.725805000000e-03
6.064386000000e-03	2.590460468472e+02	1.603278666330e-01	1.028181000000e-02
6.205643000000e-03	2.575569856170e+02	1.591949474050e-01	1.049426000000e-02
6.350191000000e-03	2.560380614411e+02	1.580660565077e-01	1.049426000000e-02
6.498106000000e-03	2.544831611074e+02	1.569438095579e-01	9.786540000000e-03
6.649466000000e-03	2.529017023527e+02	1.558254535417e-01	9.315139000000e-03
6.804352000000e-03	2.512820929847e+02	1.547145981589e-01	9.821647000000e-03
6.962846000000e-03	2.496379409277e+02	1.536068721047e-01	9.821647000000e-03
7.125032000000e-03	2.479567785317e+02	1.525047516238e-01	9.170685000000e-03
7.290995000000e-03	2.462481907252e+02	1.514047214663e-01	1.028181000000e-02
7.460824000000e-03	2.445119382836e+02	1.503056937277e-01	1.049411000000e-02
7.634609000000e-03	2.427405579043e+02	1.492063338558e-01	1.049411000000e-02
7.812442000000e-03	2.409452945129e+02	1.481035457606e-01	9.786540000000e-03
7.994417000000e-03	2.391163377174e+02	1.469948874176e-01	9.315139000000e-03
8.180631000000e-03	2.372598368162e+02	1.458775438914e-01	9.821506000000e-03
8.371182000000e-03	2.353705260201e+02	1.447475828897e-01	9.821506000000e-03
8.566172000000e-03	2.334553437413e+02	1.436029708503e-01	9.170551000000e-03
8.765704000000e-03	2.315118762754e+02	1.424403677673e-01	1.028181000000e-02
8.969883000000e-03	2.295376405252e+02	1.412560863683e-01	9.786540000000e-03
9.178819000000e-03	2.275349935685e+02	1.400481245518e-01	1.041665000000e-02
9.392621000000e-03	2.255000655136e+02	1.388126900055e-01	1.041665000000e-02
9.611403000000e-03	2.234354154322e+02	1.375488703814e-01	9.315139000000e-03
9.835282000000e-03	2.213414103453e+02	1.362555827589e-01	9.726265000000e-03
1.006437000000e-02	2.192150926075e+02	1.349311146623e-01	9.726265000000e-03
1.029880000000e-02	2.170591053716e+02	1.335765018858e-01	1.028181000000e-02
1.053869000000e-02	2.148711990929e+02	1.321916100790e-01	9.786540000000e-03
1.078417000000e-02	2.126524810814e+02	1.307781471395e-01	1.041589000000e-02
1.103537000000e-02	2.104011347162e+02	1.293375075469e-01	1.041589000000e-02
1.129241000000e-02	2.081171010003e+02	1.278721590347e-01	9.315139000000e-03
1.155545000000e-02	2.058022662370e+02	1.263848595522e-01	9.725558000000e-03
1.182461000000e-02	2.034551080750e+02	1.248781611094e-01	9.725558000000e-03
1.210004000000e-02	2.010774129319e+02	1.233545256929e-01	1.028181000000e-02
1.238189000000e-02	1.986683545978e+02	1.218160836323e-01	9.786540000000e-03
1.267030000000e-02	1.962299940643e+02	1.202648372395e-01	1.023955000000e-02
1.296543000000e-02	1.937604496476e+02	1.187015081494e-01	9.315139000000e-03
1.326743000000e-02	1.912633456102e+02	1.171264816324e-01	9.636524000000e-03
1.357647000000e-02	1.887372669347e+02	1.155394364850e-01	1.028181000000e-02
1.389270000000e-02	1.861837253354e+02	1.139395097708e-01	1.049464000000e-02
1.421631000000e-02	1.836046649416e+02	1.123254000936e-01	1.049464000000e-02
1.454745000000e-02	1.809988373916e+02	1.106953288788e-01	9.786540000000e-03
1.488630000000e-02	1.783695164797e+02	1.090484182102e-01	9.315139000000e-03
1.523305000000e-02	1.757167656197e+02	1.073836220457e-01	9.822061000000e-03
1.558788000000e-02	1.730427541154e+02	1.057011427214e-01	9.822061000000e-03
1.595097000000e-02	1.703467480487e+02	1.040010174412e-01	9.171128000000e-03
1.632252000000e-02	1.676317479192e+02	1.022853292696e-01	1.028181000000e-02
1.670273000000e-02	1.648991151720e+02	1.005562151020e-01	1.049483000000e-02
1.709180000000e-02	1.621498528577e+02	9.881648877527e-02	1.049483000000e-02
1.748995000000e-02	1.593868743994e+02	9.706947299748e-02	9.786540000000e-03
1.789738000000e-02	1.566120300253e+02	9.531816731462e-02	9.315139000000e-03
1.831432000000e-02	1.538277899518e+02	9.356539634899e-02	9.822234000000e-03
1.874100000000e-02	1.510370094693e+02	9.181342455431e-02	9.822234000000e-03
1.917766000000e-02	1.482415684175e+02	9.006355641090e-02	9.171284000000e-03
1.962454000000e-02	1.454450967244e+02	8.831712350475e-02	1.028181000000e-02
2.008192000000e-02	1.426498117973e+02	8.657491776855e-02	1.049462000000e-02
2.055007000000e-02	1.398592253053e+02	8.483785779695e-02	1.049462000000e-02
2.102928000000e-02	1.370765790947e+02	8.310737436842e-02	9.786540000000e-03
2.151986000000e-02	1.343046369034e+02	8.138484421220e-02	9.315139000000e-03
2.202214000000e-02	1.315471937146e+02	7.967293876426e-02	9.822034000000e-03
2.253650000000e-02	1.288073128975e+02	7.797418167401e-02	9.822034000000e-03
2.306332000000e-02	1.260880450605e+02	7.629157740088e-02	9.171094000000e-03
2.360304000000e-02	1.233930795917e+02	7.462809708400e-02	1.028181000000e-02
2.415613000000e-02	1.207262150417e+02	7.298676177737e-02	1.049751000000e-02
2.472311000000e-02	1.180901576588e+02	7.136958708311e-02	1.049751000000e-02
2.530457000000e-02	1.154885436116e+02	6.977885241000e-02	9.786540000000e-03
2.590115000000e-02	1.129245997726e+02	6.821654330581e-02	9.315139000000e-03
2.651354000000e-02	1.104007946093e+02	6.668405068791e-02	9.824729000000e-03
2.714256000000e-02	1.079207605177e+02	6.518377282445e-02	9.824729000000e-03
2.778905000000e-02	1.054869767404e+02	6.371777370084e-02	9.173600000000e-03
2.845398000000e-02	1.031015638406e+02	6.228855353767e-02	1.028181000000e-02
2.913841000000e-02	1.007674181782e+02	6.089907087795e-02	9.786540000000e-03
2.984350000000e-02	9.848585955898e+01	5.955100450171e-02	1.023124000000e-02
3.057049000000e-02	9.625908823942e+01	5.824568094197e-02	1.023124000000e-02
3.132075000000e-02	9.408813949627e+01	5.698213780307e-02	9.315139000000e-03
3.209577000000e-02	9.197361779492e+01	5.575797539423e-02	9.628782000000e-03
3.289713000000e-02	8.991578051687e+01	5.457056268981e-02	9.628782000000e-03
3.372651000000e-02	8.791372108620e+01	5.341800872960e-02	1.028181000000e-02
3.458571000000e-02	8.597683557695e+01	5.227347321085e-02	9.786540000000e-03
3.547662000000e-02	8.407964386848e+01	5.119739754588e-02	1.023410000000e-02
3.640122000000e-02	8.223124369193e+01	5.015140417012e-02	1.023410000000e-02
3.736157000000e-02	8.042365905051e+01	4.913192505101e-02	9.315139000000e-03
3.835979000000e-02	7.865666219172e+01	4.813365456759e-02	9.631490000000e-03
3.939806000000e-02	7.691980900074e+01	4.715009176734e-02	9.631490000000e-03
4.047862000000e-02	7.520412113668e+01	4.617379241337e-02	1.028181000000e-02
4.160370000000e-02	7.349889818152e+01	4.519620565182e-02	1.067075000000e-02
4.277557000000e-02	7.179169450127e+01	4.420785096608e-02	1.067075000000e-02
4.399649000000e-02	7.007036621486e+01	4.319908794428e-02	9.786540000000e-03
4.526871000000e-02	6.832204545432e+01	4.215993714462e-02	1.010013000000e-02
4.659445000000e-02	6.653396201507e+01	4.108092314946e-02	1.010013000000e-02
4.797590000000e-02	6.469469203603e+01	3.995396683417e-02	9.315139000000e-03
4.941520000000e-02	6.279522084040e+01	3.877309702167e-02	9.544750000000e-03
5.091446000000e-02	6.082871711343e+01	3.753533961238e-02	9.544750000000e-03
5.247573000000e-02	5.879751702275e+01	3.624203323965e-02	1.028181000000e-02
5.410101000000e-02	5.670587248832e+01	3.489883394834e-02	1.067041000000e-02
5.579226000000e-02	5.456250995525e+01	3.351681327406e-02	1.067041000000e-02
5.755142000000e-02	5.238923299931e+01	3.211245401975e-02	9.786540000000e-03
5.938038000000e-02	5.021180948166e+01	3.070705157234e-02	1.009980000000e-02
6.128101000000e-02	4.806158477272e+01	2.932567470817e-02	1.009980000000e-02
6.325518000000e-02	4.597268101067e+01	2.799519842692e-02	9.315139000000e-03
6.530477000000e-02	4.398105785991e+01	2.674235860350e-02	9.544434000000e-03
6.743165000000e-02	4.211846937710e+01	2.558990963271e-02	9.544434000000e-03
6.963775000000e-02	4.040813800295e+01	2.455372920276e-02	1.028181000000e-02
7.192502000000e-02	3.885971614393e+01	2.364015569582e-02	1.056201000000e-02
7.429548000000e-02	3.747223575963e+01	2.284383695723e-02	1.056201000000e-02
7.675120000000e-02	3.622674717207e+01	2.214693049682e-02	9.786540000000e-03
7.929434000000e-02	3.508883699798e+01	2.152030042868e-02	9.997407000000e-03
8.192717000000e-02	3.401569965082e+01	2.092701175298e-02	9.997407000000e-03
8.465203000000e-02	3.295135898579e+01	2.032643333152e-02	9.315139000000e-03
8.747140000000e-02	3.185329471989e+01	1.968295547740e-02	9.447885000000e-03
9.038788000000e-02	3.068305209961e+01	1.897108480403e-02	9.447885000000e-03
9.340420000000e-02	2.942860608942e+01	1.818284024547e-02	1.028181000000e-02
9.652323000000e-02	2.809847084344e+01	1.732986002381e-02	1.063771000000e-02
9.974800000000e-02	2.672737786006e+01	1.644283018614e-02	1.063771000000e-02
1.030817000000e-01	2.537113358733e+01	1.556602984861e-02	9.786540000000e-03
1.065276000000e-01	2.408838431754e+01	1.474697786361e-02	1.006901000000e-02
1.100893000000e-01	2.292928767156e+01	1.402464643900e-02	1.006901000000e-02
1.137705000000e-01	2.192296629943e+01	1.341882797153e-02	9.315139000000e-03
1.175749000000e-01	2.106490221704e+01	1.292263693419e-02	9.515492000000e-03
1.215067000000e-01	2.031708434113e+01	1.250382376762e-02	9.515492000000e-03
1.255700000000e-01	1.962282746161e+01	1.211500914365e-02	1.028181000000e-02
1.297692000000e-01	1.891659040803e+01	1.170574238199e-02	1.063553000000e-02
1.341088000000e-01	1.814840675884e+01	1.123963814061e-02	1.063553000000e-02
1.385936000000e-01	1.731011497377e+01	1.071268695229e-02	9.786540000000e-03
1.432283000000e-01	1.643529961855e+01	1.015348531194e-02	1.006694000000e-02
1.480179000000e-01	1.558208319777e+01	9.609133749504e-03	1.006694000000e-02
1.529677000000e-01	1.480225252930e+01	9.121985861452e-03	9.315139000000e-03
1.580827000000e-01	1.412769552873e+01	8.714629995346e-03	9.513533000000e-03
1.633682000000e-01	1.355063093517e+01	8.378863149851e-03	9.513533000000e-03
1.688298000000e-01	1.302846415608e+01	8.078300793710e-03	1.028181000000e-02
1.744726000000e-01	1.250371602207e+01	7.768786050310e-03	1.063555000000e-02
1.803021000000e-01	1.194450977365e+01	7.426144698403e-03	1.063555000000e-02
1.863237000000e-01	1.135617024326e+01	7.056920104553e-03	9.786540000000e-03
1.925425000000e-01	1.077655872978e+01	6.693151698255e-03	1.006695000000e-02
1.989637000000e-01	1.025111990134e+01	6.369573202100e-03	1.006695000000e-02
2.055921000000e-01	9.792114376128e+00	6.095226962898e-03	9.315139000000e-03
2.124324000000e-01	9.377375571063e+00	5.851085026468e-03	9.513542000000e-03
2.194887000000e-01	8.971340881786e+00	5.608505731486e-03	9.513542000000e-03
2.267651000000e-01	8.552672552143e+00	5.351827159188e-03	1.028181000000e-02
2.342649000000e-01	8.132808279830e+00	5.091730222402e-03	1.063558000000e-02
2.419909000000e-01	7.738626090932e+00	4.849406449818e-03	1.063558000000e-02
2.499454000000e-01	7.383494230717e+00	4.635416556699e-03	9.786540000000e-03
2.581299000000e-01	7.056238199694e+00	4.440111179859e-03	1.006698000000e-02
2.665452000000e-01	6.737561354718e+00	4.247742180609e-03	1.006698000000e-02
2.751913000000e-01	6.421312213355e+00	4.054478736142e-03	9.315139000000e-03
2.840672000000e-01	6.118028364940e+00	3.868882262868e-03	9.513569000000e-03
2.931714000000e-01	5.836682302818e+00	3.698564829190e-03	9.513569000000e-03
3.025011000000e-01	5.575372505677e+00	3.541570683160e-03	1.028181000000e-02
3.120529000000e-01	5.325760170398e+00	3.390879496016e-03	1.063691000000e-02
3.218227000000e-01	5.083913888962e+00	3.243873721598e-03	1.063691000000e-02
3.318055000000e-01	4.853690366944e+00	3.104075623784e-03	9.786540000000e-03
3.419959000000e-01	4.639179395798e+00	2.974674166634e-03	1.006824000000e-02
3.523879000000e-01	4.437143759674e+00	2.852958884742e-03	1.006824000000e-02
3.629754000000e-01	4.243890317804e+00	2.736133462869e-03	9.315139000000e-03
3.737523000000e-01	4.060067459896e+00	2.624901558189e-03	9.514749000000e-03
3.847123000000e-01	3.886990251001e+00	2.520459917004e-03	9.514749000000e-03
3.958500000000e-01	3.723932226922e+00	2.422256098784e-03	1.028181000000e-02
4.071604000000e-01	3.569137905937e+00	2.328922942386e-03	1.063662000000e-02
4.186391000000e-01	3.422075022688e+00	2.240207666432e-03	1.063662000000e-02
4.302831000000e-01	3.283237257767e+00	2.156575423100e-03	9.786540000000e-03
4.420905000000e-01	3.151976987963e+00	2.077587125985e-03	1.006796000000e-02
4.540606000000e-01	3.027552976832e+00	2.002704751979e-03	1.006796000000e-02
4.661941000000e-01	2.909103032086e+00	1.931402608234e-03	9.315139000000e-03
4.784935000000e-01	2.797029466236e+00	1.864006125838e-03	9.514480000000e-03
4.909624000000e-01	2.690598857969e+00	1.800031812768e-03	9.514480000000e-03
5.036060000000e-01	2.589370819120e+00	1.739187122394e-03	1.028181000000e-02
5.164309000000e-01	2.493098124105e+00	1.681339116065e-03	1.063558000000e-02
5.294450000000e-01	2.401434148581e+00	1.626283193781e-03	1.063558000000e-02
5.426572000000e-01	2.314006396403e+00	1.573779116890e-03	9.786540000000e-03
5.560778000000e-01	2.230566804162e+00	1.523673977826e-03	1.006697000000e-02
5.697176000000e-01	2.150884524816e+00	1.475833607676e-03	1.006697000000e-02
5.835883000000e-01	2.074713809264e+00	1.430106198049e-03	9.315139000000e-03
5.977022000000e-01	2.001790664247e+00	1.386324856925e-03	9.513545000000e-03
6.120719000000e-01	1.931929395269e+00	1.344378783889e-03	9.513545000000e-03
6.267107000000e-01	1.864962863266e+00	1.304165733138e-03	1.028181000000e-02
6.416316000000e-01	1.800723043481e+00	1.265580473585e-03	1.063559000000e-02
6.568480000000e-01	1.739047234677e+00	1.228522913208e-03	1.063559000000e-02
6.723731000000e-01	1.679813097791e+00	1.192918482269e-03	9.786540000000e-03
6.882202000000e-01	1.622867976980e+00	1.158669526984e-03	1.006697000000e-02
7.044023000000e-01	1.568090972242e+00	1.125701008702e-03	1.006697000000e-02
7.209324000000e-01	1.515391044103e+00	1.093956219858e-03	9.315139000000e-03
7.378231000000e-01	1.464664299302e+00	1.063369221800e-03	9.513539000000e-03
7.550869000000e-01	1.415834675668e+00	1.033892368311e-03	9.513539000000e-03
7.727361000000e-01	1.368816995898e+00	1.005471659390e-03	1.028181000000e-02
7.907828000000e-01	1.323515512537e+00	9.780434101691e-04	1.063555000000e-02
8.092388000000e-01	1.279887587757e+00	9.515835668648e-04	1.063555000000e-02
8.281160000000e-01	1.237844919911e+00	9.260324370428e-04	9.786540000000e-03
8.474260000000e-01	1.197334593868e+00	9.013566051601e-04	1.006693000000e-02
8.671804000000e-01	1.158298993259e+00	8.775175943252e-04	1.006693000000e-02
8.873909000000e-01	1.120675933216e+00	8.544750658865e-04	9.315139000000e-03
9.080691000000e-01	1.084412767110e+00	8.321933198437e-04	9.513494000000e-03
9.292265000000e-01	1.049455048311e+00	8.106361637626e-04	9.513494000000e-03
9.508751000000e-01	1.015752799515e+00	7.897699052085e-04	1.028181000000e-02
9.730267000000e-01	9.832715896362e-01	7.695721441815e-04	1.063569000000e-02
9.956934000000e-01	9.519556182627e-01	7.500046113557e-04	1.063569000000e-02
1.018887000000e+00	9.217680080908e-01	7.310432374051e-04	9.786540000000e-03
1.042621000000e+00	8.926561511428e-01	7.126504761126e-04	1.006705000000e-02
1.066908000000e+00	8.645942701152e-01	6.948106274782e-04	1.006705000000e-02
1.091759000000e+00	8.375166721613e-01	6.774759297414e-04	9.315139000000e-03
1.117190000000e+00	8.114065341725e-01	6.606366753367e-04	9.513608000000e-03
1.143213000000e+00	7.862240095194e-01	6.442657025038e-04	9.513608000000e-03
1.169842000000e+00	7.619295364416e-01	6.283349267858e-04	1.028181000000e-02
1.197091000000e+00	7.384877376355e-01	6.128199326396e-04	9.786540000000e-03
1.224975000000e+00	7.158612282322e-01	5.976946200652e-04	1.013409000000e-02
1.253508000000e+00	6.940297695798e-01	5.829464890625e-04	1.013409000000e-02
1.282706000000e+00	6.729478150490e-01	5.685425858489e-04	9.315139000000e-03
1.312584000000e+00	6.525930646398e-01	5.544688642070e-04	9.576901000000e-03
1.343158000000e+00	6.329306486141e-01	5.407006472455e-04	9.576901000000e-03
1.374444000000e+00	6.139391131892e-01	5.272250505076e-04	1.028181000000e-02
1.406459000000e+00	5.955801655184e-01	5.140145277759e-04	1.067153000000e-02
1.439220000000e+00	5.778321056017e-01	5.010559483764e-04	1.067153000000e-02
1.472744000000e+00	5.606731254615e-01	4.883359971780e-04	9.786540000000e-03
1.507048000000e+00	5.440797864459e-01	4.758404972895e-04	1.010403000000e-02
1.542152000000e+00	5.280183192292e-01	4.635464180367e-04	1.010403000000e-02
1.578073000000e+00	5.124599233992e-01	4.514345980713e-04	9.315139000000e-03
1.614831000000e+00	4.973975451731e-01	4.395062453710e-04	9.551616000000e-03
1.652446000000e+00	4.828054921164e-01	4.277455985876e-04	9.551616000000e-03
1.690936000000e+00	4.686589793601e-01	4.161386732641e-04	1.028181000000e-02
1.730323000000e+00	4.549394375782e-01	4.046767929215e-04	1.057508000000e-02
1.770627000000e+00	4.416291205537e-01	3.933528731028e-04	1.057508000000e-02
1.811871000000e+00	4.287042358519e-01	3.821550911115e-04	9.786540000000e-03
1.854075000000e+00	4.161575065814e-01	3.710860473599e-04	1.002886000000e-02
1.897261000000e+00	4.039582940906e-01	3.601290498255e-04	1.002886000000e-02
1.941454000000e+00	3.921026445966e-01	3.492909220291e-04	9.315139000000e-03
1.986677000000e+00	3.805660194477e-01	3.385610337088e-04	9.496719000000e-03
2.032952000000e+00	3.693419572957e-01	3.279455390595e-04	9.496719000000e-03
2.080306000000e+00	3.584121119233e-01	3.174405540365e-04	1.028181000000e-02
2.128762000000e+00	3.477634602219e-01	3.070476559433e-04	1.057545000000e-02
2.178348000000e+00	3.373837177346e-01	2.967694376265e-04	1.057545000000e-02
2.229088000000e+00	3.272635151355e-01	2.866115919329e-04	9.786540000000e-03
2.281010000000e+00	3.173925679678e-01	2.765800192746e-04	1.002920000000e-02
2.334142000000e+00	3.077585455573e-01	2.666789587154e-04	1.002920000000e-02
2.388511000000e+00	2.983547172300e-01	2.569180875590e-04	9.315139000000e-03
2.444146000000e+00	2.891760795291e-01	2.473101888205e-04	9.497039000000e-03
2.501078000000e+00	2.802053925545e-01	2.378532469828e-04	9.497039000000e-03
2.559335000000e+00	2.714394362229e-01	2.285626805007e-04	1.028181000000e-02
2.618950000000e+00	2.628709699215e-01	2.194494898111e-04	1.057555000000e-02
2.679953000000e+00	2.545150479364e-01	2.105413363731e-04	1.057555000000e-02
2.742377000000e+00	2.463442454585e-01	2.018304819513e-04	9.786540000000e-03
2.806255000000e+00	2.383605179383e-01	1.933353474819e-04	1.002929000000e-02
2.871621000000e+00	2.305574075445e-01	1.850650495168e-04	1.002929000000e-02
2.938510000000e+00	2.229633258818e-01	1.770559503071e-04	9.315139000000e-03
3.006957000000e+00	2.154646777930e-01	1.692330149716e-04	9.497113000000e-03
3.076998000000e+00	2.082297495396e-01	1.617373215973e-04	9.497113000000e-03
3.148670000000e+00	2.011501225054e-01	1.544901312316e-04	1.028181000000e-02
3.222012000000e+00	1.942374043756e-01	1.475187061744e-04	1.057562000000e-02
3.297063000000e+00	1.869127607703e-01	1.403866233080e-04	9.786540000000e-03
3.373861000000e+00	1.809634375275e-01	1.344518653222e-04	1.002935000000e-02
3.452448000000e+00	1.745613304705e-01	1.283343996912e-04	9.315139000000e-03
3.532866000000e+00	1.683510788316e-01	1.225212982743e-04	9.497167000000e-03
3.615157000000e+00	1.623157132658e-01	1.169978765619e-04	1.028181000000e-02
3.699365000000e+00	1.564621478822e-01	1.117647854979e-04	1.052450000000e-02
3.785534000000e+00	1.507714240623e-01	1.068016448781e-04	9.786540000000e-03
3.873711000000e+00	1.452492358391e-01	1.021039553429e-04	9.989505000000e-03
3.963941000000e+00	1.399053880829e-01	9.766794442515e-05	9.315139000000e-03
4.056273000000e+00	1.347316594291e-01	9.347532998229e-05	9.468073000000e-03
4.150756000000e+00	1.297278679625e-01	8.951216641924e-05	1.028181000000e-02
4.247439000000e+00	1.248871848655e-01	8.576075870811e-05	1.031466000000e-02
4.346375000000e+00	1.202117471683e-01	8.220285199677e-05	1.031466000000e-02
4.447615000000e+00	1.156990384320e-01	7.882384624982e-05	9.786540000000e-03
4.551213000000e+00	1.113437297373e-01	7.560684978421e-05	9.825696000000e-03
4.657225000000e+00	1.071400771127e-01	7.253274371313e-05	9.825696000000e-03
4.765705000000e+00	1.030848116613e-01	6.958697993085e-05	9.315139000000e-03
4.876713000000e+00	9.917442105320e-02	6.675663912124e-05	9.348265000000e-03
4.990306000000e+00	9.540048078112e-02	6.402843129171e-05	9.348265000000e-03
