# power spectrum of delta
# redshift z=100.000000
# k              Pk             sigma(k)       sigma(Pk)      count
  2.094395e-02   2.139137e-06   0.000000e+00   6.032464e-07   6
  2.961922e-02   3.427246e-06   0.000000e+00   5.440181e-07   12
  3.627599e-02   1.442037e-05   3.973643e-10   3.545830e-06   8
  4.188790e-02   4.231495e-06   0.000000e+00   1.383497e-06   6
  4.683210e-02   8.877256e-06   0.000000e+00   2.222619e-06   24
  5.130199e-02   1.686846e-05   7.492773e-10   4.270920e-06   24
  5.923844e-02   1.002050e-05   0.000000e+00   3.542564e-06   12
  6.283185e-02   1.844498e-05   8.477105e-10   4.999682e-06   30
  6.623059e-02   1.514428e-05   0.000000e+00   2.319794e-06   24
  6.946323e-02   2.159432e-05   1.297786e-09   4.439121e-06   24
  7.255197e-02   3.373881e-05   7.947286e-10   1.069193e-05   8
  7.551449e-02   3.670582e-05   1.059638e-09   6.654062e-06   24
  7.836509e-02   5.917488e-05   0.000000e+00   7.593208e-06   48
  8.377580e-02   4.526487e-05   0.000000e+00   8.703525e-06   6
  8.635412e-02   2.639558e-05   1.498555e-09   4.010617e-06   48
  8.885766e-02   4.923996e-05   0.000000e+00   6.334089e-06   36
  9.129257e-02   4.925743e-05   1.059638e-09   8.476461e-06   24
  9.366420e-02   2.528140e-05   0.000000e+00   5.933460e-06   24
  9.597724e-02   5.154345e-05   0.000000e+00   1.048931e-05   48
  9.823584e-02   4.759872e-05   1.498555e-09   9.006952e-06   24
  1.026040e-01   5.153691e-05   1.498555e-09   1.033785e-05   24
  1.047198e-01   4.812125e-05   0.000000e+00   7.961201e-06   30
  1.067936e-01   4.773849e-05   0.000000e+00   6.213589e-06   72
  1.088280e-01   5.282735e-05   1.589457e-09   5.769679e-06   32
  1.127866e-01   7.521095e-05   0.000000e+00   9.745155e-06   72
  1.147147e-01   5.724002e-05   0.000000e+00   1.145437e-05   48
  1.184769e-01   2.971320e-05   0.000000e+00   8.250343e-06   12
  1.212185e-01   6.768302e-05   9.046661e-04   6.490533e-06   96
  1.239061e-01   7.332305e-05   1.498555e-09   1.089950e-05   48
  1.256637e-01   7.819265e-05   1.695421e-09   1.516860e-05   30
  1.286797e-01   7.352177e-05   7.404969e-04   6.851813e-06   96
  1.324612e-01   9.041459e-05   0.000000e+00   2.310192e-05   24
  1.346486e-01   6.751560e-05   7.663130e-04   5.631493e-06   144
  1.373387e-01   9.994247e-05   2.595573e-09   1.758084e-05   24
  1.401038e-01   1.014627e-04   6.797608e-04   1.231644e-05   96
  1.420488e-01   8.437121e-05   0.000000e+00   1.409369e-05   48
  1.464136e-01   8.598280e-05   5.040965e-04   1.189849e-05   62
  1.486320e-01   1.055277e-04   7.088830e-04   1.135825e-05   132
  1.510290e-01   6.513524e-05   2.119276e-09   1.376314e-05   24
  1.532924e-01   8.655413e-05   7.085150e-04   7.046044e-06   168
  1.574268e-01   9.332300e-05   6.965923e-04   9.357041e-06   96
  1.605312e-01   8.043410e-05   5.928643e-04   1.075680e-05   96
  1.643405e-01   1.221343e-04   6.608262e-04   9.474784e-06   168
  1.675516e-01   1.192235e-04   0.000000e+00   4.008594e-05   6
  1.688555e-01   9.666549e-05   0.000000e+00   9.326193e-06   96
  1.704063e-01   9.605360e-05   5.136660e-04   8.712152e-06   120
  1.735518e-01   1.109285e-04   5.964581e-04   1.083024e-05   144
  1.752297e-01   9.852262e-05   0.000000e+00   1.483904e-05   48
  1.784181e-01   1.074631e-04   6.086320e-04   1.360214e-05   84
  1.801667e-01   1.474161e-04   4.152916e-09   1.515923e-05   120
  1.817415e-01   1.589105e-04   5.522900e-04   1.549700e-05   80
  1.841789e-01   1.175903e-04   5.607558e-04   1.038270e-05   144
  1.873284e-01   1.699489e-04   0.000000e+00   3.247481e-05   24
  1.888668e-01   1.201968e-04   5.411047e-04   9.703570e-06   150
  1.912669e-01   1.082522e-04   5.614266e-04   1.095284e-05   120
  1.939026e-01   1.367921e-04   5.116222e-04   1.213320e-05   168
  1.964717e-01   1.152586e-04   2.997109e-09   1.413177e-05   24
  1.980880e-01   1.261663e-04   5.511715e-04   8.017159e-06   264
  1.997926e-01   9.948434e-05   2.997109e-09   1.627689e-05   48
  2.026981e-01   1.448441e-04   5.105263e-04   1.211756e-05   144
  2.059187e-01   1.381465e-04   5.025279e-04   1.700889e-05   72
  2.077566e-01   1.514978e-04   5.169131e-04   1.164979e-05   180
  2.103258e-01   1.502036e-04   3.745390e-04   1.090363e-05   198
  2.115235e-01   2.094148e-04   0.000000e+00   3.269006e-05   48
  2.141726e-01   1.337702e-04   5.069490e-04   1.091514e-05   168
  2.161385e-01   1.289250e-04   5.073703e-04   8.687062e-06   144
  2.191126e-01   1.463568e-04   7.128833e-04   9.707197e-06   248
  2.231287e-01   1.315357e-04   4.914754e-04   1.091758e-05   192
  2.258635e-01   1.571656e-04   7.591556e-04   1.453787e-05   240
  2.275095e-01   2.031869e-04   0.000000e+00   2.458566e-05   72
  2.300200e-01   1.696514e-04   4.632692e-04   1.578868e-05   126
  2.316038e-01   1.639086e-04   4.274285e-04   1.376752e-05   168
  2.346279e-01   1.418757e-04   4.673881e-04   8.326957e-06   288
  2.378065e-01   1.670948e-04   2.461643e-04   1.295072e-05   156
  2.394526e-01   1.611470e-04   4.141199e-04   1.472293e-05   168
  2.419488e-01   1.495789e-04   7.099355e-04   8.834634e-06   264
  2.442463e-01   1.574060e-04   0.000000e+00   2.236370e-05   48
  2.459536e-01   1.913856e-04   7.065578e-04   1.256823e-05   264
  2.484011e-01   1.773848e-04   4.164711e-04   1.602595e-05   144
  2.502496e-01   2.131888e-04   8.520791e-04   3.038175e-05   78
  2.529423e-01   1.743822e-04   5.538865e-04   1.036144e-05   336
  2.554815e-01   1.728063e-04   4.214174e-04   1.303955e-05   200
  2.571491e-01   2.031104e-04   8.251410e-04   1.416672e-05   192
  2.594005e-01   2.001281e-04   4.140765e-04   1.302255e-05   240
  2.614687e-01   1.743546e-04   8.298338e-04   1.627607e-05   168
  2.635936e-01   1.814594e-04   6.643886e-04   1.925619e-05   120
  2.661455e-01   1.950793e-04   5.192777e-04   1.223051e-05   324
  2.686217e-01   2.022874e-04   4.082406e-04   1.471902e-05   192
  2.703070e-01   2.256631e-04   7.321571e-04   1.611461e-05   168
  2.731737e-01   1.899493e-04   6.030253e-04   1.084124e-05   342
  2.757584e-01   1.885505e-04   4.855567e-04   1.238900e-05   336
  2.783784e-01   2.178576e-04   3.715784e-04   2.246102e-05   72
  2.801451e-01   1.915721e-04   5.942898e-04   1.046945e-05   288
  2.821960e-01   1.779312e-04   3.870425e-04   1.058397e-05   264
  2.850605e-01   2.254090e-04   5.090563e-04   1.492233e-05   384
  2.876262e-01   2.266741e-04   6.110000e-04   1.547416e-05   240
  2.886924e-01   2.615392e-04   0.000000e+00   3.900636e-05   48
  2.917764e-01   2.014207e-04   5.001435e-04   1.049834e-05   392
  2.941293e-01   2.639586e-04   5.488825e-04   1.524505e-05   294
  2.966593e-01   2.075227e-04   3.567449e-04   1.631519e-05   228
  2.983232e-01   2.549431e-04   5.417695e-04   2.064932e-05   216
  3.003935e-01   2.342922e-04   3.300084e-04   1.319712e-05   336
  3.029278e-01   2.293934e-04   3.921041e-04   1.208924e-05   360
  3.050199e-01   2.142448e-04   5.973987e-04   1.398827e-05   240
  3.071998e-01   2.692858e-04   7.068596e-04   2.350506e-05   168
  3.092332e-01   2.291060e-04   5.563844e-04   1.305742e-05   312
  3.116558e-01   2.712085e-04   3.482047e-04   1.419162e-05   336
  3.142729e-01   2.499019e-04   4.750158e-04   1.573890e-05   294
  3.162461e-01   2.533521e-04   6.330990e-04   1.544269e-05   288
  3.177560e-01   2.216583e-04   3.961512e-04   1.540295e-05   264
  3.204486e-01   2.136952e-04   6.804860e-04   1.033305e-05   480
  3.226998e-01   2.484238e-04   3.328915e-04   1.513915e-05   240
  3.254598e-01   2.844946e-04   3.366119e-04   1.831682e-05   276
  3.276374e-01   2.675822e-04   7.389293e-04   1.191239e-05   488
  3.302243e-01   2.471431e-04   3.254402e-04   1.706230e-05   240
  3.317258e-01   2.776651e-04   6.319211e-04   1.506732e-05   360
  3.338314e-01   2.480914e-04   2.248280e-04   1.495008e-05   198
  3.365392e-01   2.754135e-04   7.597029e-04   1.225366e-05   480
  3.385218e-01   2.921296e-04   2.804101e-04   2.000835e-05   288
  3.412638e-01   2.660348e-04   5.927229e-04   1.347947e-05   480
  3.437295e-01   2.528746e-04   3.651923e-04   1.192525e-05   480
  3.462617e-01   2.742166e-04   4.723156e-04   1.665574e-05   288
  3.478416e-01   2.718223e-04   5.038737e-04   1.791742e-05   288
  3.503265e-01   2.778946e-04   8.759854e-04   1.425946e-05   456
  3.528285e-01   3.047969e-04   8.249741e-04   1.583984e-05   360
  3.544416e-01   3.319105e-04   4.945137e-04   2.456139e-05   180
  3.567761e-01   2.453187e-04   5.385857e-04   1.119687e-05   486
  3.591423e-01   2.821669e-04   7.164922e-04   1.333674e-05   504
  3.615482e-01   3.031560e-04   5.566783e-04   1.412427e-05   456
  3.635431e-01   2.615091e-04   4.625014e-04   1.623982e-05   296
  3.661787e-01   2.722926e-04   4.563815e-04   1.254844e-05   528
  3.681608e-01   3.105279e-04   4.503301e-04   1.661821e-05   336
  3.710801e-01   2.616150e-04   4.995006e-04   1.165401e-05   600
  3.732170e-01   3.336113e-04   2.926340e-04   2.102301e-05   264
  3.753585e-01   3.166345e-04   3.164489e-04   1.702858e-05   360
  3.775443e-01   2.689535e-04   6.335620e-04   1.164459e-05   630
  3.799529e-01   2.774036e-04   3.270388e-04   1.725860e-05   432
  3.820894e-01   3.088566e-04   6.301210e-04   1.608396e-05   408
  3.847119e-01   2.942196e-04   4.182357e-04   1.723654e-05   324
  3.866629e-01   2.978575e-04   5.960370e-04   1.220718e-05   744
  3.890163e-01   2.879420e-04   4.764919e-04   1.696238e-05   336
  3.912647e-01   2.918490e-04   6.550547e-04   1.357250e-05   528
  3.937304e-01   2.918229e-04   3.342288e-04   1.340157e-05   408
  3.953651e-01   2.776737e-04   5.688578e-04   1.380832e-05   408
  3.980661e-01   2.966167e-04   4.696106e-04   1.372780e-05   470
  4.000336e-01   2.910898e-04   5.641541e-04   1.239519e-05   528
  4.027809e-01   3.144243e-04   4.700933e-04   1.451453e-05   624
  4.048044e-01   3.308944e-04   3.576967e-04   1.445447e-05   504
  4.068921e-01   2.995980e-04   4.982449e-04   1.398181e-05   552
  4.089628e-01   3.486087e-04   2.422052e-04   2.092324e-05   336
  4.115557e-01   3.221021e-04   5.155594e-04   1.517910e-05   528
  4.135643e-01   3.180820e-04   5.869740e-04   1.297113e-05   564
  4.159170e-01   3.243406e-04   5.402479e-04   1.374624e-05   528
  4.184677e-01   3.287225e-04   8.387511e-04   1.288036e-05   582
  4.207873e-01   3.208405e-04   6.457118e-04   1.369570e-05   624
  4.228159e-01   3.482143e-04   7.381727e-04   1.769577e-05   432
  4.252364e-01   3.296864e-04   8.210885e-04   1.227577e-05   816
  4.277269e-01   3.306176e-04   3.742153e-04   1.950815e-05   312
  4.293561e-01   3.472635e-04   6.064990e-04   1.512025e-05   552
  4.319834e-01   3.164322e-04   3.819874e-04   1.202489e-05   744
  4.338868e-01   3.808824e-04   3.568539e-04   2.190164e-05   408
  4.363435e-01   3.327760e-04   5.113871e-04   1.538903e-05   632
  4.388956e-01   3.567998e-04   8.684651e-04   1.255789e-05   750
  4.409718e-01   3.278498e-04   5.974394e-04   1.988204e-05   312
  4.432855e-01   3.372959e-04   8.820360e-04   1.251607e-05   876
  4.455739e-01   3.383684e-04   5.759172e-04   1.385059e-05   552
  4.481524e-01   3.543963e-04   4.762814e-04   1.387409e-05   696
  4.499089e-01   3.857884e-04   5.257243e-04   1.962353e-05   576
  4.522993e-01   3.336281e-04   5.566155e-04   1.513989e-05   576
  4.543396e-01   3.658556e-04   7.458666e-04   1.487011e-05   648
  4.568053e-01   3.172944e-04   7.465656e-04   1.377953e-05   672
  4.595275e-01   3.596955e-04   3.166654e-04   1.660735e-05   480
  4.612699e-01   3.855281e-04   4.903946e-04   1.502158e-05   726
  4.635134e-01   3.854769e-04   5.556809e-04   1.324360e-05   792
  4.659434e-01   3.904987e-04   7.708762e-04   1.449047e-05   768
  4.685045e-01   3.723664e-04   6.300078e-04   1.582188e-05   672
  4.708527e-01   3.593198e-04   4.225960e-04   1.423682e-05   608
  4.725526e-01   3.664897e-04   4.057050e-04   1.655965e-05   624
  4.749778e-01   3.403047e-04   5.272102e-04   1.306903e-05   684
  4.773365e-01   3.485862e-04   7.787508e-04   1.264859e-05   768
  4.795318e-01   3.758629e-04   6.226058e-04   1.565803e-05   744
  4.821476e-01   3.796505e-04   3.920296e-04   1.596574e-05   750
  4.840542e-01   3.901303e-04   5.826998e-04   1.778346e-05   600
  4.861159e-01   4.044712e-04   6.187220e-04   1.937083e-05   600
  4.886632e-01   4.033826e-04   7.130389e-04   1.474960e-05   1008
  4.906861e-01   3.668739e-04   3.954760e-04   1.380092e-05   696
  4.929276e-01   3.598221e-04   5.224414e-04   1.532379e-05   624
  4.951810e-01   3.742268e-04   8.129849e-04   1.419556e-05   840
  4.977410e-01   4.003317e-04   5.531707e-04   1.488453e-05   816
  4.998176e-01   3.816454e-04   3.674290e-04   1.472305e-05   744
  5.019147e-01   3.781849e-04   6.495539e-04   1.874118e-05   510
  5.044479e-01   4.135226e-04   6.236251e-04   1.459865e-05   1020
  5.068056e-01   4.277112e-04   5.032036e-04   1.678593e-05   912
  5.091297e-01   3.844415e-04   7.455244e-04   1.471759e-05   752
  5.110515e-01   3.987498e-04   6.186111e-04   1.444079e-05   888
  5.136740e-01   4.130162e-04   3.991873e-04   1.557277e-05   768
  5.158191e-01   3.869431e-04   7.253584e-04   1.485626e-05   720
  5.182879e-01   4.137638e-04   6.394244e-04   1.414627e-05   1056
  5.204776e-01   4.595356e-04   4.423808e-04   2.068087e-05   504
  5.222718e-01   4.465314e-04   6.907864e-04   1.660504e-05   774
  5.248377e-01   4.684384e-04   6.643538e-04   1.374806e-05   1272
  5.272477e-01   3.961364e-04   4.352563e-04   1.641897e-05   744
  5.294949e-01   4.498729e-04   7.107459e-04   1.789399e-05   768
  5.315565e-01   4.338941e-04   6.011984e-04   1.491728e-05   840
  5.338719e-01   4.186925e-04   4.075963e-04   1.546087e-05   924
  5.361013e-01   4.211386e-04   7.185914e-04   1.441791e-05   936
  5.382925e-01   4.307093e-04   4.993938e-04   1.508074e-05   840
  5.404997e-01   4.450793e-04   5.937210e-04   1.493091e-05   1008
  5.433048e-01   4.462914e-04   6.702558e-04   1.671305e-05   696
  5.450648e-01   4.719647e-04   5.957418e-04   1.755939e-05   974
  5.476797e-01   4.078831e-04   7.912144e-04   1.329974e-05   1152
  5.499531e-01   4.188435e-04   3.096043e-04   1.522917e-05   816
  5.517211e-01   4.500972e-04   6.810945e-04   1.624448e-05   816
  5.540998e-01   4.611839e-04   6.014371e-04   1.474994e-05   1152
  5.566084e-01   4.576929e-04   5.414997e-04   1.762876e-05   912
  5.588896e-01   4.554758e-04   6.579220e-04   1.453844e-05   1056
  5.608430e-01   4.743953e-04   5.626411e-04   2.009175e-05   624
  5.634695e-01   4.599127e-04   7.028126e-04   1.408769e-05   1260
  5.657364e-01   4.303400e-04   4.239067e-04   1.508419e-05   894
  5.679504e-01   4.731604e-04   7.263031e-04   1.495069e-05   1176
  5.701655e-01   4.596940e-04   6.011637e-04   1.584920e-05   840
  5.726868e-01   4.544630e-04   6.833103e-04   1.327885e-05   1440
  5.753341e-01   4.610558e-04   3.841610e-04   1.678083e-05   864
  5.773413e-01   4.597283e-04   6.592392e-04   1.534636e-05   1056
  5.793392e-01   4.565367e-04   3.886788e-04   1.979825e-05   624
  5.817656e-01   4.948021e-04   7.197659e-04   1.303509e-05   1496
  5.840858e-01   4.494614e-04   5.081804e-04   1.590566e-05   936
  5.861513e-01   5.221507e-04   7.356851e-04   1.862903e-05   966
  5.883739e-01   4.857889e-04   5.214836e-04   1.749470e-05   936
  5.907085e-01   4.675043e-04   6.450473e-04   1.399306e-05   1248
  5.930987e-01   4.490875e-04   4.547296e-04   1.502226e-05   1044
  5.953258e-01   4.616207e-04   7.043907e-04   1.279246e-05   1392
  5.970897e-01   4.780134e-04   5.425229e-04   2.201568e-05   600
  5.996130e-01   5.040163e-04   6.163631e-04   1.374449e-05   1416
  6.019788e-01   4.671810e-04   6.634396e-04   1.399673e-05   1152
  6.043762e-01   5.014354e-04   6.364662e-04   1.932168e-05   936
  6.063074e-01   4.822024e-04   6.826412e-04   1.799179e-05   870
  6.086021e-01   4.874279e-04   5.723674e-04   1.362567e-05   1368
  6.111487e-01   5.043527e-04   7.525138e-04   1.364198e-05   1632
  6.133248e-01   5.078655e-04   3.266993e-04   1.838174e-05   816
  6.156805e-01   4.796281e-04   7.453333e-04   1.366120e-05   1200
  6.177358e-01   5.116439e-04   7.126266e-04   1.585489e-05   1184
  6.198237e-01   4.966245e-04   5.408369e-04   1.747229e-05   984
  6.223854e-01   5.049940e-04   6.603065e-04   1.321963e-05   1572
  6.247077e-01   5.081988e-04   3.636422e-04   1.936874e-05   840
  6.268719e-01   5.467991e-04   8.456643e-04   1.559417e-05   1392
  6.291569e-01   5.276445e-04   6.208861e-04   1.673448e-05   1158
  6.311964e-01   5.718285e-04   5.653649e-04   1.667342e-05   1272
  6.336522e-01   5.311107e-04   5.761575e-04   1.582438e-05   1320
  6.359589e-01   5.222473e-04   5.637636e-04   1.677334e-05   1104
  6.381535e-01   5.119551e-04   6.381014e-04   1.494554e-05   1392
  6.404570e-01   5.324605e-04   6.901710e-04   1.573529e-05   1296
  6.428294e-01   5.298742e-04   7.206525e-04   1.502918e-05   1392
  6.450554e-01   5.016182e-04   5.286563e-04   1.496881e-05   1104
  6.471151e-01   5.487293e-04   6.658930e-04   1.573269e-05   1320
  6.500486e-01   5.780879e-04   5.085327e-04   1.649807e-05   1422
  6.519224e-01   5.344787e-04   6.333489e-04   1.690490e-05   1212
  6.540749e-01   5.299590e-04   6.920793e-04   1.544094e-05   1280
  6.562861e-01   5.247916e-04   7.206431e-04   1.483558e-05   1272
  6.584054e-01   5.713352e-04   6.236451e-04   1.456619e-05   1680
  6.609175e-01   5.494879e-04   5.892288e-04   1.838894e-05   1152
  6.632300e-01   5.398849e-04   6.823477e-04   1.440658e-05   1512
  6.656611e-01   5.378019e-04   2.880845e-04   2.202754e-05   912
  6.675829e-01   5.690964e-04   7.262020e-04   1.599439e-05   1680
  6.701389e-01   5.472917e-04   6.433296e-04   1.492242e-05   1518
  6.720333e-01   5.700462e-04   5.956008e-04   2.006707e-05   1056
  6.740288e-01   5.684784e-04   6.013922e-04   1.561528e-05   1344
  6.766083e-01   5.661839e-04   6.457639e-04   1.403562e-05   1680
  6.789422e-01   5.564459e-04   6.363333e-04   1.524908e-05   1656
  6.814926e-01   5.924526e-04   5.408934e-04   1.906467e-05   1140
  6.834072e-01   6.122160e-04   6.263134e-04   1.768965e-05   1368
  6.856600e-01   5.908879e-04   7.124352e-04   1.676919e-05   1656
  6.879500e-01   5.702431e-04   7.296865e-04   1.567715e-05   1448
  6.904427e-01   5.658303e-04   6.854924e-04   1.594403e-05   1422
  6.927449e-01   5.792105e-04   7.567557e-04   1.567900e-05   1512
  6.947139e-01   5.999757e-04   5.769284e-04   1.814410e-05   1296
  6.969920e-01   5.805152e-04   5.267736e-04   1.397902e-05   1824
  6.994548e-01   5.480617e-04   6.830413e-04   1.553741e-05   1464
  7.019428e-01   5.913430e-04   6.095164e-04   1.482445e-05   1824
  7.042518e-01   5.798678e-04   4.845964e-04   1.699649e-05   1416
  7.062606e-01   6.064206e-04   7.098033e-04   1.744556e-05   1392
  7.084290e-01   6.204537e-04   6.549956e-04   1.681934e-05   1464
  7.110747e-01   6.311222e-04   6.403598e-04   1.668988e-05   1524
  7.131193e-01   5.888620e-04   5.901021e-04   1.676848e-05   1686
  7.154821e-01   6.089448e-04   7.026338e-04   1.577642e-05   1800
  7.175130e-01   6.133143e-04   5.578243e-04   1.770948e-05   1344
  7.197661e-01   6.386044e-04   6.508115e-04   1.594916e-05   1656
  7.220249e-01   6.440663e-04   5.196398e-04   1.783975e-05   1488
  7.239875e-01   6.266035e-04   5.187937e-04   1.671893e-05   1536
  7.267222e-01   6.219672e-04   5.763209e-04   1.535116e-05   1760
  7.288411e-01   5.832575e-04   6.410447e-04   1.452500e-05   1824
  7.312914e-01   6.152210e-04   5.379559e-04   1.624567e-05   1560
  7.336492e-01   6.294245e-04   6.178927e-04   1.520482e-05   1926
  7.358666e-01   6.262507e-04   4.394029e-04   1.905514e-05   1272
  7.378906e-01   6.445609e-04   7.384162e-04   1.654767e-05   1848
  7.405510e-01   6.341953e-04   5.965768e-04   1.527044e-05   1908
  7.425745e-01   6.196780e-04   5.818819e-04   1.649809e-05   1488
  7.447096e-01   6.171112e-04   6.562377e-04   1.672919e-05   1800
  7.470243e-01   6.252457e-04   6.568847e-04   1.577304e-05   1752
  7.492414e-01   6.078217e-04   6.984920e-04   1.848021e-05   1368
  7.514602e-01   6.109048e-04   6.564483e-04   1.433263e-05   2016
  7.539004e-01   6.549413e-04   6.933707e-04   1.750155e-05   1542
  7.561525e-01   6.344748e-04   6.789973e-04   1.436174e-05   2184
  7.586454e-01   6.330339e-04   6.211285e-04   1.670577e-05   1776
  7.607988e-01   6.696090e-04   7.100437e-04   1.983944e-05   1568
  7.628515e-01   6.866295e-04   6.487045e-04   1.702341e-05   2040
  7.650850e-01   6.460077e-04   6.935230e-04   1.603165e-05   1704
  7.674230e-01   6.813935e-04   6.952063e-04   1.905370e-05   1512
  7.696275e-01   6.523814e-04   5.930129e-04   1.528244e-05   2028
  7.721043e-01   6.890740e-04   7.153259e-04   1.661910e-05   1968
  7.743688e-01   6.794309e-04   7.255913e-04   1.626725e-05   1854
  7.765848e-01   6.513115e-04   6.917118e-04   1.801218e-05   1632
  7.788558e-01   6.433881e-04   7.107933e-04   1.402545e-05   2424
  7.812097e-01   6.914683e-04   7.115326e-04   1.790004e-05   1560
  7.831996e-01   7.087163e-04   6.723975e-04   1.925145e-05   1728
  7.856040e-01   6.513451e-04   7.177534e-04   1.514905e-05   2088
  7.880242e-01   7.387433e-04   6.832244e-04   1.755377e-05   1968
  7.902505e-01   7.172572e-04   6.764578e-04   1.601680e-05   2256
  7.924830e-01   7.139797e-04   6.014459e-04   1.818988e-05   1728
  7.948136e-01   7.397755e-04   5.928973e-04   1.964930e-05   1416
  7.968783e-01   7.108470e-04   6.250326e-04   1.729479e-05   2246
  7.992159e-01   6.835190e-04   6.922167e-04   1.527314e-05   2148
  8.014525e-01   6.770776e-04   5.847178e-04   1.797182e-05   1680
  8.035576e-01   6.962511e-04   7.392056e-04   1.526855e-05   2280
  8.060878e-01   7.171979e-04   6.883635e-04   1.574812e-05   2352
  8.084511e-01   6.960205e-04   5.783971e-04   1.790484e-05   1632
  8.103208e-01   7.071591e-04   6.618399e-04   1.674865e-05   1968
  8.128865e-01   7.039112e-04   6.790480e-04   1.585664e-05   2112
  8.152656e-01   6.919572e-04   5.100848e-04   1.579233e-05   2208
  8.175775e-01   7.133217e-04   5.143188e-04   1.757297e-05   1974
  8.194021e-01   7.302562e-04   5.031436e-04   1.733612e-05   1944
  8.218672e-01   7.168471e-04   5.692492e-04   1.545985e-05   2160
  8.240037e-01   7.177219e-04   5.323764e-04   1.650932e-05   2040
  8.263126e-01   7.666957e-04   7.448068e-04   1.648305e-05   2352
  8.286808e-01   7.364149e-04   6.187553e-04   1.790485e-05   1836
  8.308423e-01   7.305175e-04   6.600592e-04   1.635475e-05   2352
  8.332691e-01   7.966934e-04   6.923127e-04   1.834732e-05   2008
  8.354937e-01   7.600867e-04   6.810680e-04   1.666948e-05   2464
  8.379744e-01   7.294953e-04   5.493112e-04   1.579083e-05   2118
  8.400090e-01   7.889616e-04   5.521955e-04   1.948241e-05   1848
  8.421033e-01   7.270952e-04   7.307351e-04   1.668732e-05   2280
  8.446329e-01   7.808644e-04   6.951038e-04   1.655280e-05   2472
  8.469967e-01   7.994537e-04   4.645166e-04   1.677781e-05   2280
  8.489811e-01   8.053986e-04   5.677933e-04   2.027282e-05   1992
  8.511210e-01   7.487512e-04   5.969256e-04   1.749679e-05   2184
  8.535886e-01   7.802958e-04   7.200986e-04   1.649910e-05   2352
  8.559663e-01   7.714600e-04   7.588552e-04   1.717672e-05   2496
  8.582947e-01   7.554141e-04   7.087796e-04   1.898146e-05   1770
  8.603830e-01   7.515997e-04   6.115648e-04   1.635790e-05   2568
  8.628933e-01   8.123250e-04   7.501093e-04   1.681420e-05   2712
  8.651754e-01   7.762709e-04   5.956950e-04   1.718693e-05   2448
  8.674542e-01   7.675888e-04   5.021405e-04   1.801030e-05   2064
  8.693444e-01   7.976139e-04   5.300205e-04   1.968576e-05   1944
  8.717953e-01   7.714908e-04   6.547701e-04   1.737428e-05   2480
  8.742957e-01   7.952372e-04   7.112724e-04   1.545666e-05   2880
  8.765104e-01   7.991565e-04   6.822977e-04   1.645235e-05   2304
  8.788236e-01   7.825885e-04   6.268629e-04   1.937548e-05   1806
  8.808748e-01   8.262533e-04   6.147614e-04   1.611729e-05   2856
  8.834451e-01   7.998889e-04   5.895746e-04   1.672964e-05   2568
  8.854012e-01   8.415100e-04   5.915069e-04   1.878021e-05   2112
  8.875301e-01   8.194662e-04   5.697255e-04   1.926595e-05   2028
  8.898140e-01   7.892467e-04   6.743872e-04   1.561012e-05   2712
  8.921331e-01   8.111259e-04   7.265457e-04   1.479557e-05   2952
  8.946255e-01   8.628620e-04   5.613799e-04   2.019236e-05   2112
  8.966404e-01   8.378820e-04   6.579085e-04   1.745965e-05   2520
  8.990607e-01   8.196070e-04   6.345659e-04   1.777904e-05   2376
  9.012651e-01   8.179482e-04   5.086891e-04   1.676130e-05   2526
  9.035533e-01   8.725763e-04   6.330501e-04   1.879300e-05   2664
  9.058189e-01   8.430908e-04   7.550482e-04   1.852101e-05   2408
  9.079905e-01   8.299841e-04   6.048230e-04   1.721723e-05   2568
  9.102053e-01   8.890030e-04   5.702395e-04   1.713730e-05   2904
  9.126081e-01   7.966995e-04   6.398249e-04   1.715241e-05   2544
  9.148908e-01   8.770367e-04   4.712750e-04   2.034162e-05   2160
  9.170447e-01   8.300563e-04   8.147803e-04   1.653917e-05   2652
  9.194241e-01   8.750432e-04   6.451383e-04   1.754249e-05   2784
  9.217138e-01   8.233345e-04   6.370928e-04   1.642989e-05   2694
  9.240862e-01   8.847709e-04   5.725683e-04   1.630958e-05   2952
  9.261476e-01   8.816738e-04   5.423264e-04   2.111088e-05   2208
  9.282476e-01   8.895881e-04   5.780130e-04   1.899807e-05   2304
  9.305917e-01   8.753602e-04   7.516421e-04   1.530661e-05   3504
  9.333254e-01   8.752165e-04   6.086313e-04   1.858232e-05   2616
  9.354576e-01   8.905144e-04   5.945836e-04   1.749933e-05   2664
  9.375115e-01   8.910298e-04   5.524202e-04   1.913795e-05   2448
  9.395811e-01   9.077208e-04   7.693393e-04   1.917077e-05   2472
  9.420159e-01   9.039496e-04   6.116685e-04   1.685781e-05   3134
  9.443076e-01   8.876173e-04   6.689856e-04   1.857724e-05   2616
  9.465957e-01   9.229835e-04   5.419043e-04   1.938678e-05   2712
  9.489495e-01   9.179636e-04   6.214858e-04   1.758105e-05   3204
  9.511992e-01   8.916456e-04   7.157649e-04   1.696403e-05   2760
  9.533358e-01   9.142388e-04   6.244935e-04   1.884852e-05   2688
  9.556920e-01   9.226916e-04   5.904565e-04   1.845504e-05   2760
  9.577755e-01   9.462045e-04   4.875494e-04   1.941786e-05   2568
  9.601748e-01   9.208740e-04   7.571402e-04   1.665798e-05   3336
  9.624777e-01   9.133650e-04   6.408360e-04   2.050819e-05   2334
  9.648031e-01   9.246964e-04   7.091541e-04   1.774949e-05   3264
  9.669763e-01   9.005998e-04   5.156092e-04   1.762677e-05   2760
  9.692050e-01   9.566261e-04   6.227098e-04   1.731364e-05   3192
  9.714742e-01   9.505170e-04   6.465060e-04   1.811659e-05   2904
  9.738877e-01   9.588567e-04   6.486793e-04   1.953962e-05   2784
  9.759079e-01   9.313729e-04   5.338750e-04   2.012470e-05   2592
  9.782060e-01   9.250544e-04   7.277479e-04   1.647191e-05   3284
  9.806483e-01   9.722798e-04   7.309895e-04   1.805374e-05   3168
  9.828333e-01   9.300226e-04   6.031187e-04   1.883657e-05   2616
  9.851303e-01   9.406467e-04   5.827617e-04   1.728227e-05   3222
  9.873647e-01   9.209244e-04   6.538767e-04   1.676803e-05   3240
  9.895286e-01   9.973829e-04   6.615016e-04   2.195524e-05   2568
  9.919886e-01   9.900368e-04   6.069602e-04   1.892185e-05   3120
  9.940455e-01   9.586942e-04   6.672634e-04   1.772614e-05   3168
  9.962577e-01   9.610596e-04   5.841384e-04   1.754017e-05   3240
  9.986777e-01   9.898487e-04   5.993115e-04   1.826637e-05   3144
  1.001029e+00   1.009566e-03   5.712483e-04   2.056852e-05   2856
  1.003251e+00   9.786556e-04   6.101161e-04   1.818634e-05   3264
  1.005765e+00   1.008683e-03   6.741509e-04   1.811745e-05   3318
  1.007744e+00   9.669990e-04   4.721373e-04   2.031783e-05   2556
  1.010103e+00   9.647100e-04   8.064977e-04   1.586511e-05   4008
  1.012491e+00   9.765356e-04   5.953361e-04   1.898854e-05   2904
  1.014533e+00   9.854142e-04   6.087521e-04   1.818366e-05   3144
  1.016859e+00   9.842362e-04   6.346301e-04   1.788845e-05   3200
  1.019265e+00   1.010259e-03   6.258990e-04   1.831105e-05   3312
  1.021423e+00   1.020403e-03   5.044467e-04   1.903702e-05   2832
  1.023831e+00   1.058600e-03   7.259305e-04   1.701393e-05   3984
  1.026068e+00   1.030391e-03   5.901471e-04   2.138481e-05   2238
  1.028109e+00   1.025075e-03   6.945017e-04   1.761191e-05   3984
  1.030643e+00   1.028666e-03   6.599835e-04   1.905289e-05   3384
  1.032747e+00   1.102338e-03   6.169063e-04   2.148696e-05   3048
  1.034944e+00   1.054491e-03   5.664403e-04   1.938878e-05   3096
  1.037239e+00   1.072129e-03   6.420432e-04   1.875433e-05   3708
  1.039521e+00   1.026506e-03   6.085698e-04   1.963219e-05   2784
  1.041641e+00   1.064145e-03   6.321163e-04   1.823755e-05   3648
  1.044048e+00   1.084716e-03   6.505839e-04   1.842849e-05   3888
  1.046611e+00   1.029186e-03   6.945175e-04   2.020428e-05   2958
  1.048524e+00   1.056872e-03   5.928352e-04   1.954887e-05   3264
  1.050829e+00   1.049705e-03   6.544732e-04   1.951851e-05   3160
  1.053007e+00   1.100730e-03   5.931406e-04   1.886669e-05   3736
  1.055072e+00   1.065278e-03   5.404899e-04   2.040824e-05   3216
  1.057506e+00   1.066909e-03   6.623413e-04   1.772628e-05   4032
  1.060045e+00   1.112942e-03   6.047056e-04   2.071434e-05   3528
  1.062210e+00   1.063671e-03   5.337823e-04   1.894875e-05   3192
  1.064375e+00   1.127552e-03   5.845867e-04   1.980613e-05   3456
  1.066722e+00   1.078375e-03   6.061547e-04   2.001619e-05   3060
  1.069076e+00   1.064670e-03   7.207877e-04   1.613032e-05   4518
  1.071369e+00   1.116083e-03   6.421285e-04   1.932760e-05   3528
  1.073476e+00   1.104027e-03   5.392758e-04   2.112849e-05   3024
  1.075724e+00   1.110485e-03   7.301579e-04   1.900853e-05   3672
  1.078013e+00   1.156926e-03   6.266971e-04   1.914339e-05   3864
  1.080554e+00   1.146366e-03   6.642905e-04   1.946086e-05   3816
  1.082633e+00   1.168646e-03   6.043575e-04   2.089213e-05   3456
  1.084626e+00   1.167166e-03   5.470805e-04   2.379020e-05   2688
  1.086974e+00   1.152700e-03   6.491006e-04   1.897319e-05   4248
  1.089302e+00   1.132720e-03   6.217140e-04   1.906177e-05   3926
  1.091640e+00   1.150070e-03   6.564232e-04   1.925089e-05   3504
  1.093898e+00   1.116192e-03   5.868522e-04   1.921873e-05   3960
  1.096392e+00   1.122259e-03   6.606587e-04   1.932573e-05   3684
  1.098531e+00   1.098532e-03   6.606145e-04   1.786694e-05   4104
  1.100669e+00   1.208215e-03   6.265564e-04   2.316983e-05   3144
  1.102966e+00   1.165954e-03   6.862951e-04   1.888698e-05   4224
  1.105491e+00   1.183164e-03   6.091464e-04   1.990069e-05   4008
  1.107648e+00   1.179916e-03   6.701575e-04   2.146307e-05   3312
  1.109870e+00   1.141290e-03   6.665481e-04   1.965634e-05   3726
  1.112233e+00   1.129577e-03   6.846267e-04   1.830079e-05   3936
  1.114331e+00   1.197826e-03   7.057155e-04   2.006272e-05   3888
  1.116508e+00   1.196511e-03   6.673215e-04   2.088079e-05   3864
  1.118774e+00   1.208426e-03   7.094190e-04   2.076033e-05   3888
  1.121107e+00   1.194026e-03   6.690914e-04   1.993811e-05   4080
  1.123411e+00   1.135969e-03   7.101095e-04   2.099408e-05   3400
  1.125761e+00   1.189014e-03   6.512421e-04   1.840465e-05   4588
  1.128138e+00   1.247005e-03   6.445952e-04   2.138465e-05   3816
  1.130214e+00   1.276581e-03   6.108080e-04   2.230086e-05   3534
  1.132413e+00   1.234990e-03   6.033151e-04   2.057606e-05   4080
  1.134713e+00   1.235515e-03   6.306352e-04   1.953248e-05   4248
  1.137023e+00   1.212732e-03   6.354887e-04   2.118189e-05   3528
  1.139154e+00   1.246940e-03   6.497004e-04   2.057472e-05   4248
  1.141309e+00   1.245159e-03   6.354722e-04   2.140099e-05   3696
  1.143708e+00   1.203702e-03   6.593917e-04   1.857563e-05   4560
  1.145983e+00   1.223031e-03   6.176310e-04   2.027558e-05   3864
  1.148320e+00   1.238120e-03   6.725055e-04   1.949008e-05   4440
  1.150534e+00   1.275727e-03   6.274634e-04   2.298801e-05   3432
  1.152861e+00   1.264786e-03   6.152410e-04   1.991712e-05   4470
  1.155151e+00   1.266673e-03   5.467449e-04   2.111392e-05   4188
  1.157401e+00   1.301793e-03   7.004569e-04   2.058772e-05   4392
  1.159635e+00   1.324585e-03   5.418700e-04   2.157569e-05   3960
  1.161959e+00   1.342783e-03   6.121554e-04   2.087622e-05   4328
  1.164211e+00   1.361920e-03   6.370723e-04   2.230470e-05   4320
  1.166486e+00   1.319865e-03   6.661793e-04   2.094242e-05   4152
  1.168596e+00   1.343405e-03   5.572690e-04   2.354054e-05   3528
  1.170982e+00   1.348956e-03   6.031585e-04   1.989089e-05   4512
  1.173214e+00   1.340237e-03   6.165765e-04   2.186023e-05   4134
  1.175481e+00   1.287095e-03   6.568607e-04   1.818371e-05   5208
  1.177662e+00   1.347348e-03   5.722860e-04   2.402970e-05   3240
  1.179918e+00   1.322050e-03   6.312053e-04   2.036760e-05   4680
  1.182214e+00   1.311320e-03   6.249444e-04   2.027512e-05   4440
  1.184513e+00   1.397642e-03   7.081635e-04   2.236787e-05   4260
  1.186718e+00   1.329806e-03   5.781470e-04   2.259169e-05   4056
  1.188989e+00   1.311333e-03   6.409771e-04   2.025723e-05   4704
  1.191372e+00   1.348771e-03   7.458862e-04   2.090491e-05   4800
  1.193891e+00   1.346709e-03   6.462529e-04   2.022903e-05   4806
  1.196068e+00   1.357404e-03   6.442113e-04   2.347021e-05   3552
  1.198142e+00   1.348839e-03   6.459388e-04   2.040491e-05   4304
  1.200483e+00   1.401867e-03   6.264146e-04   2.015660e-05   5280
  1.202798e+00   1.408183e-03   6.009387e-04   2.206288e-05   4320
  1.204989e+00   1.389506e-03   6.786173e-04   2.181577e-05   4296
  1.207300e+00   1.442750e-03   7.544534e-04   2.134874e-05   4608
  1.209637e+00   1.458468e-03   7.228069e-04   2.184079e-05   4824
  1.211951e+00   1.388123e-03   6.823810e-04   2.300187e-05   4488
  1.214433e+00   1.413265e-03   6.370760e-04   2.233036e-05   4530
  1.216483e+00   1.432115e-03   6.220521e-04   2.201396e-05   4464
  1.218535e+00   1.415729e-03   5.862380e-04   2.326763e-05   4104
  1.220890e+00   1.446888e-03   6.320870e-04   2.057161e-05   5424
  1.223206e+00   1.430007e-03   6.804030e-04   2.199825e-05   4392
  1.225564e+00   1.427880e-03   6.661420e-04   2.078546e-05   4896
  1.227705e+00   1.444227e-03   6.529553e-04   2.283784e-05   4104
  1.229939e+00   1.478386e-03   5.887935e-04   2.134922e-05   4824
  1.232296e+00   1.491470e-03   5.627487e-04   2.189758e-05   4680
  1.234349e+00   1.492841e-03   5.755688e-04   2.399626e-05   4328
  1.236733e+00   1.485213e-03   6.634818e-04   2.208226e-05   5118
  1.239128e+00   1.464031e-03   7.686860e-04   2.091645e-05   5304
  1.241289e+00   1.530996e-03   6.053044e-04   2.447993e-05   4392
  1.243644e+00   1.499053e-03   6.075366e-04   2.348015e-05   4476
  1.245703e+00   1.433203e-03   6.033560e-04   2.158708e-05   4704
  1.247995e+00   1.475246e-03   7.302904e-04   2.124312e-05   5208
  1.250403e+00   1.489930e-03   6.157571e-04   2.144155e-05   5304
  1.252622e+00   1.500569e-03   6.595615e-04   2.298909e-05   4296
  1.254897e+00   1.525056e-03   6.254347e-04   2.336588e-05   4752
  1.257288e+00   1.593219e-03   6.278344e-04   2.358781e-05   4950
  1.259437e+00   1.523636e-03   6.562557e-04   2.213164e-05   5064
  1.261586e+00   1.530687e-03   5.498571e-04   2.205495e-05   4872
  1.263760e+00   1.525374e-03   5.788489e-04   2.417178e-05   4224
  1.266080e+00   1.551515e-03   6.394112e-04   2.035591e-05   6120
  1.268550e+00   1.505559e-03   7.034337e-04   2.076623e-05   4968
  1.270790e+00   1.579368e-03   6.224776e-04   2.363021e-05   4424
  1.273108e+00   1.557113e-03   7.950831e-04   2.177376e-05   5436
  1.275397e+00   1.605063e-03   6.778782e-04   2.381358e-05   4896
  1.277610e+00   1.555316e-03   6.489941e-04   2.208030e-05   5214
  1.279744e+00   1.589095e-03   5.516791e-04   2.382326e-05   4656
  1.282114e+00   1.586774e-03   7.014151e-04   2.187684e-05   5448
  1.284379e+00   1.664440e-03   5.923968e-04   2.486558e-05   4992
  1.286597e+00   1.573466e-03   6.556191e-04   2.242656e-05   5400
  1.289035e+00   1.615378e-03   7.266288e-04   2.328579e-05   5328
  1.291282e+00   1.645073e-03   6.497394e-04   2.451590e-05   4776
  1.293395e+00   1.609421e-03   6.105378e-04   2.333504e-05   4800
  1.295743e+00   1.674650e-03   7.851202e-04   2.144839e-05   6552
  1.298200e+00   1.733552e-03   5.931475e-04   2.828378e-05   3942
  1.300329e+00   1.617573e-03   7.475951e-04   2.124663e-05   6072
  1.302686e+00   1.596445e-03   5.806099e-04   2.440556e-05   4692
  1.304662e+00   1.591444e-03   6.061475e-04   2.277665e-05   4944
  1.306977e+00   1.669088e-03   6.505830e-04   2.282937e-05   5840
  1.309354e+00   1.715819e-03   6.964222e-04   2.301967e-05   5712
  1.311694e+00   1.700817e-03   5.836467e-04   2.505793e-05   4800
  1.313829e+00   1.720458e-03   7.729539e-04   2.355337e-05   5688
  1.316167e+00   1.785858e-03   6.098445e-04   2.669296e-05   4848
  1.318485e+00   1.425656e-03   6.787932e-04   2.392280e-05   5406
  1.320684e+00   3.799344e-06   6.127208e-04   7.327640e-08   5568
  1.322892e+00   3.858371e-06   5.507950e-04   7.139942e-08   5736
  1.325279e+00   3.805311e-06   6.840520e-04   7.874287e-08   5280
  1.327445e+00   3.831478e-06   6.324560e-04   7.346614e-08   5592
  1.329674e+00   3.560596e-06   7.239946e-04   7.544836e-08   4968
  1.332031e+00   3.213507e-06   6.491579e-04   6.266104e-08   5964
  1.334330e+00   3.289676e-06   6.521745e-04   6.737929e-08   5376
  1.336419e+00   3.473516e-06   6.297147e-04   6.751764e-08   5472
  1.338842e+00   2.953829e-06   5.980480e-04   5.685189e-08   5472
  1.341057e+00   3.073419e-06   6.799610e-04   6.150347e-08   5415
  1.343203e+00   3.091527e-06   5.981080e-04   6.388212e-08   5096
  1.345525e+00   2.957451e-06   7.691519e-04   5.390564e-08   6372
  1.347874e+00   3.194190e-06   6.243627e-04   7.012600e-08   4656
  1.349980e+00   2.855917e-06   6.816041e-04   5.458078e-08   5844
  1.352245e+00   2.727969e-06   5.992883e-04   5.426224e-08   5508
  1.354646e+00   2.829518e-06   6.798415e-04   5.356618e-08   6324
  1.357001e+00   2.867116e-06   5.839847e-04   5.866257e-08   4752
  1.359155e+00   2.487940e-06   6.538193e-04   4.872160e-08   5676
  1.361485e+00   2.533930e-06   5.981192e-04   4.991560e-08   5472
  1.363697e+00   2.647800e-06   6.746616e-04   5.001335e-08   5556
  1.366074e+00   2.524780e-06   6.574448e-04   4.825740e-08   5436
  1.368368e+00   2.562036e-06   6.729406e-04   4.714541e-08   5916
  1.370723e+00   2.447188e-06   7.001544e-04   4.560527e-08   5520
  1.372844e+00   2.384236e-06   6.367575e-04   4.604972e-08   5280
  1.375017e+00   2.435075e-06   6.256714e-04   5.046407e-08   4416
  1.377469e+00   2.312511e-06   6.098767e-04   3.979119e-08   6260
  1.379772e+00   2.408721e-06   7.252179e-04   4.281867e-08   5940
  1.381859e+00   2.357107e-06   5.679641e-04   5.033942e-08   4188
  1.384155e+00   2.485519e-06   7.261902e-04   4.264067e-08   6360
  1.386570e+00   2.243742e-06   6.477311e-04   4.257598e-08   5256
  1.388813e+00   2.223426e-06   6.123193e-04   4.421126e-08   4848
  1.390735e+00   2.133870e-06   5.550994e-04   4.172863e-08   4704
  1.393101e+00   2.279935e-06   6.809624e-04   4.065052e-08   5784
  1.395508e+00   2.133240e-06   7.205370e-04   3.700626e-08   5820
  1.397831e+00   2.247227e-06   6.454468e-04   3.924795e-08   5700
  1.400168e+00   2.235463e-06   5.985627e-04   4.138815e-08   5232
  1.402509e+00   2.175408e-06   6.641567e-04   4.024141e-08   4932
  1.404581e+00   2.147259e-06   5.716653e-04   4.188070e-08   4716
  1.406760e+00   2.104182e-06   7.281784e-04   3.720766e-08   5616
  1.409001e+00   2.165831e-06   6.430884e-04   4.112532e-08   5184
  1.411312e+00   2.116588e-06   6.487183e-04   3.891253e-08   5064
  1.413492e+00   2.128220e-06   6.642563e-04   3.586247e-08   5544
  1.415910e+00   1.995908e-06   6.668012e-04   3.430324e-08   5192
  1.418110e+00   2.072785e-06   5.992248e-04   3.563700e-08   5244
  1.420423e+00   1.978001e-06   6.483680e-04   3.379100e-08   5112
  1.422723e+00   2.050510e-06   5.950048e-04   3.562812e-08   5040
  1.424833e+00   2.139196e-06   6.255382e-04   3.701746e-08   5124
  1.427297e+00   2.014734e-06   7.022507e-04   3.435620e-08   5952
  1.429572e+00   2.102217e-06   6.153143e-04   3.714203e-08   4824
  1.431634e+00   1.926560e-06   6.210828e-04   3.582385e-08   4536
  1.434022e+00   2.005468e-06   6.601543e-04   3.281911e-08   5712
  1.436473e+00   1.986026e-06   7.223889e-04   3.471806e-08   5352
  1.438786e+00   2.012104e-06   6.292274e-04   3.425563e-08   5004
  1.440852e+00   2.063135e-06   6.293987e-04   3.640602e-08   4800
  1.443072e+00   2.028169e-06   6.763745e-04   3.345196e-08   5148
  1.445531e+00   1.965671e-06   7.025026e-04   3.116974e-08   5664
  1.447754e+00   2.040172e-06   6.309490e-04   3.892194e-08   4692
  1.449807e+00   1.941316e-06   5.861595e-04   3.634652e-08   4008
  1.452202e+00   2.023160e-06   6.718655e-04   3.079029e-08   5852
  1.454636e+00   1.893808e-06   6.361940e-04   3.174108e-08   5784
  1.456799e+00   2.033910e-06   5.864602e-04   3.727339e-08   4392
  1.459025e+00   2.005046e-06   5.752613e-04   3.464770e-08   4944
  1.461361e+00   1.948644e-06   6.782235e-04   3.250647e-08   4776
  1.463565e+00   1.956515e-06   6.524880e-04   3.189279e-08   5244
  1.465957e+00   1.986202e-06   6.513370e-04   3.471806e-08   4884
  1.467963e+00   2.037847e-06   5.523843e-04   3.824660e-08   4488
  1.470297e+00   2.039250e-06   6.563784e-04   3.232385e-08   5160
  1.472646e+00   1.945161e-06   6.682849e-04   3.210079e-08   5316
  1.474910e+00   1.987501e-06   6.756827e-04   3.302620e-08   4896
  1.477116e+00   1.884723e-06   6.278274e-04   3.469526e-08   4188
  1.479340e+00   1.933192e-06   6.847897e-04   3.133300e-08   4836
  1.481611e+00   2.039403e-06   6.793174e-04   3.332222e-08   5316
  1.483910e+00   1.985691e-06   6.287906e-04   3.176710e-08   4920
  1.486061e+00   1.961041e-06   6.334593e-04   3.822152e-08   4128
  1.488369e+00   2.031516e-06   6.814549e-04   3.129680e-08   5348
  1.490640e+00   1.850916e-06   5.912978e-04   3.106881e-08   4836
  1.492809e+00   1.922015e-06   6.371426e-04   3.304540e-08   4392
  1.495145e+00   1.972253e-06   5.597818e-04   3.290135e-08   4632
  1.497248e+00   1.990682e-06   6.254671e-04   3.407026e-08   4596
  1.499663e+00   2.015880e-06   6.289938e-04   3.078827e-08   5424
  1.502052e+00   1.943570e-06   6.474357e-04   2.998313e-08   5256
  1.504514e+00   1.923409e-06   6.575482e-04   3.312138e-08   4524
  1.506563e+00   1.958925e-06   6.254582e-04   3.418806e-08   4440
  1.508859e+00   1.970662e-06   5.348471e-04   3.434454e-08   4380
  1.511106e+00   2.030861e-06   6.999393e-04   3.369307e-08   4812
  1.513498e+00   1.969057e-06   6.952052e-04   3.062207e-08   5376
  1.515685e+00   2.016048e-06   5.552831e-04   3.632656e-08   3888
  1.517780e+00   1.916840e-06   6.358633e-04   3.089057e-08   4896
  1.520118e+00   1.884594e-06   6.709399e-04   3.216983e-08   4608
  1.522572e+00   1.913135e-06   6.333259e-04   3.282844e-08   4448
  1.524708e+00   1.977148e-06   6.537653e-04   3.212555e-08   4752
  1.526960e+00   1.943980e-06   6.847783e-04   3.410909e-08   4356
  1.529327e+00   1.983244e-06   6.589717e-04   3.154816e-08   5232
  1.531681e+00   1.996000e-06   6.640783e-04   3.567265e-08   4548
  1.533963e+00   1.936000e-06   6.455681e-04   3.200739e-08   4608
  1.536190e+00   1.990301e-06   5.864465e-04   3.568200e-08   3936
  1.538294e+00   1.997106e-06   7.009742e-04   3.380750e-08   4260
  1.540657e+00   1.961955e-06   6.284335e-04   3.044641e-08   5004
  1.542818e+00   2.005444e-06   6.209986e-04   3.645613e-08   4224
  1.545187e+00   2.043460e-06   6.709252e-04   3.479199e-08   4788
  1.547488e+00   2.011320e-06   7.055928e-04   3.636289e-08   4428
  1.549731e+00   2.037386e-06   5.896178e-04   3.608215e-08   4080
  1.551889e+00   1.988472e-06   6.446933e-04   3.344061e-08   4632
  1.554162e+00   2.016352e-06   6.704318e-04   3.692397e-08   4056
  1.556551e+00   2.052848e-06   6.312232e-04   3.382446e-08   4536
  1.558734e+00   1.993000e-06   6.438062e-04   3.288526e-08   4668
  1.561124e+00   2.060564e-06   6.900454e-04   3.334819e-08   4604
  1.563452e+00   2.070885e-06   6.200124e-04   3.621587e-08   4152
  1.565601e+00   1.955035e-06   6.008904e-04   3.541834e-08   4224
  1.567878e+00   1.983933e-06   5.777113e-04   3.478633e-08   4152
  1.570154e+00   2.033321e-06   6.553147e-04   3.604641e-08   4224
  1.572366e+00   1.978226e-06   6.060338e-04   3.513942e-08   3960
  1.574497e+00   2.075257e-06   6.253886e-04   3.492478e-08   4656
  1.576825e+00   2.078022e-06   6.747817e-04   3.446323e-08   4452
  1.579212e+00   1.997880e-06   6.860268e-04   3.538594e-08   4056
  1.581433e+00   2.011370e-06   6.797692e-04   3.639766e-08   4212
  1.583683e+00   2.176496e-06   5.649167e-04   4.240850e-08   3432
  1.585963e+00   2.042501e-06   7.226932e-04   3.159127e-08   5352
  1.588191e+00   2.038348e-06   5.292864e-04   4.045350e-08   3600
  1.590617e+00   2.024620e-06   5.838124e-04   3.363206e-08   4584
  1.592736e+00   2.067007e-06   5.820933e-04   3.939096e-08   3768
  1.594917e+00   2.036029e-06   6.213932e-04   3.832637e-08   3848
  1.597095e+00   2.007333e-06   5.697468e-04   3.806732e-08   3720
  1.599565e+00   1.990240e-06   7.151164e-04   3.224432e-08   4764
  1.601745e+00   2.129286e-06   5.758673e-04   3.824114e-08   3864
  1.603984e+00   2.113360e-06   7.132810e-04   3.603041e-08   4332
  1.606426e+00   2.171812e-06   6.089705e-04   3.832397e-08   3792
  1.608608e+00   1.990950e-06   6.907531e-04   3.497919e-08   4284
  1.610921e+00   2.067586e-06   6.540669e-04   3.961601e-08   3840
  1.613110e+00   1.937988e-06   6.225862e-04   3.638473e-08   3480
  1.615333e+00   2.135332e-06   6.946864e-04   3.849902e-08   4380
  1.617735e+00   2.144405e-06   6.525362e-04   3.949516e-08   4200
  1.620096e+00   2.056541e-06   6.272066e-04   3.665331e-08   4056
  1.622289e+00   1.994153e-06   6.303678e-04   3.734506e-08   3600
  1.624343e+00   2.077964e-06   6.280626e-04   4.146693e-08   3492
  1.626743e+00   2.005750e-06   7.334351e-04   3.531497e-08   4500
  1.629192e+00   2.149990e-06   6.425883e-04   4.134150e-08   3516
  1.631297e+00   2.135575e-06   6.717665e-04   4.062661e-08   3968
  1.633655e+00   2.196163e-06   6.456258e-04   4.272165e-08   3648
  1.635744e+00   2.055236e-06   6.173965e-04   3.552264e-08   4224
  1.638111e+00   2.107512e-06   6.929719e-04   4.267066e-08   3588
  1.640332e+00   2.157080e-06   6.391856e-04   4.291377e-08   3456
  1.642567e+00   2.027857e-06   5.676759e-04   4.297273e-08   3660
  1.644876e+00   2.080443e-06   6.230907e-04   3.860409e-08   3768
  1.647029e+00   2.157354e-06   6.301286e-04   4.257160e-08   3744
  1.649341e+00   2.088994e-06   6.916696e-04   3.793053e-08   4176
  1.651800e+00   2.157748e-06   6.379894e-04   4.229350e-08   3612
  1.653833e+00   2.024615e-06   6.933185e-04   4.313837e-08   3216
  1.656159e+00   2.088923e-06   6.703208e-04   4.047350e-08   3624
  1.658498e+00   2.038080e-06   6.303220e-04   4.011300e-08   3744
  1.660759e+00   2.182520e-06   6.725486e-04   4.347976e-08   3672
  1.662989e+00   2.100579e-06   6.098849e-04   4.007353e-08   3852
  1.665292e+00   2.088437e-06   6.277119e-04   4.256909e-08   3672
  1.667741e+00   2.127158e-06   6.116013e-04   4.414226e-08   3248
  1.669787e+00   1.976521e-06   6.260172e-04   4.032864e-08   3336
  1.672020e+00   2.167869e-06   6.372295e-04   4.149714e-08   3576
  1.674304e+00   2.139083e-06   5.409505e-04   4.651726e-08   3336
  1.676630e+00   2.140257e-06   6.425544e-04   4.243586e-08   3936
  1.678925e+00   2.174716e-06   6.843385e-04   4.527982e-08   3408
  1.681202e+00   2.092854e-06   6.029132e-04   4.369811e-08   3336
  1.683414e+00   2.011479e-06   6.772095e-04   4.356152e-08   3312
  1.685625e+00   2.107992e-06   6.856822e-04   4.348685e-08   3432
  1.687981e+00   2.177970e-06   5.944590e-04   4.825134e-08   3144
  1.690129e+00   2.287080e-06   6.453444e-04   4.775137e-08   3456
  1.692547e+00   2.199294e-06   6.202499e-04   4.409438e-08   3792
  1.694732e+00   2.138704e-06   6.092595e-04   5.003736e-08   2868
  1.697092e+00   2.164634e-06   6.311905e-04   4.473715e-08   3888
  1.699297e+00   2.163010e-06   5.480698e-04   5.172047e-08   2784
  1.701468e+00   2.154521e-06   6.259113e-04   4.828871e-08   2964
  1.703840e+00   2.315520e-06   6.445658e-04   5.160123e-08   3432
  1.706098e+00   2.129615e-06   6.671905e-04   4.558249e-08   3416
  1.708382e+00   2.188413e-06   7.131683e-04   4.648557e-08   3528
  1.710721e+00   2.325453e-06   5.723683e-04   5.241945e-08   2904
  1.712789e+00   2.136811e-06   6.417927e-04   4.875756e-08   3072
  1.715194e+00   2.066717e-06   7.208068e-04   4.480099e-08   3216
  1.717599e+00   2.116504e-06   5.837770e-04   5.156335e-08   2844
  1.719710e+00   2.141472e-06   6.680256e-04   4.588504e-08   3432
  1.721877e+00   2.345102e-06   5.369347e-04   5.659705e-08   2880
  1.724298e+00   2.234698e-06   7.112468e-04   5.075963e-08   3576
  1.726579e+00   2.164519e-06   6.357550e-04   5.253128e-08   2700
  1.728763e+00   2.035505e-06   7.141105e-04   4.678166e-08   3000
  1.731050e+00   2.091098e-06   5.929245e-04   5.268715e-08   2556
  1.733270e+00   2.297535e-06   6.354971e-04   5.071035e-08   3360
  1.735566e+00   2.412796e-06   6.174865e-04   5.851274e-08   3120
  1.738040e+00   2.271699e-06   7.269774e-04   5.104433e-08   3216
  1.740170e+00   2.378776e-06   5.127173e-04   6.294044e-08   2628
  1.742564e+00   2.101256e-06   6.777384e-04   4.966868e-08   3200
  1.744748e+00   2.168185e-06   6.393810e-04   6.358917e-08   2232
  1.746953e+00   2.149796e-06   7.298333e-04   5.025872e-08   3108
  1.749149e+00   2.228593e-06   6.411166e-04   5.469772e-08   2604
  1.751396e+00   2.339845e-06   6.906639e-04   5.212296e-08   3096
  1.753868e+00   2.233565e-06   6.292854e-04   5.443796e-08   3084
  1.756013e+00   2.160117e-06   6.421761e-04   5.438219e-08   2664
  1.758223e+00   2.213687e-06   5.662985e-04   6.325427e-08   2232
  1.760389e+00   2.049398e-06   6.975943e-04   4.835660e-08   2808
  1.762761e+00   2.373475e-06   6.589857e-04   6.298881e-08   2592
  1.764975e+00   2.495350e-06   6.765280e-04   6.147325e-08   2952
  1.767301e+00   2.086093e-06   6.387254e-04   5.078615e-08   2772
  1.769563e+00   2.335075e-06   6.869092e-04   5.530548e-08   3036
  1.771930e+00   2.034982e-06   6.663052e-04   5.867203e-08   2136
  1.774088e+00   1.995178e-06   5.313800e-04   4.968772e-08   2496
  1.776303e+00   2.321458e-06   7.077585e-04   6.563300e-08   2228
  1.778614e+00   2.398202e-06   6.598578e-04   6.364543e-08   3048
  1.780913e+00   2.380899e-06   6.303155e-04   6.375481e-08   2676
  1.783199e+00   2.277224e-06   6.279333e-04   6.116536e-08   2784
  1.785383e+00   2.085629e-06   6.100386e-04   5.877679e-08   1920
  1.787573e+00   2.060676e-06   6.510587e-04   5.589554e-08   2400
  1.789947e+00   2.018835e-06   5.971552e-04   5.416785e-08   2532
  1.792401e+00   2.308176e-06   6.632965e-04   6.211284e-08   2544
  1.794610e+00   2.385830e-06   6.938982e-04   6.260561e-08   2772
  1.796785e+00   2.095185e-06   6.499482e-04   5.925775e-08   2160
  1.798946e+00   2.355388e-06   7.000560e-04   6.787545e-08   2304
  1.801446e+00   2.160090e-06   6.850409e-04   6.800643e-08   2328
  1.803687e+00   1.819908e-06   6.568097e-04   5.131953e-08   2304
  1.805763e+00   2.129009e-06   6.211046e-04   6.485931e-08   1908
  1.808124e+00   2.612915e-06   6.946655e-04   8.008274e-08   2736
  1.810398e+00   2.349215e-06   6.581950e-04   6.693030e-08   2448
  1.812817e+00   2.178540e-06   6.153768e-04   6.982686e-08   2040
  1.815006e+00   1.897606e-06   6.407327e-04   6.633038e-08   2120
  1.817111e+00   2.178531e-06   5.312323e-04   6.170735e-08   2040
  1.819377e+00   1.721524e-06   6.590893e-04   5.304947e-08   2208
  1.821940e+00   2.287189e-06   5.917624e-04   7.255084e-08   2208
  1.824017e+00   2.696308e-06   6.557857e-04   7.653673e-08   2196
  1.826163e+00   1.861958e-06   5.768709e-04   6.094688e-08   1848
  1.828347e+00   2.199667e-06   6.542478e-04   7.363683e-08   2124
  1.830789e+00   2.004525e-06   6.862919e-04   5.267619e-08   2328
  1.833174e+00   1.936128e-06   6.987049e-04   6.705737e-08   1920
  1.835493e+00   1.906174e-06   6.414031e-04   6.451235e-08   1548
  1.837555e+00   2.480060e-06   7.035991e-04   7.203099e-08   2388
  1.839988e+00   2.166418e-06   6.510981e-04   7.382244e-08   2160
  1.842216e+00   2.292540e-06   5.926228e-04   8.667455e-08   1704
  1.844350e+00   1.904403e-06   6.676420e-04   5.980100e-08   1776
  1.846370e+00   2.152589e-06   6.244949e-04   7.812998e-08   1800
  1.848923e+00   1.898102e-06   7.209217e-04   6.881415e-08   1700
  1.851307e+00   2.340042e-06   6.491035e-04   7.701909e-08   2292
  1.853528e+00   2.066238e-06   6.025607e-04   7.448458e-08   1704
  1.855624e+00   2.081845e-06   6.737639e-04   7.698339e-08   1728
  1.857919e+00   1.905541e-06   6.235837e-04   6.342362e-08   1728
  1.860168e+00   2.133228e-06   6.229972e-04   7.327774e-08   1680
  1.862561e+00   1.692949e-06   7.177113e-04   6.221079e-08   1704
  1.864945e+00   1.734284e-06   5.636182e-04   6.087172e-08   1752
  1.867076e+00   2.020958e-06   6.700349e-04   6.865836e-08   1872
  1.869381e+00   2.097860e-06   6.567081e-04   8.983082e-08   1500
  1.871720e+00   1.913405e-06   5.750440e-04   7.253369e-08   1656
  1.873992e+00   1.997438e-06   6.165564e-04   8.268131e-08   1464
  1.876011e+00   1.547374e-06   5.400417e-04   5.924891e-08   1488
  1.878487e+00   1.781520e-06   6.517901e-04   6.254979e-08   1680
  1.880750e+00   2.068756e-06   6.809573e-04   7.911794e-08   1692
  1.882867e+00   2.074116e-06   6.520511e-04   1.190505e-07   1128
  1.885217e+00   1.816882e-06   6.278688e-04   7.435607e-08   1536
  1.887510e+00   1.627865e-06   6.544901e-04   6.282702e-08   1616
  1.889830e+00   1.638831e-06   6.311335e-04   7.250549e-08   1476
  1.892170e+00   1.674151e-06   6.945780e-04   9.586010e-08   1176
  1.894258e+00   1.608650e-06   7.462500e-04   5.747902e-08   1656
  1.896532e+00   1.840906e-06   6.555115e-04   1.242661e-07   891
  1.898876e+00   1.615924e-06   6.987810e-04   6.832407e-08   1596
  1.901160e+00   1.413230e-06   6.093557e-04   5.596149e-08   1422
  1.903413e+00   1.691499e-06   5.843312e-04   7.386145e-08   1254
  1.905532e+00   1.241864e-06   5.969608e-04   5.353828e-08   918
  1.907803e+00   1.735671e-06   6.533376e-04   6.543536e-08   1614
  1.910090e+00   1.307520e-06   5.643619e-04   6.350208e-08   798
  1.912364e+00   1.280071e-06   7.234449e-04   5.169353e-08   1458
  1.914669e+00   1.545102e-06   6.624341e-04   6.558055e-08   1374
  1.916948e+00   1.346315e-06   5.657629e-04   7.317131e-08   984
  1.919209e+00   1.509942e-06   7.784114e-04   8.229543e-08   1062
  1.921512e+00   1.628510e-06   6.598506e-04   6.516102e-08   1246
  1.923748e+00   1.057529e-06   6.118445e-04   4.285116e-08   1072
  1.926137e+00   1.021705e-06   6.625884e-04   4.223455e-08   1110
  1.928344e+00   1.393525e-06   7.178181e-04   5.318561e-08   1254
  1.930665e+00   1.354699e-06   6.812473e-04   7.588039e-08   1032
  1.933193e+00   1.252668e-06   6.311707e-04   6.456243e-08   786
  1.935116e+00   1.357841e-06   6.470862e-04   5.839240e-08   1152
  1.937368e+00   1.041962e-06   7.052595e-04   5.695235e-08   1086
  1.939714e+00   8.358189e-07   6.363015e-04   3.116344e-08   912
  1.941882e+00   1.580847e-06   6.378332e-04   6.755264e-08   1062
  1.944095e+00   1.101586e-06   6.357657e-04   5.136305e-08   912
  1.946652e+00   9.241184e-07   7.097230e-04   4.029030e-08   750
  1.948645e+00   1.181775e-06   6.838233e-04   4.758765e-08   1200
  1.950952e+00   9.829455e-07   6.192558e-04   4.299921e-08   918
  1.953245e+00   9.022529e-07   6.427668e-04   4.303693e-08   876
  1.955575e+00   1.398346e-06   5.616492e-04   7.041569e-08   870
  1.957615e+00   1.181464e-06   6.550744e-04   6.467773e-08   768
  1.960007e+00   7.252299e-07   6.004103e-04   3.423253e-08   830
  1.962222e+00   1.098916e-06   6.216450e-04   4.770978e-08   1080
  1.964516e+00   9.325322e-07   6.994320e-04   4.262676e-08   840
  1.966828e+00   8.589342e-07   6.734760e-04   3.981801e-08   798
  1.969450e+00   1.248125e-06   5.345484e-04   5.738214e-08   792
  1.971484e+00   8.382677e-07   6.234566e-04   4.007793e-08   726
  1.973618e+00   7.030388e-07   6.986178e-04   2.827261e-08   864
  1.975955e+00   8.960237e-07   5.980007e-04   4.361237e-08   900
  1.978325e+00   9.491656e-07   6.645965e-04   4.048078e-08   726
  1.980357e+00   9.805959e-07   5.751794e-04   4.976415e-08   576
  1.983069e+00   1.078832e-06   5.985766e-04   5.551672e-08   840
  1.984977e+00   8.288727e-07   6.213598e-04   3.825591e-08   750
  1.987238e+00   7.432936e-07   6.232467e-04   3.254668e-08   720
  1.989370e+00   8.246969e-07   6.305085e-04   4.090221e-08   702
  1.991860e+00   8.070303e-07   6.885999e-04   3.716965e-08   696
  1.993909e+00   8.690013e-07   6.158234e-04   5.213993e-08   480
  1.996324e+00   7.664143e-07   5.835181e-04   3.472996e-08   830
  1.998462e+00   8.392642e-07   6.788206e-04   4.836912e-08   756
  2.000858e+00   7.091373e-07   6.517872e-04   3.868496e-08   624
  2.002972e+00   7.074878e-07   6.887046e-04   3.824734e-08   582
  2.005472e+00   8.983523e-07   5.285963e-04   4.515376e-08   576
  2.007634e+00   7.145510e-07   7.079632e-04   3.706865e-08   624
  2.009851e+00   6.594277e-07   5.781934e-04   2.979084e-08   702
  2.012045e+00   7.028447e-07   6.650770e-04   4.126749e-08   624
  2.014651e+00   7.840328e-07   6.434173e-04   4.080534e-08   672
  2.016774e+00   5.754761e-07   4.816581e-04   2.908552e-08   342
  2.019106e+00   7.445411e-07   6.021361e-04   3.719136e-08   660
  2.021249e+00   6.280321e-07   6.189698e-04   4.031818e-08   576
  2.023463e+00   6.650051e-07   6.017634e-04   3.977431e-08   600
  2.025701e+00   5.640413e-07   6.960222e-04   3.216831e-08   510
  2.028218e+00   6.813338e-07   6.520686e-04   3.266700e-08   600
  2.030159e+00   5.759137e-07   5.193477e-04   4.274823e-08   216
  2.032420e+00   5.839994e-07   6.321362e-04   2.898068e-08   758
  2.035055e+00   5.392664e-07   6.920548e-04   3.316189e-08   576
  2.037365e+00   6.290970e-07   5.875356e-04   3.091903e-08   528
  2.039449e+00   5.341597e-07   4.046025e-04   3.171544e-08   318
  2.041688e+00   7.412743e-07   6.989543e-04   3.735342e-08   540
  2.044336e+00   4.013420e-07   4.941502e-04   2.122129e-08   384
  2.046130e+00   5.693501e-07   6.827435e-04   3.130232e-08   576
  2.048466e+00   5.112432e-07   5.579280e-04   3.168071e-08   414
  2.050674e+00   5.773430e-07   6.230233e-04   2.858773e-08   504
  2.053033e+00   5.655773e-07   6.839342e-04   3.690494e-08   312
  2.055299e+00   5.991949e-07   6.196527e-04   3.358825e-08   414
  2.057547e+00   3.719502e-07   5.724597e-04   2.483802e-08   432
  2.059639e+00   4.644453e-07   7.581407e-04   2.252639e-08   504
  2.062060e+00   4.862171e-07   7.301746e-04   2.671844e-08   432
  2.064327e+00   5.694528e-07   5.981226e-04   3.836828e-08   354
  2.066636e+00   5.991417e-07   8.703413e-04   5.448525e-08   200
  2.068617e+00   4.602055e-07   6.175353e-04   2.835926e-08   480
  2.071293e+00   4.741288e-07   7.056693e-04   2.676694e-08   552
  2.073748e+00   4.559236e-07   4.395757e-04   3.133025e-08   366
  2.075640e+00   5.416349e-07   4.679504e-04   4.267074e-08   240
  2.077722e+00   5.577712e-07   6.542137e-04   4.076840e-08   288
  2.080652e+00   4.206335e-07   4.496137e-04   2.830876e-08   366
  2.082547e+00   3.088533e-07   7.289658e-04   1.494104e-08   408
  2.084661e+00   3.865163e-07   5.479941e-04   2.028211e-08   360
  2.086849e+00   3.941313e-07   5.108222e-04   2.439201e-08   324
  2.088971e+00   5.087090e-07   6.032973e-04   4.207800e-08   174
  2.091499e+00   4.534833e-07   6.931038e-04   3.104454e-08   264
  2.093871e+00   3.242477e-07   6.321447e-04   1.799205e-08   456
  2.096237e+00   4.032218e-07   6.356462e-04   2.791028e-08   360
  2.098182e+00   3.458573e-07   7.002254e-04   2.262181e-08   270
  2.100564e+00   6.184038e-07   7.658383e-04   3.909170e-08   240
  2.103548e+00   5.627581e-07   5.580892e-04   5.071440e-08   120
  2.105015e+00   2.132959e-07   5.826262e-04   1.269439e-08   320
  2.107383e+00   3.110763e-07   7.208998e-04   1.593134e-08   462
  2.109864e+00   3.754641e-07   4.194244e-04   2.466416e-08   276
  2.112019e+00   2.565596e-07   4.758306e-04   1.910613e-08   144
  2.114094e+00   4.969396e-07   4.997149e-04   7.604289e-08   120
  2.116854e+00   2.683924e-07   3.784157e-04   1.886336e-08   294
  2.118939e+00   2.694299e-07   6.713296e-04   1.450778e-08   384
  2.120885e+00   2.508446e-07   4.444158e-04   1.458636e-08   216
  2.122747e+00   3.919509e-07   4.127151e-04   4.108397e-08   168
  2.124850e+00   3.762846e-07   4.910651e-04   4.143220e-08   102
  2.127892e+00   2.658248e-07   7.450428e-04   2.278243e-08   168
  2.130024e+00   2.138916e-07   6.520918e-04   1.150576e-08   384
  2.132362e+00   2.498524e-07   6.625415e-04   1.732837e-08   300
  2.134537e+00   2.991964e-07   7.094383e-04   2.557635e-08   144
  2.136989e+00   3.781405e-07   7.265651e-04   3.620599e-08   102
  2.139932e+00   3.225574e-07   1.719941e-04   6.270309e-08   56
  2.141342e+00   1.833106e-07   5.599681e-04   1.209458e-08   288
  2.143553e+00   2.531341e-07   7.287265e-04   1.593134e-08   360
  2.145961e+00   2.601594e-07   3.909120e-04   2.623874e-08   126
  2.147989e+00   2.483194e-07   1.925285e-04   4.611547e-08   72
  2.150200e+00   4.482347e-07   1.020019e-04   6.556097e-08   48
  2.153085e+00   2.046000e-07   4.126461e-04   1.541601e-08   240
  2.154981e+00   2.187082e-07   6.122582e-04   1.377286e-08   306
  2.156922e+00   2.648167e-07   3.402793e-04   2.418054e-08   120
  2.159158e+00   2.318598e-07   8.374730e-04   1.955506e-08   96
  2.160782e+00   2.496224e-07   0.000000e+00   3.317808e-08   24
  2.164433e+00   1.511334e-07   7.252303e-04   1.803839e-08   120
  2.166222e+00   1.669603e-07   6.271913e-04   1.068025e-08   318
  2.168411e+00   1.940372e-07   6.702392e-04   1.831133e-08   168
  2.170808e+00   2.115115e-07   7.192418e-04   2.740933e-08   72
  2.173433e+00   2.370763e-07   0.000000e+00   4.077344e-08   24
  2.176257e+00   2.015788e-07   3.491224e-04   3.748745e-08   14
  2.177600e+00   1.567900e-07   5.506440e-04   9.731576e-09   288
  2.179687e+00   2.046921e-07   6.624547e-04   1.331196e-08   204
  2.182094e+00   3.067214e-07   1.005110e-04   4.112887e-08   48
  2.184003e+00   2.780198e-07   0.000000e+00   6.698432e-08   24
  2.186211e+00   4.011956e-07   0.000000e+00   2.041263e-07   6
  2.189386e+00   1.344069e-07   4.116910e-04   9.967621e-09   216
  2.191022e+00   1.718217e-07   5.482597e-04   1.357754e-08   192
  2.193023e+00   2.223220e-07   1.000102e-04   4.140773e-08   48
  2.195122e+00   2.474805e-07   7.990980e-04   3.670867e-08   30
  2.201059e+00   8.492602e-08   1.652456e-04   9.285292e-09   96
  2.202278e+00   1.287533e-07   5.414667e-04   8.895001e-09   228
  2.204593e+00   1.461431e-07   7.080656e-04   1.489305e-08   72
  2.207377e+00   1.622170e-07   2.397687e-08   4.525365e-08   6
  2.213717e+00   1.080982e-07   5.346279e-04   7.498505e-09   248
  2.215741e+00   1.581468e-07   6.119095e-04   1.585223e-08   72
  2.218181e+00   1.123063e-07   0.000000e+00   4.285401e-08   6
  2.225558e+00   9.968032e-08   3.799140e-04   8.060416e-09   180
  2.227029e+00   1.180901e-07   5.169328e-04   1.500223e-08   72
  2.229129e+00   2.254136e-07   0.000000e+00   3.623993e-08   6
  2.237330e+00   9.483520e-08   1.625666e-04   9.982554e-09   96
  2.238310e+00   1.062795e-07   4.463135e-04   1.177883e-08   96
  2.240220e+00   1.497561e-07   0.000000e+00   6.193915e-08   6
  2.249696e+00   9.766520e-08   4.271566e-04   8.253978e-09   140
  2.251450e+00   7.481795e-08   2.397687e-08   1.051903e-08   6
  2.261607e+00   8.010324e-08   2.868548e-04   7.934012e-09   96
  2.262819e+00   1.259486e-07   4.152916e-08   4.734892e-08   6
  2.273552e+00   8.312817e-08   1.725668e-04   1.364553e-08   60
  2.274324e+00   2.238714e-07   0.000000e+00   1.450812e-08   6
  2.285599e+00   5.219899e-08   1.749471e-04   5.500739e-09   38
  2.297606e+00   1.005685e-07   8.999726e-05   2.108037e-08   18
  2.309634e+00   8.481825e-08   0.000000e+00   2.760248e-08   6
