# power spectrum of hij
# redshift z=1.000000
# k              Pk             sigma(k)       sigma(Pk)      count
  6.981317e-03   4.306764e-18   0.000000e+00   1.069138e-18   6
  9.873073e-03   2.368049e-18   0.000000e+00   3.980595e-19   12
  1.209200e-02   2.311208e-18   1.324548e-10   5.958499e-19   8
  1.396263e-02   7.455753e-19   0.000000e+00   1.485048e-19   6
  1.561070e-02   1.319233e-18   0.000000e+00   1.901714e-19   24
  1.710066e-02   9.597959e-19   2.497591e-10   1.891654e-19   24
  1.974615e-02   5.969392e-19   0.000000e+00   9.383649e-20   12
  2.094395e-02   5.843009e-19   2.825702e-10   6.554962e-20   30
  2.207686e-02   3.812263e-19   0.000000e+00   3.259344e-20   24
  2.315441e-02   2.588819e-19   4.325955e-10   3.327762e-20   24
  2.418399e-02   3.482027e-19   2.649095e-10   6.827880e-20   8
  2.517150e-02   3.977122e-19   3.532127e-10   3.840217e-20   24
  2.612170e-02   2.912650e-19   0.000000e+00   2.157005e-20   48
  2.792527e-02   2.590887e-19   0.000000e+00   2.272866e-20   6
  2.878471e-02   1.894529e-19   4.995182e-10   1.799099e-20   48
  2.961922e-02   2.975654e-19   0.000000e+00   2.838905e-20   36
  3.043086e-02   2.467648e-19   3.532127e-10   2.204461e-20   24
  3.122140e-02   1.318958e-19   0.000000e+00   1.683204e-20   24
  3.199241e-02   1.688319e-19   0.000000e+00   1.620010e-20   48
  3.274528e-02   9.151997e-20   4.995182e-10   9.040898e-21   24
  3.420133e-02   1.178696e-19   4.995182e-10   1.873951e-20   24
  3.490659e-02   9.416161e-20   0.000000e+00   1.070318e-20   30
  3.559787e-02   1.080002e-19   0.000000e+00   9.964944e-21   72
  3.627599e-02   1.056197e-19   5.298191e-10   1.569196e-20   32
  3.759554e-02   9.967260e-20   0.000000e+00   7.916896e-21   72
  3.823825e-02   8.753895e-20   0.000000e+00   7.091763e-21   48
  3.949229e-02   7.653663e-20   0.000000e+00   1.493105e-20   12
  4.010461e-02   5.618699e-20   0.000000e+00   4.940906e-21   48
  4.070772e-02   4.296280e-20   0.000000e+00   4.530657e-21   48
  4.130203e-02   5.659976e-20   4.995182e-10   5.732918e-21   48
  4.188790e-02   6.850444e-20   5.651403e-10   1.340002e-20   30
  4.246569e-02   5.744224e-20   4.995182e-10   1.004415e-20   24
  4.303573e-02   5.408323e-20   1.053077e-09   4.321512e-21   72
  4.415373e-02   4.780752e-20   0.000000e+00   6.455734e-21   24
  4.470224e-02   4.119335e-20   0.000000e+00   3.187175e-21   96
  4.524411e-02   3.281219e-20   0.000000e+00   2.679606e-21   48
  4.577956e-02   4.200548e-20   8.651909e-10   5.646505e-21   24
  4.630882e-02   2.840498e-20   8.651909e-10   5.483507e-21   24
  4.683210e-02   3.295307e-20   0.000000e+00   2.374108e-21   72
  4.734960e-02   2.812713e-20   0.000000e+00   2.159355e-21   48
  4.836798e-02   3.088482e-20   5.298191e-10   7.975552e-21   8
  4.886922e-02   2.432387e-20   6.279337e-10   2.243322e-21   54
  4.936537e-02   2.597937e-20   0.000000e+00   2.399762e-21   84
  4.985658e-02   2.906735e-20   0.000000e+00   3.445109e-21   48
  5.034299e-02   3.415762e-20   7.064254e-10   4.429425e-21   24
  5.082475e-02   2.475600e-20   6.660243e-10   1.911620e-21   72
  5.130199e-02   2.462261e-20   0.000000e+00   1.695609e-21   96
  5.224339e-02   1.813475e-20   0.000000e+00   1.813065e-21   48
  5.270779e-02   1.816501e-20   0.000000e+00   1.528606e-21   48
  5.316813e-02   2.529771e-20   7.064254e-10   2.897585e-21   24
  5.362451e-02   1.785884e-20   0.000000e+00   1.357186e-21   72
  5.452583e-02   1.621002e-20   6.660243e-10   1.253200e-21   72
  5.497095e-02   1.941333e-20   0.000000e+00   1.410948e-21   96
  5.585054e-02   1.297349e-20   0.000000e+00   3.455048e-21   6
  5.628518e-02   1.839991e-20   0.000000e+00   1.308655e-21   96
  5.671649e-02   1.729959e-20   7.064254e-10   1.248531e-21   96
  5.714454e-02   1.268406e-20   0.000000e+00   1.719425e-21   24
  5.756941e-02   1.882608e-20   9.990364e-10   1.464595e-21   48
  5.799117e-02   1.657040e-20   0.000000e+00   1.194392e-21   96
  5.840989e-02   1.155962e-20   0.000000e+00   1.002948e-21   48
  5.923844e-02   1.387689e-20   0.000000e+00   1.520330e-21   36
  5.964840e-02   1.183354e-20   1.223565e-09   1.453225e-21   48
  6.005556e-02   1.079271e-20   1.384305e-09   7.013463e-22   120
  6.045998e-02   1.166040e-20   0.000000e+00   1.096349e-21   56
  6.086171e-02   1.385406e-20   7.064254e-10   1.493882e-21   24
  6.126081e-02   1.139390e-20   0.000000e+00   7.609528e-22   96
  6.165732e-02   1.695555e-20   0.000000e+00   1.861088e-21   48
  6.244280e-02   1.158095e-20   0.000000e+00   1.493033e-21   24
  6.283185e-02   8.851872e-21   0.000000e+00   7.060504e-22   102
  6.321851e-02   8.689406e-21   0.000000e+00   6.362026e-22   48
  6.360282e-02   8.983048e-21   0.000000e+00   8.674206e-22   72
  6.398483e-02   9.350918e-21   0.000000e+00   8.624030e-22   48
  6.436456e-02   8.219345e-21   0.000000e+00   9.681543e-22   48
  6.474207e-02   7.671841e-21   1.598458e-09   5.929198e-22   120
  6.549056e-02   6.750431e-21   9.990364e-10   6.674475e-22   24
  6.586161e-02   7.120309e-21   9.419006e-10   3.983556e-22   144
  6.623059e-02   7.115752e-21   1.130281e-09   4.670061e-22   120
  6.659752e-02   5.683166e-21   9.990364e-10   5.192440e-22   48
  6.732538e-02   8.051691e-21   9.990364e-10   8.931920e-22   48
  6.768638e-02   6.102580e-21   9.990364e-10   3.962073e-22   96
  6.863955e-02   6.595277e-21   1.675093e-04   5.129238e-22   72
  6.911151e-02   6.330634e-21   1.255867e-09   3.260740e-22   108
  6.946323e-02   5.790729e-21   0.000000e+00   4.099565e-22   72
  6.981317e-02   9.705169e-21   0.000000e+00   1.173177e-21   30
  7.016137e-02   5.130548e-21   0.000000e+00   3.064646e-22   168
  7.050785e-02   5.557406e-21   0.000000e+00   5.992869e-22   48
  7.119574e-02   4.669369e-21   0.000000e+00   4.461052e-22   72
  7.153721e-02   4.970235e-21   0.000000e+00   3.746717e-22   96
  7.187706e-02   4.126252e-21   1.883801e-09   3.666489e-22   72
  7.221530e-02   5.589214e-21   0.000000e+00   4.090969e-22   72
  7.278398e-02   5.616956e-21   1.546684e-04   4.749998e-22   104
  7.322067e-02   4.723398e-21   1.332049e-09   2.260880e-22   144
  7.421242e-02   3.923369e-21   2.233913e-09   2.517710e-22   96
  7.454007e-02   4.232500e-21   0.000000e+00   3.524622e-22   96
  7.506116e-02   3.556527e-21   1.591194e-04   2.129241e-22   120
  7.551449e-02   4.284349e-21   0.000000e+00   2.214052e-22   120
  7.583651e-02   4.168197e-21   0.000000e+00   3.586590e-22   72
  7.647650e-02   4.778350e-21   0.000000e+00   4.902932e-22   48
  7.679449e-02   3.445963e-21   1.505926e-09   3.034302e-22   78
  7.720128e-02   3.752294e-21   1.424762e-04   1.729146e-22   168
  7.805350e-02   3.751382e-21   1.332049e-09   2.115095e-22   144
  7.836509e-02   3.262991e-21   1.332049e-09   1.914068e-22   144
  7.926883e-02   3.026925e-21   8.205478e-05   1.982165e-22   156
  7.959926e-02   3.773974e-21   1.730382e-09   3.640457e-22   48
  7.990483e-02   2.646568e-21   1.130281e-09   1.692693e-22   120
  8.020923e-02   2.338394e-21   0.000000e+00   2.416662e-22   48
  8.074745e-02   2.933912e-21   1.255998e-04   1.209828e-22   216
  8.141545e-02   2.339056e-21   0.000000e+00   2.197627e-22   48
  8.171422e-02   2.474258e-21   9.990364e-10   1.772692e-22   96
  8.213902e-02   2.944181e-21   1.467830e-04   1.800127e-22   168
  8.260406e-02   2.277950e-21   9.990364e-10   2.117035e-22   48
  8.289855e-02   2.512154e-21   0.000000e+00   1.649578e-22   96
  8.319199e-02   2.159029e-21   0.000000e+00   1.722528e-22   48
  8.377580e-02   2.699244e-21   1.130281e-09   2.912809e-22   30
  8.406619e-02   2.076486e-21   9.990364e-10   1.579715e-22   96
  8.441325e-02   2.184474e-21   1.153584e-04   1.188387e-22   240
  8.485953e-02   2.657877e-21   1.244551e-04   1.964232e-22   32
  8.521783e-02   2.052623e-21   0.000000e+00   1.018615e-22   168
  8.550332e-02   2.081421e-21   0.000000e+00   1.119222e-22   120
  8.607146e-02   2.287000e-21   2.106154e-09   1.873915e-22   72
  8.635412e-02   1.907076e-21   1.332049e-09   1.111264e-22   144
  8.663587e-02   2.236573e-21   0.000000e+00   1.341013e-22   96
  8.691670e-02   1.882102e-21   0.000000e+00   1.375126e-22   96
  8.747565e-02   1.993085e-21   1.631420e-09   1.634792e-22   72
  8.775379e-02   1.826951e-21   1.412851e-09   1.336959e-22   96
  8.830745e-02   2.122636e-21   0.000000e+00   2.473278e-22   24
  8.858298e-02   1.672811e-21   0.000000e+00   8.549673e-23   192
  8.890745e-02   1.706092e-21   1.056148e-04   9.985519e-23   132
  8.940448e-02   1.542307e-21   0.000000e+00   1.223908e-22   96
  8.967664e-02   1.413275e-21   0.000000e+00   1.097819e-22   96
  8.994798e-02   1.324872e-21   1.130281e-09   8.926123e-23   120
  9.048821e-02   1.801340e-21   0.000000e+00   1.583558e-22   48
  9.093103e-02   1.593220e-21   1.279966e-04   6.520944e-23   222
  9.129257e-02   1.712348e-21   0.000000e+00   1.092633e-22   120
  9.155911e-02   1.158158e-21   1.730382e-09   1.567989e-22   24
  9.194720e-02   1.304822e-21   1.321111e-04   4.908268e-23   312
  9.279280e-02   1.507165e-21   1.238595e-04   1.195178e-22   72
  9.314239e-02   1.274042e-21   9.990364e-10   9.632224e-23   96
  9.350136e-02   1.296338e-21   1.261337e-04   6.889561e-23   192
  9.392401e-02   1.337445e-21   1.598458e-09   8.070875e-23   120
  9.418312e-02   1.382821e-21   0.000000e+00   8.932700e-23   144
  9.469919e-02   1.075786e-21   0.000000e+00   9.305397e-23   48
  9.506602e-02   1.135306e-21   1.268319e-04   4.139064e-23   336
  9.546807e-02   1.176662e-21   0.000000e+00   1.330156e-22   48
  9.597724e-02   1.125371e-21   0.000000e+00   5.844758e-23   192
  9.623081e-02   1.115136e-21   0.000000e+00   1.052254e-22   48
  9.695161e-02   1.065341e-21   8.803796e-05   7.681206e-23   56
  9.731001e-02   1.212875e-21   1.130706e-04   4.826062e-23   336
  9.773844e-02   9.059604e-22   1.255867e-09   1.031082e-22   54
  9.811165e-02   1.012286e-21   1.241922e-04   4.720088e-23   240
  9.888643e-02   9.722876e-22   1.189150e-04   4.136819e-23   228
  9.922316e-02   1.060816e-21   1.332049e-09   8.296055e-23   72
  9.955002e-02   1.044870e-21   1.153504e-04   6.044377e-23   144
  9.995725e-02   7.374338e-22   0.000000e+00   5.682281e-23   96
  1.002007e-01   8.674227e-22   1.598458e-09   4.222899e-23   240
  1.006860e-01   9.544143e-22   1.412851e-09   1.592046e-22   24
  1.009966e-01   8.583499e-22   1.089476e-04   3.531810e-23   336
  1.014095e-01   7.713170e-22   0.000000e+00   5.060662e-23   72
  1.017863e-01   9.501596e-22   1.185007e-04   6.120479e-23   168
  1.021279e-01   9.006186e-22   0.000000e+00   1.066298e-22   72
  1.026040e-01   1.034821e-21   0.000000e+00   6.816102e-23   96
  1.029727e-01   7.075891e-22   1.176117e-04   3.172799e-23   216
  1.033141e-01   7.331329e-22   1.412851e-09   5.129661e-23   96
  1.037847e-01   7.627391e-22   0.000000e+00   3.438965e-23   192
  1.040193e-01   7.487714e-22   1.332049e-09   4.431230e-23   144
  1.044868e-01   5.736611e-22   0.000000e+00   5.285484e-23   48
  1.048105e-01   6.908583e-22   1.133915e-04   3.010910e-23   246
  1.052503e-01   6.901029e-22   1.045488e-04   3.401961e-23   168
  1.056465e-01   5.932657e-22   1.957704e-09   4.350370e-23   120
  1.058769e-01   6.195140e-22   0.000000e+00   2.671786e-23   240
  1.063363e-01   7.844090e-22   1.412851e-09   1.192352e-22   24
  1.067022e-01   6.425687e-22   1.119102e-04   2.588736e-23   360
  1.071580e-01   6.306924e-22   1.114340e-04   4.792173e-23   120
  1.074760e-01   6.590764e-22   0.000000e+00   3.773252e-23   144
  1.077025e-01   6.558787e-22   0.000000e+00   4.781858e-23   96
  1.083792e-01   5.523171e-22   0.000000e+00   3.247496e-23   144
  1.086038e-01   6.908775e-22   0.000000e+00   4.602630e-23   132
  1.089195e-01   5.203397e-22   1.099837e-04   2.332499e-23   176
  1.093777e-01   5.688393e-22   1.110614e-04   2.772593e-23   312
  1.099419e-01   5.234957e-22   0.000000e+00   3.761642e-23   96
  1.101633e-01   4.643273e-22   0.000000e+00   2.938845e-23   144
  1.105031e-01   5.349491e-22   1.099474e-04   2.360452e-23   312
  1.110446e-01   4.080644e-22   0.000000e+00   3.187742e-23   48
  1.112639e-01   4.730258e-22   1.412851e-09   2.640829e-23   192
  1.117011e-01   4.860766e-22   0.000000e+00   6.787816e-23   6
  1.119915e-01   4.076136e-22   1.025446e-04   1.678177e-23   288
  1.124620e-01   4.945317e-22   1.083450e-04   2.658589e-23   192
  1.127866e-01   5.113505e-22   3.322713e-09   2.501531e-23   216
  1.130025e-01   4.480826e-22   0.000000e+00   3.506633e-23   72
  1.135403e-01   4.987724e-22   1.073161e-04   2.700003e-23   192
  1.138975e-01   4.172474e-22   7.968796e-05   1.947668e-23   288
  1.142891e-01   4.027616e-22   0.000000e+00   3.403179e-23   24
  1.145916e-01   4.374574e-22   1.049823e-04   1.552777e-23   456
  1.151388e-01   4.317184e-22   1.998073e-09   5.603234e-23   48
  1.154769e-01   3.911532e-22   1.034033e-04   1.739879e-23   240
  1.158655e-01   3.962965e-22   1.045007e-04   1.958258e-23   216
  1.161923e-01   4.440492e-22   0.000000e+00   3.580153e-23   72
  1.164018e-01   4.119053e-22   3.610549e-09   2.781946e-23   168
  1.169935e-01   3.514935e-22   7.767385e-05   1.568551e-23   288
  1.173253e-01   3.311915e-22   1.027758e-04   1.675823e-23   168
  1.178582e-01   3.604473e-22   0.000000e+00   1.970275e-23   192
  1.180648e-01   3.314677e-22   1.332049e-09   2.403322e-23   144
  1.184769e-01   4.898554e-22   0.000000e+00   7.454698e-23   36
  1.188264e-01   3.536026e-22   9.385617e-05   1.563979e-23   342
  1.191605e-01   3.475067e-22   9.637890e-05   2.098388e-23   144
  1.195900e-01   3.421971e-22   1.010773e-04   1.248490e-23   384
  1.201111e-01   3.580906e-22   2.768611e-09   2.240252e-23   120
  1.203690e-01   3.654175e-22   9.013158e-05   1.646909e-23   264
  1.207183e-01   3.227137e-22   4.467827e-09   1.816459e-23   192
  1.210471e-01   3.038404e-22   9.713401e-05   1.844685e-23   152
  1.213224e-01   2.966860e-22   2.664097e-09   1.806750e-23   144
  1.219012e-01   3.189114e-22   6.286607e-05   1.489858e-23   216
  1.221692e-01   3.113661e-22   8.400585e-05   1.235158e-23   312
  1.226409e-01   3.018725e-22   9.736112e-05   1.224386e-23   240
  1.229188e-01   2.777837e-22   1.412851e-09   2.285910e-23   96
  1.234463e-01   2.537383e-22   9.308426e-05   1.434569e-23   144
  1.237714e-01   2.765662e-22   9.149363e-05   9.020481e-24   456
  1.242988e-01   2.635583e-22   0.000000e+00   1.717788e-23   120
  1.244947e-01   2.809520e-22   0.000000e+00   1.685684e-23   144
  1.248856e-01   2.850595e-22   0.000000e+00   3.936381e-23   24
  1.251362e-01   2.710216e-22   8.794658e-05   1.126722e-23   336
  1.255696e-01   2.696798e-22   9.699311e-05   1.500706e-23   198
  1.259757e-01   2.618953e-22   9.432023e-05   1.031463e-23   432
  1.264370e-01   2.981299e-22   0.000000e+00   3.420700e-23   48
  1.266777e-01   2.548911e-22   8.326844e-05   9.454332e-24   384
  1.271098e-01   2.097962e-22   9.585962e-05   1.244551e-23   144
  1.275013e-01   2.716750e-22   9.517601e-05   1.343581e-23   264
  1.279697e-01   2.528485e-22   0.000000e+00   1.897768e-23   48
  1.282839e-01   2.384942e-22   9.049683e-05   1.010978e-23   276
  1.285870e-01   2.352044e-22   8.203293e-05   1.290506e-23   192
  1.289922e-01   2.175291e-22   9.218697e-05   6.492992e-24   552
  1.294841e-01   2.198988e-22   3.196917e-09   1.238461e-23   120
  1.297765e-01   1.828567e-22   9.331596e-05   9.236099e-24   216
  1.300475e-01   2.322942e-22   1.598458e-09   1.822420e-23   120
  1.305316e-01   2.172229e-22   9.189333e-05   8.201207e-24   408
  1.309811e-01   1.773106e-22   1.998073e-09   1.657403e-23   24
  1.312599e-01   2.231929e-22   9.282881e-05   8.574563e-24   384
  1.316492e-01   2.110178e-22   9.069708e-05   9.717409e-24   240
  1.319872e-01   2.195149e-22   9.136125e-05   1.307689e-23   168
  1.324612e-01   2.101733e-22   2.260561e-09   2.009420e-23   120
  1.327667e-01   2.015076e-22   9.523931e-05   8.845885e-24   350
  1.332635e-01   2.154680e-22   1.567823e-04   7.906453e-24   384
  1.335605e-01   2.007241e-22   0.000000e+00   1.146281e-23   144
  1.341067e-01   1.794496e-22   3.767602e-09   7.498888e-24   288
  1.343919e-01   1.873578e-22   8.974411e-05   8.046724e-24   336
  1.347800e-01   1.725103e-22   8.170456e-05   9.353873e-24   168
  1.350122e-01   1.870807e-22   1.614687e-09   7.366991e-24   336
  1.354927e-01   1.849759e-22   8.480446e-05   8.453221e-24   288
  1.357812e-01   1.887658e-22   7.990748e-05   7.273513e-24   264
  1.362699e-01   1.594077e-22   0.000000e+00   6.804777e-24   240
  1.364486e-01   1.806722e-22   2.825702e-09   1.432272e-23   96
  1.370900e-01   1.719791e-22   1.086688e-04   6.857569e-24   360
  1.373893e-01   1.713217e-22   8.010757e-05   1.153166e-23   168
  1.377676e-01   1.515887e-22   8.732558e-05   6.139387e-24   456
  1.382230e-01   1.506235e-22   2.511735e-09   9.448914e-24   108
  1.384792e-01   1.449122e-22   8.761995e-05   7.103769e-24   264
  1.387988e-01   1.447027e-22   7.817127e-05   6.156467e-24   264
  1.392364e-01   1.687299e-22   7.376599e-05   7.108503e-24   312
  1.397814e-01   1.531886e-22   5.481617e-05   7.913873e-24   270
  1.400098e-01   1.408484e-22   6.959603e-05   7.811421e-24   240
  1.404204e-01   1.477044e-22   8.609907e-05   6.045139e-24   384
  1.406696e-01   1.489407e-22   0.000000e+00   9.569571e-24   192
  1.411539e-01   1.783064e-22   6.908303e-05   8.889699e-24   240
  1.414347e-01   1.505200e-22   8.525963e-05   6.136084e-24   336
  1.419630e-01   1.446884e-22   8.583011e-05   4.562640e-24   480
  1.423915e-01   1.611008e-22   0.000000e+00   1.598867e-23   72
  1.426309e-01   1.289441e-22   8.369217e-05   8.210419e-24   240
  1.429564e-01   1.400917e-22   7.865917e-05   6.043471e-24   312
  1.433297e-01   1.359223e-22   8.501169e-05   6.671412e-24   240
  1.438936e-01   1.371273e-22   6.458688e-05   5.038668e-24   408
  1.441169e-01   1.421779e-22   5.914602e-05   6.188141e-24   336
  1.445532e-01   1.508656e-22   7.510087e-05   7.070372e-24   264
  1.447677e-01   1.004119e-22   0.000000e+00   5.816640e-24   144
  1.453643e-01   1.241637e-22   1.040943e-04   4.428071e-24   464
  1.456786e-01   1.240849e-22   8.277629e-05   6.727673e-24   168
  1.459889e-01   1.114328e-22   7.539115e-05   4.859474e-24   336
  1.465498e-01   1.231444e-22   7.921315e-05   5.145048e-24   414
  1.468660e-01   1.353630e-22   8.245619e-05   8.116367e-24   216
  1.472710e-01   1.541263e-22   1.998073e-09   1.023656e-23   96
  1.474364e-01   1.124885e-22   5.994218e-09   4.535807e-24   384
  1.480158e-01   1.197780e-22   8.229688e-05   4.052963e-24   492
  1.483263e-01   1.349106e-22   8.047930e-05   6.282603e-24   240
  1.486772e-01   1.232798e-22   8.171468e-05   5.028915e-24   312
  1.491618e-01   9.602247e-23   8.168777e-05   5.072617e-24   192
  1.494688e-01   1.023552e-22   7.916535e-05   3.293109e-24   504
  1.498761e-01   1.095024e-22   5.240881e-05   4.045578e-24   408
  1.501968e-01   1.018821e-22   1.605609e-04   5.907780e-24   168
  1.505981e-01   1.123661e-22   7.626782e-05   5.430164e-24   288
  1.509348e-01   1.094636e-22   7.959200e-05   4.875665e-24   288
  1.512797e-01   8.455530e-23   8.005014e-05   3.430517e-24   432
  1.517801e-01   1.101358e-22   7.570076e-05   6.004894e-24   216
  1.520474e-01   9.097679e-23   7.554106e-05   3.634165e-24   360
  1.525234e-01   1.013310e-22   7.372735e-05   4.779709e-24   312
  1.529530e-01   1.534456e-22   0.000000e+00   1.756739e-23   48
  1.532006e-01   9.827718e-23   7.904634e-05   4.006390e-24   432
  1.536441e-01   9.341481e-23   1.318501e-04   3.809134e-24   414
  1.539060e-01   1.067635e-22   6.955573e-09   4.501500e-24   312
  1.543946e-01   9.234567e-23   1.156911e-04   3.235763e-24   528
  1.547243e-01   1.015488e-22   6.072803e-05   4.930585e-24   264
  1.551204e-01   9.905356e-23   7.200680e-05   3.713270e-24   480
  1.556380e-01   8.578596e-23   0.000000e+00   3.824769e-24   288
  1.558615e-01   1.013847e-22   7.736908e-05   5.914950e-24   168
  1.562704e-01   9.152253e-23   1.224750e-04   3.414147e-24   504
  1.567302e-01   8.992725e-23   2.664097e-09   5.713965e-24   144
  1.570194e-01   9.169393e-23   7.865832e-05   3.153627e-24   464
  1.574541e-01   9.531976e-23   1.154355e-04   3.871367e-24   432
  1.576603e-01   8.943579e-23   1.998073e-09   4.823503e-24   192
  1.581934e-01   8.019333e-23   8.557628e-05   3.576416e-24   396
  1.585082e-01   7.817916e-23   7.687110e-05   4.483726e-24   288
  1.588263e-01   8.011051e-23   7.593549e-05   3.532974e-24   336
  1.593345e-01   8.008194e-23   4.808388e-05   3.280404e-24   432
  1.596570e-01   8.244337e-23   1.246267e-04   3.810077e-24   360
  1.600192e-01   8.929367e-23   7.371853e-05   3.753338e-24   384
  1.605335e-01   8.155668e-23   6.507077e-05   4.980299e-24   198
  1.607813e-01   7.788758e-23   7.396430e-05   2.579059e-24   552
  1.612434e-01   7.457640e-23   1.035450e-04   3.196078e-24   432
  1.616292e-01   7.935663e-23   0.000000e+00   4.572411e-24   168
  1.619530e-01   7.419520e-23   1.283579e-04   2.983483e-24   480
  1.623813e-01   6.742222e-23   0.000000e+00   4.508866e-24   120
  1.625741e-01   8.667030e-23   1.048372e-04   4.371890e-24   336
  1.630445e-01   7.613992e-23   7.396097e-05   2.421738e-24   672
  1.635097e-01   8.210056e-23   1.075863e-04   2.881224e-24   528
  1.637264e-01   6.664351e-23   3.229373e-09   3.699017e-24   168
  1.642270e-01   7.461615e-23   1.200118e-04   2.550095e-24   456
  1.645324e-01   8.275879e-23   7.329223e-05   5.032306e-24   168
  1.648495e-01   7.474019e-23   7.316065e-05   2.714504e-24   504
  1.653766e-01   6.249624e-23   9.414654e-05   3.052318e-24   336
  1.656953e-01   6.880374e-23   6.786851e-05   3.161277e-24   312
  1.660489e-01   7.431538e-23   6.631214e-05   3.271904e-24   504
  1.665141e-01   6.753815e-23   4.600920e-05   2.863292e-24   432
  1.667329e-01   7.071140e-23   7.109945e-05   3.102208e-24   312
  1.671876e-01   7.470307e-23   7.288039e-05   3.671488e-24   384
  1.676624e-01   7.115713e-23   6.192036e-05   5.144761e-24   126
  1.679555e-01   6.684929e-23   1.087174e-04   2.593680e-24   492
  1.683299e-01   6.868906e-23   6.963360e-05   2.395418e-24   528
  1.687978e-01   6.162689e-23   7.073279e-05   2.302990e-24   480
  1.690879e-01   7.089053e-23   9.771696e-05   2.813118e-24   432
  1.695076e-01   6.402904e-23   7.684145e-05   2.577027e-24   440
  1.699951e-01   7.026880e-23   3.821294e-05   3.542872e-24   312
  1.701781e-01   5.814216e-23   5.726529e-05   2.245492e-24   480
  1.705533e-01   6.003478e-23   1.121243e-04   2.518860e-24   408
  1.711016e-01   6.654760e-23   6.714979e-05   2.884505e-24   360
  1.713332e-01   6.270574e-23   6.479710e-05   2.800639e-24   408
  1.717625e-01   5.240436e-23   6.593925e-05   2.235039e-24   456
  1.722458e-01   6.373180e-23   6.302169e-05   2.969626e-24   264
  1.725141e-01   6.425093e-23   6.839435e-05   2.829149e-24   384
  1.729046e-01   6.174358e-23   1.151467e-04   2.095060e-24   672
  1.733561e-01   7.103575e-23   6.887260e-05   4.082815e-24   240
  1.736166e-01   6.267102e-23   6.988846e-05   3.246298e-24   264
  1.739843e-01   4.933105e-23   8.619588e-05   1.648409e-24   624
  1.745329e-01   4.340557e-23   0.000000e+00   3.118179e-24   150
  1.747283e-01   5.930893e-23   9.658929e-05   2.006338e-24   600
  1.751402e-01   6.091411e-23   6.666345e-05   2.134285e-24   672
  1.756067e-01   5.744271e-23   6.270167e-05   2.848050e-24   336
  1.758666e-01   5.509306e-23   6.820115e-05   2.199649e-24   408
  1.762818e-01   6.229100e-23   6.804049e-05   2.966714e-24   408
  1.767436e-01   6.497287e-23   3.440492e-05   3.035300e-24   360
  1.770283e-01   5.456887e-23   1.263238e-04   2.231618e-24   456
  1.773722e-01   4.708674e-23   6.869566e-05   1.941185e-24   384
  1.778099e-01   4.600493e-23   6.341480e-05   2.127524e-24   348
  1.780464e-01   5.210377e-23   7.817791e-05   2.322645e-24   576
  1.784907e-01   5.579164e-23   6.436923e-05   2.105481e-24   504
  1.789452e-01   4.822106e-23   9.078907e-05   1.952968e-24   432
  1.793419e-01   5.130788e-23   1.235181e-04   1.834504e-24   576
  1.796248e-01   5.013080e-23   0.000000e+00   3.104423e-24   264
  1.800736e-01   5.117451e-23   9.828954e-05   1.759253e-24   768
  1.804640e-01   4.111122e-23   1.323290e-04   2.178236e-24   240
  1.807743e-01   5.741419e-23   1.167016e-04   5.186986e-24   192
  1.812263e-01   5.591273e-23   8.590664e-05   2.206794e-24   504
  1.815615e-01   5.649007e-23   1.157624e-04   2.241217e-24   590
  1.818830e-01   5.280555e-23   1.297055e-04   2.368952e-24   384
  1.822861e-01   4.777405e-23   1.083956e-04   2.034202e-24   504
  1.827729e-01   4.682158e-23   1.043140e-04   1.856249e-24   648
  1.832449e-01   4.440306e-23   2.833030e-05   1.842403e-24   504
  1.834353e-01   4.493805e-23   6.462673e-05   2.375744e-24   312
  1.837714e-01   5.521895e-23   9.311123e-05   2.471016e-24   576
  1.842327e-01   5.051068e-23   6.479663e-05   2.752114e-24   240
  1.845017e-01   4.579264e-23   6.547387e-05   1.649993e-24   552
  1.848823e-01   4.742989e-23   6.147846e-05   1.743643e-24   600
  1.854246e-01   4.624032e-23   7.509108e-05   1.806614e-24   600
  1.857506e-01   5.107274e-23   1.202524e-04   2.497683e-24   312
  1.860753e-01   5.048190e-23   1.047280e-04   2.220769e-24   480
  1.864809e-01   4.397580e-23   6.534019e-05   1.706025e-24   576
  1.868380e-01   4.663005e-23   1.052119e-04   2.082002e-24   408
  1.871548e-01   2.691329e-23   1.227345e-04   1.772364e-24   216
  1.875642e-01   4.675970e-23   9.400084e-05   1.570418e-24   516
  1.880028e-01   4.620467e-23   8.968636e-05   1.462392e-24   744
  1.884552e-01   4.402635e-23   5.990257e-05   1.782745e-24   462
  1.887109e-01   3.671824e-23   6.088230e-05   1.688478e-24   432
  1.891075e-01   4.220627e-23   5.648168e-05   1.519885e-24   648
  1.895737e-01   3.698971e-23   8.264320e-05   1.300394e-24   528
  1.899483e-01   4.336514e-23   9.952305e-05   1.689971e-24   600
  1.903225e-01   5.130154e-23   1.254725e-04   2.748673e-24   240
  1.906850e-01   3.780753e-23   9.611075e-05   1.224787e-24   720
  1.911062e-01   4.200019e-23   7.604100e-05   1.515707e-24   720
  1.915732e-01   2.423942e-23   0.000000e+00   1.716146e-24   144
  1.918190e-01   4.624978e-23   9.803961e-05   1.555565e-24   720
  1.921686e-01   4.130433e-23   5.878648e-05   1.988108e-24   384
  1.926063e-01   3.890704e-23   6.516793e-05   1.429506e-24   672
  1.930215e-01   4.500962e-23   1.141019e-04   2.561261e-24   336
  1.932199e-01   4.034009e-23   0.000000e+00   2.682244e-24   288
  1.937055e-01   3.698730e-23   9.030399e-05   1.320665e-24   776
  1.941551e-01   3.722939e-23   7.726878e-05   1.383842e-24   720
  1.945327e-01   3.645152e-23   6.224567e-05   1.453821e-24   432
  1.948347e-01   4.295543e-23   8.873905e-05   1.837132e-24   504
  1.951706e-01   4.339019e-23   6.217429e-05   2.023663e-24   528
  1.956407e-01   3.734623e-23   8.470885e-05   1.914514e-24   438
  1.960275e-01   3.692266e-23   9.859335e-05   1.350873e-24   624
  1.963189e-01   3.489519e-23   1.207635e-04   1.869079e-24   312
  1.967196e-01   4.207117e-23   6.506437e-05   1.463516e-24   696
  1.971339e-01   3.790347e-23   5.887146e-05   1.479871e-24   552
  1.975648e-01   4.361387e-23   4.554687e-05   2.120910e-24   516
  1.978313e-01   4.351506e-23   9.097645e-05   1.766396e-24   528
  1.981558e-01   3.325966e-23   5.916447e-05   1.298320e-24   528
  1.986168e-01   3.761086e-23   7.802593e-05   1.296589e-24   864
  1.989297e-01   3.696827e-23   1.068795e-04   1.774067e-24   408
  1.992429e-01   5.096300e-23   1.058911e-04   3.255275e-24   192
  1.996868e-01   3.274071e-23   8.762994e-05   1.291874e-24   720
  2.000615e-01   3.718286e-23   8.079911e-05   1.305565e-24   696
  2.005068e-01   3.346909e-23   8.726379e-05   1.203714e-24   720
  2.009142e-01   4.314470e-23   1.182756e-04   1.906117e-24   432
  2.011518e-01   3.021021e-23   6.962164e-05   1.560292e-24   264
  2.015793e-01   3.634618e-23   9.614441e-05   1.439654e-24   672
  2.019616e-01   3.690749e-23   9.843711e-05   1.371039e-24   600
  2.024154e-01   2.607863e-23   5.763483e-05   1.556429e-24   270
  2.026441e-01   3.184665e-23   8.675648e-05   1.393975e-24   528
  2.030077e-01   3.648241e-23   5.940776e-05   1.237084e-24   840
  2.035062e-01   3.894772e-23   1.135983e-04   1.216551e-24   888
  2.039669e-01   3.191235e-23   8.463909e-05   1.080761e-24   744
  2.043562e-01   3.798710e-23   4.349214e-05   1.747026e-24   456
  2.045498e-01   4.488596e-23   5.943469e-05   2.026564e-24   360
  2.048811e-01   2.994332e-23   5.149682e-05   1.490142e-24   384
  2.053895e-01   3.580508e-23   8.260041e-05   1.321597e-24   816
  2.057710e-01   3.295068e-23   1.198416e-04   1.207786e-24   824
  2.062346e-01   3.224154e-23   5.570811e-05   1.737398e-24   360
  2.064829e-01   3.273720e-23   8.220424e-05   1.258156e-24   624
  2.068246e-01   3.811830e-23   5.554917e-05   2.079812e-24   360
  2.072798e-01   3.285541e-23   7.556319e-05   1.117922e-24   876
  2.076909e-01   3.349209e-23   8.974647e-05   1.367633e-24   696
  2.081055e-01   2.813738e-23   5.795238e-05   1.490920e-24   336
  2.083228e-01   3.453759e-23   5.788726e-05   1.489350e-24   504
  2.086818e-01   3.134706e-23   5.838888e-05   1.302693e-24   672
  2.092144e-01   3.265009e-23   1.162387e-04   1.076261e-24   720
  2.095838e-01   3.106982e-23   8.780591e-05   1.047713e-24   774
  2.099915e-01   3.115027e-23   5.025783e-05   1.633047e-24   384
  2.102050e-01   3.460471e-23   9.671763e-05   1.512039e-24   528
  2.105364e-01   3.284586e-23   9.217729e-05   1.057678e-24   744
  2.110694e-01   3.542513e-23   7.602671e-05   1.199068e-24   768
  2.114233e-01   2.892240e-23   8.534571e-05   1.363319e-24   552
  2.118649e-01   3.242487e-23   9.301717e-05   1.439171e-24   696
  2.121934e-01   3.274362e-23   1.130320e-04   1.588149e-24   408
  2.124541e-01   3.437629e-23   4.883074e-05   1.524963e-24   504
  2.128675e-01   3.383663e-23   8.772259e-05   1.059446e-24   888
  2.132743e-01   3.116202e-23   9.116913e-05   1.168369e-24   648
  2.136971e-01   3.277620e-23   9.038766e-05   1.390442e-24   648
  2.140948e-01   3.272190e-23   9.746006e-05   1.281179e-24   792
  2.145162e-01   2.751852e-23   1.425907e-04   1.212683e-24   600
  2.148267e-01   2.655450e-23   9.663487e-05   1.130576e-24   456
  2.151535e-01   2.990833e-23   4.709572e-05   1.219061e-24   648
  2.155732e-01   2.877186e-23   9.184351e-05   9.086648e-25   936
  2.160264e-01   3.864284e-23   5.640375e-05   1.809250e-24   384
  2.164208e-01   2.698613e-23   4.745948e-09   2.018368e-24   198
  2.167253e-01   3.066093e-23   1.431011e-04   8.948653e-25   1224
  2.170537e-01   3.821936e-23   1.042217e-04   1.890899e-24   420
  2.174420e-01   2.901729e-23   1.008648e-04   9.216572e-25   792
  2.178218e-01   2.884325e-23   8.340657e-05   1.236680e-24   680
  2.182552e-01   2.771042e-23   7.658783e-05   1.067239e-24   600
  2.186039e-01   3.002524e-23   1.110734e-04   1.091087e-24   840
  2.190695e-01   2.867607e-23   5.244369e-05   1.338770e-24   432
  2.192474e-01   3.050230e-23   4.914665e-05   1.302811e-24   720
  2.196343e-01   2.908347e-23   9.843213e-05   9.576709e-25   960
  2.201154e-01   2.751282e-23   8.774504e-05   1.150852e-24   528
  2.204670e-01   2.870426e-23   8.969217e-05   1.382300e-24   624
  2.208855e-01   3.188889e-23   7.049743e-05   1.128149e-24   816
  2.213008e-01   3.053290e-23   1.159345e-04   1.307901e-24   696
  2.217599e-01   2.753411e-23   7.830814e-09   2.189281e-24   240
  2.219325e-01   2.910316e-23   6.836935e-05   1.178680e-24   672
  2.223177e-01   2.679766e-23   1.221858e-04   1.020276e-24   864
  2.227499e-01   2.425952e-23   9.375778e-05   8.321845e-25   816
  2.231394e-01   2.726803e-23   5.366372e-05   1.166885e-24   648
  2.235589e-01   2.987046e-23   5.485410e-05   1.030719e-24   843
  2.239151e-01   2.740001e-23   9.869601e-05   1.063996e-24   780
  2.243395e-01   2.187502e-23   5.295844e-05   1.854551e-24   216
  2.246013e-01   2.580117e-23   1.277035e-04   7.777652e-25   1056
  2.250039e-01   2.723612e-23   1.044758e-04   2.173482e-24   228
  2.253767e-01   2.977729e-23   1.300750e-04   9.759124e-25   924
  2.257594e-01   2.692385e-23   4.825052e-05   9.725470e-25   696
  2.261647e-01   2.434936e-23   8.587211e-05   9.551040e-25   996
  2.265793e-01   2.195597e-23   5.069718e-05   9.957024e-25   576
  2.270107e-01   2.831585e-23   7.824775e-05   1.435412e-24   552
  2.273251e-01   2.874763e-23   9.342507e-05   1.001870e-24   516
  2.276442e-01   2.752099e-23   1.358594e-04   1.039834e-24   744
  2.280088e-01   2.210147e-23   6.664715e-05   8.678689e-25   576
  2.283260e-01   2.515142e-23   6.859680e-05   9.334793e-25   792
  2.287768e-01   2.788809e-23   7.841886e-05   1.031726e-24   792
  2.291071e-01   2.523852e-23   8.457391e-05   1.001826e-24   720
  2.295538e-01   2.463451e-23   9.639481e-05   9.279624e-25   656
  2.299724e-01   2.247297e-23   1.052581e-04   7.837064e-25   816
  2.304015e-01   2.379961e-23   5.675340e-05   1.215952e-24   492
  2.306454e-01   2.645346e-23   8.164378e-05   1.263404e-24   552
  2.311032e-01   2.041686e-23   1.419686e-04   7.876399e-25   780
  2.314005e-01   2.704059e-23   8.720963e-05   1.094822e-24   528
  2.317208e-01   2.106115e-23   1.018002e-04   8.346626e-25   600
  2.321929e-01   2.577056e-23   8.460399e-05   9.172731e-25   900
  2.325183e-01   2.353056e-23   4.683822e-05   1.007946e-24   696
  2.329660e-01   2.113231e-23   1.184322e-04   9.219940e-25   696
  2.333991e-01   1.943460e-23   4.804683e-05   7.195205e-25   552
  2.337633e-01   1.958119e-23   5.587403e-05   7.473763e-25   708
  2.341448e-01   2.155473e-23   9.225121e-05   7.821316e-25   876
  2.345418e-01   2.318585e-23   4.898356e-05   1.828914e-24   216
  2.348082e-01   2.377685e-23   1.339767e-04   7.302877e-25   1032
  2.352071e-01   2.086901e-23   1.491682e-04   1.021795e-24   600
  2.356212e-01   1.758853e-23   7.117755e-05   8.000929e-25   600
  2.359371e-01   2.173251e-23   1.256929e-04   8.653791e-25   528
  2.363105e-01   2.130415e-23   6.899988e-05   8.311517e-25   732
  2.367039e-01   2.535737e-23   5.095015e-05   1.363218e-24   336
  2.371566e-01   2.006420e-23   7.261407e-05   6.591100e-25   912
  2.374950e-01   1.783054e-23   7.288252e-05   7.341413e-25   624
  2.378647e-01   2.040784e-23   6.141657e-05   8.123412e-25   768
  2.382963e-01   2.062203e-23   1.108076e-04   6.209136e-25   792
  2.387198e-01   2.261080e-23   5.493383e-05   1.059437e-24   660
  2.390212e-01   2.055122e-23   8.095383e-05   1.051395e-24   504
  2.393329e-01   1.822053e-23   1.322631e-04   8.399908e-25   480
  2.398000e-01   1.696679e-23   1.223261e-04   5.245794e-25   912
  2.401658e-01   1.789617e-23   1.362291e-04   8.487063e-25   432
  2.405113e-01   2.010200e-23   8.088962e-05   8.366800e-25   564
  2.408180e-01   1.712128e-23   7.742251e-05   6.606323e-25   600
  2.412498e-01   2.053803e-23   1.079196e-04   7.763910e-25   876
  2.415741e-01   1.690804e-23   4.852393e-05   9.114885e-25   264
  2.420212e-01   1.659959e-23   9.415549e-05   6.993764e-25   560
  2.423806e-01   1.775071e-23   6.398069e-05   5.711823e-25   840
  2.428168e-01   1.556199e-23   9.863978e-05   4.807132e-25   1008
  2.432202e-01   1.417279e-23   4.412481e-05   6.083926e-25   456
  2.435886e-01   1.923707e-23   5.715745e-05   8.997580e-25   576
  2.439292e-01   1.942633e-23   8.782853e-05   7.861162e-25   612
  2.443783e-01   1.676245e-23   7.844513e-05   6.154588e-25   780
  2.447447e-01   1.759069e-23   8.989453e-05   6.813166e-25   648
  2.451197e-01   1.668332e-23   4.189201e-05   8.033834e-25   312
  2.453594e-01   1.380724e-23   1.064407e-04   5.699365e-25   528
  2.457747e-01   1.488573e-23   1.390063e-04   5.124470e-25   720
  2.461718e-01   1.511653e-23   1.394416e-04   6.863153e-25   576
  2.466533e-01   1.413735e-23   1.202863e-04   5.920244e-25   444
  2.469529e-01   1.603940e-23   1.179621e-04   4.821487e-25   996
  2.473200e-01   1.582915e-23   9.853387e-05   7.785120e-25   432
  2.476669e-01   1.786761e-23   1.078752e-04   7.344203e-25   504
  2.479666e-01   1.266461e-23   4.863583e-05   4.505545e-25   504
  2.483934e-01   1.716902e-23   9.571589e-05   5.200649e-25   876
  2.487796e-01   1.438029e-23   1.101599e-04   5.851414e-25   504
  2.491817e-01   1.345843e-23   7.025420e-05   5.347504e-25   696
  2.495140e-01   1.509341e-23   6.005997e-05   5.720981e-25   492
  2.499662e-01   1.395216e-23   8.597875e-05   6.240725e-25   432
  2.503011e-01   1.605654e-23   8.050968e-05   5.979124e-25   768
  2.506981e-01   1.317234e-23   1.002856e-04   4.979817e-25   648
  2.510772e-01   1.175963e-23   6.542561e-05   4.460683e-25   456
  2.515128e-01   1.580607e-23   8.997083e-05   6.019451e-25   552
  2.518153e-01   1.444745e-23   6.166608e-05   5.353541e-25   648
  2.522317e-01   1.272173e-23   1.005122e-04   3.982298e-25   840
  2.526384e-01   1.361211e-23   4.793217e-05   5.452086e-25   432
  2.530455e-01   1.402741e-23   5.870872e-05   5.892155e-25   600
  2.533287e-01   1.537027e-23   6.255029e-05   7.081778e-25   432
  2.538044e-01   1.432732e-23   6.227491e-05   5.608496e-25   560
  2.541265e-01   1.333524e-23   9.857465e-05   4.546332e-25   840
  2.545299e-01   1.289180e-23   5.838720e-05   5.854665e-25   504
  2.548502e-01   1.249277e-23   1.191648e-04   4.382495e-25   696
  2.553018e-01   1.450777e-23   6.508356e-05   8.311971e-25   384
  2.556535e-01   1.205356e-23   9.533975e-05   5.037158e-25   576
  2.560789e-01   1.244496e-23   5.883893e-05   5.254456e-25   360
  2.564218e-01   1.404822e-23   8.762544e-05   4.935930e-25   828
  2.567917e-01   1.261109e-23   7.804673e-05   6.846543e-25   372
  2.571307e-01   1.244504e-23   1.191923e-04   4.709468e-25   576
  2.575797e-01   1.382005e-23   4.991761e-05   5.243732e-25   636
  2.578996e-01   1.236639e-23   9.622826e-05   4.144568e-25   648
  2.583323e-01   1.112458e-23   7.822306e-05   4.382914e-25   576
  2.586430e-01   1.314638e-23   1.261820e-04   6.561842e-25   528
  2.590561e-01   1.294940e-23   5.394804e-05   6.855063e-25   360
  2.593981e-01   1.122048e-23   1.241007e-04   3.478677e-25   672
  2.598446e-01   1.248536e-23   6.356642e-05   4.242877e-25   804
  2.602163e-01   1.267385e-23   7.012137e-05   4.671903e-25   408
  2.606274e-01   1.181560e-23   4.334263e-05   4.882746e-25   384
  2.609042e-01   9.326174e-24   9.918459e-05   3.996627e-25   480
  2.612947e-01   1.100849e-23   6.408778e-05   5.271481e-25   432
  2.616692e-01   1.376350e-23   1.181001e-04   6.131552e-25   648
  2.621125e-01   1.183055e-23   7.328056e-05   4.433377e-25   624
  2.624367e-01   1.079247e-23   6.665485e-05   4.446788e-25   456
  2.628795e-01   1.202661e-23   9.105646e-05   4.902072e-25   588
  2.631762e-01   1.046267e-23   5.809364e-05   3.757099e-25   600
  2.636094e-01   1.084844e-23   9.061183e-05   3.746827e-25   708
  2.639516e-01   1.202607e-23   5.708370e-05   5.889971e-25   360
  2.643298e-01   1.241537e-23   6.561923e-05   5.722632e-25   552
  2.646923e-01   1.001450e-23   4.603344e-05   5.681142e-25   288
  2.650603e-01   1.006418e-23   8.655546e-05   3.829509e-25   528
  2.654060e-01   1.253699e-23   5.839431e-05   5.991334e-25   456
  2.657924e-01   1.123430e-23   1.035458e-04   4.191714e-25   608
  2.661809e-01   9.048103e-24   5.009661e-05   3.249301e-25   504
  2.666055e-01   8.778845e-24   1.075546e-04   3.634218e-25   540
  2.669384e-01   1.106935e-23   1.154568e-04   5.998493e-25   360
  2.672972e-01   1.303079e-23   5.228475e-05   5.060848e-25   540
  2.676146e-01   1.060909e-23   4.489266e-05   4.279788e-25   576
  2.680762e-01   1.108597e-23   1.040909e-04   4.587331e-25   588
  2.685150e-01   1.035223e-23   1.436140e-04   3.620350e-25   672
  2.688920e-01   1.171808e-23   1.097654e-04   4.750968e-25   552
  2.691959e-01   1.091718e-23   1.098209e-04   7.131374e-25   144
  2.695837e-01   1.042082e-23   9.330411e-05   3.812199e-25   600
  2.699514e-01   9.148456e-24   1.169304e-04   3.835360e-25   504
  2.703595e-01   1.121125e-23   1.201111e-04   6.567290e-25   336
  2.707887e-01   9.970112e-24   1.350054e-04   3.572985e-25   600
  2.711731e-01   9.318720e-24   8.712810e-05   3.390315e-25   636
  2.715880e-01   1.008436e-23   7.005178e-05   4.841838e-25   384
  2.718789e-01   1.054487e-23   9.771396e-05   3.678603e-25   504
  2.722982e-01   1.017055e-23   4.100918e-05   5.710784e-25   240
  2.726291e-01   1.049218e-23   9.633639e-05   3.336049e-25   744
  2.730261e-01   9.757248e-24   6.578310e-05   3.525842e-25   648
  2.733790e-01   1.416211e-23   4.366878e-05   1.002129e-24   120
  2.737925e-01   9.256251e-24   6.859799e-05   3.609164e-25   564
  2.741050e-01   9.362372e-24   1.077373e-04   3.894360e-25   432
  2.745220e-01   7.941852e-24   8.362543e-05   2.913827e-25   480
  2.748361e-01   8.214134e-24   6.155045e-05   3.265727e-25   456
  2.752067e-01   1.012669e-23   1.018569e-04   5.082571e-25   444
  2.756274e-01   7.986364e-24   1.558464e-04   2.751935e-25   528
  2.759969e-01   1.027008e-23   1.157439e-04   5.894001e-25   264
  2.763555e-01   9.387131e-24   1.186203e-04   4.511481e-25   444
  2.768379e-01   9.538647e-24   1.299311e-04   3.261589e-25   696
  2.772383e-01   1.082433e-23   6.949148e-05   5.133417e-25   384
  2.775311e-01   9.099432e-24   8.780831e-05   3.712297e-25   432
  2.779866e-01   9.341678e-24   6.067143e-05   3.984827e-25   488
  2.782823e-01   1.003769e-23   9.143939e-05   4.297867e-25   480
  2.787111e-01   9.093928e-24   1.019738e-04   3.946017e-25   480
  2.790432e-01   8.960073e-24   4.278510e-05   4.017579e-25   240
  2.794202e-01   8.885229e-24   9.994261e-05   3.015328e-25   600
  2.797758e-01   8.314568e-24   8.708975e-05   4.752073e-25   288
  2.801544e-01   8.583889e-24   8.377397e-05   3.016983e-25   480
  2.805379e-01   8.582550e-24   1.490189e-04   3.510041e-25   504
  2.809155e-01   9.322973e-24   6.393839e-05   5.563119e-25   216
  2.813970e-01   8.996501e-24   1.046773e-04   3.939166e-25   504
  2.817720e-01   8.578687e-24   8.419242e-05   3.583878e-25   456
  2.821825e-01   9.597276e-24   4.828579e-05   4.551394e-25   384
  2.824544e-01   9.159359e-24   9.800271e-05   3.640420e-25   480
  2.828408e-01   8.029364e-24   8.605736e-05   2.928314e-25   504
  2.831988e-01   8.507209e-24   5.458940e-05   5.550803e-25   312
  2.835845e-01   8.848458e-24   8.796897e-05   4.091069e-25   492
  2.839260e-01   1.058172e-23   8.245044e-05   6.413880e-25   312
  2.843655e-01   8.117377e-24   1.339342e-04   3.064950e-25   576
  2.847524e-01   8.393399e-24   1.236321e-04   4.326252e-25   336
  2.850738e-01   7.346911e-24   9.519099e-05   4.463559e-25   240
  2.855192e-01   8.262013e-24   1.261991e-04   3.213200e-25   468
  2.859039e-01   8.152123e-24   7.901891e-05   4.230620e-25   192
  2.863065e-01   7.681036e-24   7.925442e-05   3.602207e-25   324
  2.866016e-01   8.406317e-24   5.752155e-05   3.166296e-25   600
  2.870037e-01   8.957870e-24   9.332283e-05   3.778861e-25   456
  2.873023e-01   8.702685e-24   4.197661e-05   4.044038e-25   336
  2.877972e-01   8.904249e-24   1.256898e-04   3.333964e-25   612
  2.881573e-01   7.972364e-24   1.054844e-04   5.251241e-25   144
  2.884978e-01   8.396136e-24   1.231274e-04   2.893224e-25   552
  2.889609e-01   7.105994e-24   4.848907e-05   4.110678e-25   264
  2.892225e-01   8.439164e-24   1.122646e-04   5.118047e-25   336
  2.896353e-01   7.666057e-24   7.418058e-05   3.214232e-25   384
  2.899932e-01   9.044241e-24   4.175634e-05   5.976511e-25   216
  2.903894e-01   6.835559e-24   8.853205e-05   3.185885e-25   344
  2.907507e-01   7.507371e-24   1.320940e-04   4.035009e-25   408
  2.911910e-01   7.492722e-24   1.015056e-04   3.731928e-25   264
  2.915811e-01   8.172171e-24   1.415038e-04   2.933930e-25   612
  2.919709e-01   1.019425e-23   7.282870e-05   4.503510e-25   408
  2.923718e-01   7.298267e-24   7.293338e-05   3.331623e-25   444
  2.926663e-01   1.152668e-23   4.079109e-05   1.151262e-24   120
  2.930609e-01   8.147393e-24   1.126983e-04   3.742370e-25   336
  2.933538e-01   7.812352e-24   3.916222e-05   4.906837e-25   288
  2.937496e-01   7.649971e-24   1.218735e-04   3.183835e-25   552
  2.942938e-01   1.345892e-23   6.525678e-09   1.561060e-24   72
  2.945736e-01   7.178680e-24   1.210514e-04   2.870620e-25   504
  2.949004e-01   5.902212e-24   3.895317e-05   3.641786e-25   216
  2.953239e-01   7.138352e-24   6.954821e-05   3.559569e-25   312
  2.957040e-01   7.745730e-24   7.919158e-05   4.231800e-25   336
  2.960663e-01   6.294508e-24   1.097684e-04   2.925982e-25   204
  2.964271e-01   8.769639e-24   1.275676e-04   3.453514e-25   504
  2.968098e-01   8.921242e-24   1.214810e-04   4.589572e-25   396
  2.971778e-01   8.293959e-24   1.114044e-04   4.703806e-25   312
  2.976240e-01   9.197173e-24   6.808000e-05   5.792558e-25   216
  2.979383e-01   6.716755e-24   3.694832e-05   4.396928e-25   168
  2.983203e-01   7.817307e-24   9.329657e-05   2.791911e-25   588
  2.987563e-01   6.476875e-24   1.266392e-04   3.590290e-25   240
  2.990950e-01   6.489707e-24   1.118436e-04   3.922651e-25   264
  2.994922e-01   6.605995e-24   1.383176e-04   4.582861e-25   288
  2.998446e-01   7.507858e-24   6.907007e-05   3.752997e-25   288
  3.002913e-01   7.274675e-24   6.486779e-05   4.149498e-25   288
  3.005921e-01   6.407947e-24   7.514392e-05   4.035010e-25   192
  3.009705e-01   5.220367e-24   7.996067e-05   2.319943e-25   264
  3.013310e-01   9.961823e-24   1.315242e-04   4.802484e-25   372
  3.017189e-01   8.709022e-24   1.420518e-04   4.197566e-25   360
  3.021924e-01   9.559861e-24   6.011768e-05   9.322854e-25   144
  3.024371e-01   7.107317e-24   8.350082e-05   4.035644e-25   296
  3.028234e-01   7.860902e-24   8.996782e-05   5.060589e-25   288
  3.032657e-01   7.038243e-24   1.344546e-04   3.045544e-25   480
  3.036471e-01   6.656492e-24   1.117190e-04   4.597806e-25   192
  3.040181e-01   7.773768e-24   1.198338e-04   6.004368e-25   192
  3.043553e-01   7.368938e-24   7.637151e-05   5.371762e-25   288
  3.048242e-01   5.950658e-24   6.648036e-05   4.877366e-25   108
  3.050604e-01   7.705708e-24   6.391272e-05   3.820360e-25   240
  3.054775e-01   5.757653e-24   1.192307e-04   2.969283e-25   384
  3.059059e-01   8.837583e-24   1.454479e-04   5.833306e-25   108
  3.062848e-01   9.224149e-24   8.527881e-05   4.981897e-25   348
  3.066832e-01   6.790809e-24   8.900031e-05   4.100046e-25   312
  3.070391e-01   6.581791e-24   8.648246e-05   7.169331e-25   96
  3.073663e-01   6.974683e-24   1.151358e-04   4.179357e-25   384
  3.077328e-01   5.614810e-24   7.919012e-05   3.771012e-25   144
  3.080912e-01   7.407841e-24   1.216791e-04   3.646673e-25   408
  3.085368e-01   5.380411e-24   5.427748e-05   4.370280e-25   144
  3.089578e-01   5.892158e-24   1.043490e-04   3.805116e-25   192
  3.092074e-01   6.687774e-24   1.174468e-04   4.733616e-25   144
  3.096144e-01   5.923592e-24   9.548855e-05   5.001748e-25   144
  3.099983e-01   7.231750e-24   1.167025e-04   4.066191e-25   336
  3.104685e-01   5.173037e-24   8.634502e-05   3.069650e-25   240
  3.107666e-01   6.349449e-24   3.920851e-05   5.268734e-25   96
  3.111825e-01   6.970388e-24   1.149797e-04   4.053748e-25   372
  3.116031e-01   6.510286e-24   1.367659e-04   6.475525e-25   132
  3.119726e-01   5.501156e-24   8.462908e-05   2.860068e-25   264
  3.123032e-01   7.025296e-24   6.499128e-05   4.764791e-25   168
  3.126560e-01   6.845992e-24   1.039086e-04   3.553024e-25   216
  3.129676e-01   5.046611e-24   6.357256e-05   3.651825e-25   216
  3.134215e-01   4.939018e-24   1.166292e-04   3.682572e-25   96
  3.138333e-01   6.774803e-24   7.608990e-05   5.155100e-25   120
  3.142110e-01   6.816829e-24   9.673168e-05   4.524811e-25   216
  3.145221e-01   4.771909e-24   4.227207e-05   2.817888e-25   200
  3.149340e-01   5.659079e-24   1.094242e-04   3.281120e-25   288
  3.154623e-01   3.722230e-24   2.879164e-05   2.045961e-25   144
  3.156848e-01   5.848760e-24   8.959781e-05   4.310271e-25   168
  3.161391e-01   6.166419e-24   1.008340e-04   3.856350e-25   159
  3.164937e-01   5.255132e-24   1.057991e-04   4.288982e-25   174
  3.168369e-01   5.604111e-24   9.593494e-05   4.163313e-25   144
  3.172863e-01   6.246370e-24   5.539549e-05   3.985817e-25   222
  3.175869e-01   4.714510e-24   5.589895e-05   2.527642e-25   168
  3.181060e-01   6.458360e-24   1.226079e-04   6.973053e-25   30
  3.183205e-01   4.458207e-24   1.082537e-04   4.737444e-25   72
  3.187244e-01   5.342780e-24   9.661517e-05   4.255386e-25   258
  3.191684e-01   4.862750e-24   6.051257e-05   2.436334e-25   264
  3.193905e-01   3.616275e-24   0.000000e+00   3.399447e-25   72
  3.198532e-01   4.011353e-24   1.199385e-04   3.114408e-25   174
  3.202721e-01   4.523255e-24   1.277123e-04   2.680852e-25   168
  3.206090e-01   3.988958e-24   3.996146e-09   3.796081e-25   48
  3.209705e-01   4.969874e-24   7.212215e-05   3.814084e-25   150
  3.213898e-01   5.864160e-24   1.326739e-04   3.383947e-25   168
  3.218102e-01   4.297347e-24   8.081877e-05   2.348403e-25   144
  3.221967e-01   5.616928e-24   7.550312e-05   3.998506e-25   102
  3.224847e-01   3.688504e-24   1.117576e-04   3.167033e-25   96
  3.229415e-01   4.376050e-24   1.109119e-04   3.546711e-25   120
  3.232799e-01   3.071569e-24   1.189559e-04   1.529498e-25   168
  3.236458e-01   6.538095e-24   8.783953e-05   5.207537e-25   126
  3.239576e-01   4.886339e-24   6.624856e-05   3.453786e-25   168
  3.243872e-01   4.789086e-24   1.062297e-04   3.804694e-25   72
  3.247626e-01   3.998904e-24   1.330232e-04   2.158925e-25   168
  3.250914e-01   4.581077e-24   3.646820e-05   3.622967e-25   78
  3.255420e-01   4.885924e-24   5.987806e-05   4.149181e-25   60
  3.259049e-01   5.459693e-24   9.713191e-05   3.893715e-25   96
  3.262812e-01   4.623011e-24   1.178615e-04   2.940568e-25   168
  3.266349e-01   4.087619e-24   7.457817e-05   3.847154e-25   86
  3.270060e-01   3.425549e-24   6.665520e-05   2.028525e-25   120
  3.275378e-01   4.218853e-24   4.753401e-05   2.094616e-25   168
  3.278247e-01   3.557388e-24   0.000000e+00   3.464287e-25   48
  3.282110e-01   4.975160e-24   8.660181e-05   2.940442e-25   120
  3.284330e-01   4.065920e-24   6.317951e-05   2.739816e-25   126
  3.289749e-01   4.334603e-24   1.111151e-04   3.603415e-25   96
  3.293266e-01   4.503911e-24   3.204012e-05   3.859428e-25   96
  3.296039e-01   3.858460e-24   0.000000e+00   3.343368e-25   72
  3.301949e-01   3.728311e-24   3.996146e-09   3.959175e-25   24
  3.305637e-01   5.263089e-24   6.593782e-05   3.919701e-25   120
  3.308514e-01   3.766217e-24   9.618300e-05   2.877029e-25   126
  3.311713e-01   3.290783e-24   8.018157e-05   2.517913e-25   96
  3.315452e-01   2.767687e-24   1.385771e-04   3.162891e-25   72
  3.319614e-01   4.365578e-24   5.993927e-05   3.117643e-25   144
  3.323038e-01   4.728748e-24   3.457157e-05   3.811164e-25   72
  3.326459e-01   5.668945e-24   6.905176e-05   6.914971e-25   54
  3.329469e-01   3.762703e-24   6.085106e-05   3.214537e-25   108
  3.335726e-01   4.973408e-24   5.964977e-05   3.952079e-25   72
  3.337673e-01   4.176750e-24   3.441997e-05   3.208254e-25   72
  3.342294e-01   2.846795e-24   6.921527e-09   3.260687e-25   24
  3.346666e-01   2.801761e-24   7.281693e-05   2.431722e-25   48
  3.349321e-01   3.438255e-24   5.546771e-05   2.442132e-25   102
  3.353317e-01   2.960214e-24   1.254449e-04   1.753505e-25   168
  3.358538e-01   2.884296e-24   6.841470e-05   2.197156e-25   72
  3.360473e-01   3.363280e-24   0.000000e+00   2.317698e-25   48
  3.364531e-01   4.395782e-24   1.176775e-04   3.224172e-25   120
  3.369887e-01   3.642187e-24   7.231517e-05   2.039352e-25   96
  3.374945e-01   4.849117e-24   7.830814e-09   6.793931e-25   30
  3.380957e-01   4.296397e-24   3.397687e-05   3.838265e-25   72
  3.383599e-01   3.158509e-24   3.996146e-09   3.625291e-25   24
  3.386992e-01   3.215798e-24   5.036212e-05   2.983291e-25   56
  3.390793e-01   2.766540e-24   7.186930e-05   2.383962e-25   96
  3.395342e-01   3.601947e-24   7.936128e-05   2.169869e-25   144
  3.398849e-01   3.446655e-24   4.505822e-05   3.075354e-25   54
  3.403944e-01   3.265593e-24   6.750198e-05   2.493579e-25   108
  3.409071e-01   4.619179e-24   3.574199e-05   5.085793e-25   48
  3.413952e-01   3.007746e-24   1.345800e-04   2.629253e-25   72
  3.425664e-01   3.444727e-24   8.891744e-05   2.551497e-25   78
  3.428909e-01   2.969706e-24   6.701044e-05   2.207674e-25   72
  3.432698e-01   2.822407e-24   6.692725e-05   1.768772e-25   72
  3.436659e-01   2.731756e-24   1.615028e-04   2.071369e-25   96
  3.439790e-01   2.867894e-24   6.678928e-05   2.388351e-25   72
  3.443566e-01   3.343283e-24   0.000000e+00   3.656147e-25   24
  3.447338e-01   2.726703e-24   1.332770e-04   1.807093e-25   72
  3.455858e-01   3.284710e-24   8.463498e-05   4.232325e-25   30
  3.457691e-01   5.595960e-24   0.000000e+00   7.850879e-25   24
  3.467544e-01   2.971886e-24   7.027855e-05   2.603483e-25   48
  3.470634e-01   2.990829e-24   1.512394e-04   2.370232e-25   120
  3.474798e-01   2.914517e-24   6.612537e-05   2.042115e-25   72
  3.479003e-01   3.931781e-24   6.604543e-05   4.166164e-25   36
  3.481894e-01   2.969106e-24   1.305365e-04   2.851783e-25   78
  3.489960e-01   3.285923e-24   6.982714e-05   3.303279e-25   48
  3.500419e-01   2.970994e-24   5.651403e-09   5.327566e-25   24
  3.507870e-01   2.648478e-24   4.862619e-05   2.491886e-25   56
  3.511622e-01   2.788729e-24   7.482652e-05   2.022683e-25   102
  3.516395e-01   2.866177e-24   5.328194e-09   1.901772e-25   72
  3.519166e-01   2.510516e-24   0.000000e+00   4.317069e-25   24
  3.524009e-01   3.452405e-24   6.915246e-05   2.731484e-25   48
  3.532988e-01   3.983769e-24   0.000000e+00   4.122787e-25   24
  3.544007e-01   3.383132e-24   0.000000e+00   5.179775e-25   6
  3.547443e-01   2.513066e-24   0.000000e+00   3.811173e-25   24
  3.549732e-01   2.831899e-24   6.472929e-05   2.102799e-25   72
  3.553914e-01   2.424804e-24   1.207586e-04   2.165970e-25   84
  3.558418e-01   2.967890e-24   0.000000e+00   3.572662e-25   24
  3.559787e-01   2.111758e-24   5.651403e-09   4.111767e-25   24
  3.566626e-01   3.624446e-24   3.996146e-09   3.755346e-25   24
  3.576179e-01   3.308584e-24   0.000000e+00   2.970868e-25   6
  3.588424e-01   2.845531e-24   6.791113e-05   2.930901e-25   48
  3.591365e-01   2.318176e-24   1.279335e-04   1.792086e-25   72
  3.595209e-01   3.312504e-24   6.778297e-05   2.939945e-25   48
  3.601304e-01   3.100818e-24   0.000000e+00   4.237403e-25   24
  3.609415e-01   3.292710e-24   3.996146e-09   7.902687e-25   6
  3.627599e-01   1.664188e-24   0.000000e+00   4.858607e-25   8
  3.628942e-01   2.969484e-24   3.996146e-09   2.853511e-25   48
  3.632164e-01   2.369400e-24   6.573533e-05   1.708645e-25   60
  3.636991e-01   3.856575e-24   0.000000e+00   5.361676e-25   24
  3.643686e-01   3.883966e-24   0.000000e+00   1.011701e-24   6
  3.668348e-01   2.980533e-24   0.000000e+00   4.325758e-25   24
  3.670341e-01   2.829478e-24   6.639546e-05   3.441904e-25   48
  3.673659e-01   2.805732e-24   0.000000e+00   4.337095e-25   24
  3.678962e-01   3.030769e-24   3.996146e-09   4.378434e-25   6
  3.709088e-01   2.145616e-24   6.194064e-05   1.736183e-25   36
  3.711278e-01   2.212184e-24   0.000000e+00   3.802766e-25   24
  3.715215e-01   6.359694e-24   0.000000e+00   3.275958e-25   6
  3.749494e-01   2.308563e-24   5.629118e-05   2.881712e-25   32
  3.752417e-01   2.966425e-24   3.996146e-09   1.725800e-25   6
  3.789254e-01   4.252703e-24   0.000000e+00   7.387574e-25   12
  3.790540e-01   2.517231e-24   0.000000e+00   6.963402e-25   6
  3.829556e-01   1.862476e-24   5.651403e-09   6.023594e-25   6
