# power spectrum of delta for linear fields (CLASS)
# redshift z=10.000000
# k              Pk             sigma(k)       sigma(Pk)      count
  6.981317e-03   2.244461e-09   0.000000e+00   9.053990e-10   6
  9.873073e-03   4.661918e-09   0.000000e+00   9.313697e-10   12
  1.209200e-02   7.399126e-09   1.324548e-10   1.506914e-09   8
  1.396263e-02   4.171268e-08   0.000000e+00   4.492255e-09   6
  1.561070e-02   4.358440e-08   0.000000e+00   1.390572e-08   24
  1.710066e-02   8.662007e-08   2.497591e-10   1.460538e-08   24
  1.974615e-02   6.448060e-08   0.000000e+00   2.904654e-08   12
  2.094395e-02   9.210481e-08   2.825702e-10   1.698088e-08   30
  2.207686e-02   1.383837e-07   0.000000e+00   3.052241e-08   24
  2.315441e-02   1.489400e-07   4.325955e-10   3.695031e-08   24
  2.418399e-02   2.020264e-07   2.649095e-10   4.098526e-08   8
  2.517150e-02   1.960194e-07   3.532127e-10   2.437263e-08   24
  2.612170e-02   2.090991e-07   0.000000e+00   2.940841e-08   48
  2.792527e-02   3.092847e-07   0.000000e+00   1.360991e-07   6
  2.878471e-02   2.740948e-07   4.995182e-10   3.851985e-08   48
  2.961922e-02   2.794296e-07   0.000000e+00   2.908426e-08   36
  3.043086e-02   4.398046e-07   3.532127e-10   9.204314e-08   24
  3.122140e-02   2.807743e-07   0.000000e+00   4.837664e-08   24
  3.199241e-02   2.724840e-07   0.000000e+00   3.708511e-08   48
  3.274528e-02   4.567583e-07   4.995182e-10   6.506933e-08   24
  3.420133e-02   4.195635e-07   4.995182e-10   6.605198e-08   24
  3.490659e-02   3.066258e-07   0.000000e+00   5.023071e-08   30
  3.559787e-02   3.492123e-07   0.000000e+00   3.860194e-08   72
  3.627599e-02   3.623235e-07   5.298191e-10   7.382572e-08   32
  3.759554e-02   5.451722e-07   0.000000e+00   6.328675e-08   72
  3.823825e-02   3.511317e-07   0.000000e+00   5.137706e-08   48
  3.949229e-02   2.082912e-07   0.000000e+00   6.200958e-08   12
  4.010461e-02   4.337664e-07   0.000000e+00   6.511190e-08   48
  4.070772e-02   4.032942e-07   0.000000e+00   4.017877e-08   48
  4.130203e-02   5.621689e-07   4.995182e-10   7.097510e-08   48
  4.188790e-02   7.093011e-07   5.651403e-10   1.244408e-07   30
  4.246569e-02   6.571061e-07   4.995182e-10   1.479207e-07   24
  4.303573e-02   7.108418e-07   1.053077e-09   7.152847e-08   72
  4.415373e-02   4.588881e-07   0.000000e+00   8.717879e-08   24
  4.470224e-02   7.344783e-07   0.000000e+00   7.283362e-08   96
  4.524411e-02   5.904580e-07   0.000000e+00   7.847286e-08   48
  4.577956e-02   5.144128e-07   8.651909e-10   1.264643e-07   24
  4.630882e-02   3.877910e-07   8.651909e-10   7.969887e-08   24
  4.683210e-02   9.664185e-07   0.000000e+00   1.180835e-07   72
  4.734960e-02   7.507550e-07   0.000000e+00   1.156674e-07   48
  4.836798e-02   7.066680e-07   5.298191e-10   2.111224e-07   8
  4.886922e-02   1.072686e-06   6.279337e-10   1.281202e-07   54
  4.936537e-02   7.508681e-07   0.000000e+00   1.314315e-07   84
  4.985658e-02   8.534937e-07   0.000000e+00   1.225428e-07   48
  5.034299e-02   5.492548e-07   7.064254e-10   9.806263e-08   24
  5.082475e-02   7.553274e-07   6.660243e-10   8.970407e-08   72
  5.130199e-02   1.027410e-06   0.000000e+00   1.170519e-07   96
  5.224339e-02   1.491501e-06   0.000000e+00   1.628109e-07   48
  5.270779e-02   8.411548e-07   0.000000e+00   7.888800e-08   48
  5.316813e-02   7.521968e-07   7.064254e-10   1.464720e-07   24
  5.362451e-02   8.819263e-07   0.000000e+00   9.503530e-08   72
  5.452583e-02   9.716418e-07   6.660243e-10   1.150883e-07   72
  5.497095e-02   9.732643e-07   0.000000e+00   1.110304e-07   96
  5.585054e-02   1.409641e-06   0.000000e+00   6.200285e-07   6
  5.628518e-02   1.194647e-06   0.000000e+00   1.157544e-07   96
  5.671649e-02   1.258661e-06   7.064254e-10   1.346328e-07   96
  5.714454e-02   8.689668e-07   0.000000e+00   2.067834e-07   24
  5.756941e-02   9.890346e-07   9.990364e-10   1.233275e-07   48
  5.799117e-02   1.021372e-06   0.000000e+00   1.033228e-07   96
  5.840989e-02   1.222455e-06   0.000000e+00   1.648120e-07   48
  5.923844e-02   1.134020e-06   0.000000e+00   2.129854e-07   36
  5.964840e-02   1.166985e-06   1.223565e-09   1.474655e-07   48
  6.005556e-02   1.320916e-06   1.384305e-09   1.186703e-07   120
  6.045998e-02   1.211132e-06   0.000000e+00   1.600476e-07   56
  6.086171e-02   6.950904e-07   7.064254e-10   1.217267e-07   24
  6.126081e-02   1.028616e-06   0.000000e+00   9.160150e-08   96
  6.165732e-02   1.113297e-06   0.000000e+00   1.437818e-07   48
  6.244280e-02   1.407819e-06   0.000000e+00   2.613593e-07   24
  6.283185e-02   1.567556e-06   0.000000e+00   1.569744e-07   102
  6.321851e-02   1.649061e-06   0.000000e+00   2.487992e-07   48
  6.360282e-02   1.544975e-06   0.000000e+00   1.540591e-07   72
  6.398483e-02   1.436845e-06   0.000000e+00   1.452602e-07   48
  6.436456e-02   1.570193e-06   0.000000e+00   2.911580e-07   48
  6.474207e-02   1.368309e-06   1.598458e-09   1.203567e-07   120
  6.549056e-02   2.255262e-06   9.990364e-10   3.778222e-07   24
  6.586161e-02   1.328892e-06   9.419006e-10   1.118996e-07   144
  6.623059e-02   1.390592e-06   1.130281e-09   1.338115e-07   120
  6.659752e-02   1.100833e-06   9.990364e-10   1.543769e-07   48
  6.732538e-02   1.714725e-06   9.990364e-10   2.288723e-07   48
  6.768638e-02   1.423066e-06   9.990364e-10   1.486260e-07   96
  6.863955e-02   1.977126e-06   1.675093e-04   2.431645e-07   72
  6.911151e-02   1.485746e-06   1.255867e-09   1.135416e-07   108
  6.946323e-02   1.791049e-06   0.000000e+00   1.920668e-07   72
  6.981317e-02   1.103202e-06   0.000000e+00   2.053649e-07   30
  7.016137e-02   1.885066e-06   0.000000e+00   1.499138e-07   168
  7.050785e-02   1.887434e-06   0.000000e+00   2.061687e-07   48
  7.119574e-02   1.340473e-06   0.000000e+00   1.572169e-07   72
  7.153721e-02   1.782472e-06   0.000000e+00   1.719403e-07   96
  7.187706e-02   1.774023e-06   1.883801e-09   2.727304e-07   72
  7.221530e-02   2.113480e-06   0.000000e+00   2.242754e-07   72
  7.278398e-02   1.933473e-06   1.546684e-04   1.420107e-07   104
  7.322067e-02   1.875851e-06   1.332049e-09   1.369246e-07   144
  7.421242e-02   1.359497e-06   2.233913e-09   1.278166e-07   96
  7.454007e-02   1.519950e-06   0.000000e+00   1.572003e-07   96
  7.506116e-02   2.107731e-06   1.591194e-04   1.955999e-07   120
  7.551449e-02   1.786691e-06   0.000000e+00   1.626636e-07   120
  7.583651e-02   2.167612e-06   0.000000e+00   2.351475e-07   72
  7.647650e-02   2.209521e-06   0.000000e+00   2.928971e-07   48
  7.679449e-02   2.390667e-06   1.505926e-09   2.730050e-07   78
  7.720128e-02   2.516454e-06   1.424762e-04   1.994088e-07   168
  7.805350e-02   2.388884e-06   1.332049e-09   2.065699e-07   144
  7.836509e-02   2.489086e-06   1.332049e-09   1.777317e-07   144
  7.926883e-02   2.315567e-06   8.205478e-05   1.971883e-07   156
  7.959926e-02   1.705129e-06   1.730382e-09   3.179487e-07   48
  7.990483e-02   2.135894e-06   1.130281e-09   2.096976e-07   120
  8.020923e-02   1.548459e-06   0.000000e+00   1.631806e-07   48
  8.074745e-02   2.345094e-06   1.255998e-04   1.594320e-07   216
  8.141545e-02   2.127702e-06   0.000000e+00   2.629625e-07   48
  8.171422e-02   1.976218e-06   9.990364e-10   1.739864e-07   96
  8.213902e-02   2.288195e-06   1.467830e-04   2.006818e-07   168
  8.260406e-02   1.860597e-06   9.990364e-10   2.663557e-07   48
  8.289855e-02   2.474061e-06   0.000000e+00   2.470992e-07   96
  8.319199e-02   2.412480e-06   0.000000e+00   4.395055e-07   48
  8.377580e-02   2.847583e-06   1.130281e-09   2.839709e-07   30
  8.406619e-02   1.820070e-06   9.990364e-10   1.479190e-07   96
  8.441325e-02   2.270620e-06   1.153584e-04   1.543893e-07   240
  8.485953e-02   3.170534e-06   1.244551e-04   4.376610e-07   32
  8.521783e-02   1.819312e-06   0.000000e+00   1.349376e-07   168
  8.550332e-02   2.177683e-06   0.000000e+00   2.136474e-07   120
  8.607146e-02   1.751824e-06   2.106154e-09   1.970399e-07   72
  8.635412e-02   2.882648e-06   1.332049e-09   2.650306e-07   144
  8.663587e-02   2.082248e-06   0.000000e+00   2.132498e-07   96
  8.691670e-02   2.774402e-06   0.000000e+00   2.222860e-07   96
  8.747565e-02   2.754934e-06   1.631420e-09   3.324990e-07   72
  8.775379e-02   2.335834e-06   1.412851e-09   2.265359e-07   96
  8.830745e-02   2.295522e-06   0.000000e+00   4.230796e-07   24
  8.858298e-02   2.690068e-06   0.000000e+00   1.987403e-07   192
  8.890745e-02   2.571750e-06   1.056148e-04   1.898731e-07   132
  8.940448e-02   2.790267e-06   0.000000e+00   2.524726e-07   96
  8.967664e-02   2.057486e-06   0.000000e+00   2.075673e-07   96
  8.994798e-02   2.716047e-06   1.130281e-09   2.316980e-07   120
  9.048821e-02   2.909576e-06   0.000000e+00   4.000171e-07   48
  9.093103e-02   1.899579e-06   1.279966e-04   1.246129e-07   222
  9.129257e-02   2.490225e-06   0.000000e+00   2.359783e-07   120
  9.155911e-02   2.811154e-06   1.730382e-09   5.669330e-07   24
  9.194720e-02   2.966746e-06   1.321111e-04   1.568599e-07   312
  9.279280e-02   3.341672e-06   1.238595e-04   3.732361e-07   72
  9.314239e-02   2.348904e-06   9.990364e-10   3.169910e-07   96
  9.350136e-02   2.885286e-06   1.261337e-04   2.182278e-07   192
  9.392401e-02   2.734077e-06   1.598458e-09   2.775577e-07   120
  9.418312e-02   2.741952e-06   0.000000e+00   2.819067e-07   144
  9.469919e-02   2.479151e-06   0.000000e+00   3.553782e-07   48
  9.506602e-02   2.483465e-06   1.268319e-04   1.448652e-07   336
  9.546807e-02   2.841653e-06   0.000000e+00   3.891314e-07   48
  9.597724e-02   2.601419e-06   0.000000e+00   2.277195e-07   192
  9.623081e-02   2.836877e-06   0.000000e+00   3.469673e-07   48
  9.695161e-02   2.889018e-06   8.803796e-05   3.504058e-07   56
  9.731001e-02   2.835967e-06   1.130706e-04   1.568950e-07   336
  9.773844e-02   2.851715e-06   1.255867e-09   4.063790e-07   54
  9.811165e-02   2.616366e-06   1.241922e-04   1.608188e-07   240
  9.888643e-02   2.688635e-06   1.189150e-04   1.996817e-07   228
  9.922316e-02   3.231451e-06   1.332049e-09   4.130802e-07   72
  9.955002e-02   3.229581e-06   1.153504e-04   2.402351e-07   144
  9.995725e-02   2.650445e-06   0.000000e+00   2.588675e-07   96
  1.002007e-01   2.756071e-06   1.598458e-09   1.729821e-07   240
  1.006860e-01   2.526976e-06   1.412851e-09   4.859956e-07   24
  1.009966e-01   2.992130e-06   1.089476e-04   1.784412e-07   336
  1.014095e-01   2.859452e-06   0.000000e+00   3.368539e-07   72
  1.017863e-01   3.436521e-06   1.185007e-04   2.481690e-07   168
  1.021279e-01   2.282034e-06   0.000000e+00   2.021278e-07   72
  1.026040e-01   3.566790e-06   0.000000e+00   3.272357e-07   96
  1.029727e-01   3.084447e-06   1.176117e-04   2.197341e-07   216
  1.033141e-01   2.348939e-06   1.412851e-09   1.749642e-07   96
  1.037847e-01   2.902788e-06   0.000000e+00   1.954859e-07   192
  1.040193e-01   2.865426e-06   1.332049e-09   2.236668e-07   144
  1.044868e-01   3.085610e-06   0.000000e+00   3.999208e-07   48
  1.048105e-01   3.215157e-06   1.133915e-04   2.184848e-07   246
  1.052503e-01   3.989682e-06   1.045488e-04   3.091762e-07   168
  1.056465e-01   3.161706e-06   1.957704e-09   3.159426e-07   120
  1.058769e-01   2.656897e-06   0.000000e+00   1.817246e-07   240
  1.063363e-01   1.912979e-06   1.412851e-09   3.888728e-07   24
  1.067022e-01   3.117991e-06   1.119102e-04   1.950034e-07   360
  1.071580e-01   2.940129e-06   1.114340e-04   2.189493e-07   120
  1.074760e-01   3.499419e-06   0.000000e+00   2.812781e-07   144
  1.077025e-01   3.455245e-06   0.000000e+00   3.052093e-07   96
  1.083792e-01   3.380043e-06   0.000000e+00   2.716891e-07   144
  1.086038e-01   3.650747e-06   0.000000e+00   3.120005e-07   132
  1.089195e-01   3.351087e-06   1.099837e-04   2.457308e-07   176
  1.093777e-01   3.362273e-06   1.110614e-04   1.709576e-07   312
  1.099419e-01   4.850049e-06   0.000000e+00   7.385626e-07   96
  1.101633e-01   3.299756e-06   0.000000e+00   2.881576e-07   144
  1.105031e-01   3.508068e-06   1.099474e-04   1.947998e-07   312
  1.110446e-01   4.193500e-06   0.000000e+00   4.160765e-07   48
  1.112639e-01   3.150265e-06   1.412851e-09   2.352170e-07   192
  1.117011e-01   1.062997e-06   0.000000e+00   3.278858e-07   6
  1.119915e-01   3.099432e-06   1.025446e-04   1.710382e-07   288
  1.124620e-01   3.045099e-06   1.083450e-04   2.162077e-07   192
  1.127866e-01   2.941547e-06   3.322713e-09   1.884374e-07   216
  1.130025e-01   3.729323e-06   0.000000e+00   5.065067e-07   72
  1.135403e-01   3.106302e-06   1.073161e-04   2.400765e-07   192
  1.138975e-01   4.108723e-06   7.968796e-05   2.429604e-07   288
  1.142891e-01   3.579072e-06   0.000000e+00   6.915156e-07   24
  1.145916e-01   3.888304e-06   1.049823e-04   1.681763e-07   456
  1.151388e-01   2.523289e-06   1.998073e-09   3.713106e-07   48
  1.154769e-01   3.650996e-06   1.034033e-04   2.675161e-07   240
  1.158655e-01   4.153295e-06   1.045007e-04   2.645372e-07   216
  1.161923e-01   3.310421e-06   0.000000e+00   4.063551e-07   72
  1.164018e-01   3.463157e-06   3.610549e-09   2.733347e-07   168
  1.169935e-01   4.116136e-06   7.767385e-05   2.495986e-07   288
  1.173253e-01   4.072913e-06   1.027758e-04   2.794150e-07   168
  1.178582e-01   4.704172e-06   0.000000e+00   3.254818e-07   192
  1.180648e-01   3.800256e-06   1.332049e-09   2.701531e-07   144
  1.184769e-01   4.753641e-06   0.000000e+00   5.908975e-07   36
  1.188264e-01   3.259256e-06   9.385617e-05   1.668749e-07   342
  1.191605e-01   3.910287e-06   9.637890e-05   2.960863e-07   144
  1.195900e-01   3.784329e-06   1.010773e-04   1.945713e-07   384
  1.201111e-01   4.527943e-06   2.768611e-09   4.123315e-07   120
  1.203690e-01   4.585465e-06   9.013158e-05   2.844209e-07   264
  1.207183e-01   3.971348e-06   4.467827e-09   2.896047e-07   192
  1.210471e-01   4.426697e-06   9.713401e-05   3.378869e-07   152
  1.213224e-01   4.075086e-06   2.664097e-09   3.681231e-07   144
  1.219012e-01   3.488992e-06   6.286607e-05   2.549783e-07   216
  1.221692e-01   4.550215e-06   8.400585e-05   2.484188e-07   312
  1.226409e-01   3.984990e-06   9.736112e-05   2.216257e-07   240
  1.229188e-01   4.853287e-06   1.412851e-09   5.026587e-07   96
  1.234463e-01   4.477359e-06   9.308426e-05   3.607468e-07   144
  1.237714e-01   4.330801e-06   9.149363e-05   2.090228e-07   456
  1.242988e-01   3.538198e-06   0.000000e+00   2.312205e-07   120
  1.244947e-01   3.871894e-06   0.000000e+00   3.558507e-07   144
  1.248856e-01   2.937246e-06   0.000000e+00   4.856369e-07   24
  1.251362e-01   4.575543e-06   8.794658e-05   2.310767e-07   336
  1.255696e-01   4.343239e-06   9.699311e-05   3.415882e-07   198
  1.259757e-01   4.353449e-06   9.432023e-05   2.279742e-07   432
  1.264370e-01   4.593850e-06   0.000000e+00   4.673456e-07   48
  1.266777e-01   5.177387e-06   8.326844e-05   2.675921e-07   384
  1.271098e-01   5.034831e-06   9.585962e-05   4.143373e-07   144
  1.275013e-01   4.964646e-06   9.517601e-05   2.851337e-07   264
  1.279697e-01   4.046796e-06   0.000000e+00   3.891388e-07   48
  1.282839e-01   4.788130e-06   9.049683e-05   2.892918e-07   276
  1.285870e-01   4.292921e-06   8.203293e-05   3.533569e-07   192
  1.289922e-01   4.590016e-06   9.218697e-05   1.927713e-07   552
  1.294841e-01   3.271109e-06   3.196917e-09   2.870968e-07   120
  1.297765e-01   5.156789e-06   9.331596e-05   3.477644e-07   216
  1.300475e-01   4.584872e-06   1.598458e-09   3.596490e-07   120
  1.305316e-01   5.369479e-06   9.189333e-05   2.744155e-07   408
  1.309811e-01   5.042348e-06   1.998073e-09   6.754685e-07   24
  1.312599e-01   4.444406e-06   9.282881e-05   2.492351e-07   384
  1.316492e-01   4.456646e-06   9.069708e-05   3.082685e-07   240
  1.319872e-01   4.391080e-06   9.136125e-05   2.987328e-07   168
  1.324612e-01   3.996655e-06   2.260561e-09   3.869062e-07   120
  1.327667e-01   4.877470e-06   9.523931e-05   2.466658e-07   350
  1.332635e-01   4.900461e-06   1.567823e-04   2.563050e-07   384
  1.335605e-01   5.325294e-06   0.000000e+00   4.786308e-07   144
  1.341067e-01   4.298249e-06   3.767602e-09   2.493168e-07   288
  1.343919e-01   4.500662e-06   8.974411e-05   2.154814e-07   336
  1.347800e-01   5.528899e-06   8.170456e-05   4.053900e-07   168
  1.350122e-01   4.900467e-06   1.614687e-09   2.896022e-07   336
  1.354927e-01   4.450821e-06   8.480446e-05   2.731897e-07   288
  1.357812e-01   4.572902e-06   7.990748e-05   2.789639e-07   264
  1.362699e-01   5.044907e-06   0.000000e+00   3.135441e-07   240
  1.364486e-01   4.976316e-06   2.825702e-09   4.147465e-07   96
  1.370900e-01   5.488106e-06   1.086688e-04   2.780932e-07   360
  1.373893e-01   5.386209e-06   8.010757e-05   4.510543e-07   168
  1.377676e-01   5.280338e-06   8.732558e-05   2.326628e-07   456
  1.382230e-01   4.890040e-06   2.511735e-09   4.408708e-07   108
  1.384792e-01   5.171086e-06   8.761995e-05   3.729119e-07   264
  1.387988e-01   4.885808e-06   7.817127e-05   3.098071e-07   264
  1.392364e-01   5.619580e-06   7.376599e-05   3.402524e-07   312
  1.397814e-01   5.574231e-06   5.481617e-05   3.554410e-07   270
  1.400098e-01   5.124659e-06   6.959603e-05   3.507282e-07   240
  1.404204e-01   5.283461e-06   8.609907e-05   2.560335e-07   384
  1.406696e-01   4.572211e-06   0.000000e+00   3.051569e-07   192
  1.411539e-01   5.606511e-06   6.908303e-05   3.956578e-07   240
  1.414347e-01   5.269072e-06   8.525963e-05   2.813989e-07   336
  1.419630e-01   5.535428e-06   8.583011e-05   2.468573e-07   480
  1.423915e-01   5.593873e-06   0.000000e+00   6.553280e-07   72
  1.426309e-01   5.733113e-06   8.369217e-05   3.589443e-07   240
  1.429564e-01   5.136691e-06   7.865917e-05   2.998996e-07   312
  1.433297e-01   4.934142e-06   8.501169e-05   3.424580e-07   240
  1.438936e-01   5.470005e-06   6.458688e-05   2.656064e-07   408
  1.441169e-01   5.167927e-06   5.914602e-05   2.968471e-07   336
  1.445532e-01   5.494731e-06   7.510087e-05   3.921345e-07   264
  1.447677e-01   6.675672e-06   0.000000e+00   5.554687e-07   144
  1.453643e-01   5.505252e-06   1.040943e-04   2.606074e-07   464
  1.456786e-01   4.280770e-06   8.277629e-05   3.063389e-07   168
  1.459889e-01   6.890245e-06   7.539115e-05   3.646401e-07   336
  1.465498e-01   5.426712e-06   7.921315e-05   2.736622e-07   414
  1.468660e-01   6.088150e-06   8.245619e-05   3.816384e-07   216
  1.472710e-01   5.482202e-06   1.998073e-09   5.446570e-07   96
  1.474364e-01   5.440244e-06   5.994218e-09   2.455842e-07   384
  1.480158e-01   5.839663e-06   8.229688e-05   2.893038e-07   492
  1.483263e-01   4.597610e-06   8.047930e-05   2.793017e-07   240
  1.486772e-01   4.697982e-06   8.171468e-05   2.681663e-07   312
  1.491618e-01   5.832903e-06   8.168777e-05   4.604665e-07   192
  1.494688e-01   5.775838e-06   7.916535e-05   2.616668e-07   504
  1.498761e-01   5.550202e-06   5.240881e-05   2.795176e-07   408
  1.501968e-01   6.417592e-06   1.605609e-04   5.017179e-07   168
  1.505981e-01   5.122947e-06   7.626782e-05   3.275829e-07   288
  1.509348e-01   5.328781e-06   7.959200e-05   3.562260e-07   288
  1.512797e-01   5.844518e-06   8.005014e-05   2.856142e-07   432
  1.517801e-01   6.189066e-06   7.570076e-05   4.144814e-07   216
  1.520474e-01   5.753292e-06   7.554106e-05   2.731904e-07   360
  1.525234e-01   6.186366e-06   7.372735e-05   3.488230e-07   312
  1.529530e-01   6.596842e-06   0.000000e+00   1.043169e-06   48
  1.532006e-01   5.744900e-06   7.904634e-05   2.853790e-07   432
  1.536441e-01   5.430668e-06   1.318501e-04   2.533862e-07   414
  1.539060e-01   5.553601e-06   6.955573e-09   3.093651e-07   312
  1.543946e-01   6.087147e-06   1.156911e-04   2.563726e-07   528
  1.547243e-01   6.108002e-06   6.072803e-05   3.808027e-07   264
  1.551204e-01   5.578672e-06   7.200680e-05   2.758183e-07   480
  1.556380e-01   5.786217e-06   0.000000e+00   3.063966e-07   288
  1.558615e-01   6.064650e-06   7.736908e-05   4.957718e-07   168
  1.562704e-01   5.938603e-06   1.224750e-04   2.482952e-07   504
  1.567302e-01   6.472229e-06   2.664097e-09   4.612633e-07   144
  1.570194e-01   5.664887e-06   7.865832e-05   2.601864e-07   464
  1.574541e-01   5.138172e-06   1.154355e-04   2.410142e-07   432
  1.576603e-01   6.733590e-06   1.998073e-09   4.689540e-07   192
  1.581934e-01   5.534145e-06   8.557628e-05   2.468433e-07   396
  1.585082e-01   5.915816e-06   7.687110e-05   3.541757e-07   288
  1.588263e-01   6.055301e-06   7.593549e-05   3.301969e-07   336
  1.593345e-01   5.663268e-06   4.808388e-05   2.454085e-07   432
  1.596570e-01   6.115005e-06   1.246267e-04   3.005726e-07   360
  1.600192e-01   6.090418e-06   7.371853e-05   2.925005e-07   384
  1.605335e-01   5.136427e-06   6.507077e-05   3.956574e-07   198
  1.607813e-01   5.982046e-06   7.396430e-05   2.289128e-07   552
  1.612434e-01   4.985399e-06   1.035450e-04   2.628008e-07   432
  1.616292e-01   6.585782e-06   0.000000e+00   4.958021e-07   168
  1.619530e-01   6.080905e-06   1.283579e-04   2.710317e-07   480
  1.623813e-01   4.586433e-06   0.000000e+00   4.166711e-07   120
  1.625741e-01   5.664743e-06   1.048372e-04   3.408300e-07   336
  1.630445e-01   6.227858e-06   7.396097e-05   2.180369e-07   672
  1.635097e-01   6.189202e-06   1.075863e-04   2.797475e-07   528
  1.637264e-01   5.880638e-06   3.229373e-09   3.745019e-07   168
  1.642270e-01   6.159437e-06   1.200118e-04   2.699318e-07   456
  1.645324e-01   6.876488e-06   7.329223e-05   6.133291e-07   168
  1.648495e-01   6.331766e-06   7.316065e-05   3.074184e-07   504
  1.653766e-01   6.038916e-06   9.414654e-05   3.349978e-07   336
  1.656953e-01   6.865115e-06   6.786851e-05   3.787002e-07   312
  1.660489e-01   6.513659e-06   6.631214e-05   2.857970e-07   504
  1.665141e-01   6.251001e-06   4.600920e-05   2.649838e-07   432
  1.667329e-01   5.720278e-06   7.109945e-05   3.296747e-07   312
  1.671876e-01   6.043099e-06   7.288039e-05   2.772536e-07   384
  1.676624e-01   6.942250e-06   6.192036e-05   6.427816e-07   126
  1.679555e-01   6.355491e-06   1.087174e-04   3.173696e-07   492
  1.683299e-01   6.520840e-06   6.963360e-05   2.678443e-07   528
  1.687978e-01   6.200292e-06   7.073279e-05   2.681357e-07   480
  1.690879e-01   6.583294e-06   9.771696e-05   3.049558e-07   432
  1.695076e-01   6.969523e-06   7.684145e-05   3.149812e-07   440
  1.699951e-01   6.205595e-06   3.821294e-05   3.580384e-07   312
  1.701781e-01   6.829955e-06   5.726529e-05   3.725174e-07   480
  1.705533e-01   6.270730e-06   1.121243e-04   3.238562e-07   408
  1.711016e-01   6.354158e-06   6.714979e-05   3.156967e-07   360
  1.713332e-01   6.236054e-06   6.479710e-05   3.108646e-07   408
  1.717625e-01   6.333077e-06   6.593925e-05   2.868353e-07   456
  1.722458e-01   6.782985e-06   6.302169e-05   4.001634e-07   264
  1.725141e-01   6.231502e-06   6.839435e-05   3.339103e-07   384
  1.729046e-01   6.633343e-06   1.151467e-04   2.609536e-07   672
  1.733561e-01   6.433400e-06   6.887260e-05   4.201974e-07   240
  1.736166e-01   6.793991e-06   6.988846e-05   3.941338e-07   264
  1.739843e-01   5.970485e-06   8.619588e-05   2.572327e-07   624
  1.745329e-01   7.440138e-06   0.000000e+00   5.736313e-07   150
  1.747283e-01   7.060229e-06   9.658929e-05   3.099274e-07   600
  1.751402e-01   6.113652e-06   6.666345e-05   2.554554e-07   672
  1.756067e-01   6.763660e-06   6.270167e-05   3.937475e-07   336
  1.758666e-01   6.870412e-06   6.820115e-05   3.439679e-07   408
  1.762818e-01   6.449396e-06   6.804049e-05   3.177746e-07   408
  1.767436e-01   6.186432e-06   3.440492e-05   3.166089e-07   360
  1.770283e-01   7.009225e-06   1.263238e-04   3.264368e-07   456
  1.773722e-01   6.505702e-06   6.869566e-05   2.941982e-07   384
  1.778099e-01   7.878949e-06   6.341480e-05   3.947141e-07   348
  1.780464e-01   6.759417e-06   7.817791e-05   2.812246e-07   576
  1.784907e-01   7.036856e-06   6.436923e-05   3.246334e-07   504
  1.789452e-01   6.896699e-06   9.078907e-05   3.157302e-07   432
  1.793419e-01   6.386487e-06   1.235181e-04   2.538940e-07   576
  1.796248e-01   6.894016e-06   0.000000e+00   3.991846e-07   264
  1.800736e-01   7.027800e-06   9.828954e-05   2.430339e-07   768
  1.804640e-01   8.368559e-06   1.323290e-04   5.611647e-07   240
  1.807743e-01   6.760032e-06   1.167016e-04   5.172367e-07   192
  1.812263e-01   6.817994e-06   8.590664e-05   2.843666e-07   504
  1.815615e-01   6.454345e-06   1.157624e-04   2.658667e-07   590
  1.818830e-01   6.721161e-06   1.297055e-04   3.327383e-07   384
  1.822861e-01   7.127517e-06   1.083956e-04   3.201498e-07   504
  1.827729e-01   7.567773e-06   1.043140e-04   2.781125e-07   648
  1.832449e-01   7.277254e-06   2.833030e-05   3.166537e-07   504
  1.834353e-01   7.539225e-06   6.462673e-05   3.871267e-07   312
  1.837714e-01   6.590306e-06   9.311123e-05   2.500034e-07   576
  1.842327e-01   7.047085e-06   6.479663e-05   4.420687e-07   240
  1.845017e-01   6.925206e-06   6.547387e-05   2.815330e-07   552
  1.848823e-01   7.614133e-06   6.147846e-05   3.027740e-07   600
  1.854246e-01   7.152561e-06   7.509108e-05   2.606682e-07   600
  1.857506e-01   7.915810e-06   1.202524e-04   4.670716e-07   312
  1.860753e-01   7.779719e-06   1.047280e-04   3.413779e-07   480
  1.864809e-01   8.061274e-06   6.534019e-05   3.264869e-07   576
  1.868380e-01   7.744648e-06   1.052119e-04   3.912783e-07   408
  1.871548e-01   7.877301e-06   1.227345e-04   4.868991e-07   216
  1.875642e-01   6.597384e-06   9.400084e-05   2.958131e-07   516
  1.880028e-01   7.992129e-06   8.968636e-05   3.133619e-07   744
  1.884552e-01   7.492328e-06   5.990257e-05   3.452990e-07   462
  1.887109e-01   8.090068e-06   6.088230e-05   3.948154e-07   432
  1.891075e-01   8.170635e-06   5.648168e-05   2.897106e-07   648
  1.895737e-01   8.330679e-06   8.264320e-05   3.439893e-07   528
  1.899483e-01   7.136621e-06   9.952305e-05   2.983600e-07   600
  1.903225e-01   7.171263e-06   1.254725e-04   5.436572e-07   240
  1.906850e-01   7.407214e-06   9.611075e-05   2.688102e-07   720
  1.911062e-01   8.460603e-06   7.604100e-05   2.989067e-07   720
  1.915732e-01   6.983583e-06   0.000000e+00   5.145182e-07   144
  1.918190e-01   7.361725e-06   9.803961e-05   2.635523e-07   720
  1.921686e-01   9.044286e-06   5.878648e-05   4.936610e-07   384
  1.926063e-01   7.841307e-06   6.516793e-05   3.025925e-07   672
  1.930215e-01   7.965914e-06   1.141019e-04   4.167958e-07   336
  1.932199e-01   8.962961e-06   0.000000e+00   5.468373e-07   288
  1.937055e-01   7.803432e-06   9.030399e-05   2.716477e-07   776
  1.941551e-01   8.644365e-06   7.726878e-05   3.279481e-07   720
  1.945327e-01   8.348232e-06   6.224567e-05   4.318815e-07   432
  1.948347e-01   8.106273e-06   8.873905e-05   4.326300e-07   504
  1.951706e-01   7.712726e-06   6.217429e-05   3.420261e-07   528
  1.956407e-01   8.234000e-06   8.470885e-05   3.823002e-07   438
  1.960275e-01   7.502888e-06   9.859335e-05   3.022711e-07   624
  1.963189e-01   8.823306e-06   1.207635e-04   4.796621e-07   312
  1.967196e-01   8.313368e-06   6.506437e-05   2.979483e-07   696
  1.971339e-01   8.070757e-06   5.887146e-05   3.427768e-07   552
  1.975648e-01   7.567198e-06   4.554687e-05   3.097560e-07   516
  1.978313e-01   7.943079e-06   9.097645e-05   3.246939e-07   528
  1.981558e-01   8.031107e-06   5.916447e-05   3.730013e-07   528
  1.986168e-01   8.142129e-06   7.802593e-05   2.877081e-07   864
  1.989297e-01   7.320547e-06   1.068795e-04   3.411100e-07   408
  1.992429e-01   8.074157e-06   1.058911e-04   5.409079e-07   192
  1.996868e-01   8.440438e-06   8.762994e-05   3.098814e-07   720
  2.000615e-01   7.459389e-06   8.079911e-05   2.645878e-07   696
  2.005068e-01   8.453122e-06   8.726379e-05   3.039738e-07   720
  2.009142e-01   8.004105e-06   1.182756e-04   3.820365e-07   432
  2.011518e-01   7.545641e-06   6.962164e-05   4.599134e-07   264
  2.015793e-01   8.510126e-06   9.614441e-05   3.118221e-07   672
  2.019616e-01   8.395203e-06   9.843711e-05   3.335382e-07   600
  2.024154e-01   8.303241e-06   5.763483e-05   5.304936e-07   270
  2.026441e-01   8.302147e-06   8.675648e-05   3.689837e-07   528
  2.030077e-01   9.174962e-06   5.940776e-05   3.471896e-07   840
  2.035062e-01   8.638578e-06   1.135983e-04   2.993777e-07   888
  2.039669e-01   8.453887e-06   8.463909e-05   3.294123e-07   744
  2.043562e-01   9.306678e-06   4.349214e-05   4.592387e-07   456
  2.045498e-01   8.052808e-06   5.943469e-05   3.821817e-07   360
  2.048811e-01   8.376983e-06   5.149682e-05   3.930863e-07   384
  2.053895e-01   8.947377e-06   8.260041e-05   3.188518e-07   816
  2.057710e-01   8.949894e-06   1.198416e-04   3.010447e-07   824
  2.062346e-01   8.754258e-06   5.570811e-05   4.777399e-07   360
  2.064829e-01   9.948690e-06   8.220424e-05   4.067626e-07   624
  2.068246e-01   7.769845e-06   5.554917e-05   3.799267e-07   360
  2.072798e-01   8.871717e-06   7.556319e-05   2.932426e-07   876
  2.076909e-01   8.357682e-06   8.974647e-05   3.445569e-07   696
  2.081055e-01   9.464947e-06   5.795238e-05   5.079447e-07   336
  2.083228e-01   9.417420e-06   5.788726e-05   4.377831e-07   504
  2.086818e-01   8.814901e-06   5.838888e-05   3.207016e-07   672
  2.092144e-01   8.294268e-06   1.162387e-04   3.076500e-07   720
  2.095838e-01   8.152831e-06   8.780591e-05   3.237850e-07   774
  2.099915e-01   8.896559e-06   5.025783e-05   4.252376e-07   384
  2.102050e-01   8.821796e-06   9.671763e-05   3.896547e-07   528
  2.105364e-01   9.009082e-06   9.217729e-05   3.231967e-07   744
  2.110694e-01   9.187611e-06   7.602671e-05   3.260182e-07   768
  2.114233e-01   8.971000e-06   8.534571e-05   3.719310e-07   552
  2.118649e-01   8.430754e-06   9.301717e-05   3.215975e-07   696
  2.121934e-01   9.407781e-06   1.130320e-04   4.940780e-07   408
  2.124541e-01   8.746597e-06   4.883074e-05   3.940892e-07   504
  2.128675e-01   8.551514e-06   8.772259e-05   3.040814e-07   888
  2.132743e-01   8.326786e-06   9.116913e-05   3.267497e-07   648
  2.136971e-01   8.600677e-06   9.038766e-05   3.566605e-07   648
  2.140948e-01   8.931702e-06   9.746006e-05   3.145096e-07   792
  2.145162e-01   8.665276e-06   1.425907e-04   3.525107e-07   600
  2.148267e-01   8.444920e-06   9.663487e-05   4.016105e-07   456
  2.151535e-01   9.168797e-06   4.709572e-05   3.532174e-07   648
  2.155732e-01   8.508777e-06   9.184351e-05   2.708222e-07   936
  2.160264e-01   8.674598e-06   5.640375e-05   4.127084e-07   384
  2.164208e-01   1.706187e-36   4.745948e-09   1.918622e-37   198
  2.167253e-01   1.573078e-36   1.431011e-04   6.527252e-38   1224
  2.170537e-01   1.575631e-36   1.042217e-04   9.347470e-38   420
  2.174420e-01   1.587253e-36   1.008648e-04   8.386813e-38   792
  2.178218e-01   1.612484e-36   8.340657e-05   9.588539e-38   680
  2.182552e-01   1.575428e-36   7.658783e-05   9.243650e-38   600
  2.186039e-01   1.587435e-36   1.110734e-04   7.370423e-38   840
  2.190695e-01   1.360932e-36   5.244369e-05   7.535028e-38   432
  2.192474e-01   1.585800e-36   4.914665e-05   7.148566e-38   720
  2.196343e-01   1.601519e-36   9.843213e-05   6.991979e-38   960
  2.201154e-01   1.899199e-36   8.774504e-05   1.268136e-37   528
  2.204670e-01   1.493932e-36   8.969217e-05   6.442127e-38   624
  2.208855e-01   1.530945e-36   7.049743e-05   7.893119e-38   816
  2.213008e-01   1.879920e-36   1.159345e-04   8.954312e-38   696
  2.217599e-01   1.434112e-36   7.830814e-09   1.252805e-37   240
  2.219325e-01   1.801792e-36   6.836935e-05   9.601955e-38   672
  2.223177e-01   1.617641e-36   1.221858e-04   7.104995e-38   864
  2.227499e-01   1.661787e-36   9.375778e-05   8.174304e-38   816
  2.231394e-01   1.688900e-36   5.366372e-05   1.206901e-37   648
  2.235589e-01   1.798629e-36   5.485410e-05   7.803699e-38   843
  2.239151e-01   1.598376e-36   9.869601e-05   7.785315e-38   780
  2.243395e-01   1.676648e-36   5.295844e-05   1.565464e-37   216
  2.246013e-01   1.783693e-36   1.277035e-04   6.753406e-38   1056
  2.250039e-01   1.598040e-36   1.044758e-04   1.246562e-37   228
  2.253767e-01   1.693010e-36   1.300750e-04   7.869458e-38   924
  2.257594e-01   1.759436e-36   4.825052e-05   9.386703e-38   696
  2.261647e-01   1.793161e-36   8.587211e-05   7.220586e-38   996
  2.265793e-01   1.462002e-36   5.069718e-05   6.500549e-38   576
  2.270107e-01   1.576617e-36   7.824775e-05   9.337476e-38   552
  2.273251e-01   1.707950e-36   9.342507e-05   9.708676e-38   516
  2.276442e-01   1.756040e-36   1.358594e-04   7.800635e-38   744
  2.280088e-01   1.733896e-36   6.664715e-05   8.292476e-38   576
  2.283260e-01   1.986458e-36   6.859680e-05   9.298283e-38   792
  2.287768e-01   1.912255e-36   7.841886e-05   8.247170e-38   792
  2.291071e-01   1.965979e-36   8.457391e-05   1.008474e-37   720
  2.295538e-01   1.646528e-36   9.639481e-05   8.614912e-38   656
  2.299724e-01   1.727247e-36   1.052581e-04   8.320918e-38   816
  2.304015e-01   1.581948e-36   5.675340e-05   8.601573e-38   492
  2.306454e-01   1.918774e-36   8.164378e-05   1.094522e-37   552
  2.311032e-01   1.642260e-36   1.419686e-04   6.842688e-38   780
  2.314005e-01   1.941284e-36   8.720963e-05   1.085580e-37   528
  2.317208e-01   1.728448e-36   1.018002e-04   9.504668e-38   600
  2.321929e-01   1.743056e-36   8.460399e-05   6.920080e-38   900
  2.325183e-01   1.673870e-36   4.683822e-05   7.821189e-38   696
  2.329660e-01   1.740862e-36   1.184322e-04   8.184788e-38   696
  2.333991e-01   1.950853e-36   4.804683e-05   1.090632e-37   552
  2.337633e-01   1.659814e-36   5.587403e-05   7.339748e-38   708
  2.341448e-01   1.695212e-36   9.225121e-05   7.011670e-38   876
  2.345418e-01   1.487062e-36   4.898356e-05   1.157905e-37   216
  2.348082e-01   1.919165e-36   1.339767e-04   7.173228e-38   1032
  2.352071e-01   1.636219e-36   1.491682e-04   6.742906e-38   600
  2.356212e-01   1.558475e-36   7.117755e-05   8.312108e-38   600
  2.359371e-01   1.904053e-36   1.256929e-04   1.008270e-37   528
  2.363105e-01   1.724019e-36   6.899988e-05   7.748847e-38   732
  2.367039e-01   1.981607e-36   5.095015e-05   1.570237e-37   336
  2.371566e-01   1.940147e-36   7.261407e-05   8.306935e-38   912
  2.374950e-01   1.668922e-36   7.288252e-05   8.596669e-38   624
  2.378647e-01   1.879530e-36   6.141657e-05   8.937678e-38   768
  2.382963e-01   2.007609e-36   1.108076e-04   8.404626e-38   792
  2.387198e-01   1.746668e-36   5.493383e-05   8.392676e-38   660
  2.390212e-01   1.771950e-36   8.095383e-05   9.606605e-38   504
  2.393329e-01   2.222251e-36   1.322631e-04   1.542064e-37   480
  2.398000e-01   1.852178e-36   1.223261e-04   6.960634e-38   912
  2.401658e-01   1.845517e-36   1.362291e-04   1.231515e-37   432
  2.405113e-01   1.937955e-36   8.088962e-05   1.005119e-37   564
  2.408180e-01   2.013518e-36   7.742251e-05   9.922478e-38   600
  2.412498e-01   1.988442e-36   1.079196e-04   8.015897e-38   876
  2.415741e-01   1.646135e-36   4.852393e-05   1.415354e-37   264
  2.420212e-01   2.047781e-36   9.415549e-05   9.043963e-38   560
  2.423806e-01   2.055395e-36   6.398069e-05   8.742100e-38   840
  2.428168e-01   2.024104e-36   9.863978e-05   7.253115e-38   1008
  2.432202e-01   1.833370e-36   4.412481e-05   1.083981e-37   456
  2.435886e-01   1.904670e-36   5.715745e-05   8.724633e-38   576
  2.439292e-01   1.930205e-36   8.782853e-05   9.149854e-38   612
  2.443783e-01   1.749902e-36   7.844513e-05   7.030963e-38   780
  2.447447e-01   2.085422e-36   8.989453e-05   1.083537e-37   648
  2.451197e-01   1.794866e-36   4.189201e-05   1.501119e-37   312
  2.453594e-01   2.182860e-36   1.064407e-04   1.120574e-37   528
  2.457747e-01   1.950552e-36   1.390063e-04   7.359686e-38   720
  2.461718e-01   2.099194e-36   1.394416e-04   1.058279e-37   576
  2.466533e-01   2.150195e-36   1.202863e-04   1.139152e-37   444
  2.469529e-01   1.914290e-36   1.179621e-04   7.272804e-38   996
  2.473200e-01   1.976751e-36   9.853387e-05   1.118395e-37   432
  2.476669e-01   2.132137e-36   1.078752e-04   1.065615e-37   504
  2.479666e-01   2.247987e-36   4.863583e-05   1.076172e-37   504
  2.483934e-01   2.176231e-36   9.571589e-05   9.319404e-38   876
  2.487796e-01   1.986539e-36   1.101599e-04   1.018370e-37   504
  2.491817e-01   2.030475e-36   7.025420e-05   8.884859e-38   696
  2.495140e-01   2.490800e-36   6.005997e-05   1.222627e-37   492
  2.499662e-01   2.343727e-36   8.597875e-05   1.242830e-37   432
  2.503011e-01   2.086299e-36   8.050968e-05   8.940859e-38   768
  2.506981e-01   2.251148e-36   1.002856e-04   1.116907e-37   648
  2.510772e-01   2.057241e-36   6.542561e-05   1.090982e-37   456
  2.515128e-01   2.057887e-36   8.997083e-05   9.637198e-38   552
  2.518153e-01   2.344076e-36   6.166608e-05   1.159900e-37   648
  2.522317e-01   2.174326e-36   1.005122e-04   9.350842e-38   840
  2.526384e-01   2.316765e-36   4.793217e-05   1.685177e-37   432
  2.530455e-01   2.109302e-36   5.870872e-05   9.626380e-38   600
  2.533287e-01   1.934616e-36   6.255029e-05   9.403040e-38   432
  2.538044e-01   2.377031e-36   6.227491e-05   1.266512e-37   560
  2.541265e-01   2.101128e-36   9.857465e-05   9.241207e-38   840
  2.545299e-01   2.288203e-36   5.838720e-05   1.351099e-37   504
  2.548502e-01   2.375392e-36   1.191648e-04   1.050389e-37   696
  2.553018e-01   2.368995e-36   6.508356e-05   1.658212e-37   384
  2.556535e-01   2.330659e-36   9.533975e-05   1.157191e-37   576
  2.560789e-01   2.200812e-36   5.883893e-05   1.166332e-37   360
  2.564218e-01   2.300292e-36   8.762544e-05   9.775422e-38   828
  2.567917e-01   2.082321e-36   7.804673e-05   1.229059e-37   372
  2.571307e-01   2.516390e-36   1.191923e-04   1.266797e-37   576
  2.575797e-01   2.486373e-36   4.991761e-05   1.381926e-37   636
  2.578996e-01   2.336553e-36   9.622826e-05   1.093796e-37   648
  2.583323e-01   2.163553e-36   7.822306e-05   1.050646e-37   576
  2.586430e-01   2.815884e-36   1.261820e-04   1.497424e-37   528
  2.590561e-01   2.372970e-36   5.394804e-05   1.424328e-37   360
  2.593981e-01   2.460340e-36   1.241007e-04   1.155619e-37   672
  2.598446e-01   2.415395e-36   6.356642e-05   1.043451e-37   804
  2.602163e-01   2.261836e-36   7.012137e-05   1.339166e-37   408
  2.606274e-01   2.732158e-36   4.334263e-05   1.689439e-37   384
  2.609042e-01   2.713462e-36   9.918459e-05   1.463722e-37   480
  2.612947e-01   2.372103e-36   6.408778e-05   1.338998e-37   432
  2.616692e-01   2.675381e-36   1.181001e-04   1.233890e-37   648
  2.621125e-01   2.483200e-36   7.328056e-05   1.168062e-37   624
  2.624367e-01   2.421951e-36   6.665485e-05   1.344728e-37   456
  2.628795e-01   2.442481e-36   9.105646e-05   1.156664e-37   588
  2.631762e-01   2.486045e-36   5.809364e-05   1.156452e-37   600
  2.636094e-01   2.185333e-36   9.061183e-05   8.805574e-38   708
  2.639516e-01   2.184541e-36   5.708370e-05   1.446519e-37   360
  2.643298e-01   2.625057e-36   6.561923e-05   1.346303e-37   552
  2.646923e-01   2.355940e-36   4.603344e-05   1.480641e-37   288
  2.650603e-01   2.300592e-36   8.655546e-05   1.008474e-37   528
  2.654060e-01   2.709627e-36   5.839431e-05   1.506249e-37   456
  2.657924e-01   2.690956e-36   1.035458e-04   1.331003e-37   608
  2.661809e-01   2.624931e-36   5.009661e-05   1.422316e-37   504
  2.666055e-01   2.564677e-36   1.075546e-04   1.369398e-37   540
  2.669384e-01   2.783020e-36   1.154568e-04   1.708104e-37   360
  2.672972e-01   2.385360e-36   5.228475e-05   1.281666e-37   540
  2.676146e-01   2.822301e-36   4.489266e-05   1.391157e-37   576
  2.680762e-01   2.532315e-36   1.040909e-04   1.282958e-37   588
  2.685150e-01   2.338195e-36   1.436140e-04   9.969825e-38   672
  2.688920e-01   2.819356e-36   1.097654e-04   1.520907e-37   552
  2.691959e-01   2.912155e-36   1.098209e-04   2.923182e-37   144
  2.695837e-01   2.819989e-36   9.330411e-05   1.372657e-37   600
  2.699514e-01   2.698053e-36   1.169304e-04   1.271374e-37   504
  2.703595e-01   2.503817e-36   1.201111e-04   1.846732e-37   336
  2.707887e-01   2.555585e-36   1.350054e-04   1.271879e-37   600
  2.711731e-01   2.642580e-36   8.712810e-05   1.216891e-37   636
  2.715880e-01   2.634711e-36   7.005178e-05   1.625618e-37   384
  2.718789e-01   3.385221e-36   9.771396e-05   1.781237e-37   504
  2.722982e-01   3.073945e-36   4.100918e-05   2.215482e-37   240
  2.726291e-01   2.945519e-36   9.633639e-05   1.431879e-37   744
  2.730261e-01   2.866840e-36   6.578310e-05   1.486066e-37   648
  2.733790e-01   3.095051e-36   4.366878e-05   2.875722e-37   120
  2.737925e-01   2.851468e-36   6.859799e-05   1.586286e-37   564
  2.741050e-01   2.571125e-36   1.077373e-04   1.417361e-37   432
  2.745220e-01   2.737621e-36   8.362543e-05   1.400360e-37   480
  2.748361e-01   3.009807e-36   6.155045e-05   1.657670e-37   456
  2.752067e-01   2.816443e-36   1.018569e-04   1.737041e-37   444
  2.756274e-01   2.666842e-36   1.558464e-04   1.434813e-37   528
  2.759969e-01   2.851640e-36   1.157439e-04   1.812888e-37   264
  2.763555e-01   2.886684e-36   1.186203e-04   1.835843e-37   444
  2.768379e-01   3.220040e-36   1.299311e-04   1.328260e-37   696
  2.772383e-01   3.051758e-36   6.949148e-05   2.042253e-37   384
  2.775311e-01   2.881310e-36   8.780831e-05   1.827100e-37   432
  2.779866e-01   2.945849e-36   6.067143e-05   1.538226e-37   488
  2.782823e-01   3.040492e-36   9.143939e-05   1.751445e-37   480
  2.787111e-01   3.478822e-36   1.019738e-04   2.232480e-37   480
  2.790432e-01   3.527028e-36   4.278510e-05   2.891896e-37   240
  2.794202e-01   3.007436e-36   9.994261e-05   1.326257e-37   600
  2.797758e-01   2.703563e-36   8.708975e-05   1.615657e-37   288
  2.801544e-01   2.839290e-36   8.377397e-05   1.582550e-37   480
  2.805379e-01   2.563079e-36   1.490189e-04   1.262826e-37   504
  2.809155e-01   2.782999e-36   6.393839e-05   2.173492e-37   216
  2.813970e-01   3.057921e-36   1.046773e-04   1.603414e-37   504
  2.817720e-01   3.222175e-36   8.419242e-05   1.594276e-37   456
  2.821825e-01   3.191574e-36   4.828579e-05   2.307008e-37   384
  2.824544e-01   3.015012e-36   9.800271e-05   1.617934e-37   480
  2.828408e-01   3.164760e-36   8.605736e-05   1.568738e-37   504
  2.831988e-01   3.264100e-36   5.458940e-05   2.141658e-37   312
  2.835845e-01   3.171892e-36   8.796897e-05   1.753060e-37   492
  2.839260e-01   3.031861e-36   8.245044e-05   2.159549e-37   312
  2.843655e-01   3.179539e-36   1.339342e-04   1.529916e-37   576
  2.847524e-01   3.274248e-36   1.236321e-04   2.013139e-37   336
  2.850738e-01   3.309990e-36   9.519099e-05   1.896695e-37   240
  2.855192e-01   3.218822e-36   1.261991e-04   1.401043e-37   468
  2.859039e-01   3.293162e-36   7.901891e-05   3.291106e-37   192
  2.863065e-01   3.098758e-36   7.925442e-05   2.060300e-37   324
  2.866016e-01   3.145589e-36   5.752155e-05   1.579521e-37   600
  2.870037e-01   3.599117e-36   9.332283e-05   1.810748e-37   456
  2.873023e-01   3.404202e-36   4.197661e-05   2.519045e-37   336
  2.877972e-01   3.173521e-36   1.256898e-04   1.448116e-37   612
  2.881573e-01   2.630708e-36   1.054844e-04   2.542475e-37   144
  2.884978e-01   3.718020e-36   1.231274e-04   1.945166e-37   552
  2.889609e-01   3.613716e-36   4.848907e-05   2.598561e-37   264
  2.892225e-01   3.460736e-36   1.122646e-04   1.944387e-37   336
  2.896353e-01   3.413567e-36   7.418058e-05   2.136355e-37   384
  2.899932e-01   4.036915e-36   4.175634e-05   4.189355e-37   216
  2.903894e-01   3.446615e-36   8.853205e-05   2.025863e-37   344
  2.907507e-01   2.974362e-36   1.320940e-04   1.820735e-37   408
  2.911910e-01   4.038724e-36   1.015056e-04   2.641418e-37   264
  2.915811e-01   3.296023e-36   1.415038e-04   1.436764e-37   612
  2.919709e-01   3.808823e-36   7.282870e-05   2.170912e-37   408
  2.923718e-01   3.278555e-36   7.293338e-05   1.730739e-37   444
  2.926663e-01   3.194322e-36   4.079109e-05   2.887597e-37   120
  2.930609e-01   3.197817e-36   1.126983e-04   2.162804e-37   336
  2.933538e-01   3.478963e-36   3.916222e-05   2.273214e-37   288
  2.937496e-01   3.600566e-36   1.218735e-04   1.630763e-37   552
  2.942938e-01   4.151713e-36   6.525678e-09   5.695570e-37   72
  2.945736e-01   3.751432e-36   1.210514e-04   2.028027e-37   504
  2.949004e-01   3.317592e-36   3.895317e-05   2.584888e-37   216
  2.953239e-01   4.396547e-36   6.954821e-05   3.368988e-37   312
  2.957040e-01   3.853770e-36   7.919158e-05   2.260980e-37   336
  2.960663e-01   4.200608e-36   1.097684e-04   2.964285e-37   204
  2.964271e-01   4.112175e-36   1.275676e-04   2.561690e-37   504
  2.968098e-01   3.975968e-36   1.214810e-04   2.426306e-37   396
  2.971778e-01   4.384689e-36   1.114044e-04   2.530079e-37   312
  2.976240e-01   4.233746e-36   6.808000e-05   3.902465e-37   216
  2.979383e-01   4.185949e-36   3.694832e-05   4.211640e-37   168
  2.983203e-01   4.114172e-36   9.329657e-05   2.148306e-37   588
  2.987563e-01   3.355788e-36   1.266392e-04   2.795116e-37   240
  2.990950e-01   3.578795e-36   1.118436e-04   3.277947e-37   264
  2.994922e-01   4.766964e-36   1.383176e-04   3.529179e-37   288
  2.998446e-01   3.677790e-36   6.907007e-05   2.721411e-37   288
  3.002913e-01   3.625406e-36   6.486779e-05   2.404825e-37   288
  3.005921e-01   4.235334e-36   7.514392e-05   4.290040e-37   192
  3.009705e-01   4.011479e-36   7.996067e-05   2.765921e-37   264
  3.013310e-01   4.588561e-36   1.315242e-04   3.397954e-37   372
  3.017189e-01   4.306278e-36   1.420518e-04   2.785717e-37   360
  3.021924e-01   3.836975e-36   6.011768e-05   3.703878e-37   144
  3.024371e-01   3.785560e-36   8.350082e-05   2.310415e-37   296
  3.028234e-01   4.619628e-36   8.996782e-05   2.820347e-37   288
  3.032657e-01   4.095999e-36   1.344546e-04   2.122372e-37   480
  3.036471e-01   4.466794e-36   1.117190e-04   4.258542e-37   192
  3.040181e-01   4.496362e-36   1.198338e-04   4.486142e-37   192
  3.043553e-01   3.818511e-36   7.637151e-05   2.874535e-37   288
  3.048242e-01   3.428091e-36   6.648036e-05   3.124972e-37   108
  3.050604e-01   4.562140e-36   6.391272e-05   3.912092e-37   240
  3.054775e-01   4.562173e-36   1.192307e-04   2.513510e-37   384
  3.059059e-01   4.579790e-36   1.454479e-04   5.369942e-37   108
  3.062848e-01   4.731581e-36   8.527881e-05   3.067608e-37   348
  3.066832e-01   4.610949e-36   8.900031e-05   2.741382e-37   312
  3.070391e-01   3.541961e-36   8.648246e-05   3.710054e-37   96
  3.073663e-01   4.566026e-36   1.151358e-04   3.092879e-37   384
  3.077328e-01   4.027219e-36   7.919012e-05   4.538388e-37   144
  3.080912e-01   4.035488e-36   1.216791e-04   2.224643e-37   408
  3.085368e-01   4.682094e-36   5.427748e-05   4.239734e-37   144
  3.089578e-01   3.925985e-36   1.043490e-04   2.865644e-37   192
  3.092074e-01   4.320374e-36   1.174468e-04   3.550973e-37   144
  3.096144e-01   3.472623e-36   9.548855e-05   3.913318e-37   144
  3.099983e-01   3.651714e-36   1.167025e-04   2.157321e-37   336
  3.104685e-01   3.605851e-36   8.634502e-05   2.807030e-37   240
  3.107666e-01   5.230827e-36   3.920851e-05   4.735542e-37   96
  3.111825e-01   4.388120e-36   1.149797e-04   2.343742e-37   372
  3.116031e-01   3.613312e-36   1.367659e-04   3.974731e-37   132
  3.119726e-01   4.149277e-36   8.462908e-05   2.760546e-37   264
  3.123032e-01   4.629841e-36   6.499128e-05   3.642959e-37   168
  3.126560e-01   4.547495e-36   1.039086e-04   4.286840e-37   216
  3.129676e-01   4.371167e-36   6.357256e-05   3.609688e-37   216
  3.134215e-01   4.287057e-36   1.166292e-04   4.024317e-37   96
  3.138333e-01   4.884448e-36   7.608990e-05   4.200508e-37   120
  3.142110e-01   4.870037e-36   9.673168e-05   3.571316e-37   216
  3.145221e-01   4.301520e-36   4.227207e-05   2.737929e-37   200
  3.149340e-01   4.346708e-36   1.094242e-04   3.058958e-37   288
  3.154623e-01   4.832030e-36   2.879164e-05   3.481617e-37   144
  3.156848e-01   4.170637e-36   8.959781e-05   4.579019e-37   168
  3.161391e-01   4.185196e-36   1.008340e-04   4.211341e-37   159
  3.164937e-01   4.761175e-36   1.057991e-04   3.435860e-37   174
  3.168369e-01   4.581833e-36   9.593494e-05   4.198661e-37   144
  3.172863e-01   3.946751e-36   5.539549e-05   3.257053e-37   222
  3.175869e-01   4.591160e-36   5.589895e-05   4.277080e-37   168
  3.181060e-01   2.996325e-36   1.226079e-04   5.600220e-37   30
  3.183205e-01   5.295638e-36   1.082537e-04   6.393882e-37   72
  3.187244e-01   4.849745e-36   9.661517e-05   2.896239e-37   258
  3.191684e-01   5.178709e-36   6.051257e-05   3.752627e-37   264
  3.193905e-01   4.411436e-36   0.000000e+00   4.449671e-37   72
  3.198532e-01   4.541070e-36   1.199385e-04   3.558932e-37   174
  3.202721e-01   5.346539e-36   1.277123e-04   5.344420e-37   168
  3.206090e-01   6.114038e-36   3.996146e-09   5.994607e-37   48
  3.209705e-01   4.889747e-36   7.212215e-05   3.425879e-37   150
  3.213898e-01   6.059389e-36   1.326739e-04   4.740565e-37   168
  3.218102e-01   5.679092e-36   8.081877e-05   5.200341e-37   144
  3.221967e-01   4.456193e-36   7.550312e-05   4.386112e-37   102
  3.224847e-01   4.233505e-36   1.117576e-04   4.322595e-37   96
  3.229415e-01   3.066950e-36   1.109119e-04   2.901742e-37   120
  3.232799e-01   4.733329e-36   1.189559e-04   4.289137e-37   168
  3.236458e-01   5.021061e-36   8.783953e-05   4.638161e-37   126
  3.239576e-01   5.839145e-36   6.624856e-05   5.221139e-37   168
  3.243872e-01   6.326194e-36   1.062297e-04   8.165297e-37   72
  3.247626e-01   4.264370e-36   1.330232e-04   2.835721e-37   168
  3.250914e-01   4.266054e-36   3.646820e-05   5.678320e-37   78
  3.255420e-01   4.832578e-36   5.987806e-05   4.177004e-37   60
  3.259049e-01   4.702474e-36   9.713191e-05   5.967357e-37   96
  3.262812e-01   5.265813e-36   1.178615e-04   4.472654e-37   168
  3.266349e-01   4.548218e-36   7.457817e-05   6.060413e-37   86
  3.270060e-01   6.903693e-36   6.665520e-05   7.005365e-37   120
  3.275378e-01   5.565391e-36   4.753401e-05   4.773312e-37   168
  3.278247e-01   5.918832e-36   0.000000e+00   1.029984e-36   48
  3.282110e-01   6.243872e-36   8.660181e-05   4.806873e-37   120
  3.284330e-01   6.189848e-36   6.317951e-05   6.015716e-37   126
  3.289749e-01   6.189393e-36   1.111151e-04   5.271343e-37   96
  3.293266e-01   5.270759e-36   3.204012e-05   5.184611e-37   96
  3.296039e-01   4.397312e-36   0.000000e+00   5.030294e-37   72
  3.301949e-01   4.471642e-36   3.996146e-09   8.705060e-37   24
  3.305637e-01   5.571872e-36   6.593782e-05   5.015931e-37   120
  3.308514e-01   7.447907e-36   9.618300e-05   6.642511e-37   126
  3.311713e-01   5.260532e-36   8.018157e-05   5.433056e-37   96
  3.315452e-01   5.180866e-36   1.385771e-04   5.436103e-37   72
  3.319614e-01   4.349436e-36   5.993927e-05   4.398296e-37   144
  3.323038e-01   5.798855e-36   3.457157e-05   5.904633e-37   72
  3.326459e-01   5.287598e-36   6.905176e-05   7.103193e-37   54
  3.329469e-01   4.845762e-36   6.085106e-05   4.541198e-37   108
  3.335726e-01   7.656315e-36   5.964977e-05   7.961534e-37   72
  3.337673e-01   7.060662e-36   3.441997e-05   1.170507e-36   72
  3.342294e-01   8.205522e-36   6.921527e-09   1.931469e-36   24
  3.346666e-01   4.572701e-36   7.281693e-05   8.738210e-37   48
  3.349321e-01   5.895988e-36   5.546771e-05   5.934649e-37   102
  3.353317e-01   5.458678e-36   1.254449e-04   4.460908e-37   168
  3.358538e-01   6.594211e-36   6.841470e-05   6.544942e-37   72
  3.360473e-01   6.170058e-36   0.000000e+00   7.141180e-37   48
  3.364531e-01   5.627985e-36   1.176775e-04   6.086455e-37   120
  3.369887e-01   5.735452e-36   7.231517e-05   5.015941e-37   96
  3.374945e-01   6.270970e-36   7.830814e-09   1.185961e-36   30
  3.380957e-01   9.727048e-36   3.397687e-05   1.127411e-36   72
  3.383599e-01   5.160205e-36   3.996146e-09   1.360485e-36   24
  3.386992e-01   7.594313e-36   5.036212e-05   9.735776e-37   56
  3.390793e-01   7.281589e-36   7.186930e-05   8.167672e-37   96
  3.395342e-01   6.067669e-36   7.936128e-05   4.903765e-37   144
  3.398849e-01   6.526056e-36   4.505822e-05   8.642802e-37   54
  3.403944e-01   5.507043e-36   6.750198e-05   5.342311e-37   108
  3.409071e-01   3.633519e-36   3.574199e-05   6.799975e-37   48
  3.413952e-01   6.577889e-36   1.345800e-04   6.263804e-37   72
  3.425664e-01   5.866285e-36   8.891744e-05   6.518754e-37   78
  3.428909e-01   8.053978e-36   6.701044e-05   8.086709e-37   72
  3.432698e-01   7.187023e-36   6.692725e-05   7.931241e-37   72
  3.436659e-01   5.768034e-36   1.615028e-04   4.516153e-37   96
  3.439790e-01   7.212910e-36   6.678928e-05   8.474874e-37   72
  3.443566e-01   4.783249e-36   0.000000e+00   9.939425e-37   24
  3.447338e-01   8.209600e-36   1.332770e-04   9.524731e-37   72
  3.455858e-01   6.087871e-36   8.463498e-05   1.264047e-36   30
  3.457691e-01   3.982272e-36   0.000000e+00   6.049435e-37   24
  3.467544e-01   7.910249e-36   7.027855e-05   1.246723e-36   48
  3.470634e-01   7.726178e-36   1.512394e-04   6.806756e-37   120
  3.474798e-01   5.734039e-36   6.612537e-05   6.587641e-37   72
  3.479003e-01   1.103104e-35   6.604543e-05   2.540634e-36   36
  3.481894e-01   5.848621e-36   1.305365e-04   6.830401e-37   78
  3.489960e-01   6.763317e-36   6.982714e-05   1.047979e-36   48
  3.500419e-01   5.107641e-36   5.651403e-09   8.306363e-37   24
  3.507870e-01   5.657330e-36   4.862619e-05   6.473045e-37   56
  3.511622e-01   8.807788e-36   7.482652e-05   7.717406e-37   102
  3.516395e-01   8.010514e-36   5.328194e-09   1.091337e-36   72
  3.519166e-01   6.374495e-36   0.000000e+00   1.360497e-36   24
  3.524009e-01   7.563172e-36   6.915246e-05   1.022091e-36   48
  3.532988e-01   6.954991e-36   0.000000e+00   1.338349e-36   24
  3.544007e-01   1.002816e-35   0.000000e+00   3.082496e-36   6
  3.547443e-01   1.211456e-35   0.000000e+00   2.077687e-36   24
  3.549732e-01   7.968349e-36   6.472929e-05   7.769537e-37   72
  3.553914e-01   7.429224e-36   1.207586e-04   7.316085e-37   84
  3.558418e-01   8.679013e-36   0.000000e+00   1.245936e-36   24
  3.559787e-01   4.698518e-36   5.651403e-09   7.464362e-37   24
  3.566626e-01   7.870730e-36   3.996146e-09   1.571271e-36   24
  3.576179e-01   1.815090e-36   0.000000e+00   4.223326e-37   6
  3.588424e-01   9.400846e-36   6.791113e-05   1.040125e-36   48
  3.591365e-01   1.023587e-35   1.279335e-04   1.239063e-36   72
  3.595209e-01   7.145254e-36   6.778297e-05   7.379121e-37   48
  3.601304e-01   9.692476e-36   0.000000e+00   1.825083e-36   24
  3.609415e-01   3.998726e-36   3.996146e-09   2.974672e-37   6
  3.627599e-01   6.925103e-36   0.000000e+00   1.606050e-36   8
  3.628942e-01   1.011173e-35   3.996146e-09   1.396497e-36   48
  3.632164e-01   1.185384e-35   6.573533e-05   1.576183e-36   60
  3.636991e-01   8.056288e-36   0.000000e+00   1.852057e-36   24
  3.643686e-01   2.950835e-36   0.000000e+00   9.148061e-37   6
  3.668348e-01   1.686724e-35   0.000000e+00   2.855235e-36   24
  3.670341e-01   1.136237e-35   6.639546e-05   1.314377e-36   48
  3.673659e-01   1.115989e-35   0.000000e+00   1.746699e-36   24
  3.678962e-01   4.149222e-36   3.996146e-09   1.471295e-36   6
  3.709088e-01   1.143010e-35   6.194064e-05   1.760644e-36   36
  3.711278e-01   1.274844e-35   0.000000e+00   1.770920e-36   24
  3.715215e-01   2.621201e-36   0.000000e+00   7.162401e-37   6
  3.749494e-01   1.156610e-35   5.629118e-05   1.545178e-36   32
  3.752417e-01   6.157628e-36   3.996146e-09   1.934761e-36   6
  3.789254e-01   1.327774e-35   0.000000e+00   3.665018e-36   12
  3.790540e-01   5.873766e-36   0.000000e+00   1.906730e-36   6
  3.829556e-01   1.341112e-35   5.651403e-09   3.365129e-36   6
