# power spectrum of delta for cdm
# redshift z=1.000000
# k              Pk             sigma(k)       sigma(Pk)      count
  6.981317e-03   7.018329e-05   0.000000e+00   2.838356e-05   6
  9.873073e-03   1.563871e-04   0.000000e+00   3.124999e-05   12
  1.209200e-02   2.510163e-04   1.324548e-10   5.180162e-05   8
  1.396263e-02   1.479022e-03   0.000000e+00   1.587057e-04   6
  1.561070e-02   1.531178e-03   0.000000e+00   4.887005e-04   24
  1.710066e-02   3.010803e-03   2.497591e-10   5.135155e-04   24
  1.974615e-02   2.228582e-03   0.000000e+00   9.981042e-04   12
  2.094395e-02   3.153033e-03   2.825702e-10   5.658396e-04   30
  2.207686e-02   4.957975e-03   0.000000e+00   1.088226e-03   24
  2.315441e-02   5.172579e-03   4.325955e-10   1.295019e-03   24
  2.418399e-02   6.771689e-03   2.649095e-10   1.363036e-03   8
  2.517150e-02   6.732951e-03   3.532127e-10   8.585286e-04   24
  2.612170e-02   7.087953e-03   0.000000e+00   1.007463e-03   48
  2.792527e-02   1.114641e-02   0.000000e+00   4.929491e-03   6
  2.878471e-02   9.372421e-03   4.995182e-10   1.324156e-03   48
  2.961922e-02   9.749333e-03   0.000000e+00   1.039675e-03   36
  3.043086e-02   1.455656e-02   3.532127e-10   3.100343e-03   24
  3.122140e-02   9.651139e-03   0.000000e+00   1.595136e-03   24
  3.199241e-02   9.246544e-03   0.000000e+00   1.230961e-03   48
  3.274528e-02   1.407097e-02   4.995182e-10   2.003734e-03   24
  3.420133e-02   1.401014e-02   4.995182e-10   2.163512e-03   24
  3.490659e-02   9.781428e-03   0.000000e+00   1.627497e-03   30
  3.559787e-02   1.168863e-02   0.000000e+00   1.260698e-03   72
  3.627599e-02   1.269596e-02   5.298191e-10   2.650308e-03   32
  3.759554e-02   1.733043e-02   0.000000e+00   1.996836e-03   72
  3.823825e-02   1.184059e-02   0.000000e+00   1.755842e-03   48
  3.949229e-02   6.506447e-03   0.000000e+00   1.929610e-03   12
  4.010461e-02   1.375213e-02   0.000000e+00   2.031498e-03   48
  4.070772e-02   1.249350e-02   0.000000e+00   1.184869e-03   48
  4.130203e-02   1.724530e-02   4.995182e-10   2.236384e-03   48
  4.188790e-02   2.199598e-02   5.651403e-10   3.869480e-03   30
  4.246569e-02   2.415148e-02   4.995182e-10   5.357232e-03   24
  4.303573e-02   2.385504e-02   1.053077e-09   2.554200e-03   72
  4.415373e-02   1.498770e-02   0.000000e+00   2.955378e-03   24
  4.470224e-02   2.216355e-02   0.000000e+00   2.123282e-03   96
  4.524411e-02   1.746603e-02   0.000000e+00   2.457711e-03   48
  4.577956e-02   1.485290e-02   8.651909e-10   3.525926e-03   24
  4.630882e-02   1.188294e-02   8.651909e-10   2.500949e-03   24
  4.683210e-02   2.831107e-02   0.000000e+00   3.381738e-03   72
  4.734960e-02   2.350454e-02   0.000000e+00   3.590561e-03   48
  4.836798e-02   1.902836e-02   5.298191e-10   5.247522e-03   8
  4.886922e-02   3.315467e-02   6.279337e-10   4.238273e-03   54
  4.936537e-02   2.100666e-02   0.000000e+00   3.374488e-03   84
  4.985658e-02   2.806734e-02   0.000000e+00   4.104105e-03   48
  5.034299e-02   1.668278e-02   7.064254e-10   2.878038e-03   24
  5.082475e-02   2.313982e-02   6.660243e-10   2.637563e-03   72
  5.130199e-02   3.077817e-02   0.000000e+00   3.577842e-03   96
  5.224339e-02   4.055549e-02   0.000000e+00   4.471719e-03   48
  5.270779e-02   2.434855e-02   0.000000e+00   2.482528e-03   48
  5.316813e-02   2.332274e-02   7.064254e-10   4.585403e-03   24
  5.362451e-02   2.557882e-02   0.000000e+00   2.880600e-03   72
  5.452583e-02   2.573437e-02   6.660243e-10   3.047278e-03   72
  5.497095e-02   2.720244e-02   0.000000e+00   3.054272e-03   96
  5.585054e-02   5.209527e-02   0.000000e+00   2.222767e-02   6
  5.628518e-02   3.451602e-02   0.000000e+00   3.747459e-03   96
  5.671649e-02   3.675432e-02   7.064254e-10   3.944230e-03   96
  5.714454e-02   2.125929e-02   0.000000e+00   5.249684e-03   24
  5.756941e-02   2.801231e-02   9.990364e-10   3.197326e-03   48
  5.799117e-02   3.003102e-02   0.000000e+00   3.032888e-03   96
  5.840989e-02   2.858310e-02   0.000000e+00   4.185445e-03   48
  5.923844e-02   3.111848e-02   0.000000e+00   5.075901e-03   36
  5.964840e-02   3.202224e-02   1.223565e-09   4.038934e-03   48
  6.005556e-02   3.551153e-02   1.384305e-09   3.170424e-03   120
  6.045998e-02   3.155800e-02   0.000000e+00   4.215330e-03   56
  6.086171e-02   1.709711e-02   7.064254e-10   3.069684e-03   24
  6.126081e-02   2.652817e-02   0.000000e+00   2.410593e-03   96
  6.165732e-02   2.746058e-02   0.000000e+00   3.382599e-03   48
  6.244280e-02   4.203358e-02   0.000000e+00   7.660331e-03   24
  6.283185e-02   4.116344e-02   0.000000e+00   4.283564e-03   102
  6.321851e-02   5.168609e-02   0.000000e+00   8.188185e-03   48
  6.360282e-02   4.213379e-02   0.000000e+00   4.422653e-03   72
  6.398483e-02   3.817455e-02   0.000000e+00   3.737746e-03   48
  6.436456e-02   4.774334e-02   0.000000e+00   8.755618e-03   48
  6.474207e-02   3.893520e-02   1.598458e-09   3.825832e-03   120
  6.549056e-02   4.535719e-02   9.990364e-10   6.948200e-03   24
  6.586161e-02   3.318184e-02   9.419006e-10   2.864442e-03   144
  6.623059e-02   3.372462e-02   1.130281e-09   3.626292e-03   120
  6.659752e-02   3.470396e-02   9.990364e-10   4.988201e-03   48
  6.732538e-02   4.198976e-02   9.990364e-10   5.734406e-03   48
  6.768638e-02   3.488078e-02   9.990364e-10   3.337628e-03   96
  6.863955e-02   4.175852e-02   1.675093e-04   4.786318e-03   72
  6.911151e-02   3.736136e-02   1.255867e-09   2.878102e-03   108
  6.946323e-02   4.055729e-02   0.000000e+00   4.276972e-03   72
  6.981317e-02   2.910103e-02   0.000000e+00   6.751977e-03   30
  7.016137e-02   4.505100e-02   0.000000e+00   3.389302e-03   168
  7.050785e-02   5.807008e-02   0.000000e+00   7.117108e-03   48
  7.119574e-02   3.436564e-02   0.000000e+00   4.366713e-03   72
  7.153721e-02   4.910925e-02   0.000000e+00   5.037525e-03   96
  7.187706e-02   4.267159e-02   1.883801e-09   6.533951e-03   72
  7.221530e-02   4.730550e-02   0.000000e+00   5.178738e-03   72
  7.278398e-02   5.022278e-02   1.546684e-04   4.078718e-03   104
  7.322067e-02   4.457234e-02   1.332049e-09   3.442204e-03   144
  7.421242e-02   3.279861e-02   2.233913e-09   3.260878e-03   96
  7.454007e-02   2.947308e-02   0.000000e+00   3.101099e-03   96
  7.506116e-02   4.611158e-02   1.591194e-04   4.202033e-03   120
  7.551449e-02   3.973086e-02   0.000000e+00   3.407640e-03   120
  7.583651e-02   5.071978e-02   0.000000e+00   5.692173e-03   72
  7.647650e-02   5.801430e-02   0.000000e+00   7.789820e-03   48
  7.679449e-02   5.337580e-02   1.505926e-09   7.080420e-03   78
  7.720128e-02   5.667743e-02   1.424762e-04   4.742528e-03   168
  7.805350e-02   5.259557e-02   1.332049e-09   4.480786e-03   144
  7.836509e-02   6.559350e-02   1.332049e-09   4.897570e-03   144
  7.926883e-02   5.146109e-02   8.205478e-05   4.868289e-03   156
  7.959926e-02   4.714234e-02   1.730382e-09   1.025788e-02   48
  7.990483e-02   4.849413e-02   1.130281e-09   4.397379e-03   120
  8.020923e-02   3.370895e-02   0.000000e+00   3.868455e-03   48
  8.074745e-02   5.232656e-02   1.255998e-04   3.962700e-03   216
  8.141545e-02   3.191671e-02   0.000000e+00   3.716751e-03   48
  8.171422e-02   3.876672e-02   9.990364e-10   3.177447e-03   96
  8.213902e-02   4.628968e-02   1.467830e-04   4.348756e-03   168
  8.260406e-02   3.559246e-02   9.990364e-10   5.162106e-03   48
  8.289855e-02   5.499055e-02   0.000000e+00   5.641321e-03   96
  8.319199e-02   4.317114e-02   0.000000e+00   7.618289e-03   48
  8.377580e-02   6.034925e-02   1.130281e-09   7.818449e-03   30
  8.406619e-02   4.294633e-02   9.990364e-10   3.658964e-03   96
  8.441325e-02   5.010690e-02   1.153584e-04   3.798728e-03   240
  8.485953e-02   9.788896e-02   1.244551e-04   1.517506e-02   32
  8.521783e-02   3.813809e-02   0.000000e+00   2.919333e-03   168
  8.550332e-02   4.070575e-02   0.000000e+00   3.951886e-03   120
  8.607146e-02   4.193566e-02   2.106154e-09   5.565512e-03   72
  8.635412e-02   5.600055e-02   1.332049e-09   5.556594e-03   144
  8.663587e-02   4.388759e-02   0.000000e+00   4.170311e-03   96
  8.691670e-02   5.091325e-02   0.000000e+00   4.098692e-03   96
  8.747565e-02   7.744981e-02   1.631420e-09   9.790148e-03   72
  8.775379e-02   4.332743e-02   1.412851e-09   4.562105e-03   96
  8.830745e-02   6.895352e-02   0.000000e+00   1.234702e-02   24
  8.858298e-02   5.123488e-02   0.000000e+00   3.568770e-03   192
  8.890745e-02   4.844406e-02   1.056148e-04   3.996553e-03   132
  8.940448e-02   5.390797e-02   0.000000e+00   4.547012e-03   96
  8.967664e-02   3.164657e-02   0.000000e+00   3.220140e-03   96
  8.994798e-02   4.313775e-02   1.130281e-09   3.346464e-03   120
  9.048821e-02   4.593407e-02   0.000000e+00   5.620274e-03   48
  9.093103e-02   4.234474e-02   1.279966e-04   2.542553e-03   222
  9.129257e-02   5.314860e-02   0.000000e+00   4.812725e-03   120
  9.155911e-02   3.307038e-02   1.730382e-09   7.180031e-03   24
  9.194720e-02   6.255194e-02   1.321111e-04   4.104399e-03   312
  9.279280e-02   6.860697e-02   1.238595e-04   7.427621e-03   72
  9.314239e-02   4.649839e-02   9.990364e-10   4.726043e-03   96
  9.350136e-02   5.910068e-02   1.261337e-04   5.268778e-03   192
  9.392401e-02   4.816074e-02   1.598458e-09   5.395840e-03   120
  9.418312e-02   4.870330e-02   0.000000e+00   4.414929e-03   144
  9.469919e-02   5.078354e-02   0.000000e+00   6.788055e-03   48
  9.506602e-02   4.487843e-02   1.268319e-04   3.063323e-03   336
  9.546807e-02   4.868741e-02   0.000000e+00   5.349214e-03   48
  9.597724e-02   4.909696e-02   0.000000e+00   4.976991e-03   192
  9.623081e-02   3.603136e-02   0.000000e+00   4.194901e-03   48
  9.695161e-02   3.776810e-02   8.803796e-05   4.465207e-03   56
  9.731001e-02   4.798363e-02   1.130706e-04   2.786952e-03   336
  9.773844e-02   4.701006e-02   1.255867e-09   8.864345e-03   54
  9.811165e-02   4.909199e-02   1.241922e-04   3.515537e-03   240
  9.888643e-02   5.228871e-02   1.189150e-04   4.686213e-03   228
  9.922316e-02   4.745629e-02   1.332049e-09   6.055184e-03   72
  9.955002e-02   5.407684e-02   1.153504e-04   4.386271e-03   144
  9.995725e-02   5.302643e-02   0.000000e+00   5.139444e-03   96
  1.002007e-01   4.883939e-02   1.598458e-09   3.777144e-03   240
  1.006860e-01   3.180489e-02   1.412851e-09   4.694810e-03   24
  1.009966e-01   5.126074e-02   1.089476e-04   2.868349e-03   336
  1.014095e-01   3.129527e-02   0.000000e+00   3.458198e-03   72
  1.017863e-01   6.049013e-02   1.185007e-04   5.037265e-03   168
  1.021279e-01   4.880853e-02   0.000000e+00   5.736661e-03   72
  1.026040e-01   7.373277e-02   0.000000e+00   7.830406e-03   96
  1.029727e-01   4.003146e-02   1.176117e-04   2.832694e-03   216
  1.033141e-01   3.653852e-02   1.412851e-09   2.821326e-03   96
  1.037847e-01   4.798669e-02   0.000000e+00   3.258277e-03   192
  1.040193e-01   4.916787e-02   1.332049e-09   3.599542e-03   144
  1.044868e-01   3.328847e-02   0.000000e+00   3.749735e-03   48
  1.048105e-01   5.267455e-02   1.133915e-04   4.294349e-03   246
  1.052503e-01   6.340671e-02   1.045488e-04   5.885072e-03   168
  1.056465e-01   5.417240e-02   1.957704e-09   8.430386e-03   120
  1.058769e-01   4.513385e-02   0.000000e+00   3.908569e-03   240
  1.063363e-01   4.213532e-02   1.412851e-09   9.456425e-03   24
  1.067022e-01   4.802189e-02   1.119102e-04   2.909485e-03   360
  1.071580e-01   6.857768e-02   1.114340e-04   6.379424e-03   120
  1.074760e-01   5.119335e-02   0.000000e+00   4.493321e-03   144
  1.077025e-01   7.101914e-02   0.000000e+00   6.799370e-03   96
  1.083792e-01   5.168325e-02   0.000000e+00   3.974170e-03   144
  1.086038e-01   6.825632e-02   0.000000e+00   6.788215e-03   132
  1.089195e-01   4.404021e-02   1.099837e-04   3.635712e-03   176
  1.093777e-01   4.922736e-02   1.110614e-04   3.122253e-03   312
  1.099419e-01   5.571537e-02   0.000000e+00   7.355763e-03   96
  1.101633e-01   3.770994e-02   0.000000e+00   3.518126e-03   144
  1.105031e-01   5.291267e-02   1.099474e-04   3.698293e-03   312
  1.110446e-01   4.611785e-02   0.000000e+00   5.151933e-03   48
  1.112639e-01   4.525085e-02   1.412851e-09   3.364493e-03   192
  1.117011e-01   3.589014e-02   0.000000e+00   1.109018e-02   6
  1.119915e-01   4.703054e-02   1.025446e-04   3.056150e-03   288
  1.124620e-01   5.260173e-02   1.083450e-04   4.566174e-03   192
  1.127866e-01   4.719297e-02   3.322713e-09   3.534269e-03   216
  1.130025e-01   5.613178e-02   0.000000e+00   8.799370e-03   72
  1.135403e-01   5.872421e-02   1.073161e-04   6.133046e-03   192
  1.138975e-01   6.170014e-02   7.968796e-05   4.855068e-03   288
  1.142891e-01   4.262292e-02   0.000000e+00   9.203555e-03   24
  1.145916e-01   5.266000e-02   1.049823e-04   3.434347e-03   456
  1.151388e-01   4.656452e-02   1.998073e-09   9.719675e-03   48
  1.154769e-01   5.644480e-02   1.034033e-04   4.390873e-03   240
  1.158655e-01   6.511329e-02   1.045007e-04   4.811642e-03   216
  1.161923e-01   4.714753e-02   0.000000e+00   5.657940e-03   72
  1.164018e-01   4.017894e-02   3.610549e-09   3.604776e-03   168
  1.169935e-01   5.193511e-02   7.767385e-05   3.849982e-03   288
  1.173253e-01   5.843775e-02   1.027758e-04   4.897736e-03   168
  1.178582e-01   5.781603e-02   0.000000e+00   5.561389e-03   192
  1.180648e-01   4.064062e-02   1.332049e-09   2.864906e-03   144
  1.184769e-01   8.297657e-02   0.000000e+00   1.155418e-02   36
  1.188264e-01   4.433705e-02   9.385617e-05   2.889022e-03   342
  1.191605e-01   5.210139e-02   9.637890e-05   6.662271e-03   144
  1.195900e-01   6.047939e-02   1.010773e-04   4.659095e-03   384
  1.201111e-01   6.403745e-02   2.768611e-09   7.035209e-03   120
  1.203690e-01   6.363357e-02   9.013158e-05   4.042024e-03   264
  1.207183e-01   5.355999e-02   4.467827e-09   4.804409e-03   192
  1.210471e-01   4.721056e-02   9.713401e-05   4.217590e-03   152
  1.213224e-01   5.359658e-02   2.664097e-09   6.060360e-03   144
  1.219012e-01   3.696994e-02   6.286607e-05   3.079096e-03   216
  1.221692e-01   6.462216e-02   8.400585e-05   4.418029e-03   312
  1.226409e-01   5.377253e-02   9.736112e-05   3.991085e-03   240
  1.229188e-01   4.908083e-02   1.412851e-09   4.439122e-03   96
  1.234463e-01   3.456597e-02   9.308426e-05   3.023138e-03   144
  1.237714e-01   5.381930e-02   9.149363e-05   3.152018e-03   456
  1.242988e-01   3.311232e-02   0.000000e+00   2.488813e-03   120
  1.244947e-01   4.801078e-02   0.000000e+00   4.988722e-03   144
  1.248856e-01   4.483083e-02   0.000000e+00   6.080983e-03   24
  1.251362e-01   4.562385e-02   8.794658e-05   2.681093e-03   336
  1.255696e-01   5.001269e-02   9.699311e-05   4.269449e-03   198
  1.259757e-01   6.399091e-02   9.432023e-05   5.192377e-03   432
  1.264370e-01   9.886595e-02   0.000000e+00   1.442300e-02   48
  1.266777e-01   7.256281e-02   8.326844e-05   4.905733e-03   384
  1.271098e-01   5.647734e-02   9.585962e-05   6.770304e-03   144
  1.275013e-01   8.891291e-02   9.517601e-05   8.671989e-03   264
  1.279697e-01   4.729940e-02   0.000000e+00   4.679901e-03   48
  1.282839e-01   5.334910e-02   9.049683e-05   4.076543e-03   276
  1.285870e-01   5.790013e-02   8.203293e-05   5.646171e-03   192
  1.289922e-01   5.269985e-02   9.218697e-05   2.732359e-03   552
  1.294841e-01   4.012229e-02   3.196917e-09   5.677039e-03   120
  1.297765e-01   3.922041e-02   9.331596e-05   3.086887e-03   216
  1.300475e-01   4.459473e-02   1.598458e-09   3.792247e-03   120
  1.305316e-01   6.451240e-02   9.189333e-05   3.882572e-03   408
  1.309811e-01   1.679225e-02   1.998073e-09   2.189970e-03   24
  1.312599e-01   5.338537e-02   9.282881e-05   4.160252e-03   384
  1.316492e-01   3.887639e-02   9.069708e-05   2.439978e-03   240
  1.319872e-01   5.243221e-02   9.136125e-05   3.789246e-03   168
  1.324612e-01   3.496461e-02   2.260561e-09   3.771705e-03   120
  1.327667e-01   6.151095e-02   9.523931e-05   4.794035e-03   350
  1.332635e-01   6.728726e-02   1.567823e-04   5.339926e-03   384
  1.335605e-01   8.683774e-02   0.000000e+00   1.203421e-02   144
  1.341067e-01   5.236495e-02   3.767602e-09   4.853649e-03   288
  1.343919e-01   5.905497e-02   8.974411e-05   4.979995e-03   336
  1.347800e-01   4.338458e-02   8.170456e-05   4.170669e-03   168
  1.350122e-01   6.865016e-02   1.614687e-09   6.174673e-03   336
  1.354927e-01   4.413726e-02   8.480446e-05   2.975813e-03   288
  1.357812e-01   5.658316e-02   7.990748e-05   4.324126e-03   264
  1.362699e-01   5.257701e-02   0.000000e+00   4.613405e-03   240
  1.364486e-01   4.575988e-02   2.825702e-09   4.961468e-03   96
  1.370900e-01   5.995750e-02   1.086688e-04   4.686537e-03   360
  1.373893e-01   5.346487e-02   8.010757e-05   7.192778e-03   168
  1.377676e-01   5.117790e-02   8.732558e-05   3.120148e-03   456
  1.382230e-01   4.169221e-02   2.511735e-09   4.382567e-03   108
  1.384792e-01   3.201735e-02   8.761995e-05   1.963359e-03   264
  1.387988e-01   4.874813e-02   7.817127e-05   4.800421e-03   264
  1.392364e-01   5.307826e-02   7.376599e-05   2.988108e-03   312
  1.397814e-01   5.961449e-02   5.481617e-05   6.804213e-03   270
  1.400098e-01   6.613087e-02   6.959603e-05   7.327793e-03   240
  1.404204e-01   6.765998e-02   8.609907e-05   6.100001e-03   384
  1.406696e-01   4.465419e-02   0.000000e+00   3.590035e-03   192
  1.411539e-01   6.566058e-02   6.908303e-05   7.326815e-03   240
  1.414347e-01   6.785281e-02   8.525963e-05   5.435564e-03   336
  1.419630e-01   5.640346e-02   8.583011e-05   3.322895e-03   480
  1.423915e-01   6.734069e-02   0.000000e+00   9.351483e-03   72
  1.426309e-01   6.736927e-02   8.369217e-05   7.852380e-03   240
  1.429564e-01   4.755150e-02   7.865917e-05   3.202086e-03   312
  1.433297e-01   4.031825e-02   8.501169e-05   2.952307e-03   240
  1.438936e-01   5.359471e-02   6.458688e-05   4.062667e-03   408
  1.441169e-01   4.787640e-02   5.914602e-05   3.543360e-03   336
  1.445532e-01   5.190645e-02   7.510087e-05   4.627900e-03   264
  1.447677e-01   3.359256e-02   0.000000e+00   2.972872e-03   144
  1.453643e-01   4.936985e-02   1.040943e-04   3.755473e-03   464
  1.456786e-01   3.738983e-02   8.277629e-05   3.117733e-03   168
  1.459889e-01   4.685864e-02   7.539115e-05   4.462060e-03   336
  1.465498e-01   5.124468e-02   7.921315e-05   4.392753e-03   414
  1.468660e-01   9.763191e-02   8.245619e-05   1.113310e-02   216
  1.472710e-01   1.136400e-01   1.998073e-09   1.475959e-02   96
  1.474364e-01   5.353611e-02   5.994218e-09   5.541512e-03   384
  1.480158e-01   5.371420e-02   8.229688e-05   3.859991e-03   492
  1.483263e-01   6.204105e-02   8.047930e-05   5.172229e-03   240
  1.486772e-01   5.049530e-02   8.171468e-05   3.718103e-03   312
  1.491618e-01   2.991485e-02   8.168777e-05   2.835688e-03   192
  1.494688e-01   5.460009e-02   7.916535e-05   4.176294e-03   504
  1.498761e-01   5.569059e-02   5.240881e-05   5.187341e-03   408
  1.501968e-01   3.983263e-02   1.605609e-04   3.287253e-03   168
  1.505981e-01   6.242660e-02   7.626782e-05   4.773353e-03   288
  1.509348e-01   4.206259e-02   7.959200e-05   3.448495e-03   288
  1.512797e-01   3.560033e-02   8.005014e-05   2.456876e-03   432
  1.517801e-01   5.096256e-02   7.570076e-05   4.464289e-03   216
  1.520474e-01   4.538657e-02   7.554106e-05   3.606423e-03   360
  1.525234e-01   5.202351e-02   7.372735e-05   4.022019e-03   312
  1.529530e-01   7.450864e-02   0.000000e+00   1.259354e-02   48
  1.532006e-01   4.315525e-02   7.904634e-05   3.075280e-03   432
  1.536441e-01   4.198741e-02   1.318501e-04   3.540506e-03   414
  1.539060e-01   5.195888e-02   6.955573e-09   5.084143e-03   312
  1.543946e-01   5.881689e-02   1.156911e-04   5.374373e-03   528
  1.547243e-01   6.057019e-02   6.072803e-05   7.822059e-03   264
  1.551204e-01   5.772338e-02   7.200680e-05   5.458130e-03   480
  1.556380e-01   5.346931e-02   0.000000e+00   4.925877e-03   288
  1.558615e-01   4.518444e-02   7.736908e-05   4.984326e-03   168
  1.562704e-01   6.131277e-02   1.224750e-04   4.098806e-03   504
  1.567302e-01   9.022869e-02   2.664097e-09   1.099142e-02   144
  1.570194e-01   3.416567e-02   7.865832e-05   2.199134e-03   464
  1.574541e-01   4.064097e-02   1.154355e-04   3.058421e-03   432
  1.576603e-01   5.818439e-02   1.998073e-09   6.607747e-03   192
  1.581934e-01   3.748753e-02   8.557628e-05   3.010271e-03   396
  1.585082e-01   3.810044e-02   7.687110e-05   2.767478e-03   288
  1.588263e-01   3.908549e-02   7.593549e-05   3.449602e-03   336
  1.593345e-01   4.158933e-02   4.808388e-05   3.275373e-03   432
  1.596570e-01   4.704199e-02   1.246267e-04   4.020569e-03   360
  1.600192e-01   3.975699e-02   7.371853e-05   2.404328e-03   384
  1.605335e-01   3.855982e-02   6.507077e-05   3.766362e-03   198
  1.607813e-01   4.741464e-02   7.396430e-05   4.158213e-03   552
  1.612434e-01   7.041243e-02   1.035450e-04   7.947349e-03   432
  1.616292e-01   4.368070e-02   0.000000e+00   4.373448e-03   168
  1.619530e-01   6.849298e-02   1.283579e-04   6.157189e-03   480
  1.623813e-01   3.027050e-02   0.000000e+00   3.176435e-03   120
  1.625741e-01   5.352837e-02   1.048372e-04   4.863834e-03   336
  1.630445e-01   4.660213e-02   7.396097e-05   3.452245e-03   672
  1.635097e-01   5.522238e-02   1.075863e-04   3.492434e-03   528
  1.637264e-01   2.718006e-02   3.229373e-09   2.229922e-03   168
  1.642270e-01   5.533827e-02   1.200118e-04   4.415139e-03   456
  1.645324e-01   7.081709e-02   7.329223e-05   1.269202e-02   168
  1.648495e-01   4.697784e-02   7.316065e-05   3.483354e-03   504
  1.653766e-01   3.334530e-02   9.414654e-05   3.642665e-03   336
  1.656953e-01   5.097560e-02   6.786851e-05   4.323973e-03   312
  1.660489e-01   4.705334e-02   6.631214e-05   3.965974e-03   504
  1.665141e-01   3.821597e-02   4.600920e-05   2.377879e-03   432
  1.667329e-01   3.313931e-02   7.109945e-05   2.111256e-03   312
  1.671876e-01   3.604090e-02   7.288039e-05   2.481544e-03   384
  1.676624e-01   7.526913e-02   6.192036e-05   1.546013e-02   126
  1.679555e-01   5.441858e-02   1.087174e-04   4.725819e-03   492
  1.683299e-01   5.707882e-02   6.963360e-05   4.813203e-03   528
  1.687978e-01   4.335585e-02   7.073279e-05   3.650696e-03   480
  1.690879e-01   6.218312e-02   9.771696e-05   5.791284e-03   432
  1.695076e-01   5.537206e-02   7.684145e-05   5.161802e-03   440
  1.699951e-01   6.177572e-02   3.821294e-05   6.006223e-03   312
  1.701781e-01   4.802469e-02   5.726529e-05   5.491446e-03   480
  1.705533e-01   5.056461e-02   1.121243e-04   5.347990e-03   408
  1.711016e-01   6.267653e-02   6.714979e-05   5.304674e-03   360
  1.713332e-01   4.745255e-02   6.479710e-05   4.310665e-03   408
  1.717625e-01   3.392625e-02   6.593925e-05   3.203423e-03   456
  1.722458e-01   4.535070e-02   6.302169e-05   3.590085e-03   264
  1.725141e-01   4.384647e-02   6.839435e-05   4.027439e-03   384
  1.729046e-01   4.050735e-02   1.151467e-04   2.798306e-03   672
  1.733561e-01   6.103650e-02   6.887260e-05   6.890767e-03   240
  1.736166e-01   3.145841e-02   6.988846e-05   2.126078e-03   264
  1.739843e-01   2.624715e-02   8.619588e-05   1.864790e-03   624
  1.745329e-01   3.367434e-02   0.000000e+00   6.849994e-03   150
  1.747283e-01   6.518217e-02   9.658929e-05   5.214259e-03   600
  1.751402e-01   4.952423e-02   6.666345e-05   3.623594e-03   672
  1.756067e-01   4.313142e-02   6.270167e-05   6.041575e-03   336
  1.758666e-01   7.193871e-02   6.820115e-05   6.708592e-03   408
  1.762818e-01   5.727651e-02   6.804049e-05   6.859151e-03   408
  1.767436e-01   4.426121e-02   3.440492e-05   3.381497e-03   360
  1.770283e-01   5.714354e-02   1.263238e-04   5.475924e-03   456
  1.773722e-01   4.548353e-02   6.869566e-05   4.532530e-03   384
  1.778099e-01   2.794208e-02   6.341480e-05   2.208650e-03   348
  1.780464e-01   5.904339e-02   7.817791e-05   4.751029e-03   576
  1.784907e-01   3.607659e-02   6.436923e-05   2.809261e-03   504
  1.789452e-01   3.995331e-02   9.078907e-05   3.527268e-03   432
  1.793419e-01   3.647599e-02   1.235181e-04   2.406927e-03   576
  1.796248e-01   4.125765e-02   0.000000e+00   5.562468e-03   264
  1.800736e-01   3.908394e-02   9.828954e-05   2.325062e-03   768
  1.804640e-01   1.723441e-02   1.323290e-04   1.162253e-03   240
  1.807743e-01   4.178467e-02   1.167016e-04   6.707668e-03   192
  1.812263e-01   2.926618e-02   8.590664e-05   1.726317e-03   504
  1.815615e-01   5.286453e-02   1.157624e-04   6.220821e-03   590
  1.818830e-01   6.303809e-02   1.297055e-04   7.219285e-03   384
  1.822861e-01   4.457569e-02   1.083956e-04   4.148031e-03   504
  1.827729e-01   6.840364e-02   1.043140e-04   5.710866e-03   648
  1.832449e-01   4.181018e-02   2.833030e-05   4.662818e-03   504
  1.834353e-01   3.607846e-02   6.462673e-05   3.111048e-03   312
  1.837714e-01   5.954439e-02   9.311123e-05   4.800854e-03   576
  1.842327e-01   6.791965e-02   6.479663e-05   8.781232e-03   240
  1.845017e-01   3.316134e-02   6.547387e-05   2.235288e-03   552
  1.848823e-01   5.932410e-02   6.147846e-05   5.548323e-03   600
  1.854246e-01   4.439894e-02   7.509108e-05   3.742520e-03   600
  1.857506e-01   3.451526e-02   1.202524e-04   3.067833e-03   312
  1.860753e-01   5.287629e-02   1.047280e-04   4.435630e-03   480
  1.864809e-01   3.819347e-02   6.534019e-05   3.624394e-03   576
  1.868380e-01   6.132665e-02   1.052119e-04   5.693866e-03   408
  1.871548e-01   1.282854e-02   1.227345e-04   8.451224e-04   216
  1.875642e-01   3.499400e-02   9.400084e-05   2.896054e-03   516
  1.880028e-01   3.918883e-02   8.968636e-05   2.530693e-03   744
  1.884552e-01   4.281021e-02   5.990257e-05   3.529927e-03   462
  1.887109e-01   5.833159e-02   6.088230e-05   7.793797e-03   432
  1.891075e-01   6.266350e-02   5.648168e-05   5.197510e-03   648
  1.895737e-01   5.707569e-02   8.264320e-05   6.714402e-03   528
  1.899483e-01   4.779048e-02   9.952305e-05   3.983538e-03   600
  1.903225e-01   1.015076e-01   1.254725e-04   1.683101e-02   240
  1.906850e-01   4.779053e-02   9.611075e-05   4.178274e-03   720
  1.911062e-01   4.500844e-02   7.604100e-05   3.775776e-03   720
  1.915732e-01   1.153756e-02   0.000000e+00   1.025524e-03   144
  1.918190e-01   4.875411e-02   9.803961e-05   3.559383e-03   720
  1.921686e-01   5.294089e-02   5.878648e-05   4.485268e-03   384
  1.926063e-01   3.554707e-02   6.516793e-05   2.473197e-03   672
  1.930215e-01   6.412205e-02   1.141019e-04   7.070276e-03   336
  1.932199e-01   5.652505e-02   0.000000e+00   6.547698e-03   288
  1.937055e-01   3.688062e-02   9.030399e-05   2.692015e-03   776
  1.941551e-01   3.245232e-02   7.726878e-05   2.125488e-03   720
  1.945327e-01   2.715974e-02   6.224567e-05   2.094354e-03   432
  1.948347e-01   5.190843e-02   8.873905e-05   5.642860e-03   504
  1.951706e-01   3.358129e-02   6.217429e-05   2.370379e-03   528
  1.956407e-01   5.415768e-02   8.470885e-05   6.778259e-03   438
  1.960275e-01   6.505523e-02   9.859335e-05   6.916535e-03   624
  1.963189e-01   6.432822e-02   1.207635e-04   8.038634e-03   312
  1.967196e-01   6.802235e-02   6.506437e-05   5.070413e-03   696
  1.971339e-01   5.108706e-02   5.887146e-05   5.828158e-03   552
  1.975648e-01   5.471315e-02   4.554687e-05   5.737457e-03   516
  1.978313e-01   6.613918e-02   9.097645e-05   6.396356e-03   528
  1.981558e-01   1.750744e-02   5.916447e-05   1.009721e-03   528
  1.986168e-01   5.225497e-02   7.802593e-05   4.172196e-03   864
  1.989297e-01   4.945471e-02   1.068795e-04   5.157922e-03   408
  1.992429e-01   6.674926e-02   1.058911e-04   5.819227e-03   192
  1.996868e-01   3.357062e-02   8.762994e-05   2.891767e-03   720
  2.000615e-01   3.551064e-02   8.079911e-05   2.810475e-03   696
  2.005068e-01   3.913098e-02   8.726379e-05   2.797336e-03   720
  2.009142e-01   3.804104e-02   1.182756e-04   3.379158e-03   432
  2.011518e-01   2.364611e-02   6.962164e-05   2.339792e-03   264
  2.015793e-01   3.624735e-02   9.614441e-05   2.425288e-03   672
  2.019616e-01   4.044390e-02   9.843711e-05   2.974534e-03   600
  2.024154e-01   2.302397e-02   5.763483e-05   4.727145e-03   270
  2.026441e-01   5.667057e-02   8.675648e-05   6.652935e-03   528
  2.030077e-01   5.469024e-02   5.940776e-05   4.559852e-03   840
  2.035062e-01   6.623676e-02   1.135983e-04   5.019803e-03   888
  2.039669e-01   4.016825e-02   8.463909e-05   3.679850e-03   744
  2.043562e-01   4.530689e-02   4.349214e-05   3.920654e-03   456
  2.045498e-01   8.336927e-02   5.943469e-05   7.186800e-03   360
  2.048811e-01   4.720538e-02   5.149682e-05   7.087954e-03   384
  2.053895e-01   4.093598e-02   8.260041e-05   2.635670e-03   816
  2.057710e-01   4.643193e-02   1.198416e-04   3.364365e-03   824
  2.062346e-01   3.727179e-02   5.570811e-05   4.728715e-03   360
  2.064829e-01   4.283724e-02   8.220424e-05   3.076740e-03   624
  2.068246e-01   5.227465e-02   5.554917e-05   5.909042e-03   360
  2.072798e-01   3.846884e-02   7.556319e-05   3.054059e-03   876
  2.076909e-01   3.378489e-02   8.974647e-05   2.735576e-03   696
  2.081055e-01   2.067708e-02   5.795238e-05   2.077819e-03   336
  2.083228e-01   4.989866e-02   5.788726e-05   5.539497e-03   504
  2.086818e-01   3.714361e-02   5.838888e-05   3.603470e-03   672
  2.092144e-01   2.643121e-02   1.162387e-04   1.957834e-03   720
  2.095838e-01   4.929558e-02   8.780591e-05   4.683782e-03   774
  2.099915e-01   1.033577e-01   5.025783e-05   1.304899e-02   384
  2.102050e-01   6.416764e-02   9.671763e-05   6.751516e-03   528
  2.105364e-01   5.102264e-02   9.217729e-05   4.672769e-03   744
  2.110694e-01   5.646383e-02   7.602671e-05   4.561996e-03   768
  2.114233e-01   5.927135e-02   8.534571e-05   6.508768e-03   552
  2.118649e-01   3.658532e-02   9.301717e-05   3.127699e-03   696
  2.121934e-01   6.433615e-02   1.130320e-04   6.703878e-03   408
  2.124541e-01   5.244276e-02   4.883074e-05   4.904516e-03   504
  2.128675e-01   3.649320e-02   8.772259e-05   2.950045e-03   888
  2.132743e-01   3.917397e-02   9.116913e-05   4.184576e-03   648
  2.136971e-01   3.755232e-02   9.038766e-05   3.499091e-03   648
  2.140948e-01   3.705110e-02   9.746006e-05   3.025981e-03   792
  2.145162e-01   2.998592e-02   1.425907e-04   2.832703e-03   600
  2.148267e-01   1.830565e-02   9.663487e-05   1.237757e-03   456
  2.151535e-01   3.736468e-02   4.709572e-05   3.109890e-03   648
  2.155732e-01   2.879568e-02   9.184351e-05   2.032553e-03   936
  2.160264e-01   4.495124e-02   5.640375e-05   3.592854e-03   384
  2.164208e-01   6.793274e-03   4.745948e-09   5.267790e-04   198
  2.167253e-01   6.815397e-03   1.431011e-04   2.289371e-04   1224
  2.170537e-01   7.928871e-03   1.042217e-04   4.632596e-04   420
  2.174420e-01   6.609409e-03   1.008648e-04   2.901402e-04   792
  2.178218e-01   6.220604e-03   8.340657e-05   2.496482e-04   680
  2.182552e-01   6.332392e-03   7.658783e-05   3.667087e-04   600
  2.186039e-01   6.408431e-03   1.110734e-04   2.501696e-04   840
  2.190695e-01   6.145957e-03   5.244369e-05   4.148550e-04   432
  2.192474e-01   6.724933e-03   4.914665e-05   2.879615e-04   720
  2.196343e-01   6.139213e-03   9.843213e-05   2.106779e-04   960
  2.201154e-01   7.174588e-03   8.774504e-05   3.810624e-04   528
  2.204670e-01   6.241793e-03   8.969217e-05   2.951659e-04   624
  2.208855e-01   6.879287e-03   7.049743e-05   2.729293e-04   816
  2.213008e-01   5.622562e-03   1.159345e-04   2.687510e-04   696
  2.217599e-01   5.590193e-03   7.830814e-09   4.018096e-04   240
  2.219325e-01   6.752151e-03   6.836935e-05   3.042565e-04   672
  2.223177e-01   5.943229e-03   1.221858e-04   2.584547e-04   864
  2.227499e-01   5.113135e-03   9.375778e-05   2.035040e-04   816
  2.231394e-01   5.720459e-03   5.366372e-05   2.461866e-04   648
  2.235589e-01   6.363185e-03   5.485410e-05   2.310245e-04   843
  2.239151e-01   5.384864e-03   9.869601e-05   2.420027e-04   780
  2.243395e-01   5.364090e-03   5.295844e-05   3.624376e-04   216
  2.246013e-01   5.451818e-03   1.277035e-04   1.802535e-04   1056
  2.250039e-01   6.278669e-03   1.044758e-04   4.475386e-04   228
  2.253767e-01   6.514209e-03   1.300750e-04   2.402141e-04   924
  2.257594e-01   6.812553e-03   4.825052e-05   2.820926e-04   696
  2.261647e-01   5.750249e-03   8.587211e-05   2.103271e-04   996
  2.265793e-01   5.157512e-03   5.069718e-05   2.505477e-04   576
  2.270107e-01   5.812317e-03   7.824775e-05   3.104367e-04   552
  2.273251e-01   6.817347e-03   9.342507e-05   3.536740e-04   516
  2.276442e-01   5.998257e-03   1.358594e-04   2.506265e-04   744
  2.280088e-01   5.144848e-03   6.664715e-05   2.491063e-04   576
  2.283260e-01   5.441415e-03   6.859680e-05   2.281425e-04   792
  2.287768e-01   6.081257e-03   7.841886e-05   2.289310e-04   792
  2.291071e-01   5.750633e-03   8.457391e-05   2.523898e-04   720
  2.295538e-01   5.827656e-03   9.639481e-05   2.587529e-04   656
  2.299724e-01   5.181587e-03   1.052581e-04   2.025429e-04   816
  2.304015e-01   5.151852e-03   5.675340e-05   2.723827e-04   492
  2.306454e-01   5.692322e-03   8.164378e-05   2.639572e-04   552
  2.311032e-01   5.030255e-03   1.419686e-04   2.321883e-04   780
  2.314005e-01   5.667626e-03   8.720963e-05   3.222555e-04   528
  2.317208e-01   5.167842e-03   1.018002e-04   2.610784e-04   600
  2.321929e-01   6.083686e-03   8.460399e-05   2.307092e-04   900
  2.325183e-01   5.028454e-03   4.683822e-05   2.489985e-04   696
  2.329660e-01   5.317163e-03   1.184322e-04   2.755851e-04   696
  2.333991e-01   5.204428e-03   4.804683e-05   2.274132e-04   552
  2.337633e-01   4.364164e-03   5.587403e-05   2.102438e-04   708
  2.341448e-01   5.514375e-03   9.225121e-05   2.338742e-04   876
  2.345418e-01   5.222832e-03   4.898356e-05   4.009539e-04   216
  2.348082e-01   5.522698e-03   1.339767e-04   1.980672e-04   1032
  2.352071e-01   5.001444e-03   1.491682e-04   2.594399e-04   600
  2.356212e-01   4.086969e-03   7.117755e-05   2.001002e-04   600
  2.359371e-01   5.608833e-03   1.256929e-04   3.157884e-04   528
  2.363105e-01   5.440390e-03   6.899988e-05   2.668136e-04   732
  2.367039e-01   5.505453e-03   5.095015e-05   3.782327e-04   336
  2.371566e-01   4.837136e-03   7.261407e-05   2.001953e-04   912
  2.374950e-01   4.649968e-03   7.288252e-05   2.141170e-04   624
  2.378647e-01   4.683020e-03   6.141657e-05   2.031091e-04   768
  2.382963e-01   5.314158e-03   1.108076e-04   1.990428e-04   792
  2.387198e-01   4.855622e-03   5.493383e-05   2.262344e-04   660
  2.390212e-01   4.657204e-03   8.095383e-05   2.352876e-04   504
  2.393329e-01   4.416054e-03   1.322631e-04   2.405959e-04   480
  2.398000e-01   3.808395e-03   1.223261e-04   1.502653e-04   912
  2.401658e-01   5.003075e-03   1.362291e-04   2.734475e-04   432
  2.405113e-01   4.739311e-03   8.088962e-05   2.311038e-04   564
  2.408180e-01   4.356237e-03   7.742251e-05   2.049499e-04   600
  2.412498e-01   5.302131e-03   1.079196e-04   2.170894e-04   876
  2.415741e-01   5.011831e-03   4.852393e-05   3.543623e-04   264
  2.420212e-01   4.524929e-03   9.415549e-05   2.281112e-04   560
  2.423806e-01   4.410235e-03   6.398069e-05   1.608847e-04   840
  2.428168e-01   4.016898e-03   9.863978e-05   1.506943e-04   1008
  2.432202e-01   3.967058e-03   4.412481e-05   2.081524e-04   456
  2.435886e-01   4.899654e-03   5.715745e-05   2.398925e-04   576
  2.439292e-01   5.081607e-03   8.782853e-05   2.837828e-04   612
  2.443783e-01   4.188584e-03   7.844513e-05   1.932290e-04   780
  2.447447e-01   4.731526e-03   8.989453e-05   1.914804e-04   648
  2.451197e-01   4.657510e-03   4.189201e-05   3.517186e-04   312
  2.453594e-01   3.959966e-03   1.064407e-04   1.931477e-04   528
  2.457747e-01   3.762568e-03   1.390063e-04   1.664099e-04   720
  2.461718e-01   4.144630e-03   1.394416e-04   2.588601e-04   576
  2.466533e-01   4.218863e-03   1.202863e-04   2.244789e-04   444
  2.469529e-01   4.486481e-03   1.179621e-04   1.610944e-04   996
  2.473200e-01   4.089296e-03   9.853387e-05   2.317243e-04   432
  2.476669e-01   4.593638e-03   1.078752e-04   2.313656e-04   504
  2.479666e-01   3.579712e-03   4.863583e-05   2.096842e-04   504
  2.483934e-01   4.644278e-03   9.571589e-05   1.899417e-04   876
  2.487796e-01   3.646310e-03   1.101599e-04   1.960430e-04   504
  2.491817e-01   3.576620e-03   7.025420e-05   1.822779e-04   696
  2.495140e-01   4.479569e-03   6.005997e-05   2.310632e-04   492
  2.499662e-01   3.810886e-03   8.597875e-05   2.258731e-04   432
  2.503011e-01   4.483553e-03   8.050968e-05   1.909797e-04   768
  2.506981e-01   3.889263e-03   1.002856e-04   1.917175e-04   648
  2.510772e-01   3.018597e-03   6.542561e-05   1.605248e-04   456
  2.515128e-01   3.429583e-03   8.997083e-05   1.605453e-04   552
  2.518153e-01   3.974023e-03   6.166608e-05   1.721409e-04   648
  2.522317e-01   3.691076e-03   1.005122e-04   1.344044e-04   840
  2.526384e-01   4.156698e-03   4.793217e-05   2.286275e-04   432
  2.530455e-01   3.539363e-03   5.870872e-05   1.826875e-04   600
  2.533287e-01   4.228818e-03   6.255029e-05   2.535457e-04   432
  2.538044e-01   4.104097e-03   6.227491e-05   1.885034e-04   560
  2.541265e-01   3.450934e-03   9.857465e-05   1.553560e-04   840
  2.545299e-01   4.124908e-03   5.838720e-05   2.230111e-04   504
  2.548502e-01   3.524870e-03   1.191648e-04   1.774671e-04   696
  2.553018e-01   4.260901e-03   6.508356e-05   2.646570e-04   384
  2.556535e-01   3.129298e-03   9.533975e-05   1.534559e-04   576
  2.560789e-01   3.321510e-03   5.883893e-05   1.895535e-04   360
  2.564218e-01   3.395409e-03   8.762544e-05   1.433272e-04   828
  2.567917e-01   3.395042e-03   7.804673e-05   1.929071e-04   372
  2.571307e-01   3.198336e-03   1.191923e-04   1.452302e-04   576
  2.575797e-01   3.639354e-03   4.991761e-05   1.739777e-04   636
  2.578996e-01   3.511162e-03   9.622826e-05   1.556967e-04   648
  2.583323e-01   3.158171e-03   7.822306e-05   1.481618e-04   576
  2.586430e-01   3.440599e-03   1.261820e-04   1.854985e-04   528
  2.590561e-01   3.461633e-03   5.394804e-05   1.994185e-04   360
  2.593981e-01   2.820820e-03   1.241007e-04   1.214353e-04   672
  2.598446e-01   3.648917e-03   6.356642e-05   1.518627e-04   804
  2.602163e-01   3.293497e-03   7.012137e-05   1.666102e-04   408
  2.606274e-01   3.374422e-03   4.334263e-05   2.024860e-04   384
  2.609042e-01   2.590369e-03   9.918459e-05   1.483598e-04   480
  2.612947e-01   2.946677e-03   6.408778e-05   1.650599e-04   432
  2.616692e-01   4.020842e-03   1.181001e-04   1.831132e-04   648
  2.621125e-01   3.336092e-03   7.328056e-05   1.503351e-04   624
  2.624367e-01   3.166113e-03   6.665485e-05   1.776066e-04   456
  2.628795e-01   2.962903e-03   9.105646e-05   1.485256e-04   588
  2.631762e-01   2.664790e-03   5.809364e-05   1.177872e-04   600
  2.636094e-01   2.947351e-03   9.061183e-05   1.252531e-04   708
  2.639516e-01   2.752754e-03   5.708370e-05   1.441643e-04   360
  2.643298e-01   3.400111e-03   6.561923e-05   1.698639e-04   552
  2.646923e-01   2.908882e-03   4.603344e-05   2.227473e-04   288
  2.650603e-01   2.754769e-03   8.655546e-05   1.436895e-04   528
  2.654060e-01   3.473640e-03   5.839431e-05   1.637442e-04   456
  2.657924e-01   2.783759e-03   1.035458e-04   1.371412e-04   608
  2.661809e-01   2.688411e-03   5.009661e-05   1.377517e-04   504
  2.666055e-01   2.348933e-03   1.075546e-04   1.196922e-04   540
  2.669384e-01   3.217788e-03   1.154568e-04   1.884912e-04   360
  2.672972e-01   3.428084e-03   5.228475e-05   1.625693e-04   540
  2.676146e-01   2.810467e-03   4.489266e-05   1.321651e-04   576
  2.680762e-01   2.991313e-03   1.040909e-04   1.514491e-04   588
  2.685150e-01   3.100109e-03   1.436140e-04   1.476636e-04   672
  2.688920e-01   3.259206e-03   1.097654e-04   1.462036e-04   552
  2.691959e-01   2.229351e-03   1.098209e-04   1.821419e-04   144
  2.695837e-01   3.184396e-03   9.330411e-05   1.692969e-04   600
  2.699514e-01   2.329846e-03   1.169304e-04   1.392691e-04   504
  2.703595e-01   2.691122e-03   1.201111e-04   1.752832e-04   336
  2.707887e-01   2.518287e-03   1.350054e-04   1.155592e-04   600
  2.711731e-01   2.495102e-03   8.712810e-05   1.285208e-04   636
  2.715880e-01   2.964039e-03   7.005178e-05   2.274804e-04   384
  2.718789e-01   2.817370e-03   9.771396e-05   1.736799e-04   504
  2.722982e-01   2.244859e-03   4.100918e-05   1.625949e-04   240
  2.726291e-01   2.704657e-03   9.633639e-05   1.126485e-04   744
  2.730261e-01   2.488497e-03   6.578310e-05   1.249060e-04   648
  2.733790e-01   4.046387e-03   4.366878e-05   3.181176e-04   120
  2.737925e-01   2.280819e-03   6.859799e-05   1.039143e-04   564
  2.741050e-01   3.131296e-03   1.077373e-04   1.681020e-04   432
  2.745220e-01   2.345268e-03   8.362543e-05   1.397865e-04   480
  2.748361e-01   1.914497e-03   6.155045e-05   1.104766e-04   456
  2.752067e-01   2.882252e-03   1.018569e-04   1.614936e-04   444
  2.756274e-01   2.386430e-03   1.558464e-04   1.488123e-04   528
  2.759969e-01   2.940992e-03   1.157439e-04   2.331052e-04   264
  2.763555e-01   2.365514e-03   1.186203e-04   1.461910e-04   444
  2.768379e-01   2.546532e-03   1.299311e-04   1.118928e-04   696
  2.772383e-01   2.840251e-03   6.949148e-05   1.908224e-04   384
  2.775311e-01   2.029644e-03   8.780831e-05   1.055334e-04   432
  2.779866e-01   2.853412e-03   6.067143e-05   1.531247e-04   488
  2.782823e-01   2.543666e-03   9.143939e-05   1.346917e-04   480
  2.787111e-01   2.311548e-03   1.019738e-04   1.273245e-04   480
  2.790432e-01   2.061530e-03   4.278510e-05   1.275389e-04   240
  2.794202e-01   2.424625e-03   9.994261e-05   1.171575e-04   600
  2.797758e-01   1.929509e-03   8.708975e-05   1.388782e-04   288
  2.801544e-01   2.245017e-03   8.377397e-05   1.177214e-04   480
  2.805379e-01   1.973932e-03   1.490189e-04   1.078794e-04   504
  2.809155e-01   2.035563e-03   6.393839e-05   1.477405e-04   216
  2.813970e-01   2.376112e-03   1.046773e-04   1.345751e-04   504
  2.817720e-01   2.050610e-03   8.419242e-05   1.190127e-04   456
  2.821825e-01   2.941967e-03   4.828579e-05   1.816418e-04   384
  2.824544e-01   2.856641e-03   9.800271e-05   1.604635e-04   480
  2.828408e-01   1.801119e-03   8.605736e-05   1.072461e-04   504
  2.831988e-01   2.070682e-03   5.458940e-05   1.232081e-04   312
  2.835845e-01   2.380401e-03   8.796897e-05   1.259011e-04   492
  2.839260e-01   2.904763e-03   8.245044e-05   2.193460e-04   312
  2.843655e-01   2.075553e-03   1.339342e-04   9.738951e-05   576
  2.847524e-01   2.475850e-03   1.236321e-04   1.831794e-04   336
  2.850738e-01   1.469644e-03   9.519099e-05   1.165835e-04   240
  2.855192e-01   2.113503e-03   1.261991e-04   1.234763e-04   468
  2.859039e-01   2.223844e-03   7.901891e-05   1.718570e-04   192
  2.863065e-01   2.007185e-03   7.925442e-05   1.690742e-04   324
  2.866016e-01   2.211348e-03   5.752155e-05   1.183167e-04   600
  2.870037e-01   2.189646e-03   9.332283e-05   1.375197e-04   456
  2.873023e-01   2.106285e-03   4.197661e-05   1.423554e-04   336
  2.877972e-01   2.520463e-03   1.256898e-04   1.399365e-04   612
  2.881573e-01   2.118018e-03   1.054844e-04   2.859689e-04   144
  2.884978e-01   2.342840e-03   1.231274e-04   1.119466e-04   552
  2.889609e-01   1.519028e-03   4.848907e-05   9.747333e-05   264
  2.892225e-01   2.155254e-03   1.122646e-04   1.777749e-04   336
  2.896353e-01   1.705967e-03   7.418058e-05   9.723505e-05   384
  2.899932e-01   1.934163e-03   4.175634e-05   1.538559e-04   216
  2.903894e-01   1.546449e-03   8.853205e-05   1.008522e-04   344
  2.907507e-01   1.739169e-03   1.320940e-04   9.630021e-05   408
  2.911910e-01   1.919071e-03   1.015056e-04   1.651494e-04   264
  2.915811e-01   1.911888e-03   1.415038e-04   1.220038e-04   612
  2.919709e-01   2.743313e-03   7.282870e-05   1.635770e-04   408
  2.923718e-01   1.892598e-03   7.293338e-05   1.495145e-04   444
  2.926663e-01   3.589459e-03   4.079109e-05   3.194091e-04   120
  2.930609e-01   2.208186e-03   1.126983e-04   1.908100e-04   336
  2.933538e-01   1.679782e-03   3.916222e-05   1.249682e-04   288
  2.937496e-01   1.889349e-03   1.218735e-04   1.015021e-04   552
  2.942938e-01   2.434919e-03   6.525678e-09   3.707506e-04   72
  2.945736e-01   1.827420e-03   1.210514e-04   1.057582e-04   504
  2.949004e-01   1.118693e-03   3.895317e-05   1.024098e-04   216
  2.953239e-01   1.417774e-03   6.954821e-05   9.060639e-05   312
  2.957040e-01   1.418472e-03   7.919158e-05   1.052957e-04   336
  2.960663e-01   1.128349e-03   1.097684e-04   1.092363e-04   204
  2.964271e-01   2.733304e-03   1.275676e-04   1.831467e-04   504
  2.968098e-01   2.355035e-03   1.214810e-04   1.633404e-04   396
  2.971778e-01   2.032190e-03   1.114044e-04   1.720938e-04   312
  2.976240e-01   3.178088e-03   6.808000e-05   3.192127e-04   216
  2.979383e-01   1.817519e-03   3.694832e-05   1.513429e-04   168
  2.983203e-01   1.729177e-03   9.329657e-05   9.761806e-05   588
  2.987563e-01   1.228649e-03   1.266392e-04   1.711973e-04   240
  2.990950e-01   1.096647e-03   1.118436e-04   8.558921e-05   264
  2.994922e-01   1.719521e-03   1.383176e-04   1.230469e-04   288
  2.998446e-01   1.635032e-03   6.907007e-05   1.349766e-04   288
  3.002913e-01   1.453290e-03   6.486779e-05   1.063288e-04   288
  3.005921e-01   1.488033e-03   7.514392e-05   1.138008e-04   192
  3.009705e-01   1.110932e-03   7.996067e-05   9.003348e-05   264
  3.013310e-01   2.527142e-03   1.315242e-04   1.769134e-04   372
  3.017189e-01   3.003315e-03   1.420518e-04   2.435136e-04   360
  3.021924e-01   2.279659e-03   6.011768e-05   2.931319e-04   144
  3.024371e-01   1.811732e-03   8.350082e-05   1.793744e-04   296
  3.028234e-01   1.531468e-03   8.996782e-05   1.361885e-04   288
  3.032657e-01   1.524479e-03   1.344546e-04   9.888350e-05   480
  3.036471e-01   1.486885e-03   1.117190e-04   1.599508e-04   192
  3.040181e-01   2.325405e-03   1.198338e-04   2.543497e-04   192
  3.043553e-01   1.489134e-03   7.637151e-05   1.117486e-04   288
  3.048242e-01   7.508301e-04   6.648036e-05   6.882530e-05   108
  3.050604e-01   1.517623e-03   6.391272e-05   1.213009e-04   240
  3.054775e-01   1.218157e-03   1.192307e-04   9.959447e-05   384
  3.059059e-01   1.699799e-03   1.454479e-04   2.014090e-04   108
  3.062848e-01   2.131539e-03   8.527881e-05   1.453645e-04   348
  3.066832e-01   1.476885e-03   8.900031e-05   1.466894e-04   312
  3.070391e-01   1.917274e-03   8.648246e-05   3.651783e-04   96
  3.073663e-01   1.526004e-03   1.151358e-04   1.299950e-04   384
  3.077328e-01   1.557272e-03   7.919012e-05   1.589872e-04   144
  3.080912e-01   1.602283e-03   1.216791e-04   1.179858e-04   408
  3.085368e-01   8.150568e-04   5.427748e-05   7.529185e-05   144
  3.089578e-01   1.564577e-03   1.043490e-04   1.732733e-04   192
  3.092074e-01   1.785706e-03   1.174468e-04   1.761435e-04   144
  3.096144e-01   9.388451e-04   9.548855e-05   7.895609e-05   144
  3.099983e-01   1.519705e-03   1.167025e-04   1.250713e-04   336
  3.104685e-01   8.958412e-04   8.634502e-05   6.938234e-05   240
  3.107666e-01   1.292531e-03   3.920851e-05   1.356459e-04   96
  3.111825e-01   1.731243e-03   1.149797e-04   1.649350e-04   372
  3.116031e-01   1.773376e-03   1.367659e-04   3.085782e-04   132
  3.119726e-01   8.058211e-04   8.462908e-05   5.769159e-05   264
  3.123032e-01   1.527664e-03   6.499128e-05   1.797305e-04   168
  3.126560e-01   1.256446e-03   1.039086e-04   1.100504e-04   216
  3.129676e-01   1.424690e-03   6.357256e-05   1.904733e-04   216
  3.134215e-01   7.139390e-04   1.166292e-04   7.244375e-05   96
  3.138333e-01   1.983769e-03   7.608990e-05   3.170371e-04   120
  3.142110e-01   1.183389e-03   9.673168e-05   1.147305e-04   216
  3.145221e-01   9.954077e-04   4.227207e-05   7.492255e-05   200
  3.149340e-01   1.102501e-03   1.094242e-04   1.022003e-04   288
  3.154623e-01   6.357822e-04   2.879164e-05   5.900493e-05   144
  3.156848e-01   1.268418e-03   8.959781e-05   1.329472e-04   168
  3.161391e-01   1.455528e-03   1.008340e-04   2.030307e-04   159
  3.164937e-01   8.728482e-04   1.057991e-04   7.976742e-05   174
  3.168369e-01   8.261318e-04   9.593494e-05   8.089993e-05   144
  3.172863e-01   1.075410e-03   5.539549e-05   9.452936e-05   222
  3.175869e-01   1.060986e-03   5.589895e-05   8.919117e-05   168
  3.181060e-01   1.872822e-03   1.226079e-04   5.125711e-04   30
  3.183205e-01   5.976010e-04   1.082537e-04   7.222123e-05   72
  3.187244e-01   1.048579e-03   9.661517e-05   9.742315e-05   258
  3.191684e-01   8.405980e-04   6.051257e-05   5.790635e-05   264
  3.193905e-01   8.514235e-04   0.000000e+00   1.076649e-04   72
  3.198532e-01   5.914105e-04   1.199385e-04   5.248006e-05   174
  3.202721e-01   9.001966e-04   1.277123e-04   9.194511e-05   168
  3.206090e-01   5.659530e-04   3.996146e-09   7.909061e-05   48
  3.209705e-01   8.155366e-04   7.212215e-05   7.884676e-05   150
  3.213898e-01   8.874572e-04   1.326739e-04   7.609461e-05   168
  3.218102e-01   6.319691e-04   8.081877e-05   6.319910e-05   144
  3.221967e-01   1.423940e-03   7.550312e-05   1.983445e-04   102
  3.224847e-01   4.535231e-04   1.117576e-04   3.602968e-05   96
  3.229415e-01   5.742449e-04   1.109119e-04   5.936971e-05   120
  3.232799e-01   5.316923e-04   1.189559e-04   3.577575e-05   168
  3.236458e-01   1.236501e-03   8.783953e-05   1.068972e-04   126
  3.239576e-01   8.396045e-04   6.624856e-05   8.671992e-05   168
  3.243872e-01   5.560336e-04   1.062297e-04   5.683319e-05   72
  3.247626e-01   4.905047e-04   1.330232e-04   4.189878e-05   168
  3.250914e-01   8.805766e-04   3.646820e-05   1.421208e-04   78
  3.255420e-01   4.964963e-04   5.987806e-05   6.081768e-05   60
  3.259049e-01   9.853049e-04   9.713191e-05   9.286958e-05   96
  3.262812e-01   5.806060e-04   1.178615e-04   4.993926e-05   168
  3.266349e-01   6.285418e-04   7.457817e-05   7.851848e-05   86
  3.270060e-01   4.884598e-04   6.665520e-05   4.228846e-05   120
  3.275378e-01   5.097916e-04   4.753401e-05   4.997546e-05   168
  3.278247e-01   5.193041e-04   0.000000e+00   7.037517e-05   48
  3.282110e-01   8.017671e-04   8.660181e-05   7.420122e-05   120
  3.284330e-01   6.716884e-04   6.317951e-05   5.616949e-05   126
  3.289749e-01   6.098618e-04   1.111151e-04   8.429584e-05   96
  3.293266e-01   6.321280e-04   3.204012e-05   7.733876e-05   96
  3.296039e-01   4.956561e-04   0.000000e+00   5.260000e-05   72
  3.301949e-01   6.911990e-04   3.996146e-09   1.221287e-04   24
  3.305637e-01   7.597086e-04   6.593782e-05   7.006517e-05   120
  3.308514e-01   7.065485e-04   9.618300e-05   6.584472e-05   126
  3.311713e-01   4.464517e-04   8.018157e-05   4.427643e-05   96
  3.315452e-01   4.047050e-04   1.385771e-04   6.502475e-05   72
  3.319614e-01   5.426905e-04   5.993927e-05   4.617149e-05   144
  3.323038e-01   6.891886e-04   3.457157e-05   9.887393e-05   72
  3.326459e-01   4.265817e-04   6.905176e-05   4.349354e-05   54
  3.329469e-01   6.138011e-04   6.085106e-05   6.323995e-05   108
  3.335726e-01   7.354016e-04   5.964977e-05   1.239135e-04   72
  3.337673e-01   5.051422e-04   3.441997e-05   6.581467e-05   72
  3.342294e-01   6.074620e-04   6.921527e-09   1.534578e-04   24
  3.346666e-01   3.324718e-04   7.281693e-05   5.146841e-05   48
  3.349321e-01   6.354249e-04   5.546771e-05   5.243698e-05   102
  3.353317e-01   3.818087e-04   1.254449e-04   3.009274e-05   168
  3.358538e-01   4.676535e-04   6.841470e-05   4.134584e-05   72
  3.360473e-01   4.778867e-04   0.000000e+00   6.692161e-05   48
  3.364531e-01   5.289270e-04   1.176775e-04   6.055760e-05   120
  3.369887e-01   5.177375e-04   7.231517e-05   5.259701e-05   96
  3.374945e-01   1.139031e-03   7.830814e-09   1.923669e-04   30
  3.380957e-01   6.784434e-04   3.397687e-05   8.399861e-05   72
  3.383599e-01   7.656895e-04   3.996146e-09   1.238295e-04   24
  3.386992e-01   6.029035e-04   5.036212e-05   8.063644e-05   56
  3.390793e-01   5.365689e-04   7.186930e-05   4.520136e-05   96
  3.395342e-01   5.448103e-04   7.936128e-05   4.963045e-05   144
  3.398849e-01   4.915262e-04   4.505822e-05   8.019259e-05   54
  3.403944e-01   5.438724e-04   6.750198e-05   4.376171e-05   108
  3.409071e-01   8.001203e-04   3.574199e-05   8.375978e-05   48
  3.413952e-01   5.307248e-04   1.345800e-04   5.402181e-05   72
  3.425664e-01   7.854612e-04   8.891744e-05   9.530790e-05   78
  3.428909e-01   3.777393e-04   6.701044e-05   3.782252e-05   72
  3.432698e-01   4.355751e-04   6.692725e-05   4.343929e-05   72
  3.436659e-01   6.133051e-04   1.615028e-04   6.334490e-05   96
  3.439790e-01   6.575196e-04   6.678928e-05   6.709454e-05   72
  3.443566e-01   5.579248e-04   0.000000e+00   1.182644e-04   24
  3.447338e-01   3.763483e-04   1.332770e-04   5.550811e-05   72
  3.455858e-01   5.438362e-04   8.463498e-05   8.298119e-05   30
  3.457691e-01   4.347751e-04   0.000000e+00   5.947615e-05   24
  3.467544e-01   4.754380e-04   7.027855e-05   6.838625e-05   48
  3.470634e-01   5.260299e-04   1.512394e-04   4.866284e-05   120
  3.474798e-01   5.571455e-04   6.612537e-05   4.855300e-05   72
  3.479003e-01   6.048219e-04   6.604543e-05   7.770967e-05   36
  3.481894e-01   5.384232e-04   1.305365e-04   6.113085e-05   78
  3.489960e-01   5.270827e-04   6.982714e-05   5.213267e-05   48
  3.500419e-01   5.857911e-04   5.651403e-09   1.072590e-04   24
  3.507870e-01   3.128509e-04   4.862619e-05   4.764044e-05   56
  3.511622e-01   3.750313e-04   7.482652e-05   3.456607e-05   102
  3.516395e-01   5.838322e-04   5.328194e-09   7.340102e-05   72
  3.519166e-01   5.499924e-04   0.000000e+00   1.306160e-04   24
  3.524009e-01   3.733854e-04   6.915246e-05   4.513138e-05   48
  3.532988e-01   6.667215e-04   0.000000e+00   1.345093e-04   24
  3.544007e-01   4.751581e-04   0.000000e+00   1.682704e-04   6
  3.547443e-01   4.686958e-04   0.000000e+00   8.575881e-05   24
  3.549732e-01   4.005414e-04   6.472929e-05   4.561288e-05   72
  3.553914e-01   5.482188e-04   1.207586e-04   5.451300e-05   84
  3.558418e-01   4.925450e-04   0.000000e+00   9.518835e-05   24
  3.559787e-01   5.075961e-04   5.651403e-09   1.020971e-04   24
  3.566626e-01   6.542216e-04   3.996146e-09   1.733755e-04   24
  3.576179e-01   2.056948e-04   0.000000e+00   1.072752e-04   6
  3.588424e-01   4.030277e-04   6.791113e-05   4.663440e-05   48
  3.591365e-01   3.723821e-04   1.279335e-04   5.422468e-05   72
  3.595209e-01   5.569686e-04   6.778297e-05   1.030180e-04   48
  3.601304e-01   4.688013e-04   0.000000e+00   8.920541e-05   24
  3.609415e-01   9.376536e-04   3.996146e-09   5.720271e-05   6
  3.627599e-01   4.638620e-04   0.000000e+00   1.560491e-04   8
  3.628942e-01   5.083545e-04   3.996146e-09   7.960121e-05   48
  3.632164e-01   5.638176e-04   6.573533e-05   6.064272e-05   60
  3.636991e-01   6.754018e-04   0.000000e+00   1.588253e-04   24
  3.643686e-01   6.748418e-04   0.000000e+00   1.857019e-04   6
  3.668348e-01   3.719099e-04   0.000000e+00   9.171784e-05   24
  3.670341e-01   5.728095e-04   6.639546e-05   8.762819e-05   48
  3.673659e-01   5.582612e-04   0.000000e+00   7.647678e-05   24
  3.678962e-01   4.747265e-04   3.996146e-09   8.620515e-05   6
  3.709088e-01   4.078477e-04   6.194064e-05   5.922398e-05   36
  3.711278e-01   6.142065e-04   0.000000e+00   9.659816e-05   24
  3.715215e-01   1.468562e-04   0.000000e+00   6.176184e-05   6
  3.749494e-01   6.494712e-04   5.629118e-05   1.061889e-04   32
  3.752417e-01   5.897643e-04   3.996146e-09   2.274793e-04   6
  3.789254e-01   9.225890e-04   0.000000e+00   1.073255e-04   12
  3.790540e-01   1.715347e-04   0.000000e+00   8.508722e-05   6
  3.829556e-01   4.308755e-04   5.651403e-09   1.047458e-04   6
