# power spectrum of delta for linear fields (CLASS)
# redshift z=0.000000
# k              Pk             sigma(k)       sigma(Pk)      count
  6.981317e-03   5.663594e-08   0.000000e+00   0.000000e+00   6
  9.873073e-03   1.254596e-07   0.000000e+00   0.000000e+00   12
  1.209200e-02   2.035794e-07   1.324548e-10   0.000000e+00   8
  1.396263e-02   1.160572e-06   0.000000e+00   0.000000e+00   6
  1.561070e-02   1.220812e-06   0.000000e+00   0.000000e+00   24
  1.710066e-02   2.437057e-06   2.497591e-10   0.000000e+00   24
  1.974615e-02   1.824320e-06   0.000000e+00   0.000000e+00   12
  2.094395e-02   2.610670e-06   2.825702e-10   0.000000e+00   30
  2.207686e-02   3.928167e-06   0.000000e+00   0.000000e+00   24
  2.315441e-02   4.232839e-06   4.325955e-10   0.000000e+00   24
  2.418399e-02   5.747138e-06   2.649095e-10   0.000000e+00   8
  2.517150e-02   5.580771e-06   3.532127e-10   0.000000e+00   24
  2.612170e-02   5.957239e-06   0.000000e+00   0.000000e+00   48
  2.792527e-02   8.821300e-06   0.000000e+00   0.000000e+00   6
  2.878471e-02   7.821174e-06   4.995182e-10   0.000000e+00   48
  2.961922e-02   7.976589e-06   0.000000e+00   0.000000e+00   36
  3.043086e-02   1.255910e-05   3.532127e-10   0.000000e+00   24
  3.122140e-02   8.020351e-06   0.000000e+00   0.000000e+00   24
  3.199241e-02   7.785747e-06   0.000000e+00   0.000000e+00   48
  3.274528e-02   1.305441e-05   4.995182e-10   0.000000e+00   24
  3.420133e-02   1.199675e-05   4.995182e-10   0.000000e+00   24
  3.490659e-02   8.769225e-06   0.000000e+00   0.000000e+00   30
  3.559787e-02   9.989005e-06   0.000000e+00   0.000000e+00   72
  3.627599e-02   1.036581e-05   5.298191e-10   0.000000e+00   32
  3.759554e-02   1.560174e-05   0.000000e+00   0.000000e+00   72
  3.823825e-02   1.005007e-05   0.000000e+00   0.000000e+00   48
  3.949229e-02   5.963172e-06   0.000000e+00   0.000000e+00   12
  4.010461e-02   1.241970e-05   0.000000e+00   0.000000e+00   48
  4.070772e-02   1.154844e-05   0.000000e+00   0.000000e+00   48
  4.130203e-02   1.609948e-05   4.995182e-10   0.000000e+00   48
  4.188790e-02   2.031501e-05   5.651403e-10   0.000000e+00   30
  4.246569e-02   1.882180e-05   4.995182e-10   0.000000e+00   24
  4.303573e-02   2.036275e-05   1.053077e-09   0.000000e+00   72
  4.415373e-02   1.314744e-05   0.000000e+00   0.000000e+00   24
  4.470224e-02   2.104489e-05   0.000000e+00   0.000000e+00   96
  4.524411e-02   1.691955e-05   0.000000e+00   0.000000e+00   48
  4.577956e-02   1.474155e-05   8.651909e-10   0.000000e+00   24
  4.630882e-02   1.111372e-05   8.651909e-10   0.000000e+00   24
  4.683210e-02   2.769853e-05   0.000000e+00   0.000000e+00   72
  4.734960e-02   2.151884e-05   0.000000e+00   0.000000e+00   48
  4.836798e-02   2.025784e-05   5.298191e-10   0.000000e+00   8
  4.886922e-02   3.075236e-05   6.279337e-10   0.000000e+00   54
  4.936537e-02   2.152766e-05   0.000000e+00   0.000000e+00   84
  4.985658e-02   2.447148e-05   0.000000e+00   0.000000e+00   48
  5.034299e-02   1.574925e-05   7.064254e-10   0.000000e+00   24
  5.082475e-02   2.165940e-05   6.660243e-10   0.000000e+00   72
  5.130199e-02   2.946312e-05   0.000000e+00   0.000000e+00   96
  5.224339e-02   4.277630e-05   0.000000e+00   0.000000e+00   48
  5.270779e-02   2.412548e-05   0.000000e+00   0.000000e+00   48
  5.316813e-02   2.157498e-05   7.064254e-10   0.000000e+00   24
  5.362451e-02   2.529699e-05   0.000000e+00   0.000000e+00   72
  5.452583e-02   2.787242e-05   6.660243e-10   0.000000e+00   72
  5.497095e-02   2.791989e-05   0.000000e+00   0.000000e+00   96
  5.585054e-02   4.044066e-05   0.000000e+00   0.000000e+00   6
  5.628518e-02   3.427378e-05   0.000000e+00   0.000000e+00   96
  5.671649e-02   3.611132e-05   7.064254e-10   0.000000e+00   96
  5.714454e-02   2.493155e-05   0.000000e+00   0.000000e+00   24
  5.756941e-02   2.837719e-05   9.990364e-10   0.000000e+00   48
  5.799117e-02   2.930579e-05   0.000000e+00   0.000000e+00   96
  5.840989e-02   3.507630e-05   0.000000e+00   0.000000e+00   48
  5.923844e-02   3.254056e-05   0.000000e+00   0.000000e+00   36
  5.964840e-02   3.348741e-05   1.223565e-09   0.000000e+00   48
  6.005556e-02   3.790563e-05   1.384305e-09   0.000000e+00   120
  6.045998e-02   3.475625e-05   0.000000e+00   0.000000e+00   56
  6.086171e-02   1.994783e-05   7.064254e-10   0.000000e+00   24
  6.126081e-02   2.952031e-05   0.000000e+00   0.000000e+00   96
  6.165732e-02   3.195152e-05   0.000000e+00   0.000000e+00   48
  6.244280e-02   4.040651e-05   0.000000e+00   0.000000e+00   24
  6.283185e-02   4.499227e-05   0.000000e+00   0.000000e+00   102
  6.321851e-02   4.733263e-05   0.000000e+00   0.000000e+00   48
  6.360282e-02   4.434579e-05   0.000000e+00   0.000000e+00   72
  6.398483e-02   4.124259e-05   0.000000e+00   0.000000e+00   48
  6.436456e-02   4.507049e-05   0.000000e+00   0.000000e+00   48
  6.474207e-02   3.927578e-05   1.598458e-09   0.000000e+00   120
  6.549056e-02   6.473476e-05   9.990364e-10   0.000000e+00   24
  6.586161e-02   3.814429e-05   9.419006e-10   0.000000e+00   144
  6.623059e-02   3.991522e-05   1.130281e-09   0.000000e+00   120
  6.659752e-02   3.159798e-05   9.990364e-10   0.000000e+00   48
  6.732538e-02   4.921893e-05   9.990364e-10   0.000000e+00   48
  6.768638e-02   4.084734e-05   9.990364e-10   0.000000e+00   96
  6.863955e-02   5.675154e-05   1.675093e-04   0.000000e+00   72
  6.911151e-02   4.264717e-05   1.255867e-09   0.000000e+00   108
  6.946323e-02   5.141085e-05   0.000000e+00   0.000000e+00   72
  6.981317e-02   3.166676e-05   0.000000e+00   0.000000e+00   30
  7.016137e-02   5.410980e-05   0.000000e+00   0.000000e+00   168
  7.050785e-02   5.417783e-05   0.000000e+00   0.000000e+00   48
  7.119574e-02   3.847748e-05   0.000000e+00   0.000000e+00   72
  7.153721e-02   5.116463e-05   0.000000e+00   0.000000e+00   96
  7.187706e-02   5.092192e-05   1.883801e-09   0.000000e+00   72
  7.221530e-02   6.066544e-05   0.000000e+00   0.000000e+00   72
  7.278398e-02   5.549795e-05   1.546684e-04   0.000000e+00   104
  7.322067e-02   5.384350e-05   1.332049e-09   0.000000e+00   144
  7.421242e-02   3.902137e-05   2.233913e-09   0.000000e+00   96
  7.454007e-02   4.362640e-05   0.000000e+00   0.000000e+00   96
  7.506116e-02   6.049623e-05   1.591194e-04   0.000000e+00   120
  7.551449e-02   5.128084e-05   0.000000e+00   0.000000e+00   120
  7.583651e-02   6.221308e-05   0.000000e+00   0.000000e+00   72
  7.647650e-02   6.341414e-05   0.000000e+00   0.000000e+00   48
  7.679449e-02   6.861204e-05   1.505926e-09   0.000000e+00   78
  7.720128e-02   7.222055e-05   1.424762e-04   0.000000e+00   168
  7.805350e-02   6.855613e-05   1.332049e-09   0.000000e+00   144
  7.836509e-02   7.143037e-05   1.332049e-09   0.000000e+00   144
  7.926883e-02   6.644704e-05   8.205478e-05   0.000000e+00   156
  7.959926e-02   4.892906e-05   1.730382e-09   0.000000e+00   48
  7.990483e-02   6.128873e-05   1.130281e-09   0.000000e+00   120
  8.020923e-02   4.443163e-05   0.000000e+00   0.000000e+00   48
  8.074745e-02   6.728797e-05   1.255998e-04   0.000000e+00   216
  8.141545e-02   6.104778e-05   0.000000e+00   0.000000e+00   48
  8.171422e-02   5.670036e-05   9.990364e-10   0.000000e+00   96
  8.213902e-02   6.564972e-05   1.467830e-04   0.000000e+00   168
  8.260406e-02   5.338022e-05   9.990364e-10   0.000000e+00   48
  8.289855e-02   7.097921e-05   0.000000e+00   0.000000e+00   96
  8.319199e-02   6.921135e-05   0.000000e+00   0.000000e+00   48
  8.377580e-02   8.169129e-05   1.130281e-09   0.000000e+00   30
  8.406619e-02   5.221322e-05   9.990364e-10   0.000000e+00   96
  8.441325e-02   6.513708e-05   1.153584e-04   0.000000e+00   240
  8.485953e-02   9.095049e-05   1.244551e-04   0.000000e+00   32
  8.521783e-02   5.218795e-05   0.000000e+00   0.000000e+00   168
  8.550332e-02   6.246688e-05   0.000000e+00   0.000000e+00   120
  8.607146e-02   5.024918e-05   2.106154e-09   0.000000e+00   72
  8.635412e-02   8.268392e-05   1.332049e-09   0.000000e+00   144
  8.663587e-02   5.972455e-05   0.000000e+00   0.000000e+00   96
  8.691670e-02   7.957570e-05   0.000000e+00   0.000000e+00   96
  8.747565e-02   7.901388e-05   1.631420e-09   0.000000e+00   72
  8.775379e-02   6.699218e-05   1.412851e-09   0.000000e+00   96
  8.830745e-02   6.583302e-05   0.000000e+00   0.000000e+00   24
  8.858298e-02   7.714639e-05   0.000000e+00   0.000000e+00   192
  8.890745e-02   7.375116e-05   1.056148e-04   0.000000e+00   132
  8.940448e-02   8.001437e-05   0.000000e+00   0.000000e+00   96
  8.967664e-02   5.899960e-05   0.000000e+00   0.000000e+00   96
  8.994798e-02   7.788246e-05   1.130281e-09   0.000000e+00   120
  9.048821e-02   8.342815e-05   0.000000e+00   0.000000e+00   48
  9.093103e-02   5.446596e-05   1.279966e-04   0.000000e+00   222
  9.129257e-02   7.139924e-05   0.000000e+00   0.000000e+00   120
  9.155911e-02   8.059915e-05   1.730382e-09   0.000000e+00   24
  9.194720e-02   8.505771e-05   1.321111e-04   0.000000e+00   312
  9.279280e-02   9.580110e-05   1.238595e-04   0.000000e+00   72
  9.314239e-02   6.733833e-05   9.990364e-10   0.000000e+00   96
  9.350136e-02   8.271347e-05   1.261337e-04   0.000000e+00   192
  9.392401e-02   7.837642e-05   1.598458e-09   0.000000e+00   120
  9.418312e-02   7.860088e-05   0.000000e+00   0.000000e+00   144
  9.469919e-02   7.106503e-05   0.000000e+00   0.000000e+00   48
  9.506602e-02   7.118689e-05   1.268319e-04   0.000000e+00   336
  9.546807e-02   8.145195e-05   0.000000e+00   0.000000e+00   48
  9.597724e-02   7.456340e-05   0.000000e+00   0.000000e+00   192
  9.623081e-02   8.131076e-05   0.000000e+00   0.000000e+00   48
  9.695161e-02   8.280094e-05   8.803796e-05   0.000000e+00   56
  9.731001e-02   8.127851e-05   1.130706e-04   0.000000e+00   336
  9.773844e-02   8.172751e-05   1.255867e-09   0.000000e+00   54
  9.811165e-02   7.498074e-05   1.241922e-04   0.000000e+00   240
  9.888643e-02   7.704808e-05   1.189150e-04   0.000000e+00   228
  9.922316e-02   9.260168e-05   1.332049e-09   0.000000e+00   72
  9.955002e-02   9.254638e-05   1.153504e-04   0.000000e+00   144
  9.995725e-02   7.594913e-05   0.000000e+00   0.000000e+00   96
  1.002007e-01   7.897483e-05   1.598458e-09   0.000000e+00   240
  1.006860e-01   7.240826e-05   1.412851e-09   0.000000e+00   24
  1.009966e-01   8.573543e-05   1.089476e-04   0.000000e+00   336
  1.014095e-01   8.193191e-05   0.000000e+00   0.000000e+00   72
  1.017863e-01   9.846467e-05   1.185007e-04   0.000000e+00   168
  1.021279e-01   6.538450e-05   0.000000e+00   0.000000e+00   72
  1.026040e-01   1.021922e-04   0.000000e+00   0.000000e+00   96
  1.029727e-01   8.837049e-05   1.176117e-04   0.000000e+00   216
  1.033141e-01   6.729649e-05   1.412851e-09   0.000000e+00   96
  1.037847e-01   8.316164e-05   0.000000e+00   0.000000e+00   192
  1.040193e-01   8.209000e-05   1.332049e-09   0.000000e+00   144
  1.044868e-01   8.839533e-05   0.000000e+00   0.000000e+00   48
  1.048105e-01   9.210458e-05   1.133915e-04   0.000000e+00   246
  1.052503e-01   1.142896e-04   1.045488e-04   0.000000e+00   168
  1.056465e-01   9.056913e-05   1.957704e-09   0.000000e+00   120
  1.058769e-01   7.610760e-05   0.000000e+00   0.000000e+00   240
  1.063363e-01   5.479667e-05   1.412851e-09   0.000000e+00   24
  1.067022e-01   8.931239e-05   1.119102e-04   0.000000e+00   360
  1.071580e-01   8.421615e-05   1.114340e-04   0.000000e+00   120
  1.074760e-01   1.002351e-04   0.000000e+00   0.000000e+00   144
  1.077025e-01   9.896895e-05   0.000000e+00   0.000000e+00   96
  1.083792e-01   9.681273e-05   0.000000e+00   0.000000e+00   144
  1.086038e-01   1.045655e-04   0.000000e+00   0.000000e+00   132
  1.089195e-01   9.598164e-05   1.099837e-04   0.000000e+00   176
  1.093777e-01   9.630052e-05   1.110614e-04   0.000000e+00   312
  1.099419e-01   1.389099e-04   0.000000e+00   0.000000e+00   96
  1.101633e-01   9.450733e-05   0.000000e+00   0.000000e+00   144
  1.105031e-01   1.004723e-04   1.099474e-04   0.000000e+00   312
  1.110446e-01   1.201009e-04   0.000000e+00   0.000000e+00   48
  1.112639e-01   9.022220e-05   1.412851e-09   0.000000e+00   192
  1.117011e-01   3.044329e-05   0.000000e+00   0.000000e+00   6
  1.119915e-01   8.876397e-05   1.025446e-04   0.000000e+00   288
  1.124620e-01   8.720653e-05   1.083450e-04   0.000000e+00   192
  1.127866e-01   8.423994e-05   3.322713e-09   0.000000e+00   216
  1.130025e-01   1.067995e-04   0.000000e+00   0.000000e+00   72
  1.135403e-01   8.895588e-05   1.073161e-04   0.000000e+00   192
  1.138975e-01   1.176611e-04   7.968796e-05   0.000000e+00   288
  1.142891e-01   1.024922e-04   0.000000e+00   0.000000e+00   24
  1.145916e-01   1.113464e-04   1.049823e-04   0.000000e+00   456
  1.151388e-01   7.225617e-05   1.998073e-09   0.000000e+00   48
  1.154769e-01   1.045476e-04   1.034033e-04   0.000000e+00   240
  1.158655e-01   1.189296e-04   1.045007e-04   0.000000e+00   216
  1.161923e-01   9.479269e-05   0.000000e+00   0.000000e+00   72
  1.164018e-01   9.916550e-05   3.610549e-09   0.000000e+00   168
  1.169935e-01   1.178604e-04   7.767385e-05   0.000000e+00   288
  1.173253e-01   1.166212e-04   1.027758e-04   0.000000e+00   168
  1.178582e-01   1.346929e-04   0.000000e+00   0.000000e+00   192
  1.180648e-01   1.088103e-04   1.332049e-09   0.000000e+00   144
  1.184769e-01   1.361053e-04   0.000000e+00   0.000000e+00   36
  1.188264e-01   9.331680e-05   9.385617e-05   0.000000e+00   342
  1.191605e-01   1.119548e-04   9.637890e-05   0.000000e+00   144
  1.195900e-01   1.083461e-04   1.010773e-04   0.000000e+00   384
  1.201111e-01   1.296325e-04   2.768611e-09   0.000000e+00   120
  1.203690e-01   1.312777e-04   9.013158e-05   0.000000e+00   264
  1.207183e-01   1.136941e-04   4.467827e-09   0.000000e+00   192
  1.210471e-01   1.267279e-04   9.713401e-05   0.000000e+00   152
  1.213224e-01   1.166604e-04   2.664097e-09   0.000000e+00   144
  1.219012e-01   9.987913e-05   6.286607e-05   0.000000e+00   216
  1.221692e-01   1.302569e-04   8.400585e-05   0.000000e+00   312
  1.226409e-01   1.140738e-04   9.736112e-05   0.000000e+00   240
  1.229188e-01   1.389277e-04   1.412851e-09   0.000000e+00   96
  1.234463e-01   1.281632e-04   9.308426e-05   0.000000e+00   144
  1.237714e-01   1.239660e-04   9.149363e-05   0.000000e+00   456
  1.242988e-01   1.012755e-04   0.000000e+00   0.000000e+00   120
  1.244947e-01   1.108258e-04   0.000000e+00   0.000000e+00   144
  1.248856e-01   8.407137e-05   0.000000e+00   0.000000e+00   24
  1.251362e-01   1.309617e-04   8.794658e-05   0.000000e+00   336
  1.255696e-01   1.243094e-04   9.699311e-05   0.000000e+00   198
  1.259757e-01   1.245985e-04   9.432023e-05   0.000000e+00   432
  1.264370e-01   1.314750e-04   0.000000e+00   0.000000e+00   48
  1.266777e-01   1.481733e-04   8.326844e-05   0.000000e+00   384
  1.271098e-01   1.440892e-04   9.585962e-05   0.000000e+00   144
  1.275013e-01   1.420767e-04   9.517601e-05   0.000000e+00   264
  1.279697e-01   1.158062e-04   0.000000e+00   0.000000e+00   48
  1.282839e-01   1.370174e-04   9.049683e-05   0.000000e+00   276
  1.285870e-01   1.228441e-04   8.203293e-05   0.000000e+00   192
  1.289922e-01   1.313415e-04   9.218697e-05   0.000000e+00   552
  1.294841e-01   9.359797e-05   3.196917e-09   0.000000e+00   120
  1.297765e-01   1.475507e-04   9.331596e-05   0.000000e+00   216
  1.300475e-01   1.311838e-04   1.598458e-09   0.000000e+00   120
  1.305316e-01   1.536273e-04   9.189333e-05   0.000000e+00   408
  1.309811e-01   1.442626e-04   1.998073e-09   0.000000e+00   24
  1.312599e-01   1.271526e-04   9.282881e-05   0.000000e+00   384
  1.316492e-01   1.274990e-04   9.069708e-05   0.000000e+00   240
  1.319872e-01   1.256196e-04   9.136125e-05   0.000000e+00   168
  1.324612e-01   1.143315e-04   2.260561e-09   0.000000e+00   120
  1.327667e-01   1.395255e-04   9.523931e-05   0.000000e+00   350
  1.332635e-01   1.401773e-04   1.567823e-04   0.000000e+00   384
  1.335605e-01   1.523259e-04   0.000000e+00   0.000000e+00   144
  1.341067e-01   1.229425e-04   3.767602e-09   0.000000e+00   288
  1.343919e-01   1.287290e-04   8.974411e-05   0.000000e+00   336
  1.347800e-01   1.581337e-04   8.170456e-05   0.000000e+00   168
  1.350122e-01   1.401570e-04   1.614687e-09   0.000000e+00   336
  1.354927e-01   1.272916e-04   8.480446e-05   0.000000e+00   288
  1.357812e-01   1.307798e-04   7.990748e-05   0.000000e+00   264
  1.362699e-01   1.442721e-04   0.000000e+00   0.000000e+00   240
  1.364486e-01   1.423083e-04   2.825702e-09   0.000000e+00   96
  1.370900e-01   1.569349e-04   1.086688e-04   0.000000e+00   360
  1.373893e-01   1.540168e-04   8.010757e-05   0.000000e+00   168
  1.377676e-01   1.509838e-04   8.732558e-05   0.000000e+00   456
  1.382230e-01   1.398173e-04   2.511735e-09   0.000000e+00   108
  1.384792e-01   1.478490e-04   8.761995e-05   0.000000e+00   264
  1.387988e-01   1.396880e-04   7.817127e-05   0.000000e+00   264
  1.392364e-01   1.606597e-04   7.376599e-05   0.000000e+00   312
  1.397814e-01   1.593538e-04   5.481617e-05   0.000000e+00   270
  1.400098e-01   1.464979e-04   6.959603e-05   0.000000e+00   240
  1.404204e-01   1.510307e-04   8.609907e-05   0.000000e+00   384
  1.406696e-01   1.306957e-04   0.000000e+00   0.000000e+00   192
  1.411539e-01   1.602523e-04   6.908303e-05   0.000000e+00   240
  1.414347e-01   1.506022e-04   8.525963e-05   0.000000e+00   336
  1.419630e-01   1.582055e-04   8.583011e-05   0.000000e+00   480
  1.423915e-01   1.598681e-04   0.000000e+00   0.000000e+00   72
  1.426309e-01   1.638429e-04   8.369217e-05   0.000000e+00   240
  1.429564e-01   1.467925e-04   7.865917e-05   0.000000e+00   312
  1.433297e-01   1.409984e-04   8.501169e-05   0.000000e+00   240
  1.438936e-01   1.563008e-04   6.458688e-05   0.000000e+00   408
  1.441169e-01   1.476654e-04   5.914602e-05   0.000000e+00   336
  1.445532e-01   1.569952e-04   7.510087e-05   0.000000e+00   264
  1.447677e-01   1.907323e-04   0.000000e+00   0.000000e+00   144
  1.453643e-01   1.572809e-04   1.040943e-04   0.000000e+00   464
  1.456786e-01   1.222938e-04   8.277629e-05   0.000000e+00   168
  1.459889e-01   1.968346e-04   7.539115e-05   0.000000e+00   336
  1.465498e-01   1.550154e-04   7.921315e-05   0.000000e+00   414
  1.468660e-01   1.739028e-04   8.245619e-05   0.000000e+00   216
  1.472710e-01   1.565870e-04   1.998073e-09   0.000000e+00   96
  1.474364e-01   1.553854e-04   5.994218e-09   0.000000e+00   384
  1.480158e-01   1.667822e-04   8.229688e-05   0.000000e+00   492
  1.483263e-01   1.313040e-04   8.047930e-05   0.000000e+00   240
  1.486772e-01   1.341647e-04   8.171468e-05   0.000000e+00   312
  1.491618e-01   1.665661e-04   8.168777e-05   0.000000e+00   192
  1.494688e-01   1.649299e-04   7.916535e-05   0.000000e+00   504
  1.498761e-01   1.584790e-04   5.240881e-05   0.000000e+00   408
  1.501968e-01   1.832393e-04   1.605609e-04   0.000000e+00   168
  1.505981e-01   1.462662e-04   7.626782e-05   0.000000e+00   288
  1.509348e-01   1.521364e-04   7.959200e-05   0.000000e+00   288
  1.512797e-01   1.668536e-04   8.005014e-05   0.000000e+00   432
  1.517801e-01   1.766787e-04   7.570076e-05   0.000000e+00   216
  1.520474e-01   1.642331e-04   7.554106e-05   0.000000e+00   360
  1.525234e-01   1.765849e-04   7.372735e-05   0.000000e+00   312
  1.529530e-01   1.882914e-04   0.000000e+00   0.000000e+00   48
  1.532006e-01   1.639696e-04   7.904634e-05   0.000000e+00   432
  1.536441e-01   1.549922e-04   1.318501e-04   0.000000e+00   414
  1.539060e-01   1.584952e-04   6.955573e-09   0.000000e+00   312
  1.543946e-01   1.737114e-04   1.156911e-04   0.000000e+00   528
  1.547243e-01   1.742990e-04   6.072803e-05   0.000000e+00   264
  1.551204e-01   1.591858e-04   7.200680e-05   0.000000e+00   480
  1.556380e-01   1.650974e-04   0.000000e+00   0.000000e+00   288
  1.558615e-01   1.730371e-04   7.736908e-05   0.000000e+00   168
  1.562704e-01   1.694317e-04   1.224750e-04   0.000000e+00   504
  1.567302e-01   1.846461e-04   2.664097e-09   0.000000e+00   144
  1.570194e-01   1.616079e-04   7.865832e-05   0.000000e+00   464
  1.574541e-01   1.465738e-04   1.154355e-04   0.000000e+00   432
  1.576603e-01   1.920809e-04   1.998073e-09   0.000000e+00   192
  1.581934e-01   1.578559e-04   8.557628e-05   0.000000e+00   396
  1.585082e-01   1.687365e-04   7.687110e-05   0.000000e+00   288
  1.588263e-01   1.727085e-04   7.593549e-05   0.000000e+00   336
  1.593345e-01   1.615179e-04   4.808388e-05   0.000000e+00   432
  1.596570e-01   1.743949e-04   1.246267e-04   0.000000e+00   360
  1.600192e-01   1.736870e-04   7.371853e-05   0.000000e+00   384
  1.605335e-01   1.464726e-04   6.507077e-05   0.000000e+00   198
  1.607813e-01   1.705821e-04   7.396430e-05   0.000000e+00   552
  1.612434e-01   1.421546e-04   1.035450e-04   0.000000e+00   432
  1.616292e-01   1.877801e-04   0.000000e+00   0.000000e+00   168
  1.619530e-01   1.733784e-04   1.283579e-04   0.000000e+00   480
  1.623813e-01   1.307618e-04   0.000000e+00   0.000000e+00   120
  1.625741e-01   1.615017e-04   1.048372e-04   0.000000e+00   336
  1.630445e-01   1.775464e-04   7.396097e-05   0.000000e+00   672
  1.635097e-01   1.764353e-04   1.075863e-04   0.000000e+00   528
  1.637264e-01   1.676347e-04   3.229373e-09   0.000000e+00   168
  1.642270e-01   1.755721e-04   1.200118e-04   0.000000e+00   456
  1.645324e-01   1.960046e-04   7.329223e-05   0.000000e+00   168
  1.648495e-01   1.804716e-04   7.316065e-05   0.000000e+00   504
  1.653766e-01   1.721140e-04   9.414654e-05   0.000000e+00   336
  1.656953e-01   1.956543e-04   6.786851e-05   0.000000e+00   312
  1.660489e-01   1.856303e-04   6.631214e-05   0.000000e+00   504
  1.665141e-01   1.781355e-04   4.600920e-05   0.000000e+00   432
  1.667329e-01   1.630076e-04   7.109945e-05   0.000000e+00   312
  1.671876e-01   1.721983e-04   7.288039e-05   0.000000e+00   384
  1.676624e-01   1.978096e-04   6.192036e-05   0.000000e+00   126
  1.679555e-01   1.810849e-04   1.087174e-04   0.000000e+00   492
  1.683299e-01   1.857888e-04   6.963360e-05   0.000000e+00   528
  1.687978e-01   1.766476e-04   7.073279e-05   0.000000e+00   480
  1.690879e-01   1.875538e-04   9.771696e-05   0.000000e+00   432
  1.695076e-01   1.985493e-04   7.684145e-05   0.000000e+00   440
  1.699951e-01   1.767781e-04   3.821294e-05   0.000000e+00   312
  1.701781e-01   1.945609e-04   5.726529e-05   0.000000e+00   480
  1.705533e-01   1.786243e-04   1.121243e-04   0.000000e+00   408
  1.711016e-01   1.809915e-04   6.714979e-05   0.000000e+00   360
  1.713332e-01   1.776236e-04   6.479710e-05   0.000000e+00   408
  1.717625e-01   1.803799e-04   6.593925e-05   0.000000e+00   456
  1.722458e-01   1.931856e-04   6.302169e-05   0.000000e+00   264
  1.725141e-01   1.774744e-04   6.839435e-05   0.000000e+00   384
  1.729046e-01   1.889118e-04   1.151467e-04   0.000000e+00   672
  1.733561e-01   1.832100e-04   6.887260e-05   0.000000e+00   240
  1.736166e-01   1.934737e-04   6.988846e-05   0.000000e+00   264
  1.739843e-01   1.700164e-04   8.619588e-05   0.000000e+00   624
  1.745329e-01   2.118549e-04   0.000000e+00   0.000000e+00   150
  1.747283e-01   2.010331e-04   9.658929e-05   0.000000e+00   600
  1.751402e-01   1.740728e-04   6.666345e-05   0.000000e+00   672
  1.756067e-01   1.925710e-04   6.270167e-05   0.000000e+00   336
  1.758666e-01   1.956049e-04   6.820115e-05   0.000000e+00   408
  1.762818e-01   1.836103e-04   6.804049e-05   0.000000e+00   408
  1.767436e-01   1.761150e-04   3.440492e-05   0.000000e+00   360
  1.770283e-01   1.995319e-04   1.263238e-04   0.000000e+00   456
  1.773722e-01   1.851914e-04   6.869566e-05   0.000000e+00   384
  1.778099e-01   2.242719e-04   6.341480e-05   0.000000e+00   348
  1.780464e-01   1.923997e-04   7.817791e-05   0.000000e+00   576
  1.784907e-01   2.002872e-04   6.436923e-05   0.000000e+00   504
  1.789452e-01   1.962885e-04   9.078907e-05   0.000000e+00   432
  1.793419e-01   1.817598e-04   1.235181e-04   0.000000e+00   576
  1.796248e-01   1.961982e-04   0.000000e+00   0.000000e+00   264
  1.800736e-01   1.999963e-04   9.828954e-05   0.000000e+00   768
  1.804640e-01   2.381422e-04   1.323290e-04   0.000000e+00   240
  1.807743e-01   1.923624e-04   1.167016e-04   0.000000e+00   192
  1.812263e-01   1.940030e-04   8.590664e-05   0.000000e+00   504
  1.815615e-01   1.836497e-04   1.157624e-04   0.000000e+00   590
  1.818830e-01   1.912352e-04   1.297055e-04   0.000000e+00   384
  1.822861e-01   2.027889e-04   1.083956e-04   0.000000e+00   504
  1.827729e-01   2.153048e-04   1.043140e-04   0.000000e+00   648
  1.832449e-01   2.070299e-04   2.833030e-05   0.000000e+00   504
  1.834353e-01   2.144787e-04   6.462673e-05   0.000000e+00   312
  1.837714e-01   1.874771e-04   9.311123e-05   0.000000e+00   576
  1.842327e-01   2.004621e-04   6.479663e-05   0.000000e+00   240
  1.845017e-01   1.969896e-04   6.547387e-05   0.000000e+00   552
  1.848823e-01   2.165781e-04   6.147846e-05   0.000000e+00   600
  1.854246e-01   2.034374e-04   7.509108e-05   0.000000e+00   600
  1.857506e-01   2.251390e-04   1.202524e-04   0.000000e+00   312
  1.860753e-01   2.212607e-04   1.047280e-04   0.000000e+00   480
  1.864809e-01   2.292580e-04   6.534019e-05   0.000000e+00   576
  1.868380e-01   2.202450e-04   1.052119e-04   0.000000e+00   408
  1.871548e-01   2.240098e-04   1.227345e-04   0.000000e+00   216
  1.875642e-01   1.876032e-04   9.400084e-05   0.000000e+00   516
  1.880028e-01   2.272532e-04   8.968636e-05   0.000000e+00   744
  1.884552e-01   2.130303e-04   5.990257e-05   0.000000e+00   462
  1.887109e-01   2.300193e-04   6.088230e-05   0.000000e+00   432
  1.891075e-01   2.322993e-04   5.648168e-05   0.000000e+00   648
  1.895737e-01   2.368366e-04   8.264320e-05   0.000000e+00   528
  1.899483e-01   2.028814e-04   9.952305e-05   0.000000e+00   600
  1.903225e-01   2.038575e-04   1.254725e-04   0.000000e+00   240
  1.906850e-01   2.105552e-04   9.611075e-05   0.000000e+00   720
  1.911062e-01   2.404866e-04   7.604100e-05   0.000000e+00   720
  1.915732e-01   1.984924e-04   0.000000e+00   0.000000e+00   144
  1.918190e-01   2.092341e-04   9.803961e-05   0.000000e+00   720
  1.921686e-01   2.570448e-04   5.878648e-05   0.000000e+00   384
  1.926063e-01   2.228438e-04   6.516793e-05   0.000000e+00   672
  1.930215e-01   2.263738e-04   1.141019e-04   0.000000e+00   336
  1.932199e-01   2.547014e-04   0.000000e+00   0.000000e+00   288
  1.937055e-01   2.217379e-04   9.030399e-05   0.000000e+00   776
  1.941551e-01   2.456201e-04   7.726878e-05   0.000000e+00   720
  1.945327e-01   2.371947e-04   6.224567e-05   0.000000e+00   432
  1.948347e-01   2.303115e-04   8.873905e-05   0.000000e+00   504
  1.951706e-01   2.191211e-04   6.217429e-05   0.000000e+00   528
  1.956407e-01   2.339168e-04   8.470885e-05   0.000000e+00   438
  1.960275e-01   2.131364e-04   9.859335e-05   0.000000e+00   624
  1.963189e-01   2.506364e-04   1.207635e-04   0.000000e+00   312
  1.967196e-01   2.361390e-04   6.506437e-05   0.000000e+00   696
  1.971339e-01   2.292354e-04   5.887146e-05   0.000000e+00   552
  1.975648e-01   2.149206e-04   4.554687e-05   0.000000e+00   516
  1.978313e-01   2.255883e-04   9.097645e-05   0.000000e+00   528
  1.981558e-01   2.280783e-04   5.916447e-05   0.000000e+00   528
  1.986168e-01   2.312167e-04   7.802593e-05   0.000000e+00   864
  1.989297e-01   2.078766e-04   1.068795e-04   0.000000e+00   408
  1.992429e-01   2.292664e-04   1.058911e-04   0.000000e+00   192
  1.996868e-01   2.396521e-04   8.762994e-05   0.000000e+00   720
  2.000615e-01   2.117852e-04   8.079911e-05   0.000000e+00   696
  2.005068e-01   2.399835e-04   8.726379e-05   0.000000e+00   720
  2.009142e-01   2.272223e-04   1.182756e-04   0.000000e+00   432
  2.011518e-01   2.142000e-04   6.962164e-05   0.000000e+00   264
  2.015793e-01   2.415633e-04   9.614441e-05   0.000000e+00   672
  2.019616e-01   2.382876e-04   9.843711e-05   0.000000e+00   600
  2.024154e-01   2.356613e-04   5.763483e-05   0.000000e+00   270
  2.026441e-01   2.356216e-04   8.675648e-05   0.000000e+00   528
  2.030077e-01   2.603785e-04   5.940776e-05   0.000000e+00   840
  2.035062e-01   2.451376e-04   1.135983e-04   0.000000e+00   888
  2.039669e-01   2.398797e-04   8.463909e-05   0.000000e+00   744
  2.043562e-01   2.640621e-04   4.349214e-05   0.000000e+00   456
  2.045498e-01   2.284786e-04   5.943469e-05   0.000000e+00   360
  2.048811e-01   2.376639e-04   5.149682e-05   0.000000e+00   384
  2.053895e-01   2.538270e-04   8.260041e-05   0.000000e+00   816
  2.057710e-01   2.538832e-04   1.198416e-04   0.000000e+00   824
  2.062346e-01   2.483156e-04   5.570811e-05   0.000000e+00   360
  2.064829e-01   2.821849e-04   8.220424e-05   0.000000e+00   624
  2.068246e-01   2.203721e-04   5.554917e-05   0.000000e+00   360
  2.072798e-01   2.516061e-04   7.556319e-05   0.000000e+00   876
  2.076909e-01   2.370125e-04   8.974647e-05   0.000000e+00   696
  2.081055e-01   2.683956e-04   5.795238e-05   0.000000e+00   336
  2.083228e-01   2.670388e-04   5.788726e-05   0.000000e+00   504
  2.086818e-01   2.499401e-04   5.838888e-05   0.000000e+00   672
  2.092144e-01   2.351581e-04   1.162387e-04   0.000000e+00   720
  2.095838e-01   2.311347e-04   8.780591e-05   0.000000e+00   774
  2.099915e-01   2.522032e-04   5.025783e-05   0.000000e+00   384
  2.102050e-01   2.500753e-04   9.671763e-05   0.000000e+00   528
  2.105364e-01   2.553713e-04   9.217729e-05   0.000000e+00   744
  2.110694e-01   2.604098e-04   7.602671e-05   0.000000e+00   768
  2.114233e-01   2.542560e-04   8.534571e-05   0.000000e+00   552
  2.118649e-01   2.389276e-04   9.301717e-05   0.000000e+00   696
  2.121934e-01   2.666031e-04   1.130320e-04   0.000000e+00   408
  2.124541e-01   2.478556e-04   4.883074e-05   0.000000e+00   504
  2.128675e-01   2.423112e-04   8.772259e-05   0.000000e+00   888
  2.132743e-01   2.359285e-04   9.116913e-05   0.000000e+00   648
  2.136971e-01   2.436728e-04   9.038766e-05   0.000000e+00   648
  2.140948e-01   2.530348e-04   9.746006e-05   0.000000e+00   792
  2.145162e-01   2.454703e-04   1.425907e-04   0.000000e+00   600
  2.148267e-01   2.392163e-04   9.663487e-05   0.000000e+00   456
  2.151535e-01   2.597077e-04   4.709572e-05   0.000000e+00   648
  2.155732e-01   2.409963e-04   9.184351e-05   0.000000e+00   936
  2.160264e-01   2.456748e-04   5.640375e-05   0.000000e+00   384
  2.164208e-01   4.219939e-35   4.745948e-09   0.000000e+00   198
  2.167253e-01   4.021816e-35   1.431011e-04   0.000000e+00   1224
  2.170537e-01   5.652282e-35   1.042217e-04   0.000000e+00   420
  2.174420e-01   5.167108e-35   1.008648e-04   0.000000e+00   792
  2.178218e-01   4.597905e-35   8.340657e-05   0.000000e+00   680
  2.182552e-01   4.515753e-35   7.658783e-05   0.000000e+00   600
  2.186039e-01   4.220998e-35   1.110734e-04   0.000000e+00   840
  2.190695e-01   4.553856e-35   5.244369e-05   0.000000e+00   432
  2.192474e-01   5.301941e-35   4.914665e-05   0.000000e+00   720
  2.196343e-01   4.360349e-35   9.843213e-05   0.000000e+00   960
  2.201154e-01   4.763362e-35   8.774504e-05   0.000000e+00   528
  2.204670e-01   4.857595e-35   8.969217e-05   0.000000e+00   624
  2.208855e-01   4.796683e-35   7.049743e-05   0.000000e+00   816
  2.213008e-01   4.894650e-35   1.159345e-04   0.000000e+00   696
  2.217599e-01   4.219281e-35   7.830814e-09   0.000000e+00   240
  2.219325e-01   5.159245e-35   6.836935e-05   0.000000e+00   672
  2.223177e-01   4.958342e-35   1.221858e-04   0.000000e+00   864
  2.227499e-01   4.926829e-35   9.375778e-05   0.000000e+00   816
  2.231394e-01   4.615029e-35   5.366372e-05   0.000000e+00   648
  2.235589e-01   4.906703e-35   5.485410e-05   0.000000e+00   843
  2.239151e-01   4.501724e-35   9.869601e-05   0.000000e+00   780
  2.243395e-01   4.158664e-35   5.295844e-05   0.000000e+00   216
  2.246013e-01   4.624111e-35   1.277035e-04   0.000000e+00   1056
  2.250039e-01   4.666618e-35   1.044758e-04   0.000000e+00   228
  2.253767e-01   5.017912e-35   1.300750e-04   0.000000e+00   924
  2.257594e-01   5.234130e-35   4.825052e-05   0.000000e+00   696
  2.261647e-01   4.561231e-35   8.587211e-05   0.000000e+00   996
  2.265793e-01   4.567160e-35   5.069718e-05   0.000000e+00   576
  2.270107e-01   4.964479e-35   7.824775e-05   0.000000e+00   552
  2.273251e-01   4.438808e-35   9.342507e-05   0.000000e+00   516
  2.276442e-01   5.305284e-35   1.358594e-04   0.000000e+00   744
  2.280088e-01   4.854752e-35   6.664715e-05   0.000000e+00   576
  2.283260e-01   4.605866e-35   6.859680e-05   0.000000e+00   792
  2.287768e-01   5.286465e-35   7.841886e-05   0.000000e+00   792
  2.291071e-01   4.522838e-35   8.457391e-05   0.000000e+00   720
  2.295538e-01   5.005521e-35   9.639481e-05   0.000000e+00   656
  2.299724e-01   5.259606e-35   1.052581e-04   0.000000e+00   816
  2.304015e-01   4.416597e-35   5.675340e-05   0.000000e+00   492
  2.306454e-01   5.907513e-35   8.164378e-05   0.000000e+00   552
  2.311032e-01   4.406788e-35   1.419686e-04   0.000000e+00   780
  2.314005e-01   5.254023e-35   8.720963e-05   0.000000e+00   528
  2.317208e-01   4.981441e-35   1.018002e-04   0.000000e+00   600
  2.321929e-01   4.939968e-35   8.460399e-05   0.000000e+00   900
  2.325183e-01   5.128583e-35   4.683822e-05   0.000000e+00   696
  2.329660e-01   5.474119e-35   1.184322e-04   0.000000e+00   696
  2.333991e-01   5.998309e-35   4.804683e-05   0.000000e+00   552
  2.337633e-01   5.458244e-35   5.587403e-05   0.000000e+00   708
  2.341448e-01   4.828014e-35   9.225121e-05   0.000000e+00   876
  2.345418e-01   5.267950e-35   4.898356e-05   0.000000e+00   216
  2.348082e-01   5.202577e-35   1.339767e-04   0.000000e+00   1032
  2.352071e-01   5.415227e-35   1.491682e-04   0.000000e+00   600
  2.356212e-01   4.485009e-35   7.117755e-05   0.000000e+00   600
  2.359371e-01   5.851124e-35   1.256929e-04   0.000000e+00   528
  2.363105e-01   5.309993e-35   6.899988e-05   0.000000e+00   732
  2.367039e-01   4.518643e-35   5.095015e-05   0.000000e+00   336
  2.371566e-01   4.873803e-35   7.261407e-05   0.000000e+00   912
  2.374950e-01   4.725955e-35   7.288252e-05   0.000000e+00   624
  2.378647e-01   4.722794e-35   6.141657e-05   0.000000e+00   768
  2.382963e-01   5.674142e-35   1.108076e-04   0.000000e+00   792
  2.387198e-01   5.560183e-35   5.493383e-05   0.000000e+00   660
  2.390212e-01   5.479191e-35   8.095383e-05   0.000000e+00   504
  2.393329e-01   6.284823e-35   1.322631e-04   0.000000e+00   480
  2.398000e-01   5.310112e-35   1.223261e-04   0.000000e+00   912
  2.401658e-01   5.047604e-35   1.362291e-04   0.000000e+00   432
  2.405113e-01   5.336940e-35   8.088962e-05   0.000000e+00   564
  2.408180e-01   5.597130e-35   7.742251e-05   0.000000e+00   600
  2.412498e-01   5.612927e-35   1.079196e-04   0.000000e+00   876
  2.415741e-01   5.539366e-35   4.852393e-05   0.000000e+00   264
  2.420212e-01   5.878675e-35   9.415549e-05   0.000000e+00   560
  2.423806e-01   5.549782e-35   6.398069e-05   0.000000e+00   840
  2.428168e-01   5.588176e-35   9.863978e-05   0.000000e+00   1008
  2.432202e-01   6.391780e-35   4.412481e-05   0.000000e+00   456
  2.435886e-01   5.725574e-35   5.715745e-05   0.000000e+00   576
  2.439292e-01   5.809110e-35   8.782853e-05   0.000000e+00   612
  2.443783e-01   5.368165e-35   7.844513e-05   0.000000e+00   780
  2.447447e-01   5.610814e-35   8.989453e-05   0.000000e+00   648
  2.451197e-01   5.388334e-35   4.189201e-05   0.000000e+00   312
  2.453594e-01   5.503512e-35   1.064407e-04   0.000000e+00   528
  2.457747e-01   6.181406e-35   1.390063e-04   0.000000e+00   720
  2.461718e-01   5.819599e-35   1.394416e-04   0.000000e+00   576
  2.466533e-01   6.361155e-35   1.202863e-04   0.000000e+00   444
  2.469529e-01   6.542319e-35   1.179621e-04   0.000000e+00   996
  2.473200e-01   5.141557e-35   9.853387e-05   0.000000e+00   432
  2.476669e-01   6.686079e-35   1.078752e-04   0.000000e+00   504
  2.479666e-01   6.056922e-35   4.863583e-05   0.000000e+00   504
  2.483934e-01   6.382118e-35   9.571589e-05   0.000000e+00   876
  2.487796e-01   5.528855e-35   1.101599e-04   0.000000e+00   504
  2.491817e-01   6.032820e-35   7.025420e-05   0.000000e+00   696
  2.495140e-01   5.793983e-35   6.005997e-05   0.000000e+00   492
  2.499662e-01   5.976663e-35   8.597875e-05   0.000000e+00   432
  2.503011e-01   6.227730e-35   8.050968e-05   0.000000e+00   768
  2.506981e-01   6.411459e-35   1.002856e-04   0.000000e+00   648
  2.510772e-01   6.293687e-35   6.542561e-05   0.000000e+00   456
  2.515128e-01   6.751650e-35   8.997083e-05   0.000000e+00   552
  2.518153e-01   6.388516e-35   6.166608e-05   0.000000e+00   648
  2.522317e-01   6.444984e-35   1.005122e-04   0.000000e+00   840
  2.526384e-01   7.176352e-35   4.793217e-05   0.000000e+00   432
  2.530455e-01   6.104364e-35   5.870872e-05   0.000000e+00   600
  2.533287e-01   6.678734e-35   6.255029e-05   0.000000e+00   432
  2.538044e-01   6.136502e-35   6.227491e-05   0.000000e+00   560
  2.541265e-01   6.449132e-35   9.857465e-05   0.000000e+00   840
  2.545299e-01   6.346741e-35   5.838720e-05   0.000000e+00   504
  2.548502e-01   5.758589e-35   1.191648e-04   0.000000e+00   696
  2.553018e-01   5.764875e-35   6.508356e-05   0.000000e+00   384
  2.556535e-01   6.616428e-35   9.533975e-05   0.000000e+00   576
  2.560789e-01   6.139517e-35   5.883893e-05   0.000000e+00   360
  2.564218e-01   6.372115e-35   8.762544e-05   0.000000e+00   828
  2.567917e-01   6.599127e-35   7.804673e-05   0.000000e+00   372
  2.571307e-01   7.183890e-35   1.191923e-04   0.000000e+00   576
  2.575797e-01   5.740981e-35   4.991761e-05   0.000000e+00   636
  2.578996e-01   6.614958e-35   9.622826e-05   0.000000e+00   648
  2.583323e-01   6.859796e-35   7.822306e-05   0.000000e+00   576
  2.586430e-01   7.816827e-35   1.261820e-04   0.000000e+00   528
  2.590561e-01   7.203844e-35   5.394804e-05   0.000000e+00   360
  2.593981e-01   6.666033e-35   1.241007e-04   0.000000e+00   672
  2.598446e-01   6.656044e-35   6.356642e-05   0.000000e+00   804
  2.602163e-01   7.905630e-35   7.012137e-05   0.000000e+00   408
  2.606274e-01   7.423270e-35   4.334263e-05   0.000000e+00   384
  2.609042e-01   6.444448e-35   9.918459e-05   0.000000e+00   480
  2.612947e-01   7.613977e-35   6.408778e-05   0.000000e+00   432
  2.616692e-01   8.456226e-35   1.181001e-04   0.000000e+00   648
  2.621125e-01   6.863118e-35   7.328056e-05   0.000000e+00   624
  2.624367e-01   6.304483e-35   6.665485e-05   0.000000e+00   456
  2.628795e-01   6.992274e-35   9.105646e-05   0.000000e+00   588
  2.631762e-01   7.356967e-35   5.809364e-05   0.000000e+00   600
  2.636094e-01   7.092452e-35   9.061183e-05   0.000000e+00   708
  2.639516e-01   6.211436e-35   5.708370e-05   0.000000e+00   360
  2.643298e-01   7.836714e-35   6.561923e-05   0.000000e+00   552
  2.646923e-01   6.885048e-35   4.603344e-05   0.000000e+00   288
  2.650603e-01   8.354457e-35   8.655546e-05   0.000000e+00   528
  2.654060e-01   6.465590e-35   5.839431e-05   0.000000e+00   456
  2.657924e-01   7.035150e-35   1.035458e-04   0.000000e+00   608
  2.661809e-01   7.623030e-35   5.009661e-05   0.000000e+00   504
  2.666055e-01   8.149968e-35   1.075546e-04   0.000000e+00   540
  2.669384e-01   7.071300e-35   1.154568e-04   0.000000e+00   360
  2.672972e-01   6.632844e-35   5.228475e-05   0.000000e+00   540
  2.676146e-01   7.134748e-35   4.489266e-05   0.000000e+00   576
  2.680762e-01   7.079596e-35   1.040909e-04   0.000000e+00   588
  2.685150e-01   7.451170e-35   1.436140e-04   0.000000e+00   672
  2.688920e-01   7.779216e-35   1.097654e-04   0.000000e+00   552
  2.691959e-01   6.753505e-35   1.098209e-04   0.000000e+00   144
  2.695837e-01   7.870510e-35   9.330411e-05   0.000000e+00   600
  2.699514e-01   8.230556e-35   1.169304e-04   0.000000e+00   504
  2.703595e-01   8.037582e-35   1.201111e-04   0.000000e+00   336
  2.707887e-01   7.161589e-35   1.350054e-04   0.000000e+00   600
  2.711731e-01   6.835613e-35   8.712810e-05   0.000000e+00   636
  2.715880e-01   8.662294e-35   7.005178e-05   0.000000e+00   384
  2.718789e-01   9.146973e-35   9.771396e-05   0.000000e+00   504
  2.722982e-01   8.246171e-35   4.100918e-05   0.000000e+00   240
  2.726291e-01   8.889318e-35   9.633639e-05   0.000000e+00   744
  2.730261e-01   8.681387e-35   6.578310e-05   0.000000e+00   648
  2.733790e-01   1.020117e-34   4.366878e-05   0.000000e+00   120
  2.737925e-01   7.497947e-35   6.859799e-05   0.000000e+00   564
  2.741050e-01   9.541264e-35   1.077373e-04   0.000000e+00   432
  2.745220e-01   8.384414e-35   8.362543e-05   0.000000e+00   480
  2.748361e-01   8.618794e-35   6.155045e-05   0.000000e+00   456
  2.752067e-01   7.373045e-35   1.018569e-04   0.000000e+00   444
  2.756274e-01   7.259315e-35   1.558464e-04   0.000000e+00   528
  2.759969e-01   7.143172e-35   1.157439e-04   0.000000e+00   264
  2.763555e-01   6.736803e-35   1.186203e-04   0.000000e+00   444
  2.768379e-01   8.924722e-35   1.299311e-04   0.000000e+00   696
  2.772383e-01   8.281052e-35   6.949148e-05   0.000000e+00   384
  2.775311e-01   9.564832e-35   8.780831e-05   0.000000e+00   432
  2.779866e-01   9.739745e-35   6.067143e-05   0.000000e+00   488
  2.782823e-01   8.944400e-35   9.143939e-05   0.000000e+00   480
  2.787111e-01   7.812787e-35   1.019738e-04   0.000000e+00   480
  2.790432e-01   8.109079e-35   4.278510e-05   0.000000e+00   240
  2.794202e-01   8.225708e-35   9.994261e-05   0.000000e+00   600
  2.797758e-01   8.002581e-35   8.708975e-05   0.000000e+00   288
  2.801544e-01   8.812112e-35   8.377397e-05   0.000000e+00   480
  2.805379e-01   8.555025e-35   1.490189e-04   0.000000e+00   504
  2.809155e-01   9.815103e-35   6.393839e-05   0.000000e+00   216
  2.813970e-01   9.835356e-35   1.046773e-04   0.000000e+00   504
  2.817720e-01   9.136102e-35   8.419242e-05   0.000000e+00   456
  2.821825e-01   9.452895e-35   4.828579e-05   0.000000e+00   384
  2.824544e-01   8.177389e-35   9.800271e-05   0.000000e+00   480
  2.828408e-01   8.534562e-35   8.605736e-05   0.000000e+00   504
  2.831988e-01   8.906309e-35   5.458940e-05   0.000000e+00   312
  2.835845e-01   9.840354e-35   8.796897e-05   0.000000e+00   492
  2.839260e-01   1.003256e-34   8.245044e-05   0.000000e+00   312
  2.843655e-01   8.851751e-35   1.339342e-04   0.000000e+00   576
  2.847524e-01   1.000642e-34   1.236321e-04   0.000000e+00   336
  2.850738e-01   1.079299e-34   9.519099e-05   0.000000e+00   240
  2.855192e-01   9.686249e-35   1.261991e-04   0.000000e+00   468
  2.859039e-01   9.184503e-35   7.901891e-05   0.000000e+00   192
  2.863065e-01   8.761661e-35   7.925442e-05   0.000000e+00   324
  2.866016e-01   9.276815e-35   5.752155e-05   0.000000e+00   600
  2.870037e-01   9.323180e-35   9.332283e-05   0.000000e+00   456
  2.873023e-01   1.231874e-34   4.197661e-05   0.000000e+00   336
  2.877972e-01   9.658162e-35   1.256898e-04   0.000000e+00   612
  2.881573e-01   8.625034e-35   1.054844e-04   0.000000e+00   144
  2.884978e-01   1.077087e-34   1.231274e-04   0.000000e+00   552
  2.889609e-01   9.314524e-35   4.848907e-05   0.000000e+00   264
  2.892225e-01   1.042674e-34   1.122646e-04   0.000000e+00   336
  2.896353e-01   9.588138e-35   7.418058e-05   0.000000e+00   384
  2.899932e-01   9.291210e-35   4.175634e-05   0.000000e+00   216
  2.903894e-01   9.283594e-35   8.853205e-05   0.000000e+00   344
  2.907507e-01   9.122552e-35   1.320940e-04   0.000000e+00   408
  2.911910e-01   1.080269e-34   1.015056e-04   0.000000e+00   264
  2.915811e-01   1.098075e-34   1.415038e-04   0.000000e+00   612
  2.919709e-01   1.020259e-34   7.282870e-05   0.000000e+00   408
  2.923718e-01   1.079515e-34   7.293338e-05   0.000000e+00   444
  2.926663e-01   1.147032e-34   4.079109e-05   0.000000e+00   120
  2.930609e-01   9.655117e-35   1.126983e-04   0.000000e+00   336
  2.933538e-01   1.182580e-34   3.916222e-05   0.000000e+00   288
  2.937496e-01   9.865950e-35   1.218735e-04   0.000000e+00   552
  2.942938e-01   9.710116e-35   6.525678e-09   0.000000e+00   72
  2.945736e-01   1.067946e-34   1.210514e-04   0.000000e+00   504
  2.949004e-01   9.486294e-35   3.895317e-05   0.000000e+00   216
  2.953239e-01   1.015075e-34   6.954821e-05   0.000000e+00   312
  2.957040e-01   8.830779e-35   7.919158e-05   0.000000e+00   336
  2.960663e-01   1.104947e-34   1.097684e-04   0.000000e+00   204
  2.964271e-01   1.153568e-34   1.275676e-04   0.000000e+00   504
  2.968098e-01   1.155937e-34   1.214810e-04   0.000000e+00   396
  2.971778e-01   1.082327e-34   1.114044e-04   0.000000e+00   312
  2.976240e-01   1.475267e-34   6.808000e-05   0.000000e+00   216
  2.979383e-01   1.135079e-34   3.694832e-05   0.000000e+00   168
  2.983203e-01   9.612642e-35   9.329657e-05   0.000000e+00   588
  2.987563e-01   8.809531e-35   1.266392e-04   0.000000e+00   240
  2.990950e-01   9.560328e-35   1.118436e-04   0.000000e+00   264
  2.994922e-01   1.210682e-34   1.383176e-04   0.000000e+00   288
  2.998446e-01   9.328740e-35   6.907007e-05   0.000000e+00   288
  3.002913e-01   1.240523e-34   6.486779e-05   0.000000e+00   288
  3.005921e-01   1.132800e-34   7.514392e-05   0.000000e+00   192
  3.009705e-01   1.109891e-34   7.996067e-05   0.000000e+00   264
  3.013310e-01   1.175188e-34   1.315242e-04   0.000000e+00   372
  3.017189e-01   1.270497e-34   1.420518e-04   0.000000e+00   360
  3.021924e-01   1.150007e-34   6.011768e-05   0.000000e+00   144
  3.024371e-01   1.163222e-34   8.350082e-05   0.000000e+00   296
  3.028234e-01   1.189229e-34   8.996782e-05   0.000000e+00   288
  3.032657e-01   1.020841e-34   1.344546e-04   0.000000e+00   480
  3.036471e-01   1.107543e-34   1.117190e-04   0.000000e+00   192
  3.040181e-01   1.140917e-34   1.198338e-04   0.000000e+00   192
  3.043553e-01   1.283367e-34   7.637151e-05   0.000000e+00   288
  3.048242e-01   1.027922e-34   6.648036e-05   0.000000e+00   108
  3.050604e-01   1.319248e-34   6.391272e-05   0.000000e+00   240
  3.054775e-01   1.012527e-34   1.192307e-04   0.000000e+00   384
  3.059059e-01   1.112963e-34   1.454479e-04   0.000000e+00   108
  3.062848e-01   1.215387e-34   8.527881e-05   0.000000e+00   348
  3.066832e-01   1.257627e-34   8.900031e-05   0.000000e+00   312
  3.070391e-01   1.198453e-34   8.648246e-05   0.000000e+00   96
  3.073663e-01   1.064331e-34   1.151358e-04   0.000000e+00   384
  3.077328e-01   1.263291e-34   7.919012e-05   0.000000e+00   144
  3.080912e-01   1.123791e-34   1.216791e-04   0.000000e+00   408
  3.085368e-01   1.004779e-34   5.427748e-05   0.000000e+00   144
  3.089578e-01   1.282307e-34   1.043490e-04   0.000000e+00   192
  3.092074e-01   1.045016e-34   1.174468e-04   0.000000e+00   144
  3.096144e-01   1.113192e-34   9.548855e-05   0.000000e+00   144
  3.099983e-01   1.264620e-34   1.167025e-04   0.000000e+00   336
  3.104685e-01   1.020523e-34   8.634502e-05   0.000000e+00   240
  3.107666e-01   1.048584e-34   3.920851e-05   0.000000e+00   96
  3.111825e-01   1.136971e-34   1.149797e-04   0.000000e+00   372
  3.116031e-01   1.308077e-34   1.367659e-04   0.000000e+00   132
  3.119726e-01   1.279887e-34   8.462908e-05   0.000000e+00   264
  3.123032e-01   1.296890e-34   6.499128e-05   0.000000e+00   168
  3.126560e-01   1.187186e-34   1.039086e-04   0.000000e+00   216
  3.129676e-01   1.233122e-34   6.357256e-05   0.000000e+00   216
  3.134215e-01   1.106919e-34   1.166292e-04   0.000000e+00   96
  3.138333e-01   1.164924e-34   7.608990e-05   0.000000e+00   120
  3.142110e-01   1.436280e-34   9.673168e-05   0.000000e+00   216
  3.145221e-01   1.411966e-34   4.227207e-05   0.000000e+00   200
  3.149340e-01   1.365468e-34   1.094242e-04   0.000000e+00   288
  3.154623e-01   1.264078e-34   2.879164e-05   0.000000e+00   144
  3.156848e-01   1.458711e-34   8.959781e-05   0.000000e+00   168
  3.161391e-01   1.288829e-34   1.008340e-04   0.000000e+00   159
  3.164937e-01   1.297385e-34   1.057991e-04   0.000000e+00   174
  3.168369e-01   1.386941e-34   9.593494e-05   0.000000e+00   144
  3.172863e-01   1.112809e-34   5.539549e-05   0.000000e+00   222
  3.175869e-01   1.258346e-34   5.589895e-05   0.000000e+00   168
  3.181060e-01   1.118605e-34   1.226079e-04   0.000000e+00   30
  3.183205e-01   1.316599e-34   1.082537e-04   0.000000e+00   72
  3.187244e-01   1.248233e-34   9.661517e-05   0.000000e+00   258
  3.191684e-01   1.310561e-34   6.051257e-05   0.000000e+00   264
  3.193905e-01   1.216215e-34   0.000000e+00   0.000000e+00   72
  3.198532e-01   1.414722e-34   1.199385e-04   0.000000e+00   174
  3.202721e-01   1.135221e-34   1.277123e-04   0.000000e+00   168
  3.206090e-01   1.178153e-34   3.996146e-09   0.000000e+00   48
  3.209705e-01   1.375038e-34   7.212215e-05   0.000000e+00   150
  3.213898e-01   1.399769e-34   1.326739e-04   0.000000e+00   168
  3.218102e-01   1.362982e-34   8.081877e-05   0.000000e+00   144
  3.221967e-01   1.221567e-34   7.550312e-05   0.000000e+00   102
  3.224847e-01   1.306798e-34   1.117576e-04   0.000000e+00   96
  3.229415e-01   1.646850e-34   1.109119e-04   0.000000e+00   120
  3.232799e-01   1.498332e-34   1.189559e-04   0.000000e+00   168
  3.236458e-01   1.601532e-34   8.783953e-05   0.000000e+00   126
  3.239576e-01   1.243980e-34   6.624856e-05   0.000000e+00   168
  3.243872e-01   1.402714e-34   1.062297e-04   0.000000e+00   72
  3.247626e-01   1.425298e-34   1.330232e-04   0.000000e+00   168
  3.250914e-01   1.247230e-34   3.646820e-05   0.000000e+00   78
  3.255420e-01   1.423557e-34   5.987806e-05   0.000000e+00   60
  3.259049e-01   1.333577e-34   9.713191e-05   0.000000e+00   96
  3.262812e-01   1.322693e-34   1.178615e-04   0.000000e+00   168
  3.266349e-01   1.885153e-34   7.457817e-05   0.000000e+00   86
  3.270060e-01   1.340910e-34   6.665520e-05   0.000000e+00   120
  3.275378e-01   1.959285e-34   4.753401e-05   0.000000e+00   168
  3.278247e-01   1.342542e-34   0.000000e+00   0.000000e+00   48
  3.282110e-01   1.398797e-34   8.660181e-05   0.000000e+00   120
  3.284330e-01   1.445933e-34   6.317951e-05   0.000000e+00   126
  3.289749e-01   1.687492e-34   1.111151e-04   0.000000e+00   96
  3.293266e-01   1.387172e-34   3.204012e-05   0.000000e+00   96
  3.296039e-01   1.597699e-34   0.000000e+00   0.000000e+00   72
  3.301949e-01   1.476644e-34   3.996146e-09   0.000000e+00   24
  3.305637e-01   1.401559e-34   6.593782e-05   0.000000e+00   120
  3.308514e-01   1.135212e-34   9.618300e-05   0.000000e+00   126
  3.311713e-01   1.575007e-34   8.018157e-05   0.000000e+00   96
  3.315452e-01   1.697312e-34   1.385771e-04   0.000000e+00   72
  3.319614e-01   1.578204e-34   5.993927e-05   0.000000e+00   144
  3.323038e-01   1.622222e-34   3.457157e-05   0.000000e+00   72
  3.326459e-01   2.039181e-34   6.905176e-05   0.000000e+00   54
  3.329469e-01   1.578079e-34   6.085106e-05   0.000000e+00   108
  3.335726e-01   1.815317e-34   5.964977e-05   0.000000e+00   72
  3.337673e-01   1.710509e-34   3.441997e-05   0.000000e+00   72
  3.342294e-01   9.440856e-35   6.921527e-09   0.000000e+00   24
  3.346666e-01   1.621478e-34   7.281693e-05   0.000000e+00   48
  3.349321e-01   1.857324e-34   5.546771e-05   0.000000e+00   102
  3.353317e-01   1.755938e-34   1.254449e-04   0.000000e+00   168
  3.358538e-01   2.676105e-34   6.841470e-05   0.000000e+00   72
  3.360473e-01   1.695214e-34   0.000000e+00   0.000000e+00   48
  3.364531e-01   1.785166e-34   1.176775e-04   0.000000e+00   120
  3.369887e-01   2.632413e-34   7.231517e-05   0.000000e+00   96
  3.374945e-01   1.394182e-34   7.830814e-09   0.000000e+00   30
  3.380957e-01   1.877142e-34   3.397687e-05   0.000000e+00   72
  3.383599e-01   2.050838e-34   3.996146e-09   0.000000e+00   24
  3.386992e-01   1.989582e-34   5.036212e-05   0.000000e+00   56
  3.390793e-01   2.251513e-34   7.186930e-05   0.000000e+00   96
  3.395342e-01   2.079104e-34   7.936128e-05   0.000000e+00   144
  3.398849e-01   1.245091e-34   4.505822e-05   0.000000e+00   54
  3.403944e-01   1.829336e-34   6.750198e-05   0.000000e+00   108
  3.409071e-01   1.232380e-34   3.574199e-05   0.000000e+00   48
  3.413952e-01   1.787973e-34   1.345800e-04   0.000000e+00   72
  3.425664e-01   2.137790e-34   8.891744e-05   0.000000e+00   78
  3.428909e-01   2.747655e-34   6.701044e-05   0.000000e+00   72
  3.432698e-01   2.387365e-34   6.692725e-05   0.000000e+00   72
  3.436659e-01   1.873017e-34   1.615028e-04   0.000000e+00   96
  3.439790e-01   2.440043e-34   6.678928e-05   0.000000e+00   72
  3.443566e-01   1.405989e-34   0.000000e+00   0.000000e+00   24
  3.447338e-01   1.824892e-34   1.332770e-04   0.000000e+00   72
  3.455858e-01   1.513534e-34   8.463498e-05   0.000000e+00   30
  3.457691e-01   2.646027e-34   0.000000e+00   0.000000e+00   24
  3.467544e-01   2.252455e-34   7.027855e-05   0.000000e+00   48
  3.470634e-01   2.213820e-34   1.512394e-04   0.000000e+00   120
  3.474798e-01   1.951350e-34   6.612537e-05   0.000000e+00   72
  3.479003e-01   1.374437e-34   6.604543e-05   0.000000e+00   36
  3.481894e-01   2.234927e-34   1.305365e-04   0.000000e+00   78
  3.489960e-01   1.670289e-34   6.982714e-05   0.000000e+00   48
  3.500419e-01   3.249569e-34   5.651403e-09   0.000000e+00   24
  3.507870e-01   2.364242e-34   4.862619e-05   0.000000e+00   56
  3.511622e-01   2.135727e-34   7.482652e-05   0.000000e+00   102
  3.516395e-01   1.955434e-34   5.328194e-09   0.000000e+00   72
  3.519166e-01   2.615951e-34   0.000000e+00   0.000000e+00   24
  3.524009e-01   1.916593e-34   6.915246e-05   0.000000e+00   48
  3.532988e-01   1.445388e-34   0.000000e+00   0.000000e+00   24
  3.544007e-01   9.305875e-35   0.000000e+00   0.000000e+00   6
  3.547443e-01   1.404469e-34   0.000000e+00   0.000000e+00   24
  3.549732e-01   2.727956e-34   6.472929e-05   0.000000e+00   72
  3.553914e-01   2.439389e-34   1.207586e-04   0.000000e+00   84
  3.558418e-01   3.062300e-34   0.000000e+00   0.000000e+00   24
  3.559787e-01   2.459531e-34   5.651403e-09   0.000000e+00   24
  3.566626e-01   1.825494e-34   3.996146e-09   0.000000e+00   24
  3.576179e-01   2.119208e-34   0.000000e+00   0.000000e+00   6
  3.588424e-01   4.061537e-34   6.791113e-05   0.000000e+00   48
  3.591365e-01   2.558240e-34   1.279335e-04   0.000000e+00   72
  3.595209e-01   2.573062e-34   6.778297e-05   0.000000e+00   48
  3.601304e-01   1.617773e-34   0.000000e+00   0.000000e+00   24
  3.609415e-01   1.613426e-34   3.996146e-09   0.000000e+00   6
  3.627599e-01   5.703372e-35   0.000000e+00   0.000000e+00   8
  3.628942e-01   2.410531e-34   3.996146e-09   0.000000e+00   48
  3.632164e-01   2.066289e-34   6.573533e-05   0.000000e+00   60
  3.636991e-01   3.323875e-34   0.000000e+00   0.000000e+00   24
  3.643686e-01   2.231501e-34   0.000000e+00   0.000000e+00   6
  3.668348e-01   2.537941e-34   0.000000e+00   0.000000e+00   24
  3.670341e-01   4.043751e-34   6.639546e-05   0.000000e+00   48
  3.673659e-01   2.637731e-34   0.000000e+00   0.000000e+00   24
  3.678962e-01   2.445254e-35   3.996146e-09   0.000000e+00   6
  3.709088e-01   3.101052e-34   6.194064e-05   0.000000e+00   36
  3.711278e-01   3.049015e-34   0.000000e+00   0.000000e+00   24
  3.715215e-01   1.862611e-34   0.000000e+00   0.000000e+00   6
  3.749494e-01   1.998793e-34   5.629118e-05   0.000000e+00   32
  3.752417e-01   1.454971e-34   3.996146e-09   0.000000e+00   6
  3.789254e-01   2.477838e-34   0.000000e+00   0.000000e+00   12
  3.790540e-01   1.588899e-34   0.000000e+00   0.000000e+00   6
  3.829556e-01   4.188700e-34   5.651403e-09   0.000000e+00   6
