# power spectrum of chi
# redshift z=0.000000
# k              Pk             sigma(k)       sigma(Pk)      count
  6.981317e-03   4.076257e-20   0.000000e+00   4.343622e-21   6
  9.873073e-03   2.973991e-19   0.000000e+00   5.335377e-20   12
  1.209200e-02   1.767512e-19   1.324548e-10   6.379030e-20   8
  1.396263e-02   1.064446e-20   0.000000e+00   2.657603e-21   6
  1.561070e-02   1.194623e-19   0.000000e+00   1.752945e-20   24
  1.710066e-02   1.117241e-19   2.497591e-10   1.582733e-20   24
  1.974615e-02   1.809504e-19   0.000000e+00   5.535929e-20   12
  2.094395e-02   1.449369e-19   2.825702e-10   1.721955e-20   30
  2.207686e-02   9.713417e-20   0.000000e+00   1.177985e-20   24
  2.315441e-02   1.035162e-19   4.325955e-10   1.890472e-20   24
  2.418399e-02   6.710406e-20   2.649095e-10   1.918297e-20   8
  2.517150e-02   7.207575e-20   3.532127e-10   1.238013e-20   24
  2.612170e-02   8.554104e-20   0.000000e+00   1.182643e-20   48
  2.792527e-02   3.076373e-20   0.000000e+00   6.745888e-21   6
  2.878471e-02   5.522187e-20   4.995182e-10   6.840602e-21   48
  2.961922e-02   6.126705e-20   0.000000e+00   9.692022e-21   36
  3.043086e-02   5.460283e-20   3.532127e-10   7.840617e-21   24
  3.122140e-02   7.007138e-20   0.000000e+00   1.129432e-20   24
  3.199241e-02   5.605610e-20   0.000000e+00   5.999717e-21   48
  3.274528e-02   7.931653e-20   4.995182e-10   7.924209e-21   24
  3.420133e-02   3.595066e-20   4.995182e-10   4.039958e-21   24
  3.490659e-02   3.852462e-20   0.000000e+00   4.902784e-21   30
  3.559787e-02   5.251514e-20   0.000000e+00   5.156113e-21   72
  3.627599e-02   3.359014e-20   5.298191e-10   4.335233e-21   32
  3.759554e-02   3.891145e-20   0.000000e+00   3.435118e-21   72
  3.823825e-02   2.809124e-20   0.000000e+00   3.814830e-21   48
  3.949229e-02   4.479129e-20   0.000000e+00   1.296529e-20   12
  4.010461e-02   3.435083e-20   0.000000e+00   4.354023e-21   48
  4.070772e-02   3.659789e-20   0.000000e+00   3.952589e-21   48
  4.130203e-02   3.979976e-20   4.995182e-10   5.406784e-21   48
  4.188790e-02   4.574711e-20   5.651403e-10   7.800834e-21   30
  4.246569e-02   3.183081e-20   4.995182e-10   3.752416e-21   24
  4.303573e-02   3.273176e-20   1.053077e-09   3.035022e-21   72
  4.415373e-02   3.521186e-20   0.000000e+00   8.714395e-21   24
  4.470224e-02   2.287791e-20   0.000000e+00   2.304979e-21   96
  4.524411e-02   2.495265e-20   0.000000e+00   3.661451e-21   48
  4.577956e-02   1.712769e-20   8.651909e-10   1.933492e-21   24
  4.630882e-02   3.938088e-20   8.651909e-10   5.515755e-21   24
  4.683210e-02   2.548870e-20   0.000000e+00   1.997493e-21   72
  4.734960e-02   1.579682e-20   0.000000e+00   1.813460e-21   48
  4.836798e-02   2.361878e-20   5.298191e-10   3.249343e-21   8
  4.886922e-02   2.329337e-20   6.279337e-10   2.100674e-21   54
  4.936537e-02   2.509089e-20   0.000000e+00   1.851688e-21   84
  4.985658e-02   1.510937e-20   0.000000e+00   1.474220e-21   48
  5.034299e-02   1.836962e-20   7.064254e-10   2.203782e-21   24
  5.082475e-02   2.214635e-20   6.660243e-10   2.431483e-21   72
  5.130199e-02   1.339955e-20   0.000000e+00   1.181192e-21   96
  5.224339e-02   1.888327e-20   0.000000e+00   2.175704e-21   48
  5.270779e-02   1.167407e-20   0.000000e+00   1.440771e-21   48
  5.316813e-02   1.712073e-20   7.064254e-10   2.625014e-21   24
  5.362451e-02   1.624028e-20   0.000000e+00   1.391191e-21   72
  5.452583e-02   1.494310e-20   6.660243e-10   1.945916e-21   72
  5.497095e-02   1.157495e-20   0.000000e+00   1.091483e-21   96
  5.585054e-02   1.447027e-20   0.000000e+00   2.794254e-21   6
  5.628518e-02   1.301813e-20   0.000000e+00   1.356733e-21   96
  5.671649e-02   1.188599e-20   7.064254e-10   1.178080e-21   96
  5.714454e-02   1.617593e-20   0.000000e+00   3.804024e-21   24
  5.756941e-02   1.288888e-20   9.990364e-10   1.184882e-21   48
  5.799117e-02   9.939577e-21   0.000000e+00   8.400945e-22   96
  5.840989e-02   1.438805e-20   0.000000e+00   1.949413e-21   48
  5.923844e-02   7.874467e-21   0.000000e+00   1.355981e-21   36
  5.964840e-02   8.105169e-21   1.223565e-09   9.717387e-22   48
  6.005556e-02   8.279629e-21   1.384305e-09   5.143561e-22   120
  6.045998e-02   9.955909e-21   0.000000e+00   1.594584e-21   56
  6.086171e-02   9.331654e-21   7.064254e-10   2.063558e-21   24
  6.126081e-02   1.119001e-20   0.000000e+00   8.411808e-22   96
  6.165732e-02   9.601475e-21   0.000000e+00   1.256193e-21   48
  6.244280e-02   4.916972e-21   0.000000e+00   7.588698e-22   24
  6.283185e-02   8.391316e-21   0.000000e+00   7.134271e-22   102
  6.321851e-02   1.078705e-20   0.000000e+00   1.087168e-21   48
  6.360282e-02   9.403915e-21   0.000000e+00   1.015128e-21   72
  6.398483e-02   7.130354e-21   0.000000e+00   1.148808e-21   48
  6.436456e-02   1.215404e-20   0.000000e+00   1.131539e-21   48
  6.474207e-02   9.410081e-21   1.598458e-09   6.522513e-22   120
  6.549056e-02   1.144078e-20   9.990364e-10   1.759714e-21   24
  6.586161e-02   6.475540e-21   9.419006e-10   4.557112e-22   144
  6.623059e-02   5.099273e-21   1.130281e-09   3.722937e-22   120
  6.659752e-02   5.960916e-21   9.990364e-10   5.961377e-22   48
  6.732538e-02   5.984187e-21   9.990364e-10   4.977441e-22   48
  6.768638e-02   7.844594e-21   9.990364e-10   5.489610e-22   96
  6.863955e-02   8.446697e-21   1.675093e-04   7.534726e-22   72
  6.911151e-02   6.287976e-21   1.255867e-09   4.852099e-22   108
  6.946323e-02   5.090044e-21   0.000000e+00   4.077209e-22   72
  6.981317e-02   6.469450e-21   0.000000e+00   9.323736e-22   30
  7.016137e-02   4.961604e-21   0.000000e+00   3.565571e-22   168
  7.050785e-02   7.733030e-21   0.000000e+00   8.510385e-22   48
  7.119574e-02   5.764033e-21   0.000000e+00   4.954878e-22   72
  7.153721e-02   5.332433e-21   0.000000e+00   4.256997e-22   96
  7.187706e-02   5.225025e-21   1.883801e-09   5.051836e-22   72
  7.221530e-02   5.666790e-21   0.000000e+00   5.604799e-22   72
  7.278398e-02   5.676843e-21   1.546684e-04   4.551042e-22   104
  7.322067e-02   4.457320e-21   1.332049e-09   3.124390e-22   144
  7.421242e-02   4.814702e-21   2.233913e-09   4.052863e-22   96
  7.454007e-02   3.370474e-21   0.000000e+00   2.679344e-22   96
  7.506116e-02   4.926010e-21   1.591194e-04   3.356932e-22   120
  7.551449e-02   3.592255e-21   0.000000e+00   2.280822e-22   120
  7.583651e-02   3.639590e-21   0.000000e+00   3.429926e-22   72
  7.647650e-02   3.603943e-21   0.000000e+00   4.148916e-22   48
  7.679449e-02   4.290467e-21   1.505926e-09   3.769014e-22   78
  7.720128e-02   3.707448e-21   1.424762e-04   2.496767e-22   168
  7.805350e-02   3.811162e-21   1.332049e-09   2.632102e-22   144
  7.836509e-02   4.090653e-21   1.332049e-09   4.687604e-22   144
  7.926883e-02   3.833187e-21   8.205478e-05   2.549759e-22   156
  7.959926e-02   2.960097e-21   1.730382e-09   3.553796e-22   48
  7.990483e-02   3.049063e-21   1.130281e-09   2.463094e-22   120
  8.020923e-02   2.922531e-21   0.000000e+00   8.087073e-22   48
  8.074745e-02   3.375230e-21   1.255998e-04   1.735818e-22   216
  8.141545e-02   2.587756e-21   0.000000e+00   3.080110e-22   48
  8.171422e-02   3.662291e-21   9.990364e-10   2.649588e-22   96
  8.213902e-02   3.118966e-21   1.467830e-04   1.872515e-22   168
  8.260406e-02   3.290397e-21   9.990364e-10   3.202754e-22   48
  8.289855e-02   2.396935e-21   0.000000e+00   1.773878e-22   96
  8.319199e-02   2.973591e-21   0.000000e+00   4.390081e-22   48
  8.377580e-02   2.672428e-21   1.130281e-09   2.784370e-22   30
  8.406619e-02   2.758309e-21   9.990364e-10   2.320016e-22   96
  8.441325e-02   2.589317e-21   1.153584e-04   1.297010e-22   240
  8.485953e-02   2.752694e-21   1.244551e-04   3.085875e-22   32
  8.521783e-02   2.237144e-21   0.000000e+00   1.993763e-22   168
  8.550332e-02   3.180890e-21   0.000000e+00   2.424482e-22   120
  8.607146e-02   1.906691e-21   2.106154e-09   1.361561e-22   72
  8.635412e-02   2.414324e-21   1.332049e-09   2.053330e-22   144
  8.663587e-02   1.806829e-21   0.000000e+00   1.615019e-22   96
  8.691670e-02   2.080198e-21   0.000000e+00   1.928771e-22   96
  8.747565e-02   2.081313e-21   1.631420e-09   1.812672e-22   72
  8.775379e-02   1.738606e-21   1.412851e-09   1.311025e-22   96
  8.830745e-02   3.075186e-21   0.000000e+00   3.602420e-22   24
  8.858298e-02   2.087839e-21   0.000000e+00   1.349493e-22   192
  8.890745e-02   2.015649e-21   1.056148e-04   1.346209e-22   132
  8.940448e-02   2.358783e-21   0.000000e+00   3.337176e-22   96
  8.967664e-02   2.285090e-21   0.000000e+00   1.878215e-22   96
  8.994798e-02   2.380243e-21   1.130281e-09   1.709946e-22   120
  9.048821e-02   2.081491e-21   0.000000e+00   2.690253e-22   48
  9.093103e-02   1.947780e-21   1.279966e-04   9.461234e-23   222
  9.129257e-02   2.049947e-21   0.000000e+00   1.505702e-22   120
  9.155911e-02   1.391141e-21   1.730382e-09   1.883567e-22   24
  9.194720e-02   1.764580e-21   1.321111e-04   8.444689e-23   312
  9.279280e-02   1.416685e-21   1.238595e-04   9.540863e-23   72
  9.314239e-02   1.648967e-21   9.990364e-10   1.263570e-22   96
  9.350136e-02   1.680995e-21   1.261337e-04   9.903002e-23   192
  9.392401e-02   1.887674e-21   1.598458e-09   1.247311e-22   120
  9.418312e-02   1.554307e-21   0.000000e+00   1.034010e-22   144
  9.469919e-02   2.236883e-21   0.000000e+00   2.460909e-22   48
  9.506602e-02   1.677759e-21   1.268319e-04   8.405497e-23   336
  9.546807e-02   2.193841e-21   0.000000e+00   2.384809e-22   48
  9.597724e-02   1.543857e-21   0.000000e+00   9.416990e-23   192
  9.623081e-02   1.108934e-21   0.000000e+00   1.308733e-22   48
  9.695161e-02   1.735958e-21   8.803796e-05   1.967548e-22   56
  9.731001e-02   1.380522e-21   1.130706e-04   7.091981e-23   336
  9.773844e-02   1.682923e-21   1.255867e-09   2.288853e-22   54
  9.811165e-02   1.255429e-21   1.241922e-04   7.519010e-23   240
  9.888643e-02   1.462239e-21   1.189150e-04   8.701559e-23   228
  9.922316e-02   1.392328e-21   1.332049e-09   1.470662e-22   72
  9.955002e-02   1.555181e-21   1.153504e-04   9.716372e-23   144
  9.995725e-02   1.410016e-21   0.000000e+00   1.262326e-22   96
  1.002007e-01   1.367622e-21   1.598458e-09   7.317865e-23   240
  1.006860e-01   1.615808e-21   1.412851e-09   2.132451e-22   24
  1.009966e-01   1.419991e-21   1.089476e-04   6.395633e-23   336
  1.014095e-01   1.573945e-21   0.000000e+00   1.785353e-22   72
  1.017863e-01   1.328885e-21   1.185007e-04   9.016446e-23   168
  1.021279e-01   1.581749e-21   0.000000e+00   1.606566e-22   72
  1.026040e-01   1.305672e-21   0.000000e+00   1.109841e-22   96
  1.029727e-01   9.495517e-22   1.176117e-04   5.483661e-23   216
  1.033141e-01   9.690673e-22   1.412851e-09   7.593239e-23   96
  1.037847e-01   1.181617e-21   0.000000e+00   6.589292e-23   192
  1.040193e-01   8.994690e-22   1.332049e-09   6.186915e-23   144
  1.044868e-01   1.590131e-21   0.000000e+00   1.735752e-22   48
  1.048105e-01   9.735032e-22   1.133915e-04   5.855590e-23   246
  1.052503e-01   1.055378e-21   1.045488e-04   7.657212e-23   168
  1.056465e-01   1.192309e-21   1.957704e-09   9.081529e-23   120
  1.058769e-01   9.336737e-22   0.000000e+00   4.282763e-23   240
  1.063363e-01   1.274190e-21   1.412851e-09   2.451617e-22   24
  1.067022e-01   8.691348e-22   1.119102e-04   3.987264e-23   360
  1.071580e-01   9.978667e-22   1.114340e-04   7.996036e-23   120
  1.074760e-01   8.733491e-22   0.000000e+00   7.136157e-23   144
  1.077025e-01   9.921893e-22   0.000000e+00   7.212658e-23   96
  1.083792e-01   9.213497e-22   0.000000e+00   5.044180e-23   144
  1.086038e-01   8.361672e-22   0.000000e+00   6.795217e-23   132
  1.089195e-01   7.483783e-22   1.099837e-04   4.834360e-23   176
  1.093777e-01   8.528531e-22   1.110614e-04   4.728602e-23   312
  1.099419e-01   9.630914e-22   0.000000e+00   8.349475e-23   96
  1.101633e-01   7.775151e-22   0.000000e+00   4.112969e-23   144
  1.105031e-01   7.247265e-22   1.099474e-04   2.874128e-23   312
  1.110446e-01   8.705163e-22   0.000000e+00   7.713176e-23   48
  1.112639e-01   8.132866e-22   1.412851e-09   4.984142e-23   192
  1.117011e-01   9.570139e-22   0.000000e+00   1.421803e-22   6
  1.119915e-01   6.482205e-22   1.025446e-04   2.454669e-23   288
  1.124620e-01   7.185622e-22   1.083450e-04   4.127827e-23   192
  1.127866e-01   6.613453e-22   3.322713e-09   3.952363e-23   216
  1.130025e-01   7.283579e-22   0.000000e+00   7.322051e-23   72
  1.135403e-01   7.802949e-22   1.073161e-04   4.928124e-23   192
  1.138975e-01   6.918280e-22   7.968796e-05   3.868385e-23   288
  1.142891e-01   9.743054e-22   0.000000e+00   1.623929e-22   24
  1.145916e-01   6.950597e-22   1.049823e-04   2.978002e-23   456
  1.151388e-01   8.338134e-22   1.998073e-09   1.041426e-22   48
  1.154769e-01   7.179652e-22   1.034033e-04   4.079690e-23   240
  1.158655e-01   6.308860e-22   1.045007e-04   4.179833e-23   216
  1.161923e-01   4.910719e-22   0.000000e+00   4.137632e-23   72
  1.164018e-01   7.246400e-22   3.610549e-09   5.045192e-23   168
  1.169935e-01   6.597384e-22   7.767385e-05   3.590290e-23   288
  1.173253e-01   5.766362e-22   1.027758e-04   3.871058e-23   168
  1.178582e-01   4.890280e-22   0.000000e+00   2.981391e-23   192
  1.180648e-01   5.471797e-22   1.332049e-09   4.111666e-23   144
  1.184769e-01   8.297187e-22   0.000000e+00   9.429688e-23   36
  1.188264e-01   5.697114e-22   9.385617e-05   2.747920e-23   342
  1.191605e-01   5.241065e-22   9.637890e-05   3.649521e-23   144
  1.195900e-01   5.881959e-22   1.010773e-04   2.832266e-23   384
  1.201111e-01   5.079906e-22   2.768611e-09   4.220568e-23   120
  1.203690e-01   5.732843e-22   9.013158e-05   3.099611e-23   264
  1.207183e-01   4.875392e-22   4.467827e-09   2.588488e-23   192
  1.210471e-01   5.937608e-22   9.713401e-05   3.950034e-23   152
  1.213224e-01   5.641384e-22   2.664097e-09   4.116943e-23   144
  1.219012e-01   5.072365e-22   6.286607e-05   3.076056e-23   216
  1.221692e-01   4.747046e-22   8.400585e-05   2.330346e-23   312
  1.226409e-01   6.071416e-22   9.736112e-05   3.286046e-23   240
  1.229188e-01   3.737224e-22   1.412851e-09   3.739504e-23   96
  1.234463e-01   3.722227e-22   9.308426e-05   2.671039e-23   144
  1.237714e-01   5.172082e-22   9.149363e-05   2.195123e-23   456
  1.242988e-01   4.491896e-22   0.000000e+00   3.367296e-23   120
  1.244947e-01   4.509139e-22   0.000000e+00   3.191932e-23   144
  1.248856e-01   5.956772e-22   0.000000e+00   1.055982e-22   24
  1.251362e-01   4.212080e-22   8.794658e-05   2.078514e-23   336
  1.255696e-01   3.430193e-22   9.699311e-05   2.508387e-23   198
  1.259757e-01   3.988699e-22   9.432023e-05   1.603346e-23   432
  1.264370e-01   4.074252e-22   0.000000e+00   6.272447e-23   48
  1.266777e-01   4.505136e-22   8.326844e-05   1.956855e-23   384
  1.271098e-01   3.402202e-22   9.585962e-05   2.576273e-23   144
  1.275013e-01   3.916211e-22   9.517601e-05   2.479365e-23   264
  1.279697e-01   3.491028e-22   0.000000e+00   3.794162e-23   48
  1.282839e-01   3.932048e-22   9.049683e-05   2.045782e-23   276
  1.285870e-01   3.939186e-22   8.203293e-05   2.357094e-23   192
  1.289922e-01   3.669628e-22   9.218697e-05   1.373828e-23   552
  1.294841e-01   4.300136e-22   3.196917e-09   3.440746e-23   120
  1.297765e-01   3.723196e-22   9.331596e-05   2.337432e-23   216
  1.300475e-01   3.635960e-22   1.598458e-09   2.872536e-23   120
  1.305316e-01   3.726805e-22   9.189333e-05   1.867044e-23   408
  1.309811e-01   2.513225e-22   1.998073e-09   4.457097e-23   24
  1.312599e-01   3.498867e-22   9.282881e-05   1.496716e-23   384
  1.316492e-01   3.248876e-22   9.069708e-05   1.701902e-23   240
  1.319872e-01   3.485402e-22   9.136125e-05   3.334076e-23   168
  1.324612e-01   2.866951e-22   2.260561e-09   2.139345e-23   120
  1.327667e-01   2.862879e-22   9.523931e-05   1.458476e-23   350
  1.332635e-01   3.573243e-22   1.567823e-04   1.741871e-23   384
  1.335605e-01   2.853698e-22   0.000000e+00   1.766582e-23   144
  1.341067e-01   4.087592e-22   3.767602e-09   2.304918e-23   288
  1.343919e-01   2.852110e-22   8.974411e-05   1.367081e-23   336
  1.347800e-01   2.749041e-22   8.170456e-05   1.732082e-23   168
  1.350122e-01   2.847657e-22   1.614687e-09   1.337915e-23   336
  1.354927e-01   3.130392e-22   8.480446e-05   1.947985e-23   288
  1.357812e-01   3.068772e-22   7.990748e-05   1.659739e-23   264
  1.362699e-01   2.869352e-22   0.000000e+00   1.630305e-23   240
  1.364486e-01   2.495915e-22   2.825702e-09   1.963873e-23   96
  1.370900e-01   2.813993e-22   1.086688e-04   1.341220e-23   360
  1.373893e-01   2.457478e-22   8.010757e-05   1.586878e-23   168
  1.377676e-01   2.595924e-22   8.732558e-05   1.001130e-23   456
  1.382230e-01   2.875803e-22   2.511735e-09   2.390382e-23   108
  1.384792e-01   2.495232e-22   8.761995e-05   1.682320e-23   264
  1.387988e-01   2.823427e-22   7.817127e-05   1.467000e-23   264
  1.392364e-01   2.621639e-22   7.376599e-05   1.412890e-23   312
  1.397814e-01   2.317973e-22   5.481617e-05   1.203460e-23   270
  1.400098e-01   2.655117e-22   6.959603e-05   1.543675e-23   240
  1.404204e-01   2.680571e-22   8.609907e-05   1.187960e-23   384
  1.406696e-01   2.674987e-22   0.000000e+00   1.591232e-23   192
  1.411539e-01   2.564468e-22   6.908303e-05   1.525064e-23   240
  1.414347e-01   2.353302e-22   8.525963e-05   1.150723e-23   336
  1.419630e-01   2.456702e-22   8.583011e-05   1.070970e-23   480
  1.423915e-01   2.502163e-22   0.000000e+00   2.290741e-23   72
  1.426309e-01   2.192581e-22   8.369217e-05   1.164946e-23   240
  1.429564e-01   2.413350e-22   7.865917e-05   1.148836e-23   312
  1.433297e-01   2.364248e-22   8.501169e-05   1.197046e-23   240
  1.438936e-01   1.918647e-22   6.458688e-05   9.006424e-24   408
  1.441169e-01   2.191316e-22   5.914602e-05   1.163831e-23   336
  1.445532e-01   2.406323e-22   7.510087e-05   1.370711e-23   264
  1.447677e-01   1.829414e-22   0.000000e+00   1.649507e-23   144
  1.453643e-01   2.108845e-22   1.040943e-04   9.186787e-24   464
  1.456786e-01   2.064297e-22   8.277629e-05   1.357325e-23   168
  1.459889e-01   1.984968e-22   7.539115e-05   9.381639e-24   336
  1.465498e-01   2.286585e-22   7.921315e-05   1.187919e-23   414
  1.468660e-01   2.538201e-22   8.245619e-05   1.843937e-23   216
  1.472710e-01   3.051232e-22   1.998073e-09   2.709670e-23   96
  1.474364e-01   2.202595e-22   5.994218e-09   1.135684e-23   384
  1.480158e-01   1.953116e-22   8.229688e-05   7.263558e-24   492
  1.483263e-01   2.188400e-22   8.047930e-05   1.376535e-23   240
  1.486772e-01   1.791903e-22   8.171468e-05   8.460559e-24   312
  1.491618e-01   1.716933e-22   8.168777e-05   1.051614e-23   192
  1.494688e-01   1.789634e-22   7.916535e-05   7.692592e-24   504
  1.498761e-01   2.171296e-22   5.240881e-05   9.331723e-24   408
  1.501968e-01   2.109160e-22   1.605609e-04   1.363747e-23   168
  1.505981e-01   2.267132e-22   7.626782e-05   1.212517e-23   288
  1.509348e-01   1.819151e-22   7.959200e-05   9.989250e-24   288
  1.512797e-01   1.663368e-22   8.005014e-05   7.129100e-24   432
  1.517801e-01   1.825375e-22   7.570076e-05   1.198365e-23   216
  1.520474e-01   1.718159e-22   7.554106e-05   7.608255e-24   360
  1.525234e-01   1.619774e-22   7.372735e-05   9.469446e-24   312
  1.529530e-01   1.636994e-22   0.000000e+00   1.693901e-23   48
  1.532006e-01   1.667592e-22   7.904634e-05   7.901967e-24   432
  1.536441e-01   1.675913e-22   1.318501e-04   7.826921e-24   414
  1.539060e-01   1.737640e-22   6.955573e-09   8.536894e-24   312
  1.543946e-01   1.720790e-22   1.156911e-04   7.603183e-24   528
  1.547243e-01   1.484034e-22   6.072803e-05   8.414426e-24   264
  1.551204e-01   1.625347e-22   7.200680e-05   7.362273e-24   480
  1.556380e-01   1.353034e-22   0.000000e+00   7.314256e-24   288
  1.558615e-01   1.396258e-22   7.736908e-05   8.046642e-24   168
  1.562704e-01   1.634264e-22   1.224750e-04   7.155945e-24   504
  1.567302e-01   1.683494e-22   2.664097e-09   1.404151e-23   144
  1.570194e-01   1.515017e-22   7.865832e-05   6.631317e-24   464
  1.574541e-01   1.358324e-22   1.154355e-04   6.664735e-24   432
  1.576603e-01   1.464057e-22   1.998073e-09   9.034554e-24   192
  1.581934e-01   1.354186e-22   8.557628e-05   5.714998e-24   396
  1.585082e-01   1.589480e-22   7.687110e-05   7.911265e-24   288
  1.588263e-01   1.384800e-22   7.593549e-05   7.975798e-24   336
  1.593345e-01   1.252249e-22   4.808388e-05   5.110386e-24   432
  1.596570e-01   1.421130e-22   1.246267e-04   7.582915e-24   360
  1.600192e-01   1.429395e-22   7.371853e-05   5.517514e-24   384
  1.605335e-01   1.474917e-22   6.507077e-05   8.464600e-24   198
  1.607813e-01   1.283892e-22   7.396430e-05   5.099685e-24   552
  1.612434e-01   1.330284e-22   1.035450e-04   6.467696e-24   432
  1.616292e-01   1.144016e-22   0.000000e+00   8.552985e-24   168
  1.619530e-01   1.268363e-22   1.283579e-04   5.771077e-24   480
  1.623813e-01   1.330584e-22   0.000000e+00   1.123441e-23   120
  1.625741e-01   1.326370e-22   1.048372e-04   6.919630e-24   336
  1.630445e-01   1.116271e-22   7.396097e-05   4.159642e-24   672
  1.635097e-01   1.253119e-22   1.075863e-04   5.245440e-24   528
  1.637264e-01   1.184123e-22   3.229373e-09   1.003036e-23   168
  1.642270e-01   1.176227e-22   1.200118e-04   5.680689e-24   456
  1.645324e-01   1.257199e-22   7.329223e-05   7.461404e-24   168
  1.648495e-01   1.329811e-22   7.316065e-05   5.042441e-24   504
  1.653766e-01   1.162130e-22   9.414654e-05   5.759412e-24   336
  1.656953e-01   1.054264e-22   6.786851e-05   4.671438e-24   312
  1.660489e-01   1.145581e-22   6.631214e-05   5.159592e-24   504
  1.665141e-01   1.073844e-22   4.600920e-05   4.494292e-24   432
  1.667329e-01   1.032883e-22   7.109945e-05   4.777760e-24   312
  1.671876e-01   1.082729e-22   7.288039e-05   5.505249e-24   384
  1.676624e-01   1.219132e-22   6.192036e-05   1.026454e-23   126
  1.679555e-01   1.005149e-22   1.087174e-04   3.858337e-24   492
  1.683299e-01   1.102766e-22   6.963360e-05   4.325080e-24   528
  1.687978e-01   9.481305e-23   7.073279e-05   3.823627e-24   480
  1.690879e-01   1.110639e-22   9.771696e-05   4.838326e-24   432
  1.695076e-01   9.748450e-23   7.684145e-05   4.488382e-24   440
  1.699951e-01   9.663410e-23   3.821294e-05   5.629012e-24   312
  1.701781e-01   9.676870e-23   5.726529e-05   3.903552e-24   480
  1.705533e-01   1.003706e-22   1.121243e-04   4.375513e-24   408
  1.711016e-01   1.033132e-22   6.714979e-05   5.328779e-24   360
  1.713332e-01   1.001974e-22   6.479710e-05   4.723014e-24   408
  1.717625e-01   9.575063e-23   6.593925e-05   4.013032e-24   456
  1.722458e-01   1.176522e-22   6.302169e-05   6.286486e-24   264
  1.725141e-01   8.896935e-23   6.839435e-05   4.060768e-24   384
  1.729046e-01   9.003508e-23   1.151467e-04   3.309788e-24   672
  1.733561e-01   1.031689e-22   6.887260e-05   5.993092e-24   240
  1.736166e-01   8.479218e-23   6.988846e-05   4.796685e-24   264
  1.739843e-01   9.365242e-23   8.619588e-05   3.580755e-24   624
  1.745329e-01   7.468188e-23   0.000000e+00   6.090583e-24   150
  1.747283e-01   8.368662e-23   9.658929e-05   2.913057e-24   600
  1.751402e-01   9.151757e-23   6.666345e-05   3.141623e-24   672
  1.756067e-01   8.998494e-23   6.270167e-05   4.688900e-24   336
  1.758666e-01   8.200190e-23   6.820115e-05   3.824649e-24   408
  1.762818e-01   8.345041e-23   6.804049e-05   3.662826e-24   408
  1.767436e-01   9.478074e-23   3.440492e-05   4.555484e-24   360
  1.770283e-01   8.820393e-23   1.263238e-04   3.842501e-24   456
  1.773722e-01   8.104917e-23   6.869566e-05   3.468861e-24   384
  1.778099e-01   7.656943e-23   6.341480e-05   3.918899e-24   348
  1.780464e-01   7.636053e-23   7.817791e-05   3.246406e-24   576
  1.784907e-01   8.685477e-23   6.436923e-05   3.473884e-24   504
  1.789452e-01   7.392632e-23   9.078907e-05   3.514904e-24   432
  1.793419e-01   8.349287e-23   1.235181e-04   3.268574e-24   576
  1.796248e-01   7.690322e-23   0.000000e+00   4.042013e-24   264
  1.800736e-01   7.530227e-23   9.828954e-05   2.536671e-24   768
  1.804640e-01   6.445185e-23   1.323290e-04   3.380541e-24   240
  1.807743e-01   7.872055e-23   1.167016e-04   5.684172e-24   192
  1.812263e-01   8.367188e-23   8.590664e-05   4.375339e-24   504
  1.815615e-01   7.823816e-23   1.157624e-04   3.185323e-24   590
  1.818830e-01   7.322451e-23   1.297055e-04   3.728317e-24   384
  1.822861e-01   7.555132e-23   1.083956e-04   2.764857e-24   504
  1.827729e-01   7.236730e-23   1.043140e-04   2.712771e-24   648
  1.832449e-01   8.005587e-23   2.833030e-05   3.495086e-24   504
  1.834353e-01   7.495118e-23   6.462673e-05   4.246510e-24   312
  1.837714e-01   7.828146e-23   9.311123e-05   3.016029e-24   576
  1.842327e-01   8.121881e-23   6.479663e-05   5.458637e-24   240
  1.845017e-01   6.484106e-23   6.547387e-05   2.753476e-24   552
  1.848823e-01   7.567707e-23   6.147846e-05   3.020630e-24   600
  1.854246e-01   6.339835e-23   7.509108e-05   2.196945e-24   600
  1.857506e-01   6.987727e-23   1.202524e-04   3.598641e-24   312
  1.860753e-01   6.805840e-23   1.047280e-04   2.796803e-24   480
  1.864809e-01   6.730578e-23   6.534019e-05   2.728192e-24   576
  1.868380e-01   5.797588e-23   1.052119e-04   2.525799e-24   408
  1.871548e-01   4.792679e-23   1.227345e-04   2.894988e-24   216
  1.875642e-01   7.031413e-23   9.400084e-05   2.893604e-24   516
  1.880028e-01   5.947199e-23   8.968636e-05   2.121100e-24   744
  1.884552e-01   7.086526e-23   5.990257e-05   3.497090e-24   462
  1.887109e-01   5.300702e-23   6.088230e-05   2.642283e-24   432
  1.891075e-01   6.592307e-23   5.648168e-05   2.325075e-24   648
  1.895737e-01   6.268811e-23   8.264320e-05   2.806758e-24   528
  1.899483e-01   6.224639e-23   9.952305e-05   2.453784e-24   600
  1.903225e-01   6.892299e-23   1.254725e-04   3.384516e-24   240
  1.906850e-01   5.943690e-23   9.611075e-05   2.236006e-24   720
  1.911062e-01   6.854777e-23   7.604100e-05   2.514207e-24   720
  1.915732e-01   5.340684e-23   0.000000e+00   4.570582e-24   144
  1.918190e-01   5.703818e-23   9.803961e-05   2.194323e-24   720
  1.921686e-01   6.277584e-23   5.878648e-05   3.089456e-24   384
  1.926063e-01   5.845006e-23   6.516793e-05   2.193599e-24   672
  1.930215e-01   6.706644e-23   1.141019e-04   3.275932e-24   336
  1.932199e-01   5.138876e-23   0.000000e+00   3.282610e-24   288
  1.937055e-01   5.260672e-23   9.030399e-05   1.879953e-24   776
  1.941551e-01   5.349207e-23   7.726878e-05   1.932994e-24   720
  1.945327e-01   5.639739e-23   6.224567e-05   2.633535e-24   432
  1.948347e-01   5.647215e-23   8.873905e-05   2.338720e-24   504
  1.951706e-01   5.558704e-23   6.217429e-05   2.160662e-24   528
  1.956407e-01   5.173084e-23   8.470885e-05   2.486728e-24   438
  1.960275e-01   5.216482e-23   9.859335e-05   1.823643e-24   624
  1.963189e-01   5.585239e-23   1.207635e-04   2.875440e-24   312
  1.967196e-01   5.774237e-23   6.506437e-05   2.184907e-24   696
  1.971339e-01   5.062832e-23   5.887146e-05   1.948972e-24   552
  1.975648e-01   4.982565e-23   4.554687e-05   1.905531e-24   516
  1.978313e-01   5.741371e-23   9.097645e-05   2.293975e-24   528
  1.981558e-01   4.706610e-23   5.916447e-05   2.220893e-24   528
  1.986168e-01   5.147342e-23   7.802593e-05   1.697790e-24   864
  1.989297e-01   5.437430e-23   1.068795e-04   2.475929e-24   408
  1.992429e-01   5.938583e-23   1.058911e-04   4.309033e-24   192
  1.996868e-01   5.096603e-23   8.762994e-05   1.720730e-24   720
  2.000615e-01   4.967300e-23   8.079911e-05   1.760932e-24   696
  2.005068e-01   5.029479e-23   8.726379e-05   2.449947e-24   720
  2.009142e-01   5.931897e-23   1.182756e-04   3.029977e-24   432
  2.011518e-01   5.079874e-23   6.962164e-05   2.792714e-24   264
  2.015793e-01   4.881313e-23   9.614441e-05   1.881307e-24   672
  2.019616e-01   4.923696e-23   9.843711e-05   2.028257e-24   600
  2.024154e-01   3.856511e-23   5.763483e-05   2.069340e-24   270
  2.026441e-01   4.004470e-23   8.675648e-05   1.706118e-24   528
  2.030077e-01   4.517461e-23   5.940776e-05   1.447150e-24   840
  2.035062e-01   4.862693e-23   1.135983e-04   1.571857e-24   888
  2.039669e-01   4.655746e-23   8.463909e-05   1.766075e-24   744
  2.043562e-01   5.032924e-23   4.349214e-05   2.247618e-24   456
  2.045498e-01   5.729632e-23   5.943469e-05   3.111368e-24   360
  2.048811e-01   4.216237e-23   5.149682e-05   2.367005e-24   384
  2.053895e-01   4.721269e-23   8.260041e-05   1.697292e-24   816
  2.057710e-01   4.275391e-23   1.198416e-04   1.626495e-24   824
  2.062346e-01   4.204982e-23   5.570811e-05   2.278995e-24   360
  2.064829e-01   4.282154e-23   8.220424e-05   1.579039e-24   624
  2.068246e-01   4.457561e-23   5.554917e-05   2.476059e-24   360
  2.072798e-01   4.171892e-23   7.556319e-05   1.513537e-24   876
  2.076909e-01   4.647698e-23   8.974647e-05   1.824632e-24   696
  2.081055e-01   4.400875e-23   5.795238e-05   2.183608e-24   336
  2.083228e-01   4.669564e-23   5.788726e-05   2.199199e-24   504
  2.086818e-01   4.227607e-23   5.838888e-05   1.662155e-24   672
  2.092144e-01   4.238350e-23   1.162387e-04   1.604713e-24   720
  2.095838e-01   4.129712e-23   8.780591e-05   1.463440e-24   774
  2.099915e-01   4.454751e-23   5.025783e-05   2.298715e-24   384
  2.102050e-01   4.260503e-23   9.671763e-05   1.816241e-24   528
  2.105364e-01   4.092316e-23   9.217729e-05   1.510146e-24   744
  2.110694e-01   4.201568e-23   7.602671e-05   1.543198e-24   768
  2.114233e-01   3.485994e-23   8.534571e-05   1.454372e-24   552
  2.118649e-01   3.634208e-23   9.301717e-05   1.552954e-24   696
  2.121934e-01   4.610515e-23   1.130320e-04   2.302353e-24   408
  2.124541e-01   4.093264e-23   4.883074e-05   1.834155e-24   504
  2.128675e-01   4.121761e-23   8.772259e-05   1.364258e-24   888
  2.132743e-01   4.256576e-23   9.116913e-05   1.787430e-24   648
  2.136971e-01   3.671157e-23   9.038766e-05   1.397225e-24   648
  2.140948e-01   3.758150e-23   9.746006e-05   1.475518e-24   792
  2.145162e-01   3.676414e-23   1.425907e-04   1.626087e-24   600
  2.148267e-01   3.626594e-23   9.663487e-05   1.592210e-24   456
  2.151535e-01   3.901469e-23   4.709572e-05   1.617979e-24   648
  2.155732e-01   3.622391e-23   9.184351e-05   1.276805e-24   936
  2.160264e-01   4.341969e-23   5.640375e-05   2.217420e-24   384
  2.164208e-01   3.183190e-23   4.745948e-09   2.177707e-24   198
  2.167253e-01   3.603961e-23   1.431011e-04   1.094159e-24   1224
  2.170537e-01   4.173526e-23   1.042217e-04   1.878893e-24   420
  2.174420e-01   3.653132e-23   1.008648e-04   1.369736e-24   792
  2.178218e-01   3.535569e-23   8.340657e-05   1.443766e-24   680
  2.182552e-01   3.368073e-23   7.658783e-05   1.305162e-24   600
  2.186039e-01   3.676795e-23   1.110734e-04   1.467175e-24   840
  2.190695e-01   4.170113e-23   5.244369e-05   2.248798e-24   432
  2.192474e-01   3.711057e-23   4.914665e-05   1.508770e-24   720
  2.196343e-01   3.738409e-23   9.843213e-05   1.282471e-24   960
  2.201154e-01   3.410564e-23   8.774504e-05   1.379106e-24   528
  2.204670e-01   3.186880e-23   8.969217e-05   1.292372e-24   624
  2.208855e-01   3.545107e-23   7.049743e-05   1.209039e-24   816
  2.213008e-01   3.734287e-23   1.159345e-04   1.505756e-24   696
  2.217599e-01   2.839410e-23   7.830814e-09   2.086824e-24   240
  2.219325e-01   3.666872e-23   6.836935e-05   1.441035e-24   672
  2.223177e-01   3.429302e-23   1.221858e-04   1.188013e-24   864
  2.227499e-01   3.255873e-23   9.375778e-05   1.308287e-24   816
  2.231394e-01   3.112392e-23   5.366372e-05   1.232388e-24   648
  2.235589e-01   3.712037e-23   5.485410e-05   1.396744e-24   843
  2.239151e-01   2.922625e-23   9.869601e-05   1.027429e-24   780
  2.243395e-01   2.615619e-23   5.295844e-05   1.540936e-24   216
  2.246013e-01   3.237051e-23   1.277035e-04   1.019115e-24   1056
  2.250039e-01   2.975284e-23   1.044758e-04   1.699781e-24   228
  2.253767e-01   3.602110e-23   1.300750e-04   1.231007e-24   924
  2.257594e-01   3.888058e-23   4.825052e-05   1.472660e-24   696
  2.261647e-01   2.780296e-23   8.587211e-05   9.964616e-25   996
  2.265793e-01   2.903999e-23   5.069718e-05   1.231964e-24   576
  2.270107e-01   3.088949e-23   7.824775e-05   1.425333e-24   552
  2.273251e-01   3.810824e-23   9.342507e-05   1.884005e-24   516
  2.276442e-01   3.304104e-23   1.358594e-04   1.323202e-24   744
  2.280088e-01   3.071561e-23   6.664715e-05   1.328717e-24   576
  2.283260e-01   3.123026e-23   6.859680e-05   1.161685e-24   792
  2.287768e-01   3.222736e-23   7.841886e-05   1.283191e-24   792
  2.291071e-01   3.235679e-23   8.457391e-05   1.215088e-24   720
  2.295538e-01   3.132872e-23   9.639481e-05   1.221740e-24   656
  2.299724e-01   3.117765e-23   1.052581e-04   1.249648e-24   816
  2.304015e-01   3.124347e-23   5.675340e-05   1.592986e-24   492
  2.306454e-01   3.035135e-23   8.164378e-05   1.522388e-24   552
  2.311032e-01   2.518990e-23   1.419686e-04   8.712218e-25   780
  2.314005e-01   3.115717e-23   8.720963e-05   1.534419e-24   528
  2.317208e-01   2.765346e-23   1.018002e-04   1.120730e-24   600
  2.321929e-01   3.182746e-23   8.460399e-05   1.076182e-24   900
  2.325183e-01   3.181276e-23   4.683822e-05   1.451754e-24   696
  2.329660e-01   3.257403e-23   1.184322e-04   1.446171e-24   696
  2.333991e-01   2.372836e-23   4.804683e-05   1.119772e-24   552
  2.337633e-01   2.784214e-23   5.587403e-05   1.250911e-24   708
  2.341448e-01   2.688690e-23   9.225121e-05   1.016352e-24   876
  2.345418e-01   2.632100e-23   4.898356e-05   1.789614e-24   216
  2.348082e-01   3.111136e-23   1.339767e-04   1.062959e-24   1032
  2.352071e-01   2.694908e-23   1.491682e-04   1.249485e-24   600
  2.356212e-01   2.028761e-23   7.117755e-05   8.640589e-25   600
  2.359371e-01   2.574650e-23   1.256929e-04   1.347326e-24   528
  2.363105e-01   2.610673e-23   6.899988e-05   1.051463e-24   732
  2.367039e-01   2.714424e-23   5.095015e-05   1.523849e-24   336
  2.371566e-01   2.474265e-23   7.261407e-05   8.565791e-25   912
  2.374950e-01   2.618537e-23   7.288252e-05   1.289017e-24   624
  2.378647e-01   2.404439e-23   6.141657e-05   9.360294e-25   768
  2.382963e-01   2.727539e-23   1.108076e-04   1.028797e-24   792
  2.387198e-01   2.548959e-23   5.493383e-05   9.971491e-25   660
  2.390212e-01   2.220958e-23   8.095383e-05   1.177628e-24   504
  2.393329e-01   2.473631e-23   1.322631e-04   1.379757e-24   480
  2.398000e-01   2.266692e-23   1.223261e-04   9.037085e-25   912
  2.401658e-01   2.244046e-23   1.362291e-04   1.062287e-24   432
  2.405113e-01   2.271094e-23   8.088962e-05   1.112412e-24   564
  2.408180e-01   2.382406e-23   7.742251e-05   9.940421e-25   600
  2.412498e-01   2.227999e-23   1.079196e-04   8.272064e-25   876
  2.415741e-01   2.312266e-23   4.852393e-05   1.448163e-24   264
  2.420212e-01   1.874325e-23   9.415549e-05   7.505415e-25   560
  2.423806e-01   2.181624e-23   6.398069e-05   8.427018e-25   840
  2.428168e-01   2.131009e-23   9.863978e-05   7.562759e-25   1008
  2.432202e-01   1.909346e-23   4.412481e-05   9.975881e-25   456
  2.435886e-01   2.368633e-23   5.715745e-05   1.108365e-24   576
  2.439292e-01   2.298805e-23   8.782853e-05   1.094299e-24   612
  2.443783e-01   2.106884e-23   7.844513e-05   7.738288e-25   780
  2.447447e-01   2.347981e-23   8.989453e-05   1.074972e-24   648
  2.451197e-01   2.358083e-23   4.189201e-05   1.473974e-24   312
  2.453594e-01   1.918887e-23   1.064407e-04   8.269972e-25   528
  2.457747e-01   1.898992e-23   1.390063e-04   7.339126e-25   720
  2.461718e-01   2.052725e-23   1.394416e-04   1.035412e-24   576
  2.466533e-01   2.053116e-23   1.202863e-04   1.104487e-24   444
  2.469529e-01   2.272317e-23   1.179621e-04   8.342025e-25   996
  2.473200e-01   1.756344e-23   9.853387e-05   1.142392e-24   432
  2.476669e-01   2.288654e-23   1.078752e-04   1.099206e-24   504
  2.479666e-01   1.684787e-23   4.863583e-05   7.309099e-25   504
  2.483934e-01   2.070371e-23   9.571589e-05   6.983643e-25   876
  2.487796e-01   1.847663e-23   1.101599e-04   9.909088e-25   504
  2.491817e-01   1.752437e-23   7.025420e-05   6.821323e-25   696
  2.495140e-01   1.767004e-23   6.005997e-05   7.688124e-25   492
  2.499662e-01   2.003803e-23   8.597875e-05   1.057162e-24   432
  2.503011e-01   1.829948e-23   8.050968e-05   7.066759e-25   768
  2.506981e-01   1.649926e-23   1.002856e-04   8.177210e-25   648
  2.510772e-01   1.664534e-23   6.542561e-05   9.790644e-25   456
  2.515128e-01   1.937962e-23   8.997083e-05   8.406971e-25   552
  2.518153e-01   1.784230e-23   6.166608e-05   8.716895e-25   648
  2.522317e-01   1.699641e-23   1.005122e-04   6.762073e-25   840
  2.526384e-01   2.047069e-23   4.793217e-05   1.019606e-24   432
  2.530455e-01   1.811722e-23   5.870872e-05   8.773824e-25   600
  2.533287e-01   2.010448e-23   6.255029e-05   1.008356e-24   432
  2.538044e-01   1.788684e-23   6.227491e-05   6.916993e-25   560
  2.541265e-01   1.585873e-23   9.857465e-05   5.579652e-25   840
  2.545299e-01   1.564046e-23   5.838720e-05   6.531272e-25   504
  2.548502e-01   1.601411e-23   1.191648e-04   6.089566e-25   696
  2.553018e-01   2.137840e-23   6.508356e-05   1.091998e-24   384
  2.556535e-01   1.510035e-23   9.533975e-05   6.234948e-25   576
  2.560789e-01   1.522546e-23   5.883893e-05   8.644570e-25   360
  2.564218e-01   1.738329e-23   8.762544e-05   6.262094e-25   828
  2.567917e-01   1.473412e-23   7.804673e-05   7.707655e-25   372
  2.571307e-01   1.467727e-23   1.191923e-04   6.623760e-25   576
  2.575797e-01   1.729850e-23   4.991761e-05   7.835695e-25   636
  2.578996e-01   1.763561e-23   9.622826e-05   7.132110e-25   648
  2.583323e-01   1.553444e-23   7.822306e-05   7.069040e-25   576
  2.586430e-01   1.495335e-23   1.261820e-04   6.895073e-25   528
  2.590561e-01   1.848995e-23   5.394804e-05   1.200792e-24   360
  2.593981e-01   1.314289e-23   1.241007e-04   5.983614e-25   672
  2.598446e-01   1.667552e-23   6.356642e-05   7.196946e-25   804
  2.602163e-01   1.595477e-23   7.012137e-05   8.237446e-25   408
  2.606274e-01   1.656016e-23   4.334263e-05   9.139294e-25   384
  2.609042e-01   1.378127e-23   9.918459e-05   7.176057e-25   480
  2.612947e-01   1.495765e-23   6.408778e-05   8.209563e-25   432
  2.616692e-01   1.645424e-23   1.181001e-04   6.272748e-25   648
  2.621125e-01   1.414512e-23   7.328056e-05   5.895144e-25   624
  2.624367e-01   1.363209e-23   6.665485e-05   7.121594e-25   456
  2.628795e-01   1.486046e-23   9.105646e-05   6.026020e-25   588
  2.631762e-01   1.320218e-23   5.809364e-05   5.494971e-25   600
  2.636094e-01   1.433086e-23   9.061183e-05   6.426818e-25   708
  2.639516e-01   1.469171e-23   5.708370e-05   8.272357e-25   360
  2.643298e-01   1.580342e-23   6.561923e-05   7.390195e-25   552
  2.646923e-01   1.315451e-23   4.603344e-05   8.259654e-25   288
  2.650603e-01   1.254459e-23   8.655546e-05   6.114402e-25   528
  2.654060e-01   1.506949e-23   5.839431e-05   6.826403e-25   456
  2.657924e-01   1.336249e-23   1.035458e-04   5.817019e-25   608
  2.661809e-01   1.202917e-23   5.009661e-05   5.637614e-25   504
  2.666055e-01   1.174732e-23   1.075546e-04   5.041605e-25   540
  2.669384e-01   1.582050e-23   1.154568e-04   8.423843e-25   360
  2.672972e-01   1.425816e-23   5.228475e-05   6.718261e-25   540
  2.676146e-01   1.276867e-23   4.489266e-05   5.722677e-25   576
  2.680762e-01   1.387832e-23   1.040909e-04   6.215238e-25   588
  2.685150e-01   1.217464e-23   1.436140e-04   5.417579e-25   672
  2.688920e-01   1.263910e-23   1.097654e-04   5.527572e-25   552
  2.691959e-01   1.248515e-23   1.098209e-04   9.756341e-25   144
  2.695837e-01   1.467828e-23   9.330411e-05   7.107524e-25   600
  2.699514e-01   1.089984e-23   1.169304e-04   5.494349e-25   504
  2.703595e-01   1.475457e-23   1.201111e-04   9.210176e-25   336
  2.707887e-01   1.119277e-23   1.350054e-04   4.803459e-25   600
  2.711731e-01   1.260290e-23   8.712810e-05   4.898670e-25   636
  2.715880e-01   1.394670e-23   7.005178e-05   9.593322e-25   384
  2.718789e-01   1.370245e-23   9.771396e-05   6.249840e-25   504
  2.722982e-01   1.271179e-23   4.100918e-05   9.256249e-25   240
  2.726291e-01   1.265646e-23   9.633639e-05   5.370752e-25   744
  2.730261e-01   1.164471e-23   6.578310e-05   5.688727e-25   648
  2.733790e-01   1.693759e-23   4.366878e-05   1.778706e-24   120
  2.737925e-01   1.178694e-23   6.859799e-05   5.215220e-25   564
  2.741050e-01   1.250271e-23   1.077373e-04   6.561552e-25   432
  2.745220e-01   1.148998e-23   8.362543e-05   6.188369e-25   480
  2.748361e-01   9.775169e-24   6.155045e-05   5.306034e-25   456
  2.752067e-01   1.153773e-23   1.018569e-04   5.709696e-25   444
  2.756274e-01   9.879847e-24   1.558464e-04   4.689908e-25   528
  2.759969e-01   1.160581e-23   1.157439e-04   8.706649e-25   264
  2.763555e-01   1.026301e-23   1.186203e-04   4.930050e-25   444
  2.768379e-01   1.224639e-23   1.299311e-04   4.697571e-25   696
  2.772383e-01   1.181188e-23   6.949148e-05   6.323199e-25   384
  2.775311e-01   1.085094e-23   8.780831e-05   5.232470e-25   432
  2.779866e-01   1.076540e-23   6.067143e-05   5.109839e-25   488
  2.782823e-01   1.250641e-23   9.143939e-05   7.385013e-25   480
  2.787111e-01   9.262305e-24   1.019738e-04   5.828737e-25   480
  2.790432e-01   9.871974e-24   4.278510e-05   7.252113e-25   240
  2.794202e-01   1.077901e-23   9.994261e-05   5.867734e-25   600
  2.797758e-01   9.448699e-24   8.708975e-05   6.257464e-25   288
  2.801544e-01   1.139606e-23   8.377397e-05   5.199936e-25   480
  2.805379e-01   8.754154e-24   1.490189e-04   4.149333e-25   504
  2.809155e-01   1.032784e-23   6.393839e-05   6.456360e-25   216
  2.813970e-01   9.662836e-24   1.046773e-04   6.063810e-25   504
  2.817720e-01   1.000678e-23   8.419242e-05   4.845005e-25   456
  2.821825e-01   1.096497e-23   4.828579e-05   6.460326e-25   384
  2.824544e-01   1.245295e-23   9.800271e-05   6.644603e-25   480
  2.828408e-01   9.711006e-24   8.605736e-05   5.120007e-25   504
  2.831988e-01   1.006804e-23   5.458940e-05   6.607113e-25   312
  2.835845e-01   1.017711e-23   8.796897e-05   5.568012e-25   492
  2.839260e-01   1.079674e-23   8.245044e-05   6.788136e-25   312
  2.843655e-01   8.915945e-24   1.339342e-04   3.611541e-25   576
  2.847524e-01   1.020027e-23   1.236321e-04   5.795092e-25   336
  2.850738e-01   7.274510e-24   9.519099e-05   4.354559e-25   240
  2.855192e-01   1.084168e-23   1.261991e-04   5.165645e-25   468
  2.859039e-01   1.021979e-23   7.901891e-05   8.377015e-25   192
  2.863065e-01   8.213683e-24   7.925442e-05   4.847344e-25   324
  2.866016e-01   9.980597e-24   5.752155e-05   4.668706e-25   600
  2.870037e-01   1.123803e-23   9.332283e-05   6.671965e-25   456
  2.873023e-01   1.135661e-23   4.197661e-05   6.475225e-25   336
  2.877972e-01   1.214018e-23   1.256898e-04   5.265794e-25   612
  2.881573e-01   7.517026e-24   1.054844e-04   6.373289e-25   144
  2.884978e-01   1.242546e-23   1.231274e-04   5.657064e-25   552
  2.889609e-01   8.263983e-24   4.848907e-05   5.213743e-25   264
  2.892225e-01   1.141624e-23   1.122646e-04   6.097400e-25   336
  2.896353e-01   7.572565e-24   7.418058e-05   3.749305e-25   384
  2.899932e-01   1.048498e-23   4.175634e-05   8.376137e-25   216
  2.903894e-01   7.816364e-24   8.853205e-05   4.279443e-25   344
  2.907507e-01   8.023072e-24   1.320940e-04   3.767910e-25   408
  2.911910e-01   9.273739e-24   1.015056e-04   6.790057e-25   264
  2.915811e-01   9.378829e-24   1.415038e-04   4.663029e-25   612
  2.919709e-01   1.121326e-23   7.282870e-05   6.446535e-25   408
  2.923718e-01   9.597463e-24   7.293338e-05   6.259870e-25   444
  2.926663e-01   1.454221e-23   4.079109e-05   1.107716e-24   120
  2.930609e-01   1.127807e-23   1.126983e-04   7.368744e-25   336
  2.933538e-01   7.968380e-24   3.916222e-05   4.654261e-25   288
  2.937496e-01   9.712090e-24   1.218735e-04   4.813923e-25   552
  2.942938e-01   1.297900e-23   6.525678e-09   1.693711e-24   72
  2.945736e-01   7.704301e-24   1.210514e-04   3.554082e-25   504
  2.949004e-01   5.574640e-24   3.895317e-05   3.185308e-25   216
  2.953239e-01   9.811990e-24   6.954821e-05   7.368183e-25   312
  2.957040e-01   7.160448e-24   7.919158e-05   4.209537e-25   336
  2.960663e-01   8.167782e-24   1.097684e-04   6.885782e-25   204
  2.964271e-01   1.080859e-23   1.275676e-04   5.794263e-25   504
  2.968098e-01   1.016650e-23   1.214810e-04   5.427672e-25   396
  2.971778e-01   9.335002e-24   1.114044e-04   5.625410e-25   312
  2.976240e-01   1.110225e-23   6.808000e-05   7.155688e-25   216
  2.979383e-01   8.718927e-24   3.694832e-05   7.610104e-25   168
  2.983203e-01   8.478035e-24   9.329657e-05   4.031135e-25   588
  2.987563e-01   6.729256e-24   1.266392e-04   6.057814e-25   240
  2.990950e-01   7.341336e-24   1.118436e-04   4.818449e-25   264
  2.994922e-01   7.142985e-24   1.383176e-04   4.196764e-25   288
  2.998446e-01   7.595884e-24   6.907007e-05   6.964644e-25   288
  3.002913e-01   8.447094e-24   6.486779e-05   6.438811e-25   288
  3.005921e-01   6.899565e-24   7.514392e-05   4.466181e-25   192
  3.009705e-01   6.225148e-24   7.996067e-05   3.392548e-25   264
  3.013310e-01   1.204398e-23   1.315242e-04   7.153592e-25   372
  3.017189e-01   1.148452e-23   1.420518e-04   8.093727e-25   360
  3.021924e-01   8.977006e-24   6.011768e-05   7.965552e-25   144
  3.024371e-01   6.851976e-24   8.350082e-05   5.617044e-25   296
  3.028234e-01   8.167080e-24   8.996782e-05   5.337227e-25   288
  3.032657e-01   7.161849e-24   1.344546e-04   4.054695e-25   480
  3.036471e-01   5.333909e-24   1.117190e-04   4.385258e-25   192
  3.040181e-01   9.154579e-24   1.198338e-04   7.066859e-25   192
  3.043553e-01   7.109295e-24   7.637151e-05   5.649053e-25   288
  3.048242e-01   4.704522e-24   6.648036e-05   3.401698e-25   108
  3.050604e-01   8.699361e-24   6.391272e-05   5.801679e-25   240
  3.054775e-01   5.808084e-24   1.192307e-04   3.275552e-25   384
  3.059059e-01   7.193009e-24   1.454479e-04   6.236252e-25   108
  3.062848e-01   1.024587e-23   8.527881e-05   6.233827e-25   348
  3.066832e-01   7.914203e-24   8.900031e-05   5.697248e-25   312
  3.070391e-01   7.078935e-24   8.648246e-05   7.754228e-25   96
  3.073663e-01   8.290291e-24   1.151358e-04   5.089436e-25   384
  3.077328e-01   7.021074e-24   7.919012e-05   6.375166e-25   144
  3.080912e-01   7.588321e-24   1.216791e-04   4.590753e-25   408
  3.085368e-01   5.414572e-24   5.427748e-05   4.793943e-25   144
  3.089578e-01   6.926936e-24   1.043490e-04   8.104730e-25   192
  3.092074e-01   9.320295e-24   1.174468e-04   7.873838e-25   144
  3.096144e-01   5.680906e-24   9.548855e-05   5.049785e-25   144
  3.099983e-01   8.722941e-24   1.167025e-04   6.150056e-25   336
  3.104685e-01   5.287088e-24   8.634502e-05   3.943567e-25   240
  3.107666e-01   7.924492e-24   3.920851e-05   8.400048e-25   96
  3.111825e-01   8.792327e-24   1.149797e-04   5.664344e-25   372
  3.116031e-01   5.796052e-24   1.367659e-04   4.369970e-25   132
  3.119726e-01   4.503919e-24   8.462908e-05   2.395552e-25   264
  3.123032e-01   7.731860e-24   6.499128e-05   7.033945e-25   168
  3.126560e-01   6.039045e-24   1.039086e-04   4.444423e-25   216
  3.129676e-01   7.035452e-24   6.357256e-05   6.074769e-25   216
  3.134215e-01   3.734837e-24   1.166292e-04   3.436448e-25   96
  3.138333e-01   6.892122e-24   7.608990e-05   5.522130e-25   120
  3.142110e-01   5.508731e-24   9.673168e-05   4.478419e-25   216
  3.145221e-01   5.075270e-24   4.227207e-05   3.363074e-25   200
  3.149340e-01   5.637701e-24   1.094242e-04   4.275215e-25   288
  3.154623e-01   3.623721e-24   2.879164e-05   2.189426e-25   144
  3.156848e-01   6.180997e-24   8.959781e-05   6.141936e-25   168
  3.161391e-01   8.130720e-24   1.008340e-04   1.080057e-24   159
  3.164937e-01   5.496033e-24   1.057991e-04   4.154633e-25   174
  3.168369e-01   6.742166e-24   9.593494e-05   6.168834e-25   144
  3.172863e-01   6.161990e-24   5.539549e-05   4.761896e-25   222
  3.175869e-01   4.693685e-24   5.589895e-05   3.599260e-25   168
  3.181060e-01   1.030357e-23   1.226079e-04   1.866162e-24   30
  3.183205e-01   3.962199e-24   1.082537e-04   4.277526e-25   72
  3.187244e-01   5.018848e-24   9.661517e-05   3.715411e-25   258
  3.191684e-01   5.114359e-24   6.051257e-05   3.021495e-25   264
  3.193905e-01   5.930644e-24   0.000000e+00   7.926594e-25   72
  3.198532e-01   3.660834e-24   1.199385e-04   3.409814e-25   174
  3.202721e-01   5.875330e-24   1.277123e-04   5.192290e-25   168
  3.206090e-01   3.294161e-24   3.996146e-09   4.467276e-25   48
  3.209705e-01   4.103097e-24   7.212215e-05   3.641489e-25   150
  3.213898e-01   6.242149e-24   1.326739e-04   5.324333e-25   168
  3.218102e-01   3.523617e-24   8.081877e-05   2.624524e-25   144
  3.221967e-01   5.798945e-24   7.550312e-05   5.869103e-25   102
  3.224847e-01   4.017959e-24   1.117576e-04   2.826013e-25   96
  3.229415e-01   3.744430e-24   1.109119e-04   2.801247e-25   120
  3.232799e-01   3.314570e-24   1.189559e-04   2.465439e-25   168
  3.236458e-01   6.701156e-24   8.783953e-05   5.183359e-25   126
  3.239576e-01   4.772616e-24   6.624856e-05   3.600742e-25   168
  3.243872e-01   4.429347e-24   1.062297e-04   4.859164e-25   72
  3.247626e-01   3.342931e-24   1.330232e-04   2.663756e-25   168
  3.250914e-01   5.129164e-24   3.646820e-05   6.793132e-25   78
  3.255420e-01   3.448294e-24   5.987806e-05   3.482117e-25   60
  3.259049e-01   7.057165e-24   9.713191e-05   6.671323e-25   96
  3.262812e-01   3.573609e-24   1.178615e-04   2.419453e-25   168
  3.266349e-01   4.340099e-24   7.457817e-05   4.992651e-25   86
  3.270060e-01   3.609327e-24   6.665520e-05   2.900163e-25   120
  3.275378e-01   3.799345e-24   4.753401e-05   2.498381e-25   168
  3.278247e-01   3.746197e-24   0.000000e+00   5.668398e-25   48
  3.282110e-01   4.086503e-24   8.660181e-05   2.788131e-25   120
  3.284330e-01   3.680796e-24   6.317951e-05   3.178805e-25   126
  3.289749e-01   3.922321e-24   1.111151e-04   3.814867e-25   96
  3.293266e-01   4.374828e-24   3.204012e-05   4.632481e-25   96
  3.296039e-01   4.131923e-24   0.000000e+00   4.956047e-25   72
  3.301949e-01   3.728545e-24   3.996146e-09   6.508203e-25   24
  3.305637e-01   4.547340e-24   6.593782e-05   3.662161e-25   120
  3.308514e-01   3.835231e-24   9.618300e-05   3.673783e-25   126
  3.311713e-01   3.239372e-24   8.018157e-05   2.831840e-25   96
  3.315452e-01   3.190376e-24   1.385771e-04   3.776869e-25   72
  3.319614e-01   3.493340e-24   5.993927e-05   2.630102e-25   144
  3.323038e-01   2.634883e-24   3.457157e-05   3.437725e-25   72
  3.326459e-01   4.499982e-24   6.905176e-05   4.273868e-25   54
  3.329469e-01   4.053797e-24   6.085106e-05   5.385653e-25   108
  3.335726e-01   4.484152e-24   5.964977e-05   4.648744e-25   72
  3.337673e-01   3.853352e-24   3.441997e-05   4.848575e-25   72
  3.342294e-01   5.035852e-24   6.921527e-09   4.901254e-25   24
  3.346666e-01   2.956827e-24   7.281693e-05   3.160202e-25   48
  3.349321e-01   3.206547e-24   5.546771e-05   2.632173e-25   102
  3.353317e-01   3.748075e-24   1.254449e-04   3.125081e-25   168
  3.358538e-01   3.024162e-24   6.841470e-05   2.569728e-25   72
  3.360473e-01   4.099806e-24   0.000000e+00   4.718874e-25   48
  3.364531e-01   4.205093e-24   1.176775e-04   3.910458e-25   120
  3.369887e-01   3.387774e-24   7.231517e-05   3.647769e-25   96
  3.374945e-01   4.245647e-24   7.830814e-09   7.852198e-25   30
  3.380957e-01   4.704280e-24   3.397687e-05   5.078751e-25   72
  3.383599e-01   2.426284e-24   3.996146e-09   4.874143e-25   24
  3.386992e-01   2.376831e-24   5.036212e-05   2.271360e-25   56
  3.390793e-01   3.052310e-24   7.186930e-05   3.135028e-25   96
  3.395342e-01   3.678970e-24   7.936128e-05   2.984701e-25   144
  3.398849e-01   3.954615e-24   4.505822e-05   6.355684e-25   54
  3.403944e-01   4.089811e-24   6.750198e-05   3.724454e-25   108
  3.409071e-01   4.523009e-24   3.574199e-05   7.366281e-25   48
  3.413952e-01   3.103961e-24   1.345800e-04   3.367635e-25   72
  3.425664e-01   4.166116e-24   8.891744e-05   4.088836e-25   78
  3.428909e-01   2.088712e-24   6.701044e-05   1.986164e-25   72
  3.432698e-01   3.176279e-24   6.692725e-05   3.143748e-25   72
  3.436659e-01   3.516307e-24   1.615028e-04   3.198336e-25   96
  3.439790e-01   2.650803e-24   6.678928e-05   2.545252e-25   72
  3.443566e-01   3.759681e-24   0.000000e+00   7.170768e-25   24
  3.447338e-01   3.134958e-24   1.332770e-04   2.673907e-25   72
  3.455858e-01   4.099085e-24   8.463498e-05   5.537485e-25   30
  3.457691e-01   4.184721e-24   0.000000e+00   4.634129e-25   24
  3.467544e-01   2.989539e-24   7.027855e-05   3.680886e-25   48
  3.470634e-01   3.268874e-24   1.512394e-04   3.425099e-25   120
  3.474798e-01   2.621821e-24   6.612537e-05   2.759245e-25   72
  3.479003e-01   4.258552e-24   6.604543e-05   7.170549e-25   36
  3.481894e-01   3.141401e-24   1.305365e-04   3.025523e-25   78
  3.489960e-01   3.479777e-24   6.982714e-05   3.873684e-25   48
  3.500419e-01   4.090378e-24   5.651403e-09   5.278078e-25   24
  3.507870e-01   2.553260e-24   4.862619e-05   2.843906e-25   56
  3.511622e-01   2.769757e-24   7.482652e-05   2.510482e-25   102
  3.516395e-01   2.541422e-24   5.328194e-09   2.725992e-25   72
  3.519166e-01   2.559673e-24   0.000000e+00   2.819337e-25   24
  3.524009e-01   2.562266e-24   6.915246e-05   2.488217e-25   48
  3.532988e-01   3.375404e-24   0.000000e+00   6.551909e-25   24
  3.544007e-01   1.063213e-24   0.000000e+00   4.487551e-25   6
  3.547443e-01   2.631514e-24   0.000000e+00   3.744199e-25   24
  3.549732e-01   2.578971e-24   6.472929e-05   3.458892e-25   72
  3.553914e-01   2.449824e-24   1.207586e-04   1.705549e-25   84
  3.558418e-01   2.719985e-24   0.000000e+00   3.986547e-25   24
  3.559787e-01   2.264043e-24   5.651403e-09   4.336411e-25   24
  3.566626e-01   3.333153e-24   3.996146e-09   5.910600e-25   24
  3.576179e-01   3.613316e-24   0.000000e+00   1.111003e-24   6
  3.588424e-01   3.629138e-24   6.791113e-05   5.545300e-25   48
  3.591365e-01   3.628290e-24   1.279335e-04   2.693917e-25   72
  3.595209e-01   3.961219e-24   6.778297e-05   4.747136e-25   48
  3.601304e-01   2.546280e-24   0.000000e+00   4.518643e-25   24
  3.609415e-01   4.896395e-24   3.996146e-09   8.380075e-25   6
  3.627599e-01   3.281103e-24   0.000000e+00   9.845096e-25   8
  3.628942e-01   2.511363e-24   3.996146e-09   3.397661e-25   48
  3.632164e-01   3.538514e-24   6.573533e-05   2.410451e-25   60
  3.636991e-01   3.020579e-24   0.000000e+00   5.058394e-25   24
  3.643686e-01   3.212080e-24   0.000000e+00   1.188776e-25   6
  3.668348e-01   2.390976e-24   0.000000e+00   3.801447e-25   24
  3.670341e-01   3.275836e-24   6.639546e-05   4.556929e-25   48
  3.673659e-01   3.725497e-24   0.000000e+00   4.077799e-25   24
  3.678962e-01   1.163823e-24   3.996146e-09   1.415094e-26   6
  3.709088e-01   3.372065e-24   6.194064e-05   4.473075e-25   36
  3.711278e-01   4.089222e-24   0.000000e+00   7.145546e-25   24
  3.715215e-01   3.827947e-24   0.000000e+00   1.517042e-24   6
  3.749494e-01   2.957630e-24   5.629118e-05   4.262131e-25   32
  3.752417e-01   4.657420e-24   3.996146e-09   1.613090e-24   6
  3.789254e-01   4.281249e-24   0.000000e+00   9.187972e-25   12
  3.790540e-01   3.925985e-24   0.000000e+00   6.849349e-25   6
  3.829556e-01   1.920503e-24   5.651403e-09   5.544919e-25   6
