# power spectrum of phi
# redshift z=-0.036454
# k              Pk             sigma(k)       sigma(Pk)      count
  3.141593e-02   5.239826e-10   0.000000e+00   2.955515e-10   6
  4.442883e-02   2.121466e-12   0.000000e+00   4.289359e-13   12
  5.441398e-02   6.056354e-13   5.960464e-10   1.288506e-13   8
  6.283185e-02   6.134695e-10   0.000000e+00   7.107357e-11   6
  7.024815e-02   1.758451e-12   1.123916e-09   5.376503e-13   24
  7.695299e-02   2.572903e-12   1.123916e-09   4.608564e-13   24
  8.885766e-02   7.641391e-13   0.000000e+00   3.207019e-13   12
  9.424778e-02   3.177771e-11   1.271566e-09   2.116566e-11   30
  9.934588e-02   8.424591e-13   0.000000e+00   2.124249e-13   24
  1.041948e-01   6.754193e-13   1.946680e-09   1.976484e-13   24
  1.088280e-01   3.700524e-13   1.192093e-09   7.640727e-14   8
  1.132717e-01   6.525935e-13   1.589457e-09   1.000634e-13   24
  1.175476e-01   4.899135e-13   0.000000e+00   8.516343e-14   48
  1.256637e-01   2.130998e-10   0.000000e+00   1.383676e-11   6
  1.295312e-01   4.387591e-13   1.589457e-09   7.761180e-14   48
  1.332865e-01   3.412008e-13   1.498555e-09   4.091200e-14   36
  1.369388e-01   6.181232e-13   1.589457e-09   1.083328e-13   24
  1.404963e-01   5.503234e-13   2.247832e-09   8.658633e-14   24
  1.439659e-01   2.663589e-13   0.000000e+00   3.381047e-14   48
  1.473538e-01   3.833308e-13   2.247832e-09   6.733630e-14   24
  1.539060e-01   3.263652e-13   2.247832e-09   4.527951e-14   24
  1.570796e-01   1.291640e-11   0.000000e+00   8.645376e-12   30
  1.601904e-01   2.922186e-13   0.000000e+00   3.267024e-14   72
  1.632419e-01   2.242597e-13   2.384186e-09   5.625676e-14   32
  1.691799e-01   2.509182e-13   0.000000e+00   2.701901e-14   72
  1.720721e-01   1.749933e-13   0.000000e+00   2.682405e-14   48
  1.777153e-01   6.776165e-14   0.000000e+00   1.647556e-14   12
  1.804708e-01   1.374879e-13   0.000000e+00   1.775112e-14   48
  1.831848e-01   1.824498e-13   0.000000e+00   1.711049e-14   48
  1.858591e-01   1.445213e-13   2.247832e-09   1.792337e-14   48
  1.884956e-01   2.435684e-11   2.543132e-09   8.880732e-12   30
  1.910956e-01   2.777925e-13   0.000000e+00   4.292005e-14   24
  1.936608e-01   1.966353e-13   4.738846e-09   1.797663e-14   72
  1.986918e-01   1.006158e-13   0.000000e+00   2.449879e-14   24
  2.011601e-01   1.441712e-13   0.000000e+00   1.332603e-14   96
  2.035985e-01   1.151485e-13   0.000000e+00   1.754990e-14   48
  2.060080e-01   1.033073e-13   3.893359e-09   2.081600e-14   24
  2.083897e-01   9.074848e-14   3.893359e-09   1.614685e-14   24
  2.107444e-01   1.794137e-13   0.000000e+00   1.540307e-14   72
  2.130732e-01   1.361628e-13   0.000000e+00   1.368833e-14   48
  2.176559e-01   6.485896e-14   2.384186e-09   2.568678e-14   8
  2.199115e-01   4.455481e-12   2.825702e-09   2.968352e-12   54
  2.221441e-01   1.012782e-13   0.000000e+00   9.026515e-15   84
  2.243546e-01   1.075928e-13   0.000000e+00   1.291106e-14   48
  2.265435e-01   1.361351e-13   3.178914e-09   2.325169e-14   24
  2.287114e-01   1.114276e-13   4.238553e-09   1.008194e-14   72
  2.308590e-01   1.142113e-13   0.000000e+00   1.252937e-14   96
  2.350953e-01   1.249731e-13   0.000000e+00   1.905419e-14   48
  2.371850e-01   9.691626e-14   0.000000e+00   9.863091e-15   48
  2.392566e-01   1.113899e-13   0.000000e+00   1.938028e-14   24
  2.413103e-01   9.977014e-14   0.000000e+00   1.227621e-14   72
  2.453662e-01   9.279910e-14   0.000000e+00   1.131008e-14   72
  2.473693e-01   7.871073e-14   0.000000e+00   7.345289e-15   96
  2.513274e-01   7.952124e-11   0.000000e+00   5.159668e-12   6
  2.532833e-01   1.006528e-13   0.000000e+00   1.110584e-14   96
  2.552242e-01   9.230478e-14   3.178914e-09   9.902257e-15   96
  2.571504e-01   4.435212e-14   0.000000e+00   7.304431e-15   24
  2.590624e-01   9.258070e-14   3.178914e-09   1.481293e-14   48
  2.609603e-01   7.346026e-14   0.000000e+00   7.572372e-15   96
  2.628445e-01   7.459901e-14   0.000000e+00   1.357941e-14   48
  2.665730e-01   7.280120e-14   2.997109e-09   1.094230e-14   36
  2.684178e-01   5.253062e-14   5.506041e-09   7.319886e-15   48
  2.702500e-01   6.675701e-14   6.229375e-09   5.346174e-15   120
  2.720699e-01   5.645962e-14   0.000000e+00   7.773151e-15   56
  2.738777e-01   5.301302e-14   3.178914e-09   6.018198e-15   24
  2.756736e-01   5.121347e-14   0.000000e+00   5.826247e-15   96
  2.774580e-01   8.349867e-14   0.000000e+00   8.403361e-15   48
  2.809926e-01   9.530699e-14   4.495664e-09   1.278575e-14   24
  2.827433e-01   1.225965e-12   0.000000e+00   7.966441e-13   102
  2.844833e-01   9.299000e-14   3.178914e-09   1.175728e-14   48
  2.862127e-01   6.131944e-14   0.000000e+00   6.060458e-15   72
  2.879317e-01   6.086156e-14   0.000000e+00   8.946527e-15   48
  2.896405e-01   6.960088e-14   0.000000e+00   1.137155e-14   48
  2.913393e-01   5.835267e-14   7.193062e-09   4.503085e-15   120
  2.947075e-01   5.606677e-14   4.495664e-09   5.921319e-15   24
  2.963773e-01   5.868040e-14   4.238553e-09   4.553269e-15   144
  2.980376e-01   5.204048e-14   5.086263e-09   4.567458e-15   120
  2.996888e-01   5.745849e-14   4.495664e-09   7.666339e-15   48
  3.029642e-01   4.442833e-14   4.495664e-09   5.879357e-15   48
  3.045887e-01   5.939400e-14   4.495664e-09   4.827105e-15   96
  3.088780e-01   7.417425e-14   7.537918e-04   8.713687e-15   72
  3.110018e-01   4.689822e-14   3.996146e-09   4.018708e-15   108
  3.125845e-01   4.315541e-14   0.000000e+00   5.460410e-15   72
  3.141593e-01   1.169138e-11   0.000000e+00   4.328620e-12   30
  3.157262e-01   5.058677e-14   0.000000e+00   4.225485e-15   168
  3.172853e-01   4.722187e-14   0.000000e+00   7.132855e-15   48
  3.203808e-01   4.808885e-14   0.000000e+00   5.032903e-15   72
  3.219175e-01   4.402145e-14   0.000000e+00   4.927045e-15   96
  3.234468e-01   3.837981e-14   8.477105e-09   4.753710e-15   72
  3.249689e-01   4.262102e-14   0.000000e+00   4.138806e-15   72
  3.275279e-01   4.661067e-14   6.960077e-04   4.106299e-15   104
  3.294930e-01   4.431504e-14   5.994218e-09   3.078548e-15   144
  3.339559e-01   3.791618e-14   1.005261e-08   3.704266e-15   96
  3.354303e-01   3.483831e-14   0.000000e+00   2.386283e-15   96
  3.377752e-01   3.593556e-14   7.160371e-04   3.348231e-15   120
  3.398152e-01   3.534815e-14   0.000000e+00   3.109299e-15   120
  3.412643e-01   4.824062e-14   0.000000e+00   5.334502e-15   72
  3.441442e-01   4.038289e-14   0.000000e+00   6.649324e-15   48
  3.455752e-01   8.097905e-13   7.825020e-09   5.384630e-13   78
  3.474057e-01   3.997084e-14   6.411427e-04   3.852566e-15   168
  3.512407e-01   3.308205e-14   7.341388e-09   2.640942e-15   144
  3.526429e-01   4.600511e-14   5.994218e-09   3.506679e-15   144
  3.567097e-01   3.697753e-14   3.692465e-04   3.001173e-15   156
  3.581967e-01   5.210808e-14   7.786718e-09   1.349777e-14   48
  3.595717e-01   3.416957e-14   5.086263e-09   3.302791e-15   120
  3.609415e-01   3.846833e-14   0.000000e+00   6.227343e-15   48
  3.633635e-01   4.349601e-14   5.651992e-04   3.217215e-15   216
  3.663695e-01   2.093419e-14   0.000000e+00   2.843769e-15   48
  3.677140e-01   3.305119e-14   4.495664e-09   2.707656e-15   96
  3.696256e-01   3.437376e-14   6.605235e-04   2.267369e-15   168
  3.717183e-01   2.871888e-14   4.495664e-09   3.494185e-15   48
  3.730435e-01   3.171978e-14   0.000000e+00   3.585112e-15   96
  3.743640e-01   3.282355e-14   0.000000e+00   3.432981e-15   48
  3.769911e-01   7.850801e-12   5.086263e-09   3.131975e-12   30
  3.782979e-01   3.585292e-14   0.000000e+00   4.030482e-15   96
  3.798596e-01   2.538403e-14   5.191127e-04   1.642150e-15   240
  3.818679e-01   2.788722e-14   5.600478e-04   4.325146e-15   32
  3.834803e-01   2.601104e-14   0.000000e+00   1.973988e-15   168
  3.847649e-01   2.854317e-14   0.000000e+00   2.494404e-15   120
  3.873216e-01   3.303222e-14   9.477692e-09   4.449272e-15   72
  3.885936e-01   3.110689e-14   4.238553e-09   2.624354e-15   144
  3.898614e-01   3.281556e-14   0.000000e+00   3.537873e-15   96
  3.911251e-01   3.123115e-14   0.000000e+00   3.049019e-15   96
  3.936404e-01   3.573237e-14   0.000000e+00   3.682959e-15   72
  3.948921e-01   2.481821e-14   6.357829e-09   2.625033e-15   96
  3.973835e-01   3.307926e-14   0.000000e+00   7.037193e-15   24
  3.986234e-01   2.812174e-14   0.000000e+00   1.820808e-15   192
  4.000835e-01   2.458836e-14   4.752666e-04   3.016145e-15   132
  4.023202e-01   2.662851e-14   0.000000e+00   3.200264e-15   96
  4.035449e-01   2.067375e-14   0.000000e+00   1.807266e-15   96
  4.047659e-01   3.158247e-14   5.086263e-09   2.687997e-15   120
  4.071969e-01   2.501923e-14   0.000000e+00   2.938676e-15   48
  4.091897e-01   1.322467e-13   5.759849e-04   6.527612e-14   222
  4.108165e-01   3.306746e-14   0.000000e+00   2.933575e-15   120
  4.120160e-01   2.268582e-14   7.786718e-09   4.654537e-15   24
  4.137624e-01   2.582235e-14   5.945000e-04   1.726152e-15   312
  4.175676e-01   2.686271e-14   5.573676e-04   2.261168e-15   72
  4.191407e-01   2.836405e-14   7.786718e-09   3.680069e-15   96
  4.207561e-01   2.764237e-14   5.676017e-04   2.674162e-15   192
  4.226581e-01   2.203027e-14   7.193062e-09   1.822573e-15   120
  4.238240e-01   1.938952e-14   0.000000e+00   1.537511e-15   144
  4.261464e-01   2.643849e-14   0.000000e+00   3.529249e-15   48
  4.277971e-01   2.305824e-14   5.707434e-04   1.306664e-15   336
  4.296063e-01   1.765966e-14   0.000000e+00   1.717747e-15   48
  4.318976e-01   2.470052e-14   0.000000e+00   1.689663e-15   192
  4.330387e-01   2.026421e-14   0.000000e+00   3.912287e-15   48
  4.362823e-01   2.538355e-14   3.961708e-04   4.003490e-15   56
  4.378950e-01   2.453780e-14   5.088179e-04   1.491224e-15   336
  4.398230e-01   3.611081e-12   5.651403e-09   1.622785e-12   54
  4.415024e-01   2.270838e-14   5.588647e-04   1.579520e-15   240
  4.449889e-01   2.227708e-14   5.351174e-04   1.608394e-15   228
  4.465042e-01   2.113637e-14   5.994218e-09   2.427023e-15   72
  4.479751e-01   2.259061e-14   5.190769e-04   1.914518e-15   144
  4.498076e-01   2.532986e-14   0.000000e+00   3.173159e-15   96
  4.509034e-01   2.078217e-14   7.193062e-09   1.332887e-15   240
  4.530869e-01   1.555704e-14   6.357829e-09   2.633605e-15   24
  4.544849e-01   2.388058e-14   4.902641e-04   1.247352e-15   336
  4.563427e-01   1.650997e-14   0.000000e+00   2.041078e-15   72
  4.580385e-01   1.877545e-14   5.332530e-04   1.445586e-15   168
  4.595754e-01   1.971113e-14   0.000000e+00   1.983994e-15   72
  4.617179e-01   2.711731e-14   0.000000e+00   2.994090e-15   96
  4.633772e-01   1.815235e-14   5.292526e-04   1.414017e-15   216
  4.649133e-01   1.671483e-14   0.000000e+00   1.644496e-15   96
  4.670313e-01   1.924243e-14   6.357829e-09   1.601714e-15   192
  4.680868e-01   1.690663e-14   5.994218e-09   1.986366e-15   144
  4.701905e-01   1.880666e-14   0.000000e+00   2.908134e-15   48
  4.716471e-01   7.806515e-14   5.102617e-04   3.926538e-14   246
  4.736262e-01   2.184885e-14   4.704694e-04   1.855697e-15   168
  4.754092e-01   2.001546e-14   1.245875e-08   2.577798e-15   120
  4.764461e-01   1.674640e-14   0.000000e+00   1.252100e-15   240
  4.785131e-01   3.050145e-14   0.000000e+00   7.621410e-15   24
  4.801601e-01   1.822944e-14   5.035960e-04   9.823808e-16   360
  4.822112e-01   2.138796e-14   5.014531e-04   1.999315e-15   120
  4.836420e-01   1.694470e-14   0.000000e+00   1.423767e-15   144
  4.846613e-01   2.217151e-14   0.000000e+00   2.245829e-15   96
  4.877063e-01   1.741022e-14   0.000000e+00   2.219645e-15   144
  4.887171e-01   1.832248e-14   0.000000e+00   1.832521e-15   132
  4.901376e-01   1.794782e-14   4.949267e-04   1.625129e-15   176
  4.921997e-01   1.756071e-14   4.997763e-04   1.111733e-15   312
  4.947385e-01   1.600416e-14   0.000000e+00   1.701113e-15   96
  4.957350e-01   1.608820e-14   0.000000e+00   1.664081e-15   144
  4.972638e-01   1.919096e-14   4.947633e-04   1.610800e-15   312
  4.997009e-01   1.911323e-14   0.000000e+00   3.382128e-15   48
  5.006875e-01   1.803271e-14   6.357829e-09   1.195551e-15   192
  5.026548e-01   2.539926e-11   0.000000e+00   3.906318e-12   6
  5.039619e-01   1.779596e-14   4.614506e-04   1.410271e-15   288
  5.060790e-01   2.042637e-14   4.875525e-04   3.103007e-15   192
  5.075398e-01   1.771144e-14   1.495221e-08   1.582372e-15   216
  5.085112e-01   1.643256e-14   0.000000e+00   1.619514e-15   72
  5.109313e-01   1.787228e-14   4.829223e-04   1.497690e-15   192
  5.125386e-01   1.440623e-14   3.585958e-04   9.842141e-16   288
  5.143009e-01   1.400840e-14   0.000000e+00   3.346050e-15   24
  5.156624e-01   1.496531e-14   4.724202e-04   8.288793e-16   456
  5.181247e-01   2.422007e-14   6.357829e-09   2.652762e-15   48
  5.196462e-01   1.384995e-14   4.653150e-04   9.288519e-16   240
  5.213948e-01   1.609068e-14   4.702532e-04   1.395520e-15   216
  5.228652e-01   1.700428e-14   0.000000e+00   1.680267e-15   72
  5.238082e-01   1.402761e-14   1.624747e-08   1.049023e-15   168
  5.264706e-01   1.566444e-14   3.495323e-04   9.819473e-16   288
  5.279636e-01   1.582409e-14   4.624911e-04   1.429771e-15   168
  5.303619e-01   1.532951e-14   0.000000e+00   1.241133e-15   192
  5.312915e-01   1.260547e-14   5.994218e-09   9.258660e-16   144
  5.331460e-01   1.482939e-14   5.994218e-09   2.918304e-15   36
  5.347186e-01   1.463473e-13   4.223528e-04   8.978433e-14   342
  5.362222e-01   2.228179e-14   4.337051e-04   2.100451e-15   144
  5.381552e-01   1.519081e-14   4.548480e-04   9.150388e-16   384
  5.405000e-01   1.549286e-14   1.245875e-08   1.202550e-15   120
  5.416606e-01   1.527531e-14   4.055921e-04   1.088390e-15   264
  5.432322e-01   1.449485e-14   2.010522e-08   1.225428e-15   192
  5.447121e-01   1.243004e-14   4.371030e-04   9.160203e-16   152
  5.459506e-01   1.422074e-14   1.198844e-08   1.678775e-15   144
  5.485556e-01   1.317811e-14   2.828973e-04   1.039906e-15   216
  5.497613e-01   1.417565e-14   3.780263e-04   9.516444e-16   312
  5.518839e-01   1.212024e-14   4.381250e-04   9.310334e-16   240
  5.531345e-01   9.178454e-15   6.357829e-09   1.000539e-15   96
  5.555083e-01   9.816648e-15   4.188792e-04   8.231986e-16   144
  5.569713e-01   1.216112e-14   4.117214e-04   6.236577e-16   456
  5.593447e-01   1.126476e-14   0.000000e+00   1.141789e-15   120
  5.602262e-01   1.350096e-14   0.000000e+00   1.095120e-15   144
  5.619852e-01   1.760553e-14   8.991328e-09   2.867704e-15   24
  5.631129e-01   1.088126e-14   3.957596e-04   6.519707e-16   336
  5.650632e-01   8.125133e-13   4.364690e-04   3.314848e-13   198
  5.668907e-01   1.521675e-14   4.244410e-04   1.899817e-15   432
  5.689666e-01   1.711003e-14   6.357829e-09   3.094609e-15   48
  5.700496e-01   1.177561e-14   3.747080e-04   6.458589e-16   384
  5.719941e-01   1.150395e-14   4.313683e-04   1.495554e-15   144
  5.737560e-01   1.344599e-14   4.282921e-04   1.086733e-15   264
  5.758634e-01   1.183344e-14   0.000000e+00   1.997529e-15   48
  5.772774e-01   1.174746e-14   4.072357e-04   1.153810e-15   276
  5.786417e-01   1.294684e-14   3.691482e-04   1.351169e-15   192
  5.804649e-01   1.007501e-14   4.148414e-04   4.987633e-16   552
  5.826786e-01   1.342212e-14   1.438612e-08   1.200539e-15   120
  5.839944e-01   8.671020e-15   4.199218e-04   5.713154e-16   216
  5.852139e-01   1.176508e-14   7.193062e-09   1.124524e-15   120
  5.873922e-01   1.178963e-14   4.135200e-04   6.963487e-16   408
  5.894150e-01   5.068652e-15   8.991328e-09   1.173688e-15   24
  5.906694e-01   1.159267e-14   4.177296e-04   7.884920e-16   384
  5.924213e-01   1.240936e-14   4.081368e-04   8.350526e-16   240
  5.939425e-01   1.154113e-14   4.111256e-04   1.086435e-15   168
  5.960753e-01   1.051179e-14   1.017253e-08   1.460849e-15   120
  5.974502e-01   2.781204e-13   4.285769e-04   1.852898e-13   350
  5.996859e-01   1.184811e-14   7.055203e-04   8.212429e-16   384
  6.010221e-01   1.322962e-14   0.000000e+00   1.034257e-15   144
  6.034802e-01   1.114006e-14   1.695421e-08   7.139760e-16   288
  6.047637e-01   1.001789e-14   4.038485e-04   6.827933e-16   336
  6.065098e-01   1.024593e-14   3.676705e-04   7.940204e-16   168
  6.075551e-01   1.236537e-14   7.266090e-09   7.611600e-16   336
  6.097171e-01   1.232461e-14   3.816201e-04   8.812320e-16   288
  6.110156e-01   1.034900e-14   3.595837e-04   7.599995e-16   264
  6.132144e-01   9.557556e-15   0.000000e+00   8.234341e-16   240
  6.140186e-01   8.954150e-15   1.271566e-08   9.791269e-16   96
  6.169049e-01   9.328266e-15   4.890096e-04   5.473633e-16   360
  6.182520e-01   1.113144e-14   3.604841e-04   1.249889e-15   168
  6.199540e-01   9.273913e-15   3.929651e-04   5.185343e-16   456
  6.220036e-01   9.004684e-15   7.992291e-09   1.050416e-15   108
  6.231564e-01   8.995522e-15   3.942898e-04   6.042615e-16   264
  6.245946e-01   9.870743e-15   3.517707e-04   6.046563e-16   264
  6.265640e-01   9.007295e-15   3.319469e-04   5.634709e-16   312
  6.290162e-01   6.768971e-13   2.466728e-04   3.157688e-13   270
  6.300440e-01   1.112283e-14   3.131822e-04   1.136739e-15   240
  6.318916e-01   1.017163e-14   3.874458e-04   8.622371e-16   384
  6.330134e-01   9.425774e-15   0.000000e+00   8.107255e-16   192
  6.351924e-01   1.037925e-14   3.108737e-04   8.936138e-16   240
  6.364563e-01   1.076570e-14   3.836683e-04   7.770986e-16   336
  6.388333e-01   9.988800e-15   3.862355e-04   5.395602e-16   480
  6.407617e-01   9.849158e-15   0.000000e+00   1.568588e-15   72
  6.418389e-01   8.657309e-15   3.766148e-04   6.911290e-16   240
  6.433040e-01   8.038485e-15   3.539663e-04   5.122680e-16   312
  6.449835e-01   7.677414e-15   3.825526e-04   5.152779e-16   240
  6.475214e-01   1.078651e-14   2.906410e-04   6.614859e-16   408
  6.485261e-01   8.835511e-15   2.661571e-04   5.238129e-16   336
  6.504896e-01   8.662311e-15   3.379539e-04   7.167587e-16   264
  6.514545e-01   8.568047e-15   0.000000e+00   5.756010e-16   144
  6.541393e-01   8.763509e-15   4.684242e-04   4.359159e-16   464
  6.555537e-01   1.035632e-14   3.724933e-04   1.069967e-15   168
  6.569502e-01   6.956570e-15   3.392602e-04   4.282192e-16   336
  6.594741e-01   3.057163e-13   3.564592e-04   2.102101e-13   414
  6.608969e-01   1.312560e-14   3.710529e-04   1.725155e-15   216
  6.627197e-01   1.721940e-14   8.991328e-09   1.807117e-15   96
  6.634639e-01   7.948351e-15   2.697398e-08   4.845365e-16   384
  6.660710e-01   1.033486e-14   3.703360e-04   6.338594e-16   492
  6.674682e-01   9.781192e-15   3.621568e-04   6.989216e-16   240
  6.690474e-01   9.446261e-15   3.677161e-04   6.455468e-16   312
  6.712282e-01   9.206362e-15   3.675950e-04   9.193926e-16   192
  6.726096e-01   8.909002e-15   3.562441e-04   6.362502e-16   504
  6.744424e-01   7.066137e-15   2.358397e-04   4.124830e-16   408
  6.758855e-01   7.739320e-15   7.225239e-04   7.195864e-16   168
  6.776913e-01   1.083547e-14   3.432052e-04   7.504935e-16   288
  6.792066e-01   7.766803e-15   3.581640e-04   5.189565e-16   288
  6.807589e-01   6.320687e-15   3.602256e-04   3.791923e-16   432
  6.830104e-01   7.782407e-15   3.406534e-04   6.190715e-16   216
  6.842135e-01   6.896852e-15   3.399348e-04   4.369834e-16   360
  6.863554e-01   7.044327e-15   3.317731e-04   5.078245e-16   312
  6.882885e-01   7.988408e-15   0.000000e+00   7.038729e-16   48
  6.894028e-01   7.066953e-15   3.557085e-04   4.753994e-16   432
  6.913984e-01   4.366627e-13   5.933254e-04   2.150822e-13   414
  6.925769e-01   7.754067e-15   3.130008e-08   4.811193e-16   312
  6.947756e-01   7.903063e-15   5.206101e-04   4.942642e-16   528
  6.962593e-01   7.665747e-15   2.732762e-04   6.281081e-16   264
  6.980417e-01   9.221896e-15   3.240306e-04   5.954040e-16   480
  7.003709e-01   7.907787e-15   0.000000e+00   5.772838e-16   288
  7.013766e-01   6.436043e-15   3.481608e-04   5.696954e-16   168
  7.032168e-01   7.631819e-15   5.511376e-04   3.889459e-16   504
  7.052858e-01   1.022998e-14   1.198844e-08   9.991210e-16   144
  7.065874e-01   6.785121e-15   3.539624e-04   5.272207e-16   464
  7.085433e-01   7.246389e-15   5.194598e-04   3.774148e-16   432
  7.094715e-01   9.190220e-15   0.000000e+00   1.122519e-15   192
  7.118702e-01   6.546105e-15   3.850933e-04   4.414610e-16   396
  7.132867e-01   7.322860e-15   3.459199e-04   4.697537e-16   288
  7.147184e-01   7.026430e-15   3.417097e-04   4.584605e-16   336
  7.170054e-01   6.734761e-15   2.163775e-04   4.344228e-16   432
  7.184567e-01   8.170441e-15   5.608202e-04   6.354167e-16   360
  7.200863e-01   6.690285e-15   3.317334e-04   3.520661e-16   384
  7.224007e-01   5.492159e-13   2.928185e-04   3.767504e-13   198
  7.235158e-01   8.781458e-15   3.328394e-04   1.044374e-15   552
  7.255952e-01   1.033016e-14   4.659523e-04   1.163328e-15   432
  7.273313e-01   6.239488e-15   0.000000e+00   5.092583e-16   168
  7.287883e-01   8.522249e-15   5.776104e-04   5.256327e-16   480
  7.307158e-01   6.799617e-15   0.000000e+00   5.676898e-16   120
  7.315834e-01   8.341046e-15   4.717672e-04   6.308386e-16   336
  7.337004e-01   6.316872e-15   3.328244e-04   3.708800e-16   672
  7.357937e-01   7.472137e-15   4.841385e-04   4.071410e-16   528
  7.367688e-01   5.300693e-15   1.453218e-08   4.830040e-16   168
  7.390213e-01   6.651856e-15   5.400533e-04   3.905664e-16   456
  7.403958e-01   9.742284e-15   3.298151e-04   1.053261e-15   168
  7.418226e-01   7.011578e-15   3.292229e-04   3.818168e-16   504
  7.441946e-01   5.734935e-15   4.236594e-04   4.187096e-16   336
  7.456288e-01   6.316668e-15   3.054083e-04   4.040527e-16   312
  7.472199e-01   6.283203e-15   2.984046e-04   4.324262e-16   504
  7.493135e-01   5.609908e-15   2.070414e-04   3.035143e-16   432
  7.502979e-01   6.093991e-15   3.199475e-04   3.891973e-16   312
  7.523441e-01   5.599526e-15   3.279618e-04   3.313471e-16   384
  7.544807e-01   1.056946e-12   2.786416e-04   5.278092e-13   126
  7.557997e-01   6.500059e-15   4.892282e-04   4.502453e-16   492
  7.574845e-01   6.549230e-15   3.133512e-04   3.611907e-16   528
  7.595900e-01   5.610599e-15   3.182975e-04   3.559863e-16   480
  7.608954e-01   6.805864e-15   4.397263e-04   4.113900e-16   432
  7.627844e-01   5.402082e-15   3.457865e-04   3.049164e-16   440
  7.649782e-01   7.950099e-15   1.719582e-04   8.997588e-16   312
  7.658014e-01   5.180827e-15   2.576938e-04   2.838816e-16   480
  7.674900e-01   5.854432e-15   5.045595e-04   3.588211e-16   408
  7.699572e-01   6.318880e-15   3.021740e-04   4.400571e-16   360
  7.709996e-01   5.910294e-15   2.915870e-04   4.095117e-16   408
  7.729312e-01   5.291966e-15   2.967266e-04   2.901560e-16   456
  7.751062e-01   6.143916e-15   2.835976e-04   4.225311e-16   264
  7.763135e-01   6.721640e-15   3.077746e-04   4.226641e-16   384
  7.780708e-01   5.122813e-15   5.181601e-04   2.686767e-16   672
  7.801024e-01   6.711266e-15   3.099267e-04   7.364759e-16   240
  7.812746e-01   4.270391e-15   3.144981e-04   2.458896e-16   264
  7.829292e-01   4.962949e-15   3.878815e-04   2.425481e-16   624
  7.853982e-01   5.164953e-13   0.000000e+00   3.469337e-13   150
  7.862772e-01   8.626617e-15   4.346518e-04   8.668951e-16   600
  7.881310e-01   7.194076e-15   2.999855e-04   4.037886e-16   672
  7.902303e-01   5.337224e-15   2.821575e-04   3.399592e-16   336
  7.913996e-01   6.923520e-15   3.069052e-04   5.272514e-16   408
  7.932681e-01   5.825643e-15   3.061822e-04   3.513865e-16   408
  7.953464e-01   5.923962e-15   1.548222e-04   4.002655e-16   360
  7.966274e-01   6.248750e-15   5.684571e-04   4.250349e-16   456
  7.981747e-01   6.286285e-15   3.091305e-04   5.331700e-16   384
  8.001443e-01   3.776801e-15   2.853666e-04   2.236878e-16   348
  8.012087e-01   6.317603e-15   3.518006e-04   3.716849e-16   576
  8.032080e-01   5.715593e-15   2.896616e-04   3.241566e-16   504
  8.052533e-01   5.141377e-15   4.085508e-04   3.087515e-16   432
  8.070386e-01   5.619973e-15   5.558314e-04   4.483058e-16   576
  8.083117e-01   6.021471e-15   0.000000e+00   4.713641e-16   264
  8.103314e-01   4.943772e-15   4.423029e-04   2.040983e-16   768
  8.120878e-01   3.318377e-15   5.954803e-04   2.177737e-16   240
  8.134843e-01   5.929156e-15   5.251573e-04   7.202284e-16   192
  8.155184e-01   5.028043e-15   3.865799e-04   3.029779e-16   504
  8.170269e-01   1.635467e-13   5.209309e-04   8.393565e-14   590
  8.184736e-01   7.305198e-15   5.836745e-04   8.596267e-16   384
  8.202876e-01   5.205660e-15   4.877800e-04   3.586048e-16   504
  8.224778e-01   6.040357e-15   4.694128e-04   3.581056e-16   648
  8.246022e-01   5.547936e-15   1.274863e-04   3.675316e-16   504
  8.254588e-01   4.584752e-15   2.908203e-04   2.661639e-16   312
  8.269711e-01   6.916744e-15   4.190005e-04   5.461005e-16   576
  8.290471e-01   5.746857e-15   2.915849e-04   4.332993e-16   240
  8.302574e-01   4.186359e-15   2.946324e-04   2.054194e-16   552
  8.319706e-01   5.877841e-15   2.766531e-04   4.265662e-16   600
  8.344107e-01   4.902767e-15   3.379098e-04   2.319099e-16   600
  8.358778e-01   4.464062e-15   5.411359e-04   2.835138e-16   312
  8.373389e-01   5.297195e-15   4.712758e-04   3.835250e-16   480
  8.391640e-01   4.303762e-15   2.940309e-04   2.634890e-16   576
  8.407709e-01   5.350938e-15   4.734535e-04   4.594770e-16   408
  8.421967e-01   3.491089e-15   5.523054e-04   3.042467e-16   216
  8.440389e-01   4.773453e-15   4.230038e-04   2.919180e-16   516
  8.460125e-01   5.268890e-15   4.035886e-04   2.366841e-16   744
  8.480486e-01   1.789149e-13   2.695616e-04   1.206594e-13   462
  8.491990e-01   8.634704e-15   2.739703e-04   1.430797e-15   432
  8.509836e-01   5.381208e-15   2.541675e-04   3.307193e-16   648
  8.530818e-01   4.587605e-15   3.718944e-04   2.905984e-16   528
  8.547671e-01   5.594166e-15   4.478537e-04   3.359408e-16   600
  8.564512e-01   5.231740e-15   5.646264e-04   3.713790e-16   240
  8.580823e-01   6.040580e-15   4.324984e-04   4.938036e-16   720
  8.599780e-01   4.582856e-15   3.421845e-04   2.404428e-16   720
  8.620796e-01   3.372571e-15   0.000000e+00   2.491819e-16   144
  8.631855e-01   5.769596e-15   4.411782e-04   2.896806e-16   720
  8.647586e-01   4.753369e-15   2.645391e-04   3.168482e-16   384
  8.667282e-01   4.159479e-15   2.932557e-04   1.824046e-16   672
  8.685969e-01   5.587132e-15   5.134584e-04   4.544798e-16   336
  8.694893e-01   4.629095e-15   0.000000e+00   3.854105e-16   288
  8.716748e-01   4.128125e-15   4.063680e-04   1.939389e-16   776
  8.736979e-01   3.796199e-15   3.477095e-04   1.830070e-16   720
  8.753970e-01   4.051739e-15   2.801055e-04   2.738354e-16   432
  8.767560e-01   5.196037e-15   3.993257e-04   4.007469e-16   504
  8.782678e-01   4.912794e-15   2.797843e-04   2.923327e-16   528
  8.803833e-01   2.815213e-13   3.811898e-04   1.777063e-13   438
  8.821237e-01   5.720179e-15   4.436701e-04   5.867771e-16   624
  8.834351e-01   5.510178e-15   5.434359e-04   5.509838e-16   312
  8.852381e-01   6.362845e-15   2.927896e-04   3.595950e-16   696
  8.871024e-01   4.595839e-15   2.649216e-04   2.988663e-16   552
  8.890414e-01   5.581844e-15   2.049609e-04   5.222435e-16   516
  8.902410e-01   5.552193e-15   4.093940e-04   3.810986e-16   528
  8.917013e-01   3.037115e-15   2.662401e-04   1.560072e-16   528
  8.937755e-01   4.359762e-15   3.511167e-04   2.312550e-16   864
  8.951836e-01   4.310104e-15   4.809576e-04   3.020555e-16   408
  8.965930e-01   6.776126e-15   4.765097e-04   7.999962e-16   192
  8.985906e-01   3.092594e-15   3.943347e-04   1.282455e-16   720
  9.002770e-01   4.151280e-15   3.635960e-04   2.532153e-16   696
  9.022808e-01   4.261923e-15   3.926871e-04   2.224091e-16   720
  9.041141e-01   4.085938e-15   5.322402e-04   2.468633e-16   432
  9.051831e-01   2.711190e-15   3.132974e-04   1.714936e-16   264
  9.071068e-01   4.117555e-15   4.326498e-04   2.674950e-16   672
  9.088274e-01   4.010607e-15   4.429670e-04   2.370335e-16   600
  9.108692e-01   5.726159e-13   2.593567e-04   3.954092e-13   270
  9.118985e-01   7.315495e-15   3.904042e-04   1.501877e-15   528
  9.135346e-01   5.430887e-15   2.673349e-04   3.968948e-16   840
  9.157780e-01   5.192665e-15   5.111923e-04   2.876440e-16   888
  9.178509e-01   4.077966e-15   3.808759e-04   2.376824e-16   744
  9.196028e-01   4.712275e-15   1.957146e-04   5.463881e-16   456
  9.204741e-01   5.227367e-15   2.674561e-04   3.933658e-16   360
  9.219651e-01   3.714620e-15   2.317357e-04   2.875602e-16   384
  9.242528e-01   4.378872e-15   3.717018e-04   2.963145e-16   816
  9.259693e-01   4.521587e-15   5.392874e-04   3.048521e-16   824
  9.280557e-01   3.873102e-15   2.506865e-04   2.968935e-16   360
  9.291730e-01   3.974731e-15   3.699191e-04   2.248257e-16   624
  9.307106e-01   5.402330e-15   2.499713e-04   5.857345e-16   360
  9.327590e-01   3.618740e-15   3.400343e-04   1.824199e-16   876
  9.346089e-01   3.899708e-15   4.038591e-04   2.277192e-16   696
  9.364747e-01   3.095662e-15   2.607857e-04   2.538989e-16   336
  9.374528e-01   4.599310e-15   2.604927e-04   2.967530e-16   504
  9.390682e-01   3.156488e-15   2.627499e-04   1.622048e-16   672
  9.414648e-01   3.259778e-15   5.230740e-04   1.942186e-16   720
  9.431269e-01   2.710461e-13   3.951266e-04   1.830223e-13   774
  9.449616e-01   7.521701e-15   2.261602e-04   9.863765e-16   384
  9.459224e-01   3.764883e-15   4.352293e-04   3.424240e-16   528
  9.474136e-01   4.367736e-15   4.147978e-04   3.028314e-16   744
  9.498123e-01   4.637512e-15   3.421202e-04   3.108186e-16   768
  9.514049e-01   4.395939e-15   3.840557e-04   3.568668e-16   552
  9.533920e-01   2.970437e-15   4.185773e-04   1.440727e-16   696
  9.548702e-01   4.934921e-15   5.086441e-04   4.019236e-16   408
  9.560436e-01   4.350794e-15   2.197383e-04   2.975425e-16   504
  9.579038e-01   3.640618e-15   3.947516e-04   1.836836e-16   888
  9.597342e-01   3.234600e-15   4.102611e-04   1.581903e-16   648
  9.616367e-01   4.035114e-15   4.067445e-04   2.753832e-16   648
  9.634268e-01   3.535662e-15   4.385703e-04   1.922143e-16   792
  9.653228e-01   3.006743e-15   6.416583e-04   1.808765e-16   600
  9.667199e-01   2.531588e-15   4.348569e-04   1.678137e-16   456
  9.681906e-01   3.849586e-15   2.119307e-04   2.466277e-16   648
  9.700794e-01   2.854289e-15   4.132958e-04   1.382274e-16   936
  9.721186e-01   3.579059e-15   2.538169e-04   2.220963e-16   384
  9.738937e-01   1.265656e-12   0.000000e+00   8.848158e-13   198
  9.752636e-01   6.532678e-15   6.439552e-04   1.205439e-15   1224
  9.767415e-01   5.467738e-15   4.689976e-04   5.663632e-16   420
  9.784892e-01   3.758446e-15   4.538916e-04   2.136600e-16   792
  9.801982e-01   4.009720e-15   3.753296e-04   2.910302e-16   680
  9.821484e-01   4.983023e-15   3.446453e-04   6.710463e-16   600
  9.837176e-01   3.306700e-15   4.998301e-04   1.871673e-16   840
  9.858129e-01   3.648506e-15   2.359966e-04   2.506422e-16   432
  9.866135e-01   4.035501e-15   2.211599e-04   2.792468e-16   720
  9.883541e-01   2.999674e-15   4.429446e-04   1.537462e-16   960
  9.905192e-01   3.053678e-15   3.948527e-04   2.257327e-16   528
  9.921014e-01   4.826349e-15   4.036147e-04   7.281711e-16   624
  9.939846e-01   3.317556e-15   3.172384e-04   1.919547e-16   816
  9.958538e-01   2.866236e-15   5.217054e-04   1.992124e-16   696
  9.979194e-01   2.490552e-15   3.523866e-08   1.788075e-16   240
  9.986961e-01   3.364356e-15   3.076621e-04   2.363833e-16   672
  1.000430e+00   2.993782e-15   5.498361e-04   1.756389e-16   864
  1.002374e+00   2.772273e-15   4.219100e-04   1.569600e-16   816
  1.004127e+00   3.321233e-15   2.414867e-04   2.697745e-16   648
  1.006015e+00   1.788344e-13   2.468434e-04   1.714336e-13   843
  1.007618e+00   3.758648e-15   4.441320e-04   4.824805e-16   780
  1.009528e+00   4.133205e-15   2.383130e-04   6.115529e-16   216
  1.010706e+00   3.159427e-15   5.746657e-04   1.628018e-16   1056
  1.012518e+00   2.821204e-15   4.701411e-04   3.209852e-16   228
  1.014195e+00   3.723392e-15   5.853373e-04   2.496951e-16   924
  1.015917e+00   3.081181e-15   2.171273e-04   1.957242e-16   696
  1.017741e+00   2.797783e-15   3.864245e-04   1.370201e-16   996
  1.019607e+00   2.384867e-15   2.281373e-04   1.682152e-16   576
  1.021548e+00   2.448121e-15   3.521149e-04   1.719608e-16   552
  1.022963e+00   3.197628e-15   4.204128e-04   1.873807e-16   516
  1.024399e+00   2.693842e-15   6.113675e-04   1.509674e-16   744
  1.026040e+00   2.225003e-15   2.999122e-04   1.282574e-16   576
  1.027467e+00   2.983291e-15   3.086856e-04   1.966199e-16   792
  1.029495e+00   2.556821e-15   3.528849e-04   1.148850e-16   792
  1.030982e+00   3.031206e-15   3.805826e-04   2.251862e-16   720
  1.032992e+00   2.512616e-15   4.337767e-04   1.635226e-16   656
  1.034876e+00   2.368521e-15   4.736616e-04   1.189859e-16   816
  1.036807e+00   2.877432e-15   2.553903e-04   2.120022e-16   492
  1.037904e+00   2.955418e-15   3.673970e-04   2.119384e-16   552
  1.039964e+00   2.206213e-15   6.388587e-04   1.523280e-16   780
  1.041302e+00   2.554116e-15   3.924433e-04   1.874558e-16   528
  1.042744e+00   2.110000e-15   4.581007e-04   1.161284e-16   600
  1.044868e+00   2.925531e-15   3.807180e-04   1.982789e-16   900
  1.046332e+00   2.454677e-15   2.107720e-04   1.582029e-16   696
  1.048347e+00   2.091665e-15   5.329451e-04   1.215165e-16   696
  1.050296e+00   1.839081e-15   2.162108e-04   9.291840e-17   552
  1.051935e+00   1.965320e-15   2.514331e-04   9.596217e-17   708
  1.053652e+00   2.015035e-15   4.151305e-04   1.052231e-16   876
  1.055438e+00   2.111972e-15   2.204260e-04   1.781268e-16   216
  1.056637e+00   2.105091e-15   6.028951e-04   9.561280e-17   1032
  1.058432e+00   1.898113e-15   6.712571e-04   1.319006e-16   600
  1.060296e+00   1.703555e-15   3.202990e-04   1.058062e-16   600
  1.061717e+00   2.143455e-15   5.656180e-04   1.271834e-16   528
  1.063397e+00   2.154836e-15   3.104995e-04   1.693360e-16   732
  1.065167e+00   1.976165e-15   2.292757e-04   1.625033e-16   336
  1.067205e+00   1.749517e-15   3.267633e-04   1.021219e-16   912
  1.068728e+00   1.769164e-15   3.279713e-04   1.828316e-16   624
  1.070391e+00   1.975923e-15   2.763746e-04   1.053438e-16   768
  1.072333e+00   1.816456e-15   4.986341e-04   9.099123e-17   792
  1.074239e+00   2.208454e-15   2.472022e-04   1.968999e-16   660
  1.075595e+00   1.722969e-15   3.642922e-04   1.144920e-16   504
  1.076998e+00   1.629759e-15   5.951837e-04   9.297878e-17   480
  1.079100e+00   1.405090e-15   5.504674e-04   6.028814e-17   912
  1.080746e+00   1.649817e-15   6.130308e-04   1.159234e-16   432
  1.082301e+00   1.937240e-15   3.640033e-04   1.174565e-16   564
  1.083681e+00   1.767216e-15   3.484013e-04   1.022311e-16   600
  1.085624e+00   1.965055e-15   4.856383e-04   1.151157e-16   876
  1.087083e+00   2.018543e-15   2.183577e-04   2.319453e-16   264
  1.089095e+00   1.779894e-15   4.236997e-04   1.139996e-16   560
  1.090713e+00   1.686814e-15   2.879131e-04   7.449125e-17   840
  1.092676e+00   1.295115e-15   4.438790e-04   5.141783e-17   1008
  1.094491e+00   1.213227e-15   1.985617e-04   7.292416e-17   456
  1.096149e+00   1.662350e-15   2.572085e-04   1.067111e-16   576
  1.097681e+00   1.724836e-15   3.952284e-04   9.442330e-17   612
  1.099702e+00   1.493220e-15   3.530031e-04   7.180245e-17   780
  1.101351e+00   1.536324e-15   4.045254e-04   8.831985e-17   648
  1.103039e+00   1.526686e-15   1.885140e-04   1.213812e-16   312
  1.104117e+00   1.317620e-15   4.789832e-04   7.206597e-17   528
  1.105986e+00   1.242229e-15   6.255282e-04   5.499725e-17   720
  1.107773e+00   1.472663e-15   6.274871e-04   8.850433e-17   576
  1.109940e+00   1.560180e-15   5.412886e-04   8.871730e-17   444
  1.111288e+00   1.554484e-15   5.308295e-04   7.306107e-17   996
  1.112940e+00   1.505207e-15   4.434024e-04   1.069896e-16   432
  1.114501e+00   1.580024e-15   4.854384e-04   1.105197e-16   504
  1.115850e+00   1.070836e-15   2.188612e-04   5.793237e-17   504
  1.117770e+00   1.441502e-15   4.307215e-04   7.114793e-17   876
  1.119508e+00   1.131998e-15   4.957194e-04   5.735989e-17   504
  1.121318e+00   1.290019e-15   3.161439e-04   7.459058e-17   696
  1.122813e+00   1.211482e-15   2.702699e-04   8.583469e-17   492
  1.124848e+00   1.407497e-15   3.869044e-04   9.468605e-17   432
  1.126355e+00   1.610218e-15   3.622936e-04   9.569910e-17   768
  1.128142e+00   1.277145e-15   4.512853e-04   6.731557e-17   648
  1.129847e+00   1.244665e-15   2.944152e-04   1.011566e-16   456
  1.131808e+00   1.109631e-15   4.048687e-04   5.513275e-17   552
  1.133169e+00   1.122998e-15   2.774973e-04   7.116072e-17   648
  1.135043e+00   1.127854e-15   4.523051e-04   5.180948e-17   840
  1.136873e+00   1.205556e-15   2.156948e-04   7.606170e-17   432
  1.138705e+00   1.190066e-15   2.641893e-04   6.603289e-17   600
  1.139979e+00   1.256647e-15   2.814763e-04   7.939812e-17   432
  1.142120e+00   1.261229e-15   2.802371e-04   6.651365e-17   560
  1.143569e+00   9.902358e-16   4.435859e-04   4.937500e-17   840
  1.145384e+00   1.047722e-15   2.627424e-04   5.390614e-17   504
  1.146826e+00   1.183827e-15   5.362415e-04   5.499311e-17   696
  1.148858e+00   1.406423e-15   2.928760e-04   1.082736e-16   384
  1.150441e+00   1.210181e-15   4.290289e-04   7.020842e-17   576
  1.152355e+00   1.177483e-15   2.647752e-04   7.771127e-17   360
  1.153898e+00   1.125524e-15   3.943145e-04   5.101101e-17   828
  1.155563e+00   1.289858e-15   3.512103e-04   1.340413e-16   372
  1.157088e+00   1.167747e-15   5.363655e-04   5.446720e-17   576
  1.159108e+00   1.281809e-15   2.246293e-04   7.567983e-17   636
  1.160548e+00   1.100887e-15   4.330272e-04   5.349361e-17   648
  1.162495e+00   1.172960e-15   3.520038e-04   7.324947e-17   576
  1.163893e+00   1.117172e-15   5.678192e-04   1.016272e-16   528
  1.165752e+00   1.030180e-15   2.427662e-04   7.039923e-17   360
  1.167291e+00   8.814687e-16   5.584532e-04   4.079127e-17   672
  1.169301e+00   1.179893e-15   2.860489e-04   5.765046e-17   804
  1.170973e+00   1.032235e-15   3.155462e-04   5.691459e-17   408
  1.172823e+00   9.891525e-16   1.950418e-04   6.594418e-17   384
  1.174069e+00   8.757859e-16   4.463307e-04   4.753427e-17   480
  1.175826e+00   1.167118e-15   2.883950e-04   8.207478e-17   432
  1.177511e+00   1.348022e-15   5.314505e-04   1.022663e-16   648
  1.179506e+00   1.037124e-15   3.297625e-04   6.984839e-17   624
  1.180965e+00   9.486953e-16   2.999468e-04   5.966802e-17   456
  1.182958e+00   9.332143e-16   4.097541e-04   5.769517e-17   588
  1.184293e+00   9.893283e-16   2.614214e-04   4.842437e-17   600
  1.186242e+00   9.236490e-16   4.077532e-04   5.006045e-17   708
  1.187782e+00   1.331296e-15   2.568767e-04   1.369682e-16   360
  1.189484e+00   1.156525e-15   2.952866e-04   6.873254e-17   552
  1.191115e+00   7.659852e-16   2.071505e-04   6.305636e-17   288
  1.192771e+00   9.340519e-16   3.894996e-04   5.304261e-17   528
  1.194327e+00   1.115278e-15   2.627744e-04   6.679643e-17   456
  1.196066e+00   9.793789e-16   4.659561e-04   6.183351e-17   608
  1.197814e+00   8.491525e-16   2.254347e-04   6.339678e-17   504
  1.199725e+00   7.444803e-16   4.839956e-04   4.634062e-17   540
  1.201223e+00   1.055511e-15   5.195556e-04   8.327482e-17   360
  1.202838e+00   9.729959e-16   2.352814e-04   5.340065e-17   540
  1.204266e+00   8.152966e-16   2.020170e-04   4.510512e-17   576
  1.206343e+00   1.084875e-15   4.684089e-04   6.974901e-17   588
  1.208318e+00   7.847608e-16   6.462628e-04   4.085191e-17   672
  1.210014e+00   8.304235e-16   4.939442e-04   5.485879e-17   552
  1.211382e+00   9.982635e-16   4.941939e-04   7.960408e-17   144
  1.213127e+00   9.429711e-16   4.198685e-04   5.831013e-17   600
  1.214781e+00   7.723935e-16   5.261868e-04   5.906607e-17   504
  1.216618e+00   7.944545e-16   5.405001e-04   6.767079e-17   336
  1.218549e+00   8.182532e-16   6.075245e-04   4.118188e-17   600
  1.220279e+00   6.839404e-16   3.920764e-04   3.369834e-17   636
  1.222146e+00   1.083884e-15   3.152330e-04   1.280191e-16   384
  1.223455e+00   1.042078e-15   4.397128e-04   6.109078e-17   504
  1.225342e+00   9.038418e-16   1.845413e-04   7.836426e-17   240
  1.226831e+00   8.254392e-16   4.335137e-04   4.012287e-17   744
  1.228618e+00   7.642646e-16   2.960240e-04   4.260210e-17   648
  1.230205e+00   1.255442e-15   1.965095e-04   1.264193e-16   120
  1.232066e+00   9.031962e-16   3.086910e-04   7.222883e-17   564
  1.233472e+00   8.102016e-16   4.848178e-04   4.112572e-17   432
  1.235349e+00   7.272545e-16   3.763145e-04   4.384233e-17   480
  1.236762e+00   5.779005e-16   2.769770e-04   3.393461e-17   456
  1.238430e+00   7.806533e-16   4.583559e-04   6.329297e-17   444
  1.240323e+00   7.106552e-16   7.013087e-04   4.211137e-17   528
  1.241986e+00   8.230634e-16   5.208476e-04   6.177372e-17   264
  1.243600e+00   7.193267e-16   5.337912e-04   4.548492e-17   444
  1.245770e+00   8.481677e-16   5.846898e-04   4.371181e-17   696
  1.247572e+00   1.010350e-15   3.127117e-04   7.448924e-17   384
  1.248890e+00   8.633063e-16   3.951374e-04   7.027691e-17   432
  1.250940e+00   7.589395e-16   2.730215e-04   6.068387e-17   488
  1.252270e+00   8.263470e-16   4.114773e-04   5.313559e-17   480
  1.254200e+00   7.263096e-16   4.588823e-04   5.368127e-17   480
  1.255694e+00   6.502203e-16   1.925330e-04   4.572866e-17   240
  1.257391e+00   8.116038e-16   4.497418e-04   5.562561e-17   600
  1.258991e+00   6.308780e-16   3.919039e-04   4.664097e-17   288
  1.260695e+00   6.997489e-16   3.769828e-04   4.324659e-17   480
  1.262421e+00   6.425780e-16   6.705851e-04   3.591490e-17   504
  1.264120e+00   6.666275e-16   2.877228e-04   5.015997e-17   216
  1.266287e+00   8.267880e-16   4.710480e-04   6.465654e-17   504
  1.267974e+00   9.006245e-16   3.788659e-04   9.083307e-17   456
  1.269821e+00   7.564220e-16   2.172861e-04   4.798585e-17   384
  1.271045e+00   9.220601e-16   4.410122e-04   7.190594e-17   480
  1.272784e+00   6.257502e-16   3.872581e-04   4.023759e-17   504
  1.274394e+00   7.242629e-16   2.456523e-04   5.795421e-17   312
  1.276130e+00   8.555273e-16   3.958603e-04   7.148925e-17   492
  1.277667e+00   8.217070e-16   3.710270e-04   6.992127e-17   312
  1.279645e+00   6.168484e-16   6.027038e-04   3.142661e-17   576
  1.281386e+00   7.328162e-16   5.563444e-04   6.527795e-17   336
  1.282832e+00   5.368938e-16   4.283594e-04   3.875428e-17   240
  1.284837e+00   7.850698e-16   5.678961e-04   4.777330e-17   468
  1.286567e+00   8.264718e-16   3.555851e-04   1.032760e-16   192
  1.288379e+00   5.529081e-16   3.566449e-04   3.822893e-17   324
  1.289707e+00   6.952000e-16   2.588470e-04   4.697153e-17   600
  1.291517e+00   8.834682e-16   4.199527e-04   6.037477e-17   456
  1.292860e+00   8.084260e-16   1.888947e-04   6.473456e-17   336
  1.295088e+00   8.004312e-16   5.656042e-04   5.262101e-17   612
  1.296708e+00   5.502217e-16   4.746798e-04   5.313680e-17   144
  1.298240e+00   7.877147e-16   5.540731e-04   5.411099e-17   552
  1.300324e+00   4.143917e-16   2.182008e-04   2.463903e-17   264
  1.301501e+00   7.689830e-16   5.051906e-04   8.430090e-17   336
  1.303359e+00   4.775818e-16   3.338126e-04   2.928387e-17   384
  1.304969e+00   7.137935e-16   1.879035e-04   6.877220e-17   216
  1.306752e+00   4.952450e-16   3.983942e-04   2.818722e-17   344
  1.308378e+00   4.968438e-16   5.944229e-04   3.140722e-17   408
  1.310359e+00   5.798763e-16   4.567753e-04   6.562390e-17   264
  1.312115e+00   7.659792e-16   6.367673e-04   5.952267e-17   612
  1.313869e+00   9.342432e-16   3.277292e-04   6.179215e-17   408
  1.315673e+00   5.548352e-16   3.282002e-04   5.455080e-17   444
  1.316998e+00   8.517244e-16   1.835599e-04   6.407089e-17   120
  1.318774e+00   5.817288e-16   5.071424e-04   4.409129e-17   336
  1.320092e+00   6.874075e-16   1.762300e-04   7.184204e-17   288
  1.321873e+00   5.493590e-16   5.484307e-04   3.178429e-17   552
  1.324322e+00   8.250913e-16   2.936555e-08   1.320552e-16   72
  1.325581e+00   5.681704e-16   5.447315e-04   3.637729e-17   504
  1.327052e+00   5.099681e-16   1.752893e-04   4.621569e-17   216
  1.328957e+00   5.171999e-16   3.129669e-04   4.358850e-17   312
  1.330668e+00   4.906548e-16   3.563621e-04   3.134939e-17   336
  1.332298e+00   7.637144e-16   4.939578e-04   1.592657e-16   204
  1.333922e+00   6.676288e-16   5.740541e-04   4.672557e-17   504
  1.335644e+00   7.548609e-16   5.466644e-04   6.821366e-17   396
  1.337300e+00   5.857023e-16   5.013198e-04   4.938283e-17   312
  1.339308e+00   7.253443e-16   3.063600e-04   7.172401e-17   216
  1.340723e+00   6.252238e-16   1.662675e-04   6.186774e-17   168
  1.342442e+00   5.716357e-16   4.198346e-04   3.754435e-17   588
  1.344403e+00   3.754577e-16   5.698763e-04   2.843801e-17   240
  1.345927e+00   3.971626e-16   5.032962e-04   2.876199e-17   264
  1.347715e+00   4.360082e-16   6.224294e-04   2.956533e-17   288
  1.349301e+00   4.724468e-16   3.108153e-04   4.013272e-17   288
  1.351311e+00   5.492745e-16   2.919050e-04   4.927541e-17   288
  1.352664e+00   4.317882e-16   3.381477e-04   3.268205e-17   192
  1.354367e+00   3.509198e-16   3.598230e-04   2.412413e-17   264
  1.355989e+00   8.830124e-16   5.918590e-04   8.286559e-17   372
  1.357735e+00   7.624283e-16   6.392333e-04   5.510157e-17   360
  1.359866e+00   6.736788e-16   2.705296e-04   7.316327e-17   144
  1.360967e+00   4.107782e-16   3.757537e-04   3.500055e-17   296
  1.362705e+00   5.472521e-16   4.048552e-04   6.132650e-17   288
  1.364696e+00   4.090151e-16   6.050459e-04   2.728259e-17   480
  1.366412e+00   3.949588e-16   5.027354e-04   4.619812e-17   192
  1.368081e+00   6.265084e-16   5.392523e-04   6.418090e-17   192
  1.369599e+00   4.846904e-16   3.436718e-04   5.414174e-17   288
  1.371709e+00   3.284733e-16   2.991616e-04   3.664708e-17   108
  1.372772e+00   5.420049e-16   2.876072e-04   4.046315e-17   240
  1.374649e+00   3.907719e-16   5.365380e-04   2.357810e-17   384
  1.376577e+00   5.368077e-16   6.545156e-04   6.196510e-17   108
  1.378282e+00   6.859146e-16   3.837546e-04   5.210364e-17   348
  1.380075e+00   5.123497e-16   4.005014e-04   8.390204e-17   312
  1.381676e+00   6.173209e-16   3.891711e-04   1.751262e-16   96
  1.383148e+00   4.847696e-16   5.181111e-04   4.232098e-17   384
  1.384797e+00   4.731171e-16   3.563555e-04   5.143805e-17   144
  1.386411e+00   5.142129e-16   5.475560e-04   3.565704e-17   408
  1.388416e+00   3.565606e-16   2.442487e-04   3.745217e-17   144
  1.390310e+00   4.393048e-16   4.695706e-04   4.450300e-17   192
  1.391433e+00   4.848739e-16   5.285104e-04   5.489018e-17   144
  1.393265e+00   3.520808e-16   4.296985e-04   2.869324e-17   144
  1.394992e+00   3.836983e-16   5.251611e-04   2.977656e-17   336
  1.397108e+00   2.968630e-16   3.885526e-04   1.804122e-17   240
  1.398450e+00   4.358913e-16   1.764383e-04   5.892967e-17   96
  1.400321e+00   7.048715e-16   5.174086e-04   9.280186e-17   372
  1.402214e+00   4.735285e-16   6.154464e-04   6.991481e-17   132
  1.403877e+00   3.890572e-16   3.808309e-04   3.331014e-17   264
  1.405364e+00   5.369352e-16   2.924607e-04   7.584903e-17   168
  1.406952e+00   4.366119e-16   4.675886e-04   3.883563e-17   216
  1.408354e+00   4.148514e-16   2.860765e-04   4.589388e-17   216
  1.410397e+00   3.373734e-16   5.248313e-04   3.519371e-17   96
  1.412250e+00   6.090557e-16   3.424046e-04   1.029910e-16   120
  1.413949e+00   3.513200e-16   4.352925e-04   2.514436e-17   216
  1.415349e+00   3.117478e-16   1.902243e-04   2.593226e-17   200
  1.417203e+00   3.672607e-16   4.924091e-04   2.603064e-17   288
  1.419580e+00   2.225482e-16   1.295624e-04   1.883363e-17   144
  1.420582e+00   3.694736e-16   4.031902e-04   2.453616e-17   168
  1.422626e+00   4.701040e-16   4.537530e-04   6.422470e-17   159
  1.424222e+00   4.539045e-16   4.760960e-04   7.898295e-17   174
  1.425766e+00   2.476678e-16   4.317072e-04   1.989527e-17   144
  1.427789e+00   4.029728e-16   2.492797e-04   4.019258e-17   222
  1.429141e+00   3.438532e-16   2.515453e-04   3.115876e-17   168
  1.431477e+00   6.884454e-16   5.517354e-04   7.995481e-17   30
  1.432442e+00   2.023545e-16   4.871418e-04   2.058485e-17   72
  1.434260e+00   3.531702e-16   4.347683e-04   3.178844e-17   258
  1.436258e+00   3.274176e-16   2.723066e-04   2.218996e-17   264
  1.437257e+00   2.631696e-16   0.000000e+00   3.086724e-17   72
  1.439339e+00   2.547493e-16   5.397231e-04   1.899577e-17   174
  1.441225e+00   3.233856e-16   5.747054e-04   3.487681e-17   168
  1.442740e+00   2.351110e-16   1.798266e-08   3.270082e-17   48
  1.444367e+00   2.584991e-16   3.245497e-04   2.392157e-17   150
  1.446254e+00   3.203098e-16   5.970324e-04   2.412762e-17   168
  1.448146e+00   2.624457e-16   3.636845e-04   2.170516e-17   144
  1.449885e+00   3.309930e-16   3.397640e-04   4.076300e-17   102
  1.451181e+00   1.508859e-16   5.029091e-04   1.978998e-17   96
  1.453237e+00   2.665989e-16   4.991035e-04   2.507294e-17   120
  1.454759e+00   2.180045e-16   5.353016e-04   1.903534e-17   168
  1.456406e+00   3.807631e-16   3.952779e-04   3.363771e-17   126
  1.457809e+00   2.730757e-16   2.981185e-04   2.197862e-17   168
  1.459742e+00   1.601763e-16   4.780335e-04   1.613004e-17   72
  1.461432e+00   2.362659e-16   5.986044e-04   1.444467e-17   168
  1.462911e+00   2.930974e-16   1.641069e-04   2.880768e-17   78
  1.464939e+00   2.544174e-16   2.694513e-04   3.282264e-17   60
  1.466572e+00   2.254407e-16   4.370936e-04   3.228459e-17   96
  1.468265e+00   2.810448e-16   5.303767e-04   1.953266e-17   168
  1.469857e+00   1.955965e-16   3.356018e-04   3.090242e-17   86
  1.471527e+00   2.054131e-16   2.999484e-04   2.103877e-17   120
  1.473920e+00   2.178057e-16   2.139030e-04   1.617313e-17   168
  1.475211e+00   1.626223e-16   0.000000e+00   2.242884e-17   48
  1.476949e+00   2.560587e-16   3.897081e-04   2.191658e-17   120
  1.477948e+00   3.016521e-16   2.843078e-04   2.584876e-17   126
  1.480387e+00   2.328355e-16   5.000182e-04   2.235279e-17   96
  1.481970e+00   1.691609e-16   1.441806e-04   1.528434e-17   96
  1.483218e+00   1.653025e-16   1.695421e-08   1.624823e-17   72
  1.485877e+00   2.019512e-16   1.798266e-08   3.904746e-17   24
  1.487537e+00   1.535249e-16   2.967202e-04   1.446049e-17   120
  1.488831e+00   2.076042e-16   4.328235e-04   3.114000e-17   126
  1.490271e+00   1.598389e-16   3.608170e-04   1.329277e-17   96
  1.491953e+00   1.559490e-16   6.235971e-04   1.300124e-17   72
  1.493826e+00   1.939408e-16   2.697267e-04   1.785057e-17   144
  1.495367e+00   2.324310e-16   1.555721e-04   3.565860e-17   72
  1.496907e+00   2.575641e-16   3.107329e-04   2.303884e-17   54
  1.498261e+00   2.119990e-16   2.738298e-04   2.285307e-17   108
  1.501076e+00   2.394220e-16   2.684240e-04   2.784286e-17   72
  1.501953e+00   2.420637e-16   1.548899e-04   2.709188e-17   72
  1.504032e+00   2.091632e-16   3.114687e-08   4.345190e-17   24
  1.506000e+00   1.307535e-16   3.276762e-04   2.242455e-17   48
  1.507194e+00   1.843224e-16   2.496047e-04   1.900399e-17   102
  1.508993e+00   1.561965e-16   5.645020e-04   1.121026e-17   168
  1.511342e+00   2.099637e-16   3.078662e-04   2.905770e-17   72
  1.512213e+00   1.678184e-16   0.000000e+00   2.169494e-17   48
  1.514039e+00   1.774110e-16   5.295485e-04   1.431388e-17   120
  1.516449e+00   1.475419e-16   3.254183e-04   1.491747e-17   96
  1.518725e+00   2.214128e-16   2.877225e-08   4.022889e-17   30
  1.521431e+00   2.517337e-16   1.528959e-04   3.202320e-17   72
  1.522619e+00   1.038648e-16   1.798266e-08   1.716282e-17   24
  1.524147e+00   2.166224e-16   2.266295e-04   2.669248e-17   56
  1.525857e+00   1.676753e-16   3.234118e-04   1.820541e-17   96
  1.527904e+00   2.022103e-16   3.571257e-04   1.485769e-17   144
  1.529482e+00   1.917073e-16   2.027620e-04   2.616719e-17   54
  1.531775e+00   1.666763e-16   3.037589e-04   1.593234e-17   108
  1.534082e+00   2.407740e-16   1.608389e-04   3.011737e-17   48
  1.536278e+00   2.481530e-16   6.056100e-04   2.167910e-17   72
  1.541549e+00   1.729740e-16   4.001285e-04   2.183650e-17   78
  1.543009e+00   2.050403e-16   3.015470e-04   2.191361e-17   72
  1.544714e+00   1.775326e-16   3.011726e-04   1.825996e-17   72
  1.546496e+00   1.902324e-16   7.267626e-04   1.856165e-17   96
  1.547905e+00   2.221749e-16   3.005518e-04   2.921965e-17   72
  1.549605e+00   2.090618e-16   0.000000e+00   2.971528e-17   24
  1.551302e+00   2.068235e-16   5.997465e-04   2.498844e-17   72
  1.555136e+00   1.246647e-16   3.808574e-04   2.497838e-17   30
  1.555961e+00   1.476134e-16   0.000000e+00   2.596763e-17   24
  1.560395e+00   1.331144e-16   3.162535e-04   1.521352e-17   48
  1.561785e+00   1.830519e-16   6.805772e-04   1.692590e-17   120
  1.563659e+00   1.472060e-16   2.975642e-04   1.824699e-17   72
  1.565552e+00   1.346506e-16   2.972044e-04   1.868571e-17   36
  1.566852e+00   1.699166e-16   5.874143e-04   2.001612e-17   78
  1.570482e+00   2.045933e-16   3.142221e-04   2.387386e-17   48
  1.575188e+00   1.571463e-16   2.543132e-08   3.124312e-17   24
  1.578541e+00   9.950227e-17   2.188179e-04   1.040843e-17   56
  1.580230e+00   1.791173e-16   3.367194e-04   1.637756e-17   102
  1.582378e+00   1.734578e-16   2.397687e-08   2.170095e-17   72
  1.583624e+00   1.355419e-16   1.798266e-08   3.037218e-17   24
  1.585804e+00   1.262644e-16   3.111861e-04   1.192136e-17   48
  1.589845e+00   1.724903e-16   0.000000e+00   2.290998e-17   24
  1.594803e+00   9.496654e-17   0.000000e+00   3.766905e-17   6
  1.596350e+00   1.639554e-16   0.000000e+00   2.652561e-17   24
  1.597380e+00   1.747719e-16   2.912818e-04   1.633519e-17   72
  1.599261e+00   1.864401e-16   5.434137e-04   2.232014e-17   84
  1.601288e+00   1.982719e-16   0.000000e+00   3.860896e-17   24
  1.601904e+00   1.734230e-16   2.543132e-08   4.612425e-17   24
  1.604982e+00   2.443754e-16   3.114687e-08   5.414791e-17   24
  1.609281e+00   1.060200e-16   0.000000e+00   1.237052e-17   6
  1.614791e+00   8.220698e-17   3.056001e-04   1.168735e-17   48
  1.616114e+00   1.337534e-16   5.757006e-04   1.671328e-17   72
  1.617844e+00   1.573437e-16   3.050234e-04   1.770095e-17   48
  1.620587e+00   2.088020e-16   0.000000e+00   3.608601e-17   24
  1.624237e+00   3.378138e-16   0.000000e+00   1.606837e-16   6
  1.632419e+00   1.315430e-16   0.000000e+00   4.713137e-17   8
  1.633024e+00   2.175179e-16   1.798266e-08   2.993732e-17   48
  1.634474e+00   1.492951e-16   2.958090e-04   1.983305e-17   60
  1.636646e+00   1.524156e-16   0.000000e+00   4.010913e-17   24
  1.639659e+00   2.232470e-16   0.000000e+00   5.749201e-17   6
  1.650757e+00   1.844835e-16   0.000000e+00   3.291511e-17   24
  1.651653e+00   1.997460e-16   2.987795e-04   2.493862e-17   48
  1.653147e+00   1.787049e-16   0.000000e+00   2.935457e-17   24
  1.655533e+00   3.648799e-16   0.000000e+00   4.488063e-17   6
  1.669090e+00   2.276203e-16   2.787329e-04   4.615155e-17   36
  1.670075e+00   1.077220e-16   0.000000e+00   2.474697e-17   24
  1.671847e+00   2.296896e-16   0.000000e+00   9.731725e-17   6
  1.687272e+00   1.566782e-16   2.533103e-04   2.420932e-17   32
  1.688588e+00   1.657014e-16   0.000000e+00   3.591299e-17   6
  1.705164e+00   2.894460e-16   0.000000e+00   1.050937e-16   12
  1.705743e+00   2.120329e-16   0.000000e+00   6.372008e-17   6
  1.723300e+00   1.138768e-16   0.000000e+00   2.186941e-17   6
