# power spectrum of phi
# redshift z=1.000000
# k              Pk             sigma(k)       sigma(Pk)      count
  6.981317e-03   3.230432e-10   0.000000e+00   1.302786e-10   6
  9.873073e-03   1.807139e-10   0.000000e+00   3.601005e-11   12
  1.209200e-02   1.290381e-10   1.324548e-10   2.654842e-11   8
  1.396263e-02   4.296919e-10   0.000000e+00   4.598045e-11   6
  1.561070e-02   2.843793e-10   0.000000e+00   9.051063e-11   24
  1.710066e-02   3.879448e-10   2.497591e-10   6.597791e-11   24
  1.974615e-02   1.616073e-10   0.000000e+00   7.217717e-11   12
  2.094395e-02   1.806252e-10   2.825702e-10   3.229238e-11   30
  2.207686e-02   2.312770e-10   0.000000e+00   5.062356e-11   24
  2.315441e-02   1.991177e-10   4.325955e-10   4.971039e-11   24
  2.418399e-02   2.177107e-10   2.649095e-10   4.370202e-11   8
  2.517150e-02   1.852883e-10   3.532127e-10   2.355655e-11   24
  2.612170e-02   1.679637e-10   0.000000e+00   2.380540e-11   48
  2.792527e-02   2.047484e-10   0.000000e+00   9.029305e-11   6
  2.878471e-02   1.512900e-10   4.995182e-10   2.129041e-11   48
  2.961922e-02   1.406369e-10   0.000000e+00   1.498393e-11   36
  3.043086e-02   1.870899e-10   3.532127e-10   3.973119e-11   24
  3.122140e-02   1.127253e-10   0.000000e+00   1.858449e-11   24
  3.199241e-02   9.779910e-11   0.000000e+00   1.298576e-11   48
  3.274528e-02   1.345528e-10   4.995182e-10   1.910641e-11   24
  3.420133e-02   1.130242e-10   4.995182e-10   1.740800e-11   24
  3.490659e-02   7.288943e-11   0.000000e+00   1.208494e-11   30
  3.559787e-02   8.069221e-11   0.000000e+00   8.657619e-12   72
  3.627599e-02   8.204019e-11   5.298191e-10   1.710792e-11   32
  3.759554e-02   9.576681e-11   0.000000e+00   1.097250e-11   72
  3.823825e-02   6.176537e-11   0.000000e+00   9.132498e-12   48
  3.949229e-02   2.954382e-11   0.000000e+00   8.736868e-12   12
  4.010461e-02   5.880760e-11   0.000000e+00   8.663634e-12   48
  4.070772e-02   5.022565e-11   0.000000e+00   4.749173e-12   48
  4.130203e-02   6.575626e-11   4.995182e-10   8.501386e-12   48
  4.188790e-02   7.910440e-11   5.651403e-10   1.390380e-11   30
  4.246569e-02   8.413364e-11   4.995182e-10   1.861225e-11   24
  4.303573e-02   7.766108e-11   1.053077e-09   8.367739e-12   72
  4.415373e-02   4.444637e-11   0.000000e+00   8.736884e-12   24
  4.470224e-02   6.159772e-11   0.000000e+00   5.864011e-12   96
  4.524411e-02   4.606640e-11   0.000000e+00   6.460632e-12   48
  4.577956e-02   3.719023e-11   8.651909e-10   8.807539e-12   24
  4.630882e-02   2.892460e-11   8.651909e-10   6.069616e-12   24
  4.683210e-02   6.521900e-11   0.000000e+00   7.783616e-12   72
  4.734960e-02   5.223553e-11   0.000000e+00   7.958112e-12   48
  4.836798e-02   3.796565e-11   5.298191e-10   1.044843e-11   8
  4.886922e-02   6.506235e-11   6.279337e-10   8.375741e-12   54
  4.936537e-02   3.921979e-11   0.000000e+00   6.244943e-12   84
  4.985658e-02   5.098808e-11   0.000000e+00   7.466988e-12   48
  5.034299e-02   2.887467e-11   7.064254e-10   4.968880e-12   24
  5.082475e-02   3.887556e-11   6.660243e-10   4.425455e-12   72
  5.130199e-02   4.966327e-11   0.000000e+00   5.740771e-12   96
  5.224339e-02   6.021847e-11   0.000000e+00   6.620576e-12   48
  5.270779e-02   3.512628e-11   0.000000e+00   3.583004e-12   48
  5.316813e-02   3.296743e-11   7.064254e-10   6.463104e-12   24
  5.362451e-02   3.459207e-11   0.000000e+00   3.903652e-12   72
  5.452583e-02   3.208213e-11   6.660243e-10   3.781668e-12   72
  5.497095e-02   3.319577e-11   0.000000e+00   3.720353e-12   96
  5.585054e-02   6.220015e-11   0.000000e+00   2.647261e-11   6
  5.628518e-02   3.863105e-11   0.000000e+00   4.241568e-12   96
  5.671649e-02   3.983669e-11   7.064254e-10   4.259397e-12   96
  5.714454e-02   2.224229e-11   0.000000e+00   5.474695e-12   24
  5.756941e-02   2.871529e-11   9.990364e-10   3.240537e-12   48
  5.799117e-02   3.004832e-11   0.000000e+00   3.026379e-12   96
  5.840989e-02   2.692407e-11   0.000000e+00   3.927682e-12   48
  5.923844e-02   2.841196e-11   0.000000e+00   4.600785e-12   36
  5.964840e-02   2.845496e-11   1.223565e-09   3.564803e-12   48
  6.005556e-02   3.059825e-11   1.384305e-09   2.725909e-12   120
  6.045998e-02   2.615108e-11   0.000000e+00   3.476587e-12   56
  6.086171e-02   1.371340e-11   7.064254e-10   2.455011e-12   24
  6.126081e-02   2.100552e-11   0.000000e+00   1.917434e-12   96
  6.165732e-02   2.103600e-11   0.000000e+00   2.585666e-12   48
  6.244280e-02   3.127051e-11   0.000000e+00   5.684089e-12   24
  6.283185e-02   2.953426e-11   0.000000e+00   3.067471e-12   102
  6.321851e-02   3.726802e-11   0.000000e+00   5.928478e-12   48
  6.360282e-02   2.914567e-11   0.000000e+00   3.120456e-12   72
  6.398483e-02   2.560323e-11   0.000000e+00   2.500504e-12   48
  6.436456e-02   3.205147e-11   0.000000e+00   5.866983e-12   48
  6.474207e-02   2.518059e-11   1.598458e-09   2.514275e-12   120
  6.549056e-02   2.684946e-11   9.990364e-10   4.105953e-12   24
  6.586161e-02   1.978670e-11   9.419006e-10   1.713490e-12   144
  6.623059e-02   1.960207e-11   1.130281e-09   2.121623e-12   120
  6.659752e-02   2.036910e-11   9.990364e-10   2.919054e-12   48
  6.732538e-02   2.278942e-11   9.990364e-10   3.102687e-12   48
  6.768638e-02   1.869053e-11   9.990364e-10   1.779928e-12   96
  6.863955e-02   2.083924e-11   1.675093e-04   2.365258e-12   72
  6.911151e-02   1.839848e-11   1.255867e-09   1.408505e-12   108
  6.946323e-02   1.939959e-11   0.000000e+00   2.057436e-12   72
  6.981317e-02   1.413982e-11   0.000000e+00   3.383164e-12   30
  7.016137e-02   2.091977e-11   0.000000e+00   1.574783e-12   168
  7.050785e-02   2.731168e-11   0.000000e+00   3.433508e-12   48
  7.119574e-02   1.523681e-11   0.000000e+00   1.965115e-12   72
  7.153721e-02   2.164193e-11   0.000000e+00   2.226062e-12   96
  7.187706e-02   1.807560e-11   1.883801e-09   2.759790e-12   72
  7.221530e-02   1.954261e-11   0.000000e+00   2.146274e-12   72
  7.278398e-02   2.048001e-11   1.546684e-04   1.702006e-12   104
  7.322067e-02   1.759842e-11   1.332049e-09   1.373389e-12   144
  7.421242e-02   1.233472e-11   2.233913e-09   1.235095e-12   96
  7.454007e-02   1.050730e-11   0.000000e+00   1.102525e-12   96
  7.506116e-02   1.628743e-11   1.591194e-04   1.487729e-12   120
  7.551449e-02   1.382099e-11   0.000000e+00   1.185508e-12   120
  7.583651e-02   1.736690e-11   0.000000e+00   1.946676e-12   72
  7.647650e-02   1.955168e-11   0.000000e+00   2.617794e-12   48
  7.679449e-02   1.731581e-11   1.505926e-09   2.353687e-12   78
  7.720128e-02   1.828576e-11   1.424762e-04   1.565826e-12   168
  7.805350e-02   1.612917e-11   1.332049e-09   1.379516e-12   144
  7.836509e-02   2.022510e-11   1.332049e-09   1.532722e-12   144
  7.926883e-02   1.488702e-11   8.205478e-05   1.437121e-12   156
  7.959926e-02   1.380179e-11   1.730382e-09   3.040537e-12   48
  7.990483e-02   1.363196e-11   1.130281e-09   1.229887e-12   120
  8.020923e-02   9.080016e-12   0.000000e+00   1.031369e-12   48
  8.074745e-02   1.401117e-11   1.255998e-04   1.082738e-12   216
  8.141545e-02   8.006747e-12   0.000000e+00   9.190513e-13   48
  8.171422e-02   9.863448e-12   9.990364e-10   8.087035e-13   96
  8.213902e-02   1.157164e-11   1.467830e-04   1.099819e-12   168
  8.260406e-02   8.632057e-12   9.990364e-10   1.248601e-12   48
  8.289855e-02   1.343863e-11   0.000000e+00   1.385173e-12   96
  8.319199e-02   9.828427e-12   0.000000e+00   1.730744e-12   48
  8.377580e-02   1.408774e-11   1.130281e-09   1.955074e-12   30
  8.406619e-02   9.952248e-12   9.990364e-10   8.738760e-13   96
  8.441325e-02   1.143657e-11   1.153584e-04   8.750204e-13   240
  8.485953e-02   2.277779e-11   1.244551e-04   3.602303e-12   32
  8.521783e-02   8.326343e-12   0.000000e+00   6.596470e-13   168
  8.550332e-02   8.648228e-12   0.000000e+00   8.346536e-13   120
  8.607146e-02   8.979340e-12   2.106154e-09   1.235357e-12   72
  8.635412e-02   1.147345e-11   1.332049e-09   1.170814e-12   144
  8.663587e-02   9.015924e-12   0.000000e+00   8.657434e-13   96
  8.691670e-02   9.977045e-12   0.000000e+00   8.099602e-13   96
  8.747565e-02   1.584301e-11   1.631420e-09   2.014897e-12   72
  8.775379e-02   8.288021e-12   1.412851e-09   8.761601e-13   96
  8.830745e-02   1.360627e-11   0.000000e+00   2.430337e-12   24
  8.858298e-02   9.489405e-12   0.000000e+00   6.568353e-13   192
  8.890745e-02   8.829002e-12   1.056148e-04   7.463607e-13   132
  8.940448e-02   9.778014e-12   0.000000e+00   8.354379e-13   96
  8.967664e-02   5.435069e-12   0.000000e+00   5.528028e-13   96
  8.994798e-02   7.261474e-12   1.130281e-09   5.609249e-13   120
  9.048821e-02   7.620829e-12   0.000000e+00   9.316554e-13   48
  9.093103e-02   7.319682e-12   1.279966e-04   4.470445e-13   222
  9.129257e-02   8.935755e-12   0.000000e+00   8.316730e-13   120
  9.155911e-02   5.147076e-12   1.730382e-09   1.113002e-12   24
  9.194720e-02   1.031487e-11   1.321111e-04   7.071030e-13   312
  9.279280e-02   1.091907e-11   1.238595e-04   1.221547e-12   72
  9.314239e-02   7.151513e-12   9.990364e-10   7.152891e-13   96
  9.350136e-02   9.138537e-12   1.261337e-04   8.482937e-13   192
  9.392401e-02   7.010208e-12   1.598458e-09   8.019623e-13   120
  9.418312e-02   7.184983e-12   0.000000e+00   6.529043e-13   144
  9.469919e-02   7.318435e-12   0.000000e+00   9.766057e-13   48
  9.506602e-02   6.357121e-12   1.268319e-04   4.454222e-13   336
  9.546807e-02   6.823171e-12   0.000000e+00   7.700076e-13   48
  9.597724e-02   6.728079e-12   0.000000e+00   7.044755e-13   192
  9.623081e-02   4.631616e-12   0.000000e+00   5.374878e-13   48
  9.695161e-02   4.814051e-12   8.803796e-05   5.750430e-13   56
  9.731001e-02   6.172756e-12   1.130706e-04   3.617773e-13   336
  9.773844e-02   6.071299e-12   1.255867e-09   1.204401e-12   54
  9.811165e-02   6.298937e-12   1.241922e-04   4.712284e-13   240
  9.888643e-02   6.566718e-12   1.189150e-04   6.119120e-13   228
  9.922316e-02   5.551089e-12   1.332049e-09   7.090984e-13   72
  9.955002e-02   6.498844e-12   1.153504e-04   5.454331e-13   144
  9.995725e-02   6.362268e-12   0.000000e+00   6.277789e-13   96
  1.002007e-01   5.720238e-12   1.598458e-09   4.622672e-13   240
  1.006860e-01   3.536522e-12   1.412851e-09   5.220271e-13   24
  1.009966e-01   5.730817e-12   1.089476e-04   3.233542e-13   336
  1.014095e-01   3.243906e-12   0.000000e+00   3.584783e-13   72
  1.017863e-01   6.716789e-12   1.185007e-04   5.795068e-13   168
  1.021279e-01   5.461409e-12   0.000000e+00   6.563710e-13   72
  1.026040e-01   8.047707e-12   0.000000e+00   8.786547e-13   96
  1.029727e-01   3.960306e-12   1.176117e-04   2.809173e-13   216
  1.033141e-01   3.699964e-12   1.412851e-09   2.875855e-13   96
  1.037847e-01   4.846850e-12   0.000000e+00   3.311166e-13   192
  1.040193e-01   4.959654e-12   1.332049e-09   3.686200e-13   144
  1.044868e-01   3.118555e-12   0.000000e+00   3.511155e-13   48
  1.048105e-01   5.188489e-12   1.133915e-04   4.434153e-13   246
  1.052503e-01   6.164546e-12   1.045488e-04   6.137807e-13   168
  1.056465e-01   5.287500e-12   1.957704e-09   8.825173e-13   120
  1.058769e-01   4.328419e-12   0.000000e+00   3.979631e-13   240
  1.063363e-01   3.987136e-12   1.412851e-09   8.914653e-13   24
  1.067022e-01   4.371928e-12   1.119102e-04   2.700767e-13   360
  1.071580e-01   6.485795e-12   1.114340e-04   6.263256e-13   120
  1.074760e-01   4.440696e-12   0.000000e+00   3.955668e-13   144
  1.077025e-01   6.554022e-12   0.000000e+00   6.555693e-13   96
  1.083792e-01   4.457595e-12   0.000000e+00   3.487553e-13   144
  1.086038e-01   5.934209e-12   0.000000e+00   6.157099e-13   132
  1.089195e-01   3.650800e-12   1.099837e-04   3.157410e-13   176
  1.093777e-01   4.070749e-12   1.110614e-04   2.714261e-13   312
  1.099419e-01   4.377196e-12   0.000000e+00   5.707841e-13   96
  1.101633e-01   2.916194e-12   0.000000e+00   2.764312e-13   144
  1.105031e-01   4.270571e-12   1.099474e-04   3.102997e-13   312
  1.110446e-01   3.362384e-12   0.000000e+00   3.736973e-13   48
  1.112639e-01   3.471208e-12   1.412851e-09   2.598569e-13   192
  1.117011e-01   3.139973e-12   0.000000e+00   9.674934e-13   6
  1.119915e-01   3.626737e-12   1.025446e-04   2.534275e-13   288
  1.124620e-01   4.038003e-12   1.083450e-04   3.685965e-13   192
  1.127866e-01   3.575360e-12   3.322713e-09   2.790634e-13   216
  1.130025e-01   4.133767e-12   0.000000e+00   6.608108e-13   72
  1.135403e-01   4.391368e-12   1.073161e-04   4.790146e-13   192
  1.138975e-01   4.474218e-12   7.968796e-05   3.754636e-13   288
  1.142891e-01   2.867613e-12   0.000000e+00   6.172223e-13   24
  1.145916e-01   3.674339e-12   1.049823e-04   2.592478e-13   456
  1.151388e-01   3.309960e-12   1.998073e-09   7.263046e-13   48
  1.154769e-01   3.905746e-12   1.034033e-04   3.163444e-13   240
  1.158655e-01   4.404967e-12   1.045007e-04   3.326730e-13   216
  1.161923e-01   3.072027e-12   0.000000e+00   3.672615e-13   72
  1.164018e-01   2.546177e-12   3.610549e-09   2.329166e-13   168
  1.169935e-01   3.312710e-12   7.767385e-05   2.598334e-13   288
  1.173253e-01   3.761974e-12   1.027758e-04   3.301412e-13   168
  1.178582e-01   3.574676e-12   0.000000e+00   3.647969e-13   192
  1.180648e-01   2.405402e-12   1.332049e-09   1.716122e-13   144
  1.184769e-01   5.254094e-12   0.000000e+00   7.480416e-13   36
  1.188264e-01   2.731847e-12   9.385617e-05   1.932043e-13   342
  1.191605e-01   3.256112e-12   9.637890e-05   4.585194e-13   144
  1.195900e-01   3.750835e-12   1.010773e-04   3.117564e-13   384
  1.201111e-01   3.756809e-12   2.768611e-09   4.244749e-13   120
  1.203690e-01   3.726151e-12   9.013158e-05   2.460183e-13   264
  1.207183e-01   3.118438e-12   4.467827e-09   3.000013e-13   192
  1.210471e-01   2.583057e-12   9.713401e-05   2.327222e-13   152
  1.213224e-01   3.075892e-12   2.664097e-09   3.725574e-13   144
  1.219012e-01   2.002184e-12   6.286607e-05   1.763819e-13   216
  1.221692e-01   3.637612e-12   8.400585e-05   2.610239e-13   312
  1.226409e-01   2.959525e-12   9.736112e-05   2.324583e-13   240
  1.229188e-01   2.494247e-12   1.412851e-09   2.252343e-13   96
  1.234463e-01   1.658019e-12   9.308426e-05   1.451226e-13   144
  1.237714e-01   2.823421e-12   9.149363e-05   1.746509e-13   456
  1.242988e-01   1.622787e-12   0.000000e+00   1.247134e-13   120
  1.244947e-01   2.447788e-12   0.000000e+00   2.640099e-13   144
  1.248856e-01   2.246736e-12   0.000000e+00   3.046556e-13   24
  1.251362e-01   2.189719e-12   8.794658e-05   1.315914e-13   336
  1.255696e-01   2.441452e-12   9.699311e-05   2.184468e-13   198
  1.259757e-01   3.286087e-12   9.432023e-05   2.895278e-13   432
  1.264370e-01   5.268066e-12   0.000000e+00   8.098723e-13   48
  1.266777e-01   3.608543e-12   8.326844e-05   2.600599e-13   384
  1.271098e-01   2.709586e-12   9.585962e-05   3.605420e-13   144
  1.275013e-01   4.463520e-12   9.517601e-05   4.607454e-13   264
  1.279697e-01   2.094165e-12   0.000000e+00   2.065380e-13   48
  1.282839e-01   2.482873e-12   9.049683e-05   2.015901e-13   276
  1.285870e-01   2.678913e-12   8.203293e-05   2.698334e-13   192
  1.289922e-01   2.377741e-12   9.218697e-05   1.314111e-13   552
  1.294841e-01   1.849320e-12   3.196917e-09   2.783716e-13   120
  1.297765e-01   1.579406e-12   9.331596e-05   1.271596e-13   216
  1.300475e-01   1.872009e-12   1.598458e-09   1.630024e-13   120
  1.305316e-01   2.824173e-12   9.189333e-05   1.794534e-13   408
  1.309811e-01   6.032725e-13   1.998073e-09   7.814581e-14   24
  1.312599e-01   2.249896e-12   9.282881e-05   1.848912e-13   384
  1.316492e-01   1.503602e-12   9.069708e-05   9.754115e-14   240
  1.319872e-01   2.163219e-12   9.136125e-05   1.618084e-13   168
  1.324612e-01   1.379982e-12   2.260561e-09   1.539172e-13   120
  1.327667e-01   2.549903e-12   9.523931e-05   2.168946e-13   350
  1.332635e-01   2.818101e-12   1.567823e-04   2.436105e-13   384
  1.335605e-01   3.780343e-12   0.000000e+00   5.572248e-13   144
  1.341067e-01   2.086152e-12   3.767602e-09   2.142194e-13   288
  1.343919e-01   2.415697e-12   8.974411e-05   2.215102e-13   336
  1.347800e-01   1.577723e-12   8.170456e-05   1.609047e-13   168
  1.350122e-01   2.716459e-12   1.614687e-09   2.643249e-13   336
  1.354927e-01   1.634403e-12   8.480446e-05   1.180920e-13   288
  1.357812e-01   2.180985e-12   7.990748e-05   1.792691e-13   264
  1.362699e-01   1.958314e-12   0.000000e+00   1.877863e-13   240
  1.364486e-01   1.625340e-12   2.825702e-09   1.843781e-13   96
  1.370900e-01   2.189431e-12   1.086688e-04   1.844592e-13   360
  1.373893e-01   1.940774e-12   8.010757e-05   2.791691e-13   168
  1.377676e-01   1.783196e-12   8.732558e-05   1.168550e-13   456
  1.382230e-01   1.394061e-12   2.511735e-09   1.510745e-13   108
  1.384792e-01   1.017976e-12   8.761995e-05   6.463296e-14   264
  1.387988e-01   1.645144e-12   7.817127e-05   1.748048e-13   264
  1.392364e-01   1.767059e-12   7.376599e-05   1.017779e-13   312
  1.397814e-01   2.107246e-12   5.481617e-05   2.696699e-13   270
  1.400098e-01   2.345138e-12   6.959603e-05   2.865812e-13   240
  1.404204e-01   2.413194e-12   8.609907e-05   2.385935e-13   384
  1.406696e-01   1.426651e-12   0.000000e+00   1.208148e-13   192
  1.411539e-01   2.236507e-12   6.908303e-05   2.746887e-13   240
  1.414347e-01   2.297770e-12   8.525963e-05   2.000576e-13   336
  1.419630e-01   1.807957e-12   8.583011e-05   1.177563e-13   480
  1.423915e-01   2.260196e-12   0.000000e+00   3.399282e-13   72
  1.426309e-01   2.232474e-12   8.369217e-05   2.808029e-13   240
  1.429564e-01   1.462594e-12   7.865917e-05   1.072141e-13   312
  1.433297e-01   1.151532e-12   8.501169e-05   8.536179e-14   240
  1.438936e-01   1.635927e-12   6.458688e-05   1.348528e-13   408
  1.441169e-01   1.442647e-12   5.914602e-05   1.146505e-13   336
  1.445532e-01   1.541687e-12   7.510087e-05   1.456363e-13   264
  1.447677e-01   8.749771e-13   0.000000e+00   7.945888e-14   144
  1.453643e-01   1.430291e-12   1.040943e-04   1.176120e-13   464
  1.456786e-01   1.046643e-12   8.277629e-05   9.318602e-14   168
  1.459889e-01   1.283699e-12   7.539115e-05   1.366715e-13   336
  1.465498e-01   1.476952e-12   7.921315e-05   1.373692e-13   414
  1.468660e-01   3.065039e-12   8.245619e-05   3.798338e-13   216
  1.472710e-01   3.531850e-12   1.998073e-09   4.803831e-13   96
  1.474364e-01   1.572743e-12   5.994218e-09   1.838782e-13   384
  1.480158e-01   1.505037e-12   8.229688e-05   1.203091e-13   492
  1.483263e-01   1.805386e-12   8.047930e-05   1.626771e-13   240
  1.486772e-01   1.414418e-12   8.171468e-05   1.154605e-13   312
  1.491618e-01   7.527526e-13   8.168777e-05   8.465264e-14   192
  1.494688e-01   1.492023e-12   7.916535e-05   1.260000e-13   504
  1.498761e-01   1.482410e-12   5.240881e-05   1.532706e-13   408
  1.501968e-01   9.699974e-13   1.605609e-04   8.326554e-14   168
  1.505981e-01   1.689344e-12   7.626782e-05   1.346577e-13   288
  1.509348e-01   1.067731e-12   7.959200e-05   9.206001e-14   288
  1.512797e-01   8.558970e-13   8.005014e-05   6.687082e-14   432
  1.517801e-01   1.252254e-12   7.570076e-05   1.197439e-13   216
  1.520474e-01   1.105478e-12   7.554106e-05   9.781880e-14   360
  1.525234e-01   1.275948e-12   7.372735e-05   1.074703e-13   312
  1.529530e-01   1.783481e-12   0.000000e+00   3.005174e-13   48
  1.532006e-01   1.039990e-12   7.904634e-05   7.930045e-14   432
  1.536441e-01   1.017966e-12   1.318501e-04   1.006099e-13   414
  1.539060e-01   1.291220e-12   6.955573e-09   1.422306e-13   312
  1.543946e-01   1.480617e-12   1.156911e-04   1.534905e-13   528
  1.547243e-01   1.500983e-12   6.072803e-05   2.174614e-13   264
  1.551204e-01   1.440352e-12   7.200680e-05   1.501428e-13   480
  1.556380e-01   1.270551e-12   0.000000e+00   1.327483e-13   288
  1.558615e-01   1.003482e-12   7.736908e-05   1.169430e-13   168
  1.562704e-01   1.462557e-12   1.224750e-04   1.067923e-13   504
  1.567302e-01   2.222324e-12   2.664097e-09   2.874708e-13   144
  1.570194e-01   7.186648e-13   7.865832e-05   4.965958e-14   464
  1.574541e-01   9.027463e-13   1.154355e-04   7.529803e-14   432
  1.576603e-01   1.338612e-12   1.998073e-09   1.659062e-13   192
  1.581934e-01   8.109149e-13   8.557628e-05   7.196692e-14   396
  1.585082e-01   7.868342e-13   7.687110e-05   6.281224e-14   288
  1.588263e-01   8.111406e-13   7.593549e-05   8.074965e-14   336
  1.593345e-01   8.763763e-13   4.808388e-05   7.549895e-14   432
  1.596570e-01   9.840101e-13   1.246267e-04   9.174553e-14   360
  1.600192e-01   7.990981e-13   7.371853e-05   5.320155e-14   384
  1.605335e-01   8.040470e-13   6.507077e-05   8.748860e-14   198
  1.607813e-01   1.035136e-12   7.396430e-05   1.061163e-13   552
  1.612434e-01   1.640167e-12   1.035450e-04   1.988934e-13   432
  1.616292e-01   8.677289e-13   0.000000e+00   9.330121e-14   168
  1.619530e-01   1.516060e-12   1.283579e-04   1.499236e-13   480
  1.623813e-01   5.470480e-13   0.000000e+00   5.938224e-14   120
  1.625741e-01   1.120581e-12   1.048372e-04   1.104703e-13   336
  1.630445e-01   9.396959e-13   7.396097e-05   7.913211e-14   672
  1.635097e-01   1.108705e-12   1.075863e-04   7.675126e-14   528
  1.637264e-01   4.581344e-13   3.229373e-09   3.959036e-14   168
  1.642270e-01   1.108785e-12   1.200118e-04   9.738026e-14   456
  1.645324e-01   1.463183e-12   7.329223e-05   2.794105e-13   168
  1.648495e-01   8.836906e-13   7.316065e-05   7.206061e-14   504
  1.653766e-01   5.971936e-13   9.414654e-05   7.564655e-14   336
  1.656953e-01   9.583536e-13   6.786851e-05   8.969297e-14   312
  1.660489e-01   8.752586e-13   6.631214e-05   8.094645e-14   504
  1.665141e-01   6.727991e-13   4.600920e-05   4.548590e-14   432
  1.667329e-01   5.701531e-13   7.109945e-05   4.063336e-14   312
  1.671876e-01   6.242626e-13   7.288039e-05   4.660123e-14   384
  1.676624e-01   1.565521e-12   6.192036e-05   3.499971e-13   126
  1.679555e-01   1.049743e-12   1.087174e-04   1.041290e-13   492
  1.683299e-01   1.089100e-12   6.963360e-05   1.026753e-13   528
  1.687978e-01   7.874274e-13   7.073279e-05   7.774512e-14   480
  1.690879e-01   1.164622e-12   9.771696e-05   1.206275e-13   432
  1.695076e-01   1.003070e-12   7.684145e-05   1.065884e-13   440
  1.699951e-01   1.151921e-12   3.821294e-05   1.233264e-13   312
  1.701781e-01   8.309447e-13   5.726529e-05   1.077376e-13   480
  1.705533e-01   8.972850e-13   1.121243e-04   1.067698e-13   408
  1.711016e-01   1.113002e-12   6.714979e-05   1.039090e-13   360
  1.713332e-01   8.209426e-13   6.479710e-05   8.256196e-14   408
  1.717625e-01   5.533774e-13   6.593925e-05   6.086141e-14   456
  1.722458e-01   7.188872e-13   6.302169e-05   6.337531e-14   264
  1.725141e-01   7.191577e-13   6.839435e-05   7.353781e-14   384
  1.729046e-01   6.435767e-13   1.151467e-04   5.002919e-14   672
  1.733561e-01   1.054033e-12   6.887260e-05   1.246557e-13   240
  1.736166e-01   4.565711e-13   6.988846e-05   3.266393e-14   264
  1.739843e-01   3.750682e-13   8.619588e-05   3.141155e-14   624
  1.745329e-01   5.421055e-13   0.000000e+00   1.240975e-13   150
  1.747283e-01   1.119311e-12   9.658929e-05   9.991626e-14   600
  1.751402e-01   8.167057e-13   6.666345e-05   6.788812e-14   672
  1.756067e-01   6.902886e-13   6.270167e-05   1.151068e-13   336
  1.758666e-01   1.248198e-12   6.820115e-05   1.255929e-13   408
  1.762818e-01   9.466929e-13   6.804049e-05   1.269091e-13   408
  1.767436e-01   6.791107e-13   3.440492e-05   5.625413e-14   360
  1.770283e-01   9.225450e-13   1.263238e-04   9.791248e-14   456
  1.773722e-01   7.222016e-13   6.869566e-05   8.154336e-14   384
  1.778099e-01   3.764516e-13   6.341480e-05   3.354153e-14   348
  1.780464e-01   9.505251e-13   7.817791e-05   8.237297e-14   576
  1.784907e-01   5.155878e-13   6.436923e-05   4.678899e-14   504
  1.789452e-01   5.720106e-13   9.078907e-05   5.661845e-14   432
  1.793419e-01   5.236752e-13   1.235181e-04   3.891601e-14   576
  1.796248e-01   6.041735e-13   0.000000e+00   9.129003e-14   264
  1.800736e-01   5.444828e-13   9.828954e-05   3.602025e-14   768
  1.804640e-01   1.920344e-13   1.323290e-04   1.336649e-14   240
  1.807743e-01   5.974232e-13   1.167016e-04   1.051159e-13   192
  1.812263e-01   3.703114e-13   8.590664e-05   2.403627e-14   504
  1.815615e-01   7.880082e-13   1.157624e-04   1.099376e-13   590
  1.818830e-01   9.797844e-13   1.297055e-04   1.262394e-13   384
  1.822861e-01   6.493377e-13   1.083956e-04   6.874267e-14   504
  1.827729e-01   1.053323e-12   1.043140e-04   9.735984e-14   648
  1.832449e-01   5.927353e-13   2.833030e-05   7.664504e-14   504
  1.834353e-01   4.730325e-13   6.462673e-05   4.446086e-14   312
  1.837714e-01   8.661756e-13   9.311123e-05   7.805750e-14   576
  1.842327e-01   9.994540e-13   6.479663e-05   1.387716e-13   240
  1.845017e-01   4.045742e-13   6.547387e-05   2.987992e-14   552
  1.848823e-01   8.543564e-13   6.147846e-05   8.708198e-14   600
  1.854246e-01   5.869456e-13   7.509108e-05   5.650637e-14   600
  1.857506e-01   4.293153e-13   1.202524e-04   4.287980e-14   312
  1.860753e-01   7.030983e-13   1.047280e-04   6.470936e-14   480
  1.864809e-01   4.782142e-13   6.534019e-05   5.247707e-14   576
  1.868380e-01   8.248088e-13   1.052119e-04   8.105410e-14   408
  1.871548e-01   1.221348e-13   1.227345e-04   8.904912e-15   216
  1.875642e-01   4.213843e-13   9.400084e-05   3.880993e-14   516
  1.880028e-01   4.741199e-13   8.968636e-05   3.435958e-14   744
  1.884552e-01   5.336559e-13   5.990257e-05   4.976915e-14   462
  1.887109e-01   8.433659e-13   6.088230e-05   1.258307e-13   432
  1.891075e-01   8.687827e-13   5.648168e-05   8.103916e-14   648
  1.895737e-01   7.786597e-13   8.264320e-05   1.036859e-13   528
  1.899483e-01   6.226992e-13   9.952305e-05   5.940630e-14   600
  1.903225e-01   1.431764e-12   1.254725e-04   2.546975e-13   240
  1.906850e-01   6.174171e-13   9.611075e-05   6.177954e-14   720
  1.911062e-01   5.465919e-13   7.604100e-05   5.317526e-14   720
  1.915732e-01   1.034927e-13   0.000000e+00   1.042843e-14   144
  1.918190e-01   6.115336e-13   9.803961e-05   5.043387e-14   720
  1.921686e-01   6.436857e-13   5.878648e-05   6.072644e-14   384
  1.926063e-01   3.898244e-13   6.516793e-05   3.119880e-14   672
  1.930215e-01   8.051523e-13   1.141019e-04   9.546938e-14   336
  1.932199e-01   6.888359e-13   0.000000e+00   8.614418e-14   288
  1.937055e-01   4.205242e-13   9.030399e-05   3.518068e-14   776
  1.941551e-01   3.410799e-13   7.726878e-05   2.571099e-14   720
  1.945327e-01   2.718306e-13   6.224567e-05   2.296109e-14   432
  1.948347e-01   5.981630e-13   8.873905e-05   7.036713e-14   504
  1.951706e-01   3.638866e-13   6.217429e-05   2.911395e-14   528
  1.956407e-01   6.991821e-13   8.470885e-05   9.969191e-14   438
  1.960275e-01   8.455347e-13   9.859335e-05   9.932416e-14   624
  1.963189e-01   7.844520e-13   1.207635e-04   1.118297e-13   312
  1.967196e-01   8.272538e-13   6.506437e-05   6.949328e-14   696
  1.971339e-01   6.081901e-13   5.887146e-05   7.980397e-14   552
  1.975648e-01   6.515974e-13   4.554687e-05   7.688683e-14   516
  1.978313e-01   7.900359e-13   9.097645e-05   8.437725e-14   528
  1.981558e-01   1.475340e-13   5.916447e-05   9.368738e-15   528
  1.986168e-01   6.099990e-13   7.802593e-05   5.382816e-14   864
  1.989297e-01   5.560919e-13   1.068795e-04   6.413960e-14   408
  1.992429e-01   7.414875e-13   1.058911e-04   6.979706e-14   192
  1.996868e-01   3.490463e-13   8.762994e-05   3.512967e-14   720
  2.000615e-01   3.662633e-13   8.079911e-05   3.413132e-14   696
  2.005068e-01   4.038747e-13   8.726379e-05   3.314183e-14   720
  2.009142e-01   3.879821e-13   1.182756e-04   3.893835e-14   432
  2.011518e-01   2.092437e-13   6.962164e-05   2.317435e-14   264
  2.015793e-01   3.520445e-13   9.614441e-05   2.613070e-14   672
  2.019616e-01   4.096323e-13   9.843711e-05   3.333107e-14   600
  2.024154e-01   2.316489e-13   5.763483e-05   6.365679e-14   270
  2.026441e-01   6.723628e-13   8.675648e-05   8.856922e-14   528
  2.030077e-01   6.128335e-13   5.940776e-05   5.974447e-14   840
  2.035062e-01   7.559165e-13   1.135983e-04   6.386704e-14   888
  2.039669e-01   4.221644e-13   8.463909e-05   4.602298e-14   744
  2.043562e-01   4.533334e-13   4.349214e-05   4.391407e-14   456
  2.045498e-01   9.265991e-13   5.943469e-05   8.744661e-14   360
  2.048811e-01   5.175370e-13   5.149682e-05   8.651981e-14   384
  2.053895e-01   4.068669e-13   8.260041e-05   3.010071e-14   816
  2.057710e-01   4.722868e-13   1.198416e-04   3.889297e-14   824
  2.062346e-01   3.555342e-13   5.570811e-05   5.264976e-14   360
  2.064829e-01   4.058485e-13   8.220424e-05   3.371061e-14   624
  2.068246e-01   5.326153e-13   5.554917e-05   6.621825e-14   360
  2.072798e-01   3.655275e-13   7.556319e-05   3.324179e-14   876
  2.076909e-01   3.049045e-13   8.974647e-05   2.859058e-14   696
  2.081055e-01   1.633010e-13   5.795238e-05   1.849910e-14   336
  2.083228e-01   4.773173e-13   5.788726e-05   5.811132e-14   504
  2.086818e-01   3.446979e-13   5.838888e-05   3.727223e-14   672
  2.092144e-01   2.175037e-13   1.162387e-04   1.935219e-14   720
  2.095838e-01   5.225682e-13   8.780591e-05   5.782740e-14   774
  2.099915e-01   1.189982e-12   5.025783e-05   1.586829e-13   384
  2.102050e-01   6.502552e-13   9.671763e-05   7.681664e-14   528
  2.105364e-01   5.082636e-13   9.217729e-05   5.415309e-14   744
  2.110694e-01   5.388009e-13   7.602671e-05   5.019979e-14   768
  2.114233e-01   6.278549e-13   8.534571e-05   7.476299e-14   552
  2.118649e-01   3.341439e-13   9.301717e-05   3.412670e-14   696
  2.121934e-01   6.390483e-13   1.130320e-04   7.289384e-14   408
  2.124541e-01   4.954659e-13   4.883074e-05   5.280866e-14   504
  2.128675e-01   3.189529e-13   8.772259e-05   2.974918e-14   888
  2.132743e-01   3.526903e-13   9.116913e-05   4.387690e-14   648
  2.136971e-01   3.374828e-13   9.038766e-05   3.592193e-14   648
  2.140948e-01   3.245036e-13   9.746006e-05   3.018599e-14   792
  2.145162e-01   2.541658e-13   1.425907e-04   2.760037e-14   600
  2.148267e-01   1.259674e-13   9.663487e-05   9.565857e-15   456
  2.151535e-01   3.185725e-13   4.709572e-05   2.961082e-14   648
  2.155732e-01   2.337507e-13   9.184351e-05   1.926095e-14   936
  2.160264e-01   3.635927e-13   5.640375e-05   3.233210e-14   384
  2.164208e-01   4.783806e-14   4.745948e-09   4.815961e-15   198
  2.167253e-01   4.688579e-14   1.431011e-04   2.073833e-15   1224
  2.170537e-01   6.001086e-14   1.042217e-04   4.426151e-15   420
  2.174420e-01   4.651278e-14   1.008648e-04   2.752018e-15   792
  2.178218e-01   4.157834e-14   8.340657e-05   2.144363e-15   680
  2.182552e-01   4.223758e-14   7.658783e-05   3.237520e-15   600
  2.186039e-01   4.216011e-14   1.110734e-04   2.141484e-15   840
  2.190695e-01   3.775155e-14   5.244369e-05   2.979482e-15   432
  2.192474e-01   4.622518e-14   4.914665e-05   2.462089e-15   720
  2.196343e-01   3.762901e-14   9.843213e-05   1.493131e-15   960
  2.201154e-01   4.525286e-14   8.774504e-05   3.224207e-15   528
  2.204670e-01   3.893426e-14   8.969217e-05   2.328323e-15   624
  2.208855e-01   4.357659e-14   7.049743e-05   2.094995e-15   816
  2.213008e-01   3.404405e-14   1.159345e-04   1.954346e-15   696
  2.217599e-01   3.121711e-14   7.830814e-09   2.534847e-15   240
  2.219325e-01   4.179999e-14   6.836935e-05   2.267517e-15   672
  2.223177e-01   3.618639e-14   1.221858e-04   1.975734e-15   864
  2.227499e-01   2.693773e-14   9.375778e-05   1.222052e-15   816
  2.231394e-01   3.192930e-14   5.366372e-05   1.637498e-15   648
  2.235589e-01   3.893340e-14   5.485410e-05   1.786856e-15   843
  2.239151e-01   3.116153e-14   9.869601e-05   1.788333e-15   780
  2.243395e-01   3.251844e-14   5.295844e-05   3.031291e-15   216
  2.246013e-01   3.120228e-14   1.277035e-04   1.279066e-15   1056
  2.250039e-01   3.410476e-14   1.044758e-04   3.456636e-15   228
  2.253767e-01   3.927169e-14   1.300750e-04   1.897613e-15   924
  2.257594e-01   3.853878e-14   4.825052e-05   1.853914e-15   696
  2.261647e-01   3.295758e-14   8.587211e-05   1.594148e-15   996
  2.265793e-01   2.621982e-14   5.069718e-05   1.652496e-15   576
  2.270107e-01   3.219984e-14   7.824775e-05   2.161893e-15   552
  2.273251e-01   3.933312e-14   9.342507e-05   2.577604e-15   516
  2.276442e-01   3.403344e-14   1.358594e-04   1.827796e-15   744
  2.280088e-01   2.383577e-14   6.664715e-05   1.401081e-15   576
  2.283260e-01   2.789230e-14   6.859680e-05   1.360208e-15   792
  2.287768e-01   3.074592e-14   7.841886e-05   1.412763e-15   792
  2.291071e-01   3.017916e-14   8.457391e-05   1.741119e-15   720
  2.295538e-01   2.943920e-14   9.639481e-05   1.682023e-15   656
  2.299724e-01   2.598520e-14   1.052581e-04   1.196863e-15   816
  2.304015e-01   2.585051e-14   5.675340e-05   1.795385e-15   492
  2.306454e-01   2.832392e-14   8.164378e-05   1.564993e-15   552
  2.311032e-01   2.366539e-14   1.419686e-04   1.314235e-15   780
  2.314005e-01   2.761173e-14   8.720963e-05   2.030699e-15   528
  2.317208e-01   2.315158e-14   1.018002e-04   1.393806e-15   600
  2.321929e-01   2.996505e-14   8.460399e-05   1.374662e-15   900
  2.325183e-01   2.330370e-14   4.683822e-05   1.493898e-15   696
  2.329660e-01   2.464324e-14   1.184322e-04   1.713348e-15   696
  2.333991e-01   2.086085e-14   4.804683e-05   9.662345e-16   552
  2.337633e-01   1.905302e-14   5.587403e-05   1.078323e-15   708
  2.341448e-01   2.447828e-14   9.225121e-05   1.242294e-15   876
  2.345418e-01   2.433955e-14   4.898356e-05   2.392348e-15   216
  2.348082e-01   2.482689e-14   1.339767e-04   1.026717e-15   1032
  2.352071e-01   2.152009e-14   1.491682e-04   1.343663e-15   600
  2.356212e-01   1.569731e-14   7.117755e-05   9.111335e-16   600
  2.359371e-01   2.471139e-14   1.256929e-04   1.668891e-15   528
  2.363105e-01   2.342252e-14   6.899988e-05   1.383729e-15   732
  2.367039e-01   2.490242e-14   5.095015e-05   2.049419e-15   336
  2.371566e-01   1.935399e-14   7.261407e-05   9.773864e-16   912
  2.374950e-01   1.781072e-14   7.288252e-05   9.496722e-16   624
  2.378647e-01   1.877945e-14   6.141657e-05   9.623022e-16   768
  2.382963e-01   2.048756e-14   1.108076e-04   8.546160e-16   792
  2.387198e-01   1.948637e-14   5.493383e-05   1.093237e-15   660
  2.390212e-01   1.838996e-14   8.095383e-05   1.159571e-15   504
  2.393329e-01   1.638298e-14   1.322631e-04   1.049924e-15   480
  2.398000e-01   1.336152e-14   1.223261e-04   6.300320e-16   912
  2.401658e-01   1.900945e-14   1.362291e-04   1.149963e-15   432
  2.405113e-01   1.830725e-14   8.088962e-05   1.025942e-15   564
  2.408180e-01   1.600983e-14   7.742251e-05   8.301548e-16   600
  2.412498e-01   2.067429e-14   1.079196e-04   9.870184e-16   876
  2.415741e-01   1.821950e-14   4.852393e-05   1.502853e-15   264
  2.420212e-01   1.608539e-14   9.415549e-05   9.036223e-16   560
  2.423806e-01   1.522364e-14   6.398069e-05   6.123679e-16   840
  2.428168e-01   1.351780e-14   9.863978e-05   5.972347e-16   1008
  2.432202e-01   1.238805e-14   4.412481e-05   7.053958e-16   456
  2.435886e-01   1.749145e-14   5.715745e-05   1.026100e-15   576
  2.439292e-01   1.828568e-14   8.782853e-05   1.229383e-15   612
  2.443783e-01   1.458331e-14   7.844513e-05   7.972120e-16   780
  2.447447e-01   1.568854e-14   8.989453e-05   7.111948e-16   648
  2.451197e-01   1.612908e-14   4.189201e-05   1.360179e-15   312
  2.453594e-01   1.239990e-14   1.064407e-04   6.894626e-16   528
  2.457747e-01   1.164412e-14   1.390063e-04   5.477587e-16   720
  2.461718e-01   1.378289e-14   1.394416e-04   1.008581e-15   576
  2.466533e-01   1.301117e-14   1.202863e-04   7.463590e-16   444
  2.469529e-01   1.441613e-14   1.179621e-04   5.851256e-16   996
  2.473200e-01   1.236376e-14   9.853387e-05   8.012794e-16   432
  2.476669e-01   1.484978e-14   1.078752e-04   8.308534e-16   504
  2.479666e-01   1.016745e-14   4.863583e-05   6.642938e-16   504
  2.483934e-01   1.453706e-14   9.571589e-05   6.601140e-16   876
  2.487796e-01   1.062912e-14   1.101599e-04   6.189331e-16   504
  2.491817e-01   1.052414e-14   7.025420e-05   6.180518e-16   696
  2.495140e-01   1.315306e-14   6.005997e-05   7.554887e-16   492
  2.499662e-01   1.112896e-14   8.597875e-05   7.614836e-16   432
  2.503011e-01   1.364469e-14   8.050968e-05   6.650984e-16   768
  2.506981e-01   1.129185e-14   1.002856e-04   6.394586e-16   648
  2.510772e-01   8.348163e-15   6.542561e-05   4.911673e-16   456
  2.515128e-01   9.773174e-15   8.997083e-05   5.163526e-16   552
  2.518153e-01   1.106694e-14   6.166608e-05   5.294906e-16   648
  2.522317e-01   9.850113e-15   1.005122e-04   3.857471e-16   840
  2.526384e-01   1.141212e-14   4.793217e-05   6.722520e-16   432
  2.530455e-01   1.000875e-14   5.870872e-05   5.949110e-16   600
  2.533287e-01   1.175070e-14   6.255029e-05   7.487258e-16   432
  2.538044e-01   1.132455e-14   6.227491e-05   5.686472e-16   560
  2.541265e-01   8.972037e-15   9.857465e-05   4.354886e-16   840
  2.545299e-01   1.107280e-14   5.838720e-05   6.843798e-16   504
  2.548502e-01   9.043301e-15   1.191648e-04   5.025121e-16   696
  2.553018e-01   1.160728e-14   6.508356e-05   7.871885e-16   384
  2.556535e-01   7.694996e-15   9.533975e-05   4.101482e-16   576
  2.560789e-01   8.149116e-15   5.883893e-05   4.914598e-16   360
  2.564218e-01   8.660703e-15   8.762544e-05   3.908888e-16   828
  2.567917e-01   8.210593e-15   7.804673e-05   5.224823e-16   372
  2.571307e-01   7.860424e-15   1.191923e-04   3.807770e-16   576
  2.575797e-01   9.256918e-15   4.991761e-05   4.727184e-16   636
  2.578996e-01   8.628967e-15   9.622826e-05   4.114086e-16   648
  2.583323e-01   7.375720e-15   7.822306e-05   3.717729e-16   576
  2.586430e-01   8.281732e-15   1.261820e-04   4.843936e-16   528
  2.590561e-01   8.390581e-15   5.394804e-05   5.234370e-16   360
  2.593981e-01   6.284857e-15   1.241007e-04   2.952794e-16   672
  2.598446e-01   8.845405e-15   6.356642e-05   4.016143e-16   804
  2.602163e-01   7.745557e-15   7.012137e-05   4.168244e-16   408
  2.606274e-01   7.980114e-15   4.334263e-05   5.461289e-16   384
  2.609042e-01   5.666381e-15   9.918459e-05   3.684709e-16   480
  2.612947e-01   6.623763e-15   6.408778e-05   4.189754e-16   432
  2.616692e-01   9.265100e-15   1.181001e-04   4.480447e-16   648
  2.621125e-01   7.513963e-15   7.328056e-05   3.611409e-16   624
  2.624367e-01   6.884629e-15   6.665485e-05   4.066473e-16   456
  2.628795e-01   6.459983e-15   9.105646e-05   3.491709e-16   588
  2.631762e-01   5.699887e-15   5.809364e-05   2.665056e-16   600
  2.636094e-01   6.354461e-15   9.061183e-05   3.033617e-16   708
  2.639516e-01   6.023562e-15   5.708370e-05   3.413827e-16   360
  2.643298e-01   7.431470e-15   6.561923e-05   3.982038e-16   552
  2.646923e-01   6.082603e-15   4.603344e-05   5.116906e-16   288
  2.650603e-01   5.644582e-15   8.655546e-05   3.076328e-16   528
  2.654060e-01   7.285201e-15   5.839431e-05   3.615110e-16   456
  2.657924e-01   5.815547e-15   1.035458e-04   3.108886e-16   608
  2.661809e-01   5.354207e-15   5.009661e-05   2.983898e-16   504
  2.666055e-01   4.521389e-15   1.075546e-04   2.555908e-16   540
  2.669384e-01   6.717149e-15   1.154568e-04   4.109678e-16   360
  2.672972e-01   7.197642e-15   5.228475e-05   3.621949e-16   540
  2.676146e-01   5.564503e-15   4.489266e-05   2.865564e-16   576
  2.680762e-01   5.942786e-15   1.040909e-04   3.236714e-16   588
  2.685150e-01   6.087800e-15   1.436140e-04   3.164153e-16   672
  2.688920e-01   6.384227e-15   1.097654e-04   2.991530e-16   552
  2.691959e-01   4.184522e-15   1.098209e-04   3.662783e-16   144
  2.695837e-01   6.306673e-15   9.330411e-05   3.653186e-16   600
  2.699514e-01   4.359635e-15   1.169304e-04   2.978864e-16   504
  2.703595e-01   5.220182e-15   1.201111e-04   3.632973e-16   336
  2.707887e-01   4.644236e-15   1.350054e-04   2.301254e-16   600
  2.711731e-01   4.527586e-15   8.712810e-05   2.692540e-16   636
  2.715880e-01   5.641664e-15   7.005178e-05   4.583518e-16   384
  2.718789e-01   5.406019e-15   9.771396e-05   3.559601e-16   504
  2.722982e-01   4.068304e-15   4.100918e-05   3.156573e-16   240
  2.726291e-01   4.934169e-15   9.633639e-05   2.196502e-16   744
  2.730261e-01   4.325389e-15   6.578310e-05   2.362526e-16   648
  2.733790e-01   7.979750e-15   4.366878e-05   6.390490e-16   120
  2.737925e-01   3.990376e-15   6.859799e-05   1.968013e-16   564
  2.741050e-01   5.674409e-15   1.077373e-04   3.208512e-16   432
  2.745220e-01   4.026987e-15   8.362543e-05   2.622660e-16   480
  2.748361e-01   3.110263e-15   6.155045e-05   1.983796e-16   456
  2.752067e-01   5.086390e-15   1.018569e-04   3.142583e-16   444
  2.756274e-01   4.004841e-15   1.558464e-04   2.902812e-16   528
  2.759969e-01   5.149345e-15   1.157439e-04   4.436793e-16   264
  2.763555e-01   3.984802e-15   1.186203e-04   2.706862e-16   444
  2.768379e-01   4.305070e-15   1.299311e-04   2.019076e-16   696
  2.772383e-01   4.863815e-15   6.949148e-05   3.512373e-16   384
  2.775311e-01   3.241827e-15   8.780831e-05   1.832433e-16   432
  2.779866e-01   4.768952e-15   6.067143e-05   2.737673e-16   488
  2.782823e-01   4.264822e-15   9.143939e-05   2.441064e-16   480
  2.787111e-01   3.708165e-15   1.019738e-04   2.209840e-16   480
  2.790432e-01   3.077649e-15   4.278510e-05   1.949131e-16   240
  2.794202e-01   3.983631e-15   9.994261e-05   2.106516e-16   600
  2.797758e-01   2.900947e-15   8.708975e-05   2.238380e-16   288
  2.801544e-01   3.496459e-15   8.377397e-05   2.006181e-16   480
  2.805379e-01   2.925728e-15   1.490189e-04   1.759365e-16   504
  2.809155e-01   3.076414e-15   6.393839e-05   2.318504e-16   216
  2.813970e-01   3.725070e-15   1.046773e-04   2.299005e-16   504
  2.817720e-01   3.123323e-15   8.419242e-05   1.988535e-16   456
  2.821825e-01   4.603390e-15   4.828579e-05   3.031526e-16   384
  2.824544e-01   4.537408e-15   9.800271e-05   2.756418e-16   480
  2.828408e-01   2.670014e-15   8.605736e-05   1.768823e-16   504
  2.831988e-01   3.057796e-15   5.458940e-05   1.987089e-16   312
  2.835845e-01   3.546512e-15   8.796897e-05   2.011631e-16   492
  2.839260e-01   4.516646e-15   8.245044e-05   3.662243e-16   312
  2.843655e-01   2.899162e-15   1.339342e-04   1.512996e-16   576
  2.847524e-01   3.723163e-15   1.236321e-04   2.996378e-16   336
  2.850738e-01   1.933938e-15   9.519099e-05   1.635817e-16   240
  2.855192e-01   2.981853e-15   1.261991e-04   1.847167e-16   468
  2.859039e-01   3.040261e-15   7.901891e-05   2.462958e-16   192
  2.863065e-01   2.803813e-15   7.925442e-05   2.654624e-16   324
  2.866016e-01   3.095564e-15   5.752155e-05   1.814036e-16   600
  2.870037e-01   3.194135e-15   9.332283e-05   2.157255e-16   456
  2.873023e-01   3.002490e-15   4.197661e-05   2.230874e-16   336
  2.877972e-01   3.615601e-15   1.256898e-04   2.227702e-16   612
  2.881573e-01   3.081858e-15   1.054844e-04   4.692944e-16   144
  2.884978e-01   3.250259e-15   1.231274e-04   1.670829e-16   552
  2.889609e-01   1.852375e-15   4.848907e-05   1.284704e-16   264
  2.892225e-01   2.952568e-15   1.122646e-04   2.644571e-16   336
  2.896353e-01   2.111358e-15   7.418058e-05   1.319378e-16   384
  2.899932e-01   2.616376e-15   4.175634e-05   2.263389e-16   216
  2.903894e-01   1.889009e-15   8.853205e-05   1.327801e-16   344
  2.907507e-01   2.161513e-15   1.320940e-04   1.289891e-16   408
  2.911910e-01   2.478026e-15   1.015056e-04   2.340320e-16   264
  2.915811e-01   2.596139e-15   1.415038e-04   1.828033e-16   612
  2.919709e-01   3.707752e-15   7.282870e-05   2.388133e-16   408
  2.923718e-01   2.510128e-15   7.293338e-05   2.229461e-16   444
  2.926663e-01   5.068288e-15   4.079109e-05   4.699294e-16   120
  2.930609e-01   2.870592e-15   1.126983e-04   2.743622e-16   336
  2.933538e-01   2.045408e-15   3.916222e-05   1.693003e-16   288
  2.937496e-01   2.303357e-15   1.218735e-04   1.371791e-16   552
  2.942938e-01   3.194005e-15   6.525678e-09   5.031619e-16   72
  2.945736e-01   2.156561e-15   1.210514e-04   1.379098e-16   504
  2.949004e-01   1.198062e-15   3.895317e-05   1.194515e-16   216
  2.953239e-01   1.645842e-15   6.954821e-05   1.154910e-16   312
  2.957040e-01   1.598441e-15   7.919158e-05   1.311415e-16   336
  2.960663e-01   1.275573e-15   1.097684e-04   1.469736e-16   204
  2.964271e-01   3.487069e-15   1.275676e-04   2.554000e-16   504
  2.968098e-01   2.963734e-15   1.214810e-04   2.245856e-16   396
  2.971778e-01   2.494801e-15   1.114044e-04   2.353298e-16   312
  2.976240e-01   4.087778e-15   6.808000e-05   4.310301e-16   216
  2.979383e-01   1.997461e-15   3.694832e-05   1.744144e-16   168
  2.983203e-01   1.935375e-15   9.329657e-05   1.231289e-16   588
  2.987563e-01   1.343328e-15   1.266392e-04   2.214723e-16   240
  2.990950e-01   1.145806e-15   1.118436e-04   9.864360e-17   264
  2.994922e-01   1.890176e-15   1.383176e-04   1.486922e-16   288
  2.998446e-01   1.766128e-15   6.907007e-05   1.641755e-16   288
  3.002913e-01   1.545159e-15   6.486779e-05   1.257110e-16   288
  3.005921e-01   1.476618e-15   7.514392e-05   1.218436e-16   192
  3.009705e-01   1.059538e-15   7.996067e-05   9.874837e-17   264
  3.013310e-01   3.053049e-15   1.315242e-04   2.306934e-16   372
  3.017189e-01   3.548386e-15   1.420518e-04   3.129248e-16   360
  3.021924e-01   2.602508e-15   6.011768e-05   3.517963e-16   144
  3.024371e-01   2.018449e-15   8.350082e-05   2.260983e-16   296
  3.028234e-01   1.610984e-15   8.996782e-05   1.587888e-16   288
  3.032657e-01   1.565042e-15   1.344546e-04   1.153729e-16   480
  3.036471e-01   1.521731e-15   1.117190e-04   1.937412e-16   192
  3.040181e-01   2.470863e-15   1.198338e-04   2.942128e-16   192
  3.043553e-01   1.499889e-15   7.637151e-05   1.283369e-16   288
  3.048242e-01   6.306155e-16   6.648036e-05   5.795963e-17   108
  3.050604e-01   1.537568e-15   6.391272e-05   1.353778e-16   240
  3.054775e-01   1.139288e-15   1.192307e-04   1.088936e-16   384
  3.059059e-01   1.688546e-15   1.454479e-04   2.165892e-16   108
  3.062848e-01   2.331557e-15   8.527881e-05   1.760448e-16   348
  3.066832e-01   1.530374e-15   8.900031e-05   1.714932e-16   312
  3.070391e-01   2.139696e-15   8.648246e-05   4.438080e-16   96
  3.073663e-01   1.505116e-15   1.151358e-04   1.527481e-16   384
  3.077328e-01   1.481505e-15   7.919012e-05   1.654856e-16   144
  3.080912e-01   1.545849e-15   1.216791e-04   1.323078e-16   408
  3.085368e-01   6.704222e-16   5.427748e-05   6.769761e-17   144
  3.089578e-01   1.535843e-15   1.043490e-04   1.925497e-16   192
  3.092074e-01   1.653615e-15   1.174468e-04   1.731627e-16   144
  3.096144e-01   7.592161e-16   9.548855e-05   6.729765e-17   144
  3.099983e-01   1.390054e-15   1.167025e-04   1.279020e-16   336
  3.104685e-01   7.008414e-16   8.634502e-05   5.721757e-17   240
  3.107666e-01   1.117071e-15   3.920851e-05   1.263983e-16   96
  3.111825e-01   1.737009e-15   1.149797e-04   1.830962e-16   372
  3.116031e-01   1.765437e-15   1.367659e-04   3.497792e-16   132
  3.119726e-01   6.166461e-16   8.462908e-05   4.520777e-17   264
  3.123032e-01   1.430676e-15   6.499128e-05   1.962278e-16   168
  3.126560e-01   1.069532e-15   1.039086e-04   9.962186e-17   216
  3.129676e-01   1.293516e-15   6.357256e-05   2.021239e-16   216
  3.134215e-01   4.994383e-16   1.166292e-04   5.064274e-17   96
  3.138333e-01   1.882062e-15   7.608990e-05   3.241936e-16   120
  3.142110e-01   9.460297e-16   9.673168e-05   1.037121e-16   216
  3.145221e-01   7.558752e-16   4.227207e-05   6.154573e-17   200
  3.149340e-01   9.106217e-16   1.094242e-04   9.963642e-17   288
  3.154623e-01   4.261158e-16   2.879164e-05   4.154581e-17   144
  3.156848e-01   9.931020e-16   8.959781e-05   1.148445e-16   168
  3.161391e-01   1.343665e-15   1.008340e-04   2.085049e-16   159
  3.164937e-01   6.492000e-16   1.057991e-04   6.944044e-17   174
  3.168369e-01   5.943805e-16   9.593494e-05   6.007127e-17   144
  3.172863e-01   8.485052e-16   5.539549e-05   8.880289e-17   222
  3.175869e-01   7.392891e-16   5.589895e-05   6.820022e-17   168
  3.181060e-01   1.577638e-15   1.226079e-04   4.939702e-16   30
  3.183205e-01   3.694645e-16   1.082537e-04   4.491828e-17   72
  3.187244e-01   7.691343e-16   9.661517e-05   8.621245e-17   258
  3.191684e-01   5.755465e-16   6.051257e-05   4.314262e-17   264
  3.193905e-01   5.946213e-16   0.000000e+00   8.311208e-17   72
  3.198532e-01   3.822376e-16   1.199385e-04   3.845015e-17   174
  3.202721e-01   6.285672e-16   1.277123e-04   7.293870e-17   168
  3.206090e-01   3.329652e-16   3.996146e-09   4.640682e-17   48
  3.209705e-01   5.316255e-16   7.212215e-05   6.107037e-17   150
  3.213898e-01   6.089165e-16   1.326739e-04   5.435618e-17   168
  3.218102e-01   3.923708e-16   8.081877e-05   4.000546e-17   144
  3.221967e-01   1.026368e-15   7.550312e-05   1.601225e-16   102
  3.224847e-01   2.672693e-16   1.117576e-04   2.155279e-17   96
  3.229415e-01   3.347269e-16   1.109119e-04   3.514178e-17   120
  3.232799e-01   2.994199e-16   1.189559e-04   2.006658e-17   168
  3.236458e-01   8.352955e-16   8.783953e-05   7.839216e-17   126
  3.239576e-01   5.292116e-16   6.624856e-05   5.939392e-17   168
  3.243872e-01   3.129315e-16   1.062297e-04   3.157775e-17   72
  3.247626e-01   2.791414e-16   1.330232e-04   2.409044e-17   168
  3.250914e-01   5.709445e-16   3.646820e-05   1.052158e-16   78
  3.255420e-01   2.745816e-16   5.987806e-05   3.355308e-17   60
  3.259049e-01   6.340638e-16   9.713191e-05   6.060848e-17   96
  3.262812e-01   3.302164e-16   1.178615e-04   2.850487e-17   168
  3.266349e-01   3.760614e-16   7.457817e-05   5.419373e-17   86
  3.270060e-01   2.555721e-16   6.665520e-05   2.216471e-17   120
  3.275378e-01   2.725804e-16   4.753401e-05   2.712154e-17   168
  3.278247e-01   2.669884e-16   0.000000e+00   3.609473e-17   48
  3.282110e-01   4.712161e-16   8.660181e-05   4.629765e-17   120
  3.284330e-01   3.734012e-16   6.317951e-05   3.411294e-17   126
  3.289749e-01   3.324102e-16   1.111151e-04   4.685502e-17   96
  3.293266e-01   3.333055e-16   3.204012e-05   4.008959e-17   96
  3.296039e-01   2.565558e-16   0.000000e+00   2.715172e-17   72
  3.301949e-01   3.587758e-16   3.996146e-09   6.324939e-17   24
  3.305637e-01   4.110427e-16   6.593782e-05   4.000934e-17   120
  3.308514e-01   3.753396e-16   9.618300e-05   3.551165e-17   126
  3.311713e-01   2.203780e-16   8.018157e-05   2.213765e-17   96
  3.315452e-01   1.946095e-16   1.385771e-04   3.117922e-17   72
  3.319614e-01   2.705476e-16   5.993927e-05   2.343779e-17   144
  3.323038e-01   3.438437e-16   3.457157e-05   4.871565e-17   72
  3.326459e-01   2.112226e-16   6.905176e-05   2.132487e-17   54
  3.329469e-01   3.142977e-16   6.085106e-05   3.405524e-17   108
  3.335726e-01   3.670336e-16   5.964977e-05   6.304650e-17   72
  3.337673e-01   2.523251e-16   3.441997e-05   3.277844e-17   72
  3.342294e-01   2.953235e-16   6.921527e-09   7.440254e-17   24
  3.346666e-01   1.492252e-16   7.281693e-05   2.304013e-17   48
  3.349321e-01   3.058156e-16   5.546771e-05   2.658288e-17   102
  3.353317e-01   1.814329e-16   1.254449e-04   1.454942e-17   168
  3.358538e-01   2.109245e-16   6.841470e-05   1.860340e-17   72
  3.360473e-01   2.156174e-16   0.000000e+00   3.012132e-17   48
  3.364531e-01   2.488186e-16   1.176775e-04   2.837146e-17   120
  3.369887e-01   2.345249e-16   7.231517e-05   2.376712e-17   96
  3.374945e-01   5.463245e-16   7.830814e-09   9.457659e-17   30
  3.380957e-01   3.250721e-16   3.397687e-05   4.107274e-17   72
  3.383599e-01   3.484834e-16   3.996146e-09   5.624203e-17   24
  3.386992e-01   2.534220e-16   5.036212e-05   3.382042e-17   56
  3.390793e-01   2.259898e-16   7.186930e-05   1.899072e-17   96
  3.395342e-01   2.380328e-16   7.936128e-05   2.181586e-17   144
  3.398849e-01   2.133195e-16   4.505822e-05   3.463224e-17   54
  3.403944e-01   2.302563e-16   6.750198e-05   1.848386e-17   108
  3.409071e-01   3.514985e-16   3.574199e-05   3.636077e-17   48
  3.413952e-01   2.255918e-16   1.345800e-04   2.290932e-17   72
  3.425664e-01   3.313830e-16   8.891744e-05   4.044945e-17   78
  3.428909e-01   1.489203e-16   6.701044e-05   1.487594e-17   72
  3.432698e-01   1.720497e-16   6.692725e-05   1.711652e-17   72
  3.436659e-01   2.500582e-16   1.615028e-04   2.640116e-17   96
  3.439790e-01   2.604867e-16   6.678928e-05   2.652215e-17   72
  3.443566e-01   2.215464e-16   0.000000e+00   4.681621e-17   24
  3.447338e-01   1.495516e-16   1.332770e-04   2.200595e-17   72
  3.455858e-01   2.191848e-16   8.463498e-05   3.288288e-17   30
  3.457691e-01   1.733980e-16   0.000000e+00   2.367076e-17   24
  3.467544e-01   1.756963e-16   7.027855e-05   2.520743e-17   48
  3.470634e-01   1.996633e-16   1.512394e-04   1.874710e-17   120
  3.474798e-01   2.065108e-16   6.612537e-05   1.794866e-17   72
  3.479003e-01   2.244590e-16   6.604543e-05   2.877586e-17   36
  3.481894e-01   2.024635e-16   1.305365e-04   2.310107e-17   78
  3.489960e-01   1.965097e-16   6.982714e-05   1.939561e-17   48
  3.500419e-01   2.193724e-16   5.651403e-09   4.006494e-17   24
  3.507870e-01   1.083412e-16   4.862619e-05   1.646499e-17   56
  3.511622e-01   1.309261e-16   7.482652e-05   1.199475e-17   102
  3.516395e-01   2.029941e-16   5.328194e-09   2.545876e-17   72
  3.519166e-01   1.914829e-16   0.000000e+00   4.535778e-17   24
  3.524009e-01   1.302949e-16   6.915246e-05   1.570905e-17   48
  3.532988e-01   2.334054e-16   0.000000e+00   4.697299e-17   24
  3.544007e-01   1.669207e-16   0.000000e+00   5.902279e-17   6
  3.547443e-01   1.522150e-16   0.000000e+00   2.779048e-17   24
  3.549732e-01   1.302119e-16   6.472929e-05   1.479232e-17   72
  3.553914e-01   1.785834e-16   1.207586e-04   1.770950e-17   84
  3.558418e-01   1.608259e-16   0.000000e+00   3.099113e-17   24
  3.559787e-01   1.656864e-16   5.651403e-09   3.325785e-17   24
  3.566626e-01   2.141654e-16   3.996146e-09   5.664046e-17   24
  3.576179e-01   6.766052e-17   0.000000e+00   3.518348e-17   6
  3.588424e-01   1.228355e-16   6.791113e-05   1.418085e-17   48
  3.591365e-01   1.136727e-16   1.279335e-04   1.650641e-17   72
  3.595209e-01   1.703165e-16   6.778297e-05   3.142718e-17   48
  3.601304e-01   1.436837e-16   0.000000e+00   2.727582e-17   24
  3.609415e-01   2.885512e-16   3.996146e-09   1.754488e-17   6
  3.627599e-01   1.326825e-16   0.000000e+00   4.451861e-17   8
  3.628942e-01   1.454428e-16   3.996146e-09   2.271985e-17   48
  3.632164e-01   1.615492e-16   6.573533e-05   1.733173e-17   60
  3.636991e-01   1.938334e-16   0.000000e+00   4.548173e-17   24
  3.643686e-01   1.943530e-16   0.000000e+00   5.333272e-17   6
  3.668348e-01   9.982424e-17   0.000000e+00   2.456080e-17   24
  3.670341e-01   1.538725e-16   6.639546e-05   2.348145e-17   48
  3.673659e-01   1.501687e-16   0.000000e+00   2.052387e-17   24
  3.678962e-01   1.279885e-16   3.996146e-09   2.318543e-17   6
  3.709088e-01   1.028086e-16   6.194064e-05   1.489134e-17   36
  3.711278e-01   1.549138e-16   0.000000e+00   2.430912e-17   24
  3.715215e-01   3.721733e-17   0.000000e+00   1.557066e-17   6
  3.749494e-01   1.537413e-16   5.629118e-05   2.507186e-17   32
  3.752417e-01   1.397100e-16   3.996146e-09   5.376391e-17   6
  3.789254e-01   2.049636e-16   0.000000e+00   2.379560e-17   12
  3.790540e-01   3.812090e-17   0.000000e+00   1.886683e-17   6
  3.829556e-01   8.996126e-17   5.651403e-09   2.181004e-17   6
