# power spectrum of delta for linear fields (CLASS)
# redshift z=100.000000
# k              Pk             sigma(k)       sigma(Pk)      count
  6.981317e-03   7.696342e-11   0.000000e+00   3.235526e-11   6
  9.873073e-03   1.041462e-10   0.000000e+00   2.194478e-11   12
  1.209200e-02   1.382502e-10   1.324548e-10   2.988169e-11   8
  1.396263e-02   7.071796e-10   0.000000e+00   8.112464e-11   6
  1.561070e-02   6.950384e-10   0.000000e+00   2.367667e-10   24
  1.710066e-02   1.324944e-09   2.497591e-10   2.389185e-10   24
  1.974615e-02   9.350593e-10   0.000000e+00   4.514468e-10   12
  2.094395e-02   1.312127e-09   2.825702e-10   2.594650e-10   30
  2.207686e-02   1.943504e-09   0.000000e+00   4.600491e-10   24
  2.315441e-02   2.067555e-09   4.325955e-10   5.507573e-10   24
  2.418399e-02   2.777708e-09   2.649095e-10   6.053083e-10   8
  2.517150e-02   2.673620e-09   3.532127e-10   3.572060e-10   24
  2.612170e-02   2.832733e-09   0.000000e+00   4.282169e-10   48
  2.792527e-02   4.144194e-09   0.000000e+00   1.960995e-09   6
  2.878471e-02   3.656176e-09   4.995182e-10   5.526288e-10   48
  2.961922e-02   3.712552e-09   0.000000e+00   4.156757e-10   36
  3.043086e-02   5.822738e-09   3.532127e-10   1.311056e-09   24
  3.122140e-02   3.705563e-09   0.000000e+00   6.869959e-10   24
  3.199241e-02   3.585933e-09   0.000000e+00   5.252135e-10   48
  3.274528e-02   5.995450e-09   4.995182e-10   9.192550e-10   24
  3.420133e-02   5.481881e-09   4.995182e-10   9.290300e-10   24
  3.490659e-02   3.997951e-09   0.000000e+00   7.050986e-10   30
  3.559787e-02   4.544343e-09   0.000000e+00   5.408537e-10   72
  3.627599e-02   4.706307e-09   5.298191e-10   1.032561e-09   32
  3.759554e-02   7.057437e-09   0.000000e+00   8.822993e-10   72
  3.823825e-02   4.538375e-09   0.000000e+00   7.151876e-10   48
  3.949229e-02   2.684209e-09   0.000000e+00   8.607610e-10   12
  4.010461e-02   5.582014e-09   0.000000e+00   9.026132e-10   48
  4.070772e-02   5.182783e-09   0.000000e+00   5.562515e-10   48
  4.130203e-02   7.214839e-09   4.995182e-10   9.813550e-10   48
  4.188790e-02   9.091156e-09   5.651403e-10   1.718456e-09   30
  4.246569e-02   8.411269e-09   4.995182e-10   2.040178e-09   24
  4.303573e-02   9.087513e-09   1.053077e-09   9.853493e-10   72
  4.415373e-02   5.851878e-09   0.000000e+00   1.198091e-09   24
  4.470224e-02   9.354857e-09   0.000000e+00   9.997837e-10   96
  4.524411e-02   7.511457e-09   0.000000e+00   1.075959e-09   48
  4.577956e-02   6.536282e-09   8.651909e-10   1.732020e-09   24
  4.630882e-02   4.921611e-09   8.651909e-10   1.090316e-09   24
  4.683210e-02   1.225101e-08   0.000000e+00   1.613657e-09   72
  4.734960e-02   9.506223e-09   0.000000e+00   1.578921e-09   48
  4.836798e-02   8.927895e-09   5.298191e-10   2.875781e-09   8
  4.886922e-02   1.353714e-08   6.279337e-10   1.743345e-09   54
  4.936537e-02   9.465519e-09   0.000000e+00   1.786550e-09   84
  4.985658e-02   1.074765e-08   0.000000e+00   1.664024e-09   48
  5.034299e-02   6.909170e-09   7.064254e-10   1.330262e-09   24
  5.082475e-02   9.491445e-09   6.660243e-10   1.215664e-09   72
  5.130199e-02   1.289710e-08   0.000000e+00   1.584726e-09   96
  5.224339e-02   1.868506e-08   0.000000e+00   2.200016e-09   48
  5.270779e-02   1.052732e-08   0.000000e+00   1.064992e-09   48
  5.316813e-02   9.404840e-09   7.064254e-10   1.975556e-09   24
  5.362451e-02   1.101633e-08   0.000000e+00   1.280636e-09   72
  5.452583e-02   1.211440e-08   6.660243e-10   1.548119e-09   72
  5.497095e-02   1.212365e-08   0.000000e+00   1.492253e-09   96
  5.585054e-02   1.752865e-08   0.000000e+00   8.319334e-09   6
  5.628518e-02   1.484261e-08   0.000000e+00   1.551902e-09   96
  5.671649e-02   1.562494e-08   7.064254e-10   1.803579e-09   96
  5.714454e-02   1.077854e-08   0.000000e+00   2.767997e-09   24
  5.756941e-02   1.225813e-08   9.990364e-10   1.649619e-09   48
  5.799117e-02   1.264914e-08   0.000000e+00   1.381024e-09   96
  5.840989e-02   1.512804e-08   0.000000e+00   2.201324e-09   48
  5.923844e-02   1.401337e-08   0.000000e+00   2.840859e-09   36
  5.964840e-02   1.441074e-08   1.223565e-09   1.965644e-09   48
  6.005556e-02   1.630060e-08   1.384305e-09   1.580808e-09   120
  6.045998e-02   1.493607e-08   0.000000e+00   2.130677e-09   56
  6.086171e-02   8.566656e-09   7.064254e-10   1.619548e-09   24
  6.126081e-02   1.266943e-08   0.000000e+00   1.218031e-09   96
  6.165732e-02   1.370432e-08   0.000000e+00   1.910802e-09   48
  6.244280e-02   1.731030e-08   0.000000e+00   3.469656e-09   24
  6.283185e-02   1.926413e-08   0.000000e+00   2.082850e-09   102
  6.321851e-02   2.025538e-08   0.000000e+00   3.299642e-09   48
  6.360282e-02   1.896753e-08   0.000000e+00   2.042218e-09   72
  6.398483e-02   1.763167e-08   0.000000e+00   1.924714e-09   48
  6.436456e-02   1.925925e-08   0.000000e+00   3.856216e-09   48
  6.474207e-02   1.677573e-08   1.598458e-09   1.593396e-09   120
  6.549056e-02   2.762744e-08   9.990364e-10   4.998110e-09   24
  6.586161e-02   1.627305e-08   9.419006e-10   1.479757e-09   144
  6.623059e-02   1.702245e-08   1.130281e-09   1.768914e-09   120
  6.659752e-02   1.347084e-08   9.990364e-10   2.040113e-09   48
  6.732538e-02   2.096971e-08   9.990364e-10   3.022763e-09   48
  6.768638e-02   1.739789e-08   9.990364e-10   1.962392e-09   96
  6.863955e-02   2.415452e-08   1.675093e-04   3.208456e-09   72
  6.911151e-02   1.814606e-08   1.255867e-09   1.497734e-09   108
  6.946323e-02   2.187029e-08   0.000000e+00   2.533062e-09   72
  6.981317e-02   1.346846e-08   0.000000e+00   2.707946e-09   30
  7.016137e-02   2.300976e-08   0.000000e+00   1.976432e-09   168
  7.050785e-02   2.303492e-08   0.000000e+00   2.717665e-09   48
  7.119574e-02   1.635500e-08   0.000000e+00   2.071839e-09   72
  7.153721e-02   2.174518e-08   0.000000e+00   2.265609e-09   96
  7.187706e-02   2.163982e-08   1.883801e-09   3.593330e-09   72
  7.221530e-02   2.577817e-08   0.000000e+00   2.954655e-09   72
  7.278398e-02   2.357968e-08   1.546684e-04   1.870649e-09   104
  7.322067e-02   2.287519e-08   1.332049e-09   1.803529e-09   144
  7.421242e-02   1.657691e-08   2.233913e-09   1.683408e-09   96
  7.454007e-02   1.853321e-08   0.000000e+00   2.070385e-09   96
  7.506116e-02   2.570040e-08   1.591194e-04   2.576135e-09   120
  7.551449e-02   2.178645e-08   0.000000e+00   2.142409e-09   120
  7.583651e-02   2.643216e-08   0.000000e+00   3.097173e-09   72
  7.647650e-02   2.694572e-08   0.000000e+00   3.858141e-09   48
  7.679449e-02   2.915660e-08   1.505926e-09   3.596320e-09   78
  7.720128e-02   3.069354e-08   1.424762e-04   2.627073e-09   168
  7.805350e-02   2.914435e-08   1.332049e-09   2.721996e-09   144
  7.836509e-02   3.036986e-08   1.332049e-09   2.342214e-09   144
  7.926883e-02   2.826230e-08   8.205478e-05   2.599463e-09   156
  7.959926e-02   2.081441e-08   1.730382e-09   4.191900e-09   48
  7.990483e-02   2.607618e-08   1.130281e-09   2.765041e-09   120
  8.020923e-02   1.890707e-08   0.000000e+00   2.151955e-09   48
  8.074745e-02   2.864171e-08   1.255998e-04   2.103059e-09   216
  8.141545e-02   2.599540e-08   0.000000e+00   3.469804e-09   48
  8.171422e-02   2.414853e-08   9.990364e-10   2.296109e-09   96
  8.213902e-02   2.796745e-08   1.467830e-04   2.648940e-09   168
  8.260406e-02   2.274723e-08   9.990364e-10   3.516795e-09   48
  8.289855e-02   3.025262e-08   0.000000e+00   3.263086e-09   96
  8.319199e-02   2.950488e-08   0.000000e+00   5.804899e-09   48
  8.377580e-02   3.483894e-08   1.130281e-09   3.751920e-09   30
  8.406619e-02   2.227189e-08   9.990364e-10   1.954699e-09   96
  8.441325e-02   2.779158e-08   1.153584e-04   2.040719e-09   240
  8.485953e-02   3.881742e-08   1.244551e-04   5.786459e-09   32
  8.521783e-02   2.227948e-08   0.000000e+00   1.784428e-09   168
  8.550332e-02   2.667323e-08   0.000000e+00   2.825805e-09   120
  8.607146e-02   2.146538e-08   2.106154e-09   2.607092e-09   72
  8.635412e-02   3.532834e-08   1.332049e-09   3.507334e-09   144
  8.663587e-02   2.552393e-08   0.000000e+00   2.822595e-09   96
  8.691670e-02   3.401480e-08   0.000000e+00   2.942732e-09   96
  8.747565e-02   3.378904e-08   1.631420e-09   4.403375e-09   72
  8.775379e-02   2.865426e-08   1.412851e-09   3.000615e-09   96
  8.830745e-02   2.817037e-08   0.000000e+00   5.605960e-09   24
  8.858298e-02   3.301835e-08   0.000000e+00   2.633845e-09   192
  8.890745e-02   3.157315e-08   1.056148e-04   2.516877e-09   132
  8.940448e-02   3.426707e-08   0.000000e+00   3.347682e-09   96
  8.967664e-02   2.527238e-08   0.000000e+00   2.752724e-09   96
  8.994798e-02   3.336749e-08   1.130281e-09   3.073256e-09   120
  9.048821e-02   3.575747e-08   0.000000e+00   5.307588e-09   48
  9.093103e-02   2.335131e-08   1.279966e-04   1.653847e-09   222
  9.129257e-02   3.061909e-08   0.000000e+00   3.132529e-09   120
  9.155911e-02   3.457065e-08   1.730382e-09   7.526970e-09   24
  9.194720e-02   3.649218e-08   1.321111e-04   2.082972e-09   312
  9.279280e-02   4.112376e-08   1.238595e-04   4.958721e-09   72
  9.314239e-02   2.891140e-08   9.990364e-10   4.212060e-09   96
  9.350136e-02   3.551946e-08   1.261337e-04   2.900184e-09   192
  9.392401e-02   3.366518e-08   1.598458e-09   3.689417e-09   120
  9.418312e-02   3.376617e-08   0.000000e+00   3.747647e-09   144
  9.469919e-02   3.053675e-08   0.000000e+00   4.725375e-09   48
  9.506602e-02   3.059461e-08   1.268319e-04   1.926530e-09   336
  9.546807e-02   3.501250e-08   0.000000e+00   5.175667e-09   48
  9.597724e-02   3.205833e-08   0.000000e+00   3.029313e-09   192
  9.623081e-02   3.496287e-08   0.000000e+00   4.616006e-09   48
  9.695161e-02   3.561314e-08   8.803796e-05   4.662721e-09   56
  9.731001e-02   3.496219e-08   1.130706e-04   2.087895e-09   336
  9.773844e-02   3.515964e-08   1.255867e-09   5.408425e-09   54
  9.811165e-02   3.226019e-08   1.241922e-04   2.140450e-09   240
  9.888643e-02   3.315488e-08   1.189150e-04   2.657984e-09   228
  9.922316e-02   3.984982e-08   1.332049e-09   5.498684e-09   72
  9.955002e-02   3.982755e-08   1.153504e-04   3.197931e-09   144
  9.995725e-02   3.268596e-08   0.000000e+00   3.445991e-09   96
  1.002007e-01   3.398856e-08   1.598458e-09   2.302702e-09   240
  1.006860e-01   3.116279e-08   1.412851e-09   6.469368e-09   24
  1.009966e-01   3.689829e-08   1.089476e-04   2.375283e-09   336
  1.014095e-01   3.526065e-08   0.000000e+00   4.483780e-09   72
  1.017863e-01   4.237450e-08   1.185007e-04   3.303160e-09   168
  1.021279e-01   2.813726e-08   0.000000e+00   2.690190e-09   72
  1.026040e-01   4.397384e-08   0.000000e+00   4.354884e-09   96
  1.029727e-01   3.802360e-08   1.176117e-04   2.923970e-09   216
  1.033141e-01   2.895398e-08   1.412851e-09   2.328031e-09   96
  1.037847e-01   3.577572e-08   0.000000e+00   2.600726e-09   192
  1.040193e-01   3.531243e-08   1.332049e-09   2.975415e-09   144
  1.044868e-01   3.801934e-08   0.000000e+00   5.319233e-09   48
  1.048105e-01   3.961025e-08   1.133915e-04   2.905633e-09   246
  1.052503e-01   4.914319e-08   1.045488e-04   4.111026e-09   168
  1.056465e-01   3.893744e-08   1.957704e-09   4.200263e-09   120
  1.058769e-01   3.271690e-08   0.000000e+00   2.415661e-09   240
  1.063363e-01   2.355083e-08   1.412851e-09   5.168133e-09   24
  1.067022e-01   3.837817e-08   1.119102e-04   2.591083e-09   360
  1.071580e-01   3.617970e-08   1.114340e-04   2.908620e-09   120
  1.074760e-01   4.305394e-08   0.000000e+00   3.735920e-09   144
  1.077025e-01   4.250458e-08   0.000000e+00   4.053243e-09   96
  1.083792e-01   4.156153e-08   0.000000e+00   3.606611e-09   144
  1.086038e-01   4.488342e-08   0.000000e+00   4.141148e-09   132
  1.089195e-01   4.119056e-08   1.099837e-04   3.260870e-09   176
  1.093777e-01   4.131470e-08   1.110614e-04   2.267985e-09   312
  1.099419e-01   5.957111e-08   0.000000e+00   9.793998e-09   96
  1.101633e-01   4.052272e-08   0.000000e+00   3.820620e-09   144
  1.105031e-01   4.306984e-08   1.099474e-04   2.582240e-09   312
  1.110446e-01   5.146277e-08   0.000000e+00   5.513058e-09   48
  1.112639e-01   3.865329e-08   1.412851e-09   3.116128e-09   192
  1.117011e-01   1.303814e-08   0.000000e+00   4.342314e-09   6
  1.119915e-01   3.800637e-08   1.025446e-04   2.264508e-09   288
  1.124620e-01   3.732561e-08   1.083450e-04   2.861630e-09   192
  1.127866e-01   3.604616e-08   3.322713e-09   2.493372e-09   216
  1.130025e-01   4.569114e-08   0.000000e+00   6.700822e-09   72
  1.135403e-01   3.803994e-08   1.073161e-04   3.174558e-09   192
  1.138975e-01   5.029970e-08   7.968796e-05   3.211824e-09   288
  1.142891e-01   4.380047e-08   0.000000e+00   9.138557e-09   24
  1.145916e-01   4.757231e-08   1.049823e-04   2.221989e-09   456
  1.151388e-01   3.085629e-08   1.998073e-09   4.903421e-09   48
  1.154769e-01   4.463287e-08   1.034033e-04   3.531778e-09   240
  1.158655e-01   5.075641e-08   1.045007e-04   3.491427e-09   216
  1.161923e-01   4.044328e-08   0.000000e+00   5.361375e-09   72
  1.164018e-01   4.230125e-08   3.610549e-09   3.605682e-09   168
  1.169935e-01   5.025039e-08   7.767385e-05   3.290869e-09   288
  1.173253e-01   4.970849e-08   1.027758e-04   3.683109e-09   168
  1.178582e-01   5.738481e-08   0.000000e+00   4.288277e-09   192
  1.180648e-01   4.634971e-08   1.332049e-09   3.558696e-09   144
  1.184769e-01   5.795661e-08   0.000000e+00   7.781155e-09   36
  1.188264e-01   3.972531e-08   9.385617e-05   2.196902e-09   342
  1.191605e-01   4.764656e-08   9.637890e-05   3.896906e-09   144
  1.195900e-01   4.609408e-08   1.010773e-04   2.559790e-09   384
  1.201111e-01   5.512760e-08   2.768611e-09   5.422541e-09   120
  1.203690e-01   5.581624e-08   9.013158e-05   3.739699e-09   264
  1.207183e-01   4.832685e-08   4.467827e-09   3.806767e-09   192
  1.210471e-01   5.385309e-08   9.713401e-05   4.440263e-09   152
  1.213224e-01   4.956516e-08   2.664097e-09   4.836646e-09   144
  1.219012e-01   4.241758e-08   6.286607e-05   3.348762e-09   216
  1.221692e-01   5.530776e-08   8.400585e-05   3.261863e-09   312
  1.226409e-01   4.842032e-08   9.736112e-05   2.909063e-09   240
  1.229188e-01   5.895901e-08   1.412851e-09   6.596711e-09   96
  1.234463e-01   5.437243e-08   9.308426e-05   4.732762e-09   144
  1.237714e-01   5.258051e-08   9.149363e-05   2.741586e-09   456
  1.242988e-01   4.294240e-08   0.000000e+00   3.031746e-09   120
  1.244947e-01   4.698650e-08   0.000000e+00   4.665336e-09   144
  1.248856e-01   3.563563e-08   0.000000e+00   6.365419e-09   24
  1.251362e-01   5.550365e-08   8.794658e-05   3.028373e-09   336
  1.255696e-01   5.267253e-08   9.699311e-05   4.475654e-09   198
  1.259757e-01   5.278418e-08   9.432023e-05   2.986355e-09   432
  1.264370e-01   5.568574e-08   0.000000e+00   6.120647e-09   48
  1.266777e-01   6.275164e-08   8.326844e-05   3.504135e-09   384
  1.271098e-01   6.101116e-08   9.585962e-05   5.424715e-09   144
  1.275013e-01   6.015002e-08   9.517601e-05   3.732490e-09   264
  1.279697e-01   4.902012e-08   0.000000e+00   5.093034e-09   48
  1.282839e-01   5.799264e-08   9.049683e-05   3.785739e-09   276
  1.285870e-01   5.198963e-08   8.203293e-05   4.623758e-09   192
  1.289922e-01   5.557937e-08   9.218697e-05   2.522100e-09   552
  1.294841e-01   3.960285e-08   3.196917e-09   3.755621e-09   120
  1.297765e-01   6.242737e-08   9.331596e-05   4.548891e-09   216
  1.300475e-01   5.549968e-08   1.598458e-09   4.704007e-09   120
  1.305316e-01   6.498970e-08   9.189333e-05   3.588816e-09   408
  1.309811e-01   6.102456e-08   1.998073e-09   8.832998e-09   24
  1.312599e-01   5.378534e-08   9.282881e-05   3.259065e-09   384
  1.316492e-01   5.393024e-08   9.069708e-05   4.030780e-09   240
  1.319872e-01   5.313436e-08   9.136125e-05   3.905913e-09   168
  1.324612e-01   4.835926e-08   2.260561e-09   5.058540e-09   120
  1.327667e-01   5.901577e-08   9.523931e-05   3.224928e-09   350
  1.332635e-01   5.929268e-08   1.567823e-04   3.350882e-09   384
  1.335605e-01   6.443258e-08   0.000000e+00   6.257498e-09   144
  1.341067e-01   5.200648e-08   3.767602e-09   3.259535e-09   288
  1.343919e-01   5.445631e-08   8.974411e-05   2.817211e-09   336
  1.347800e-01   6.689942e-08   8.170456e-05   5.300220e-09   168
  1.350122e-01   5.929667e-08   1.614687e-09   3.786446e-09   336
  1.354927e-01   5.385879e-08   8.480446e-05   3.572036e-09   288
  1.357812e-01   5.533834e-08   7.990748e-05   3.647669e-09   264
  1.362699e-01   6.105531e-08   0.000000e+00   4.100174e-09   240
  1.364486e-01   6.022722e-08   2.825702e-09   5.423757e-09   96
  1.370900e-01   6.643023e-08   1.086688e-04   3.637160e-09   360
  1.373893e-01   6.520133e-08   8.010757e-05   5.899670e-09   168
  1.377676e-01   6.392625e-08   8.732558e-05   3.043474e-09   456
  1.382230e-01   5.920883e-08   2.511735e-09   5.767779e-09   108
  1.384792e-01   6.261692e-08   8.761995e-05   4.879106e-09   264
  1.387988e-01   5.916825e-08   7.817127e-05   4.053816e-09   264
  1.392364e-01   6.806436e-08   7.376599e-05   4.452827e-09   312
  1.397814e-01   6.752849e-08   5.481617e-05   4.652464e-09   270
  1.400098e-01   6.208762e-08   6.959603e-05   4.591141e-09   240
  1.404204e-01   6.402201e-08   8.609907e-05   3.352087e-09   384
  1.406696e-01   5.540900e-08   0.000000e+00   3.995586e-09   192
  1.411539e-01   6.795703e-08   6.908303e-05   5.181514e-09   240
  1.414347e-01   6.387507e-08   8.525963e-05   3.685666e-09   336
  1.419630e-01   6.712055e-08   8.583011e-05   3.234018e-09   480
  1.423915e-01   6.784294e-08   0.000000e+00   8.586895e-09   72
  1.426309e-01   6.953970e-08   8.369217e-05   4.703825e-09   240
  1.429564e-01   6.231591e-08   7.865917e-05   3.930754e-09   312
  1.433297e-01   5.986962e-08   8.501169e-05   4.489288e-09   240
  1.438936e-01   6.639178e-08   6.458688e-05   3.482814e-09   408
  1.441169e-01   6.273266e-08   5.914602e-05   3.892894e-09   336
  1.445532e-01   6.671603e-08   7.510087e-05   5.143759e-09   264
  1.447677e-01   8.106430e-08   0.000000e+00   7.287035e-09   144
  1.453643e-01   6.687419e-08   1.040943e-04   3.419923e-09   464
  1.456786e-01   5.200953e-08   8.277629e-05   4.020789e-09   168
  1.459889e-01   8.372840e-08   7.539115e-05   4.786794e-09   336
  1.465498e-01   6.596561e-08   7.921315e-05   3.593568e-09   414
  1.468660e-01   7.402028e-08   8.245619e-05   5.012450e-09   216
  1.472710e-01   6.666880e-08   1.998073e-09   7.155066e-09   96
  1.474364e-01   6.616510e-08   5.994218e-09   3.226500e-09   384
  1.480158e-01   7.104755e-08   8.229688e-05   3.802104e-09   492
  1.483263e-01   5.594649e-08   8.047930e-05   3.671283e-09   240
  1.486772e-01   5.718031e-08   8.171468e-05   3.525653e-09   312
  1.491618e-01   7.101349e-08   8.168777e-05   6.055366e-09   192
  1.494688e-01   7.033262e-08   7.916535e-05   3.441783e-09   504
  1.498761e-01   6.760128e-08   5.240881e-05   3.677421e-09   408
  1.501968e-01   7.818012e-08   1.605609e-04   6.601681e-09   168
  1.505981e-01   6.242398e-08   7.626782e-05   4.311467e-09   288
  1.509348e-01   6.494518e-08   7.959200e-05   4.689434e-09   288
  1.512797e-01   7.124466e-08   8.005014e-05   3.760546e-09   432
  1.517801e-01   7.546666e-08   7.570076e-05   5.458800e-09   216
  1.520474e-01   7.016361e-08   7.554106e-05   3.598494e-09   360
  1.525234e-01   7.546514e-08   7.372735e-05   4.595874e-09   312
  1.529530e-01   8.049086e-08   0.000000e+00   1.374708e-08   48
  1.532006e-01   7.010516e-08   7.904634e-05   3.761255e-09   432
  1.536441e-01   6.628584e-08   1.318501e-04   3.340334e-09   414
  1.539060e-01   6.779577e-08   6.955573e-09   4.078805e-09   312
  1.543946e-01   7.432718e-08   1.156911e-04   3.380925e-09   528
  1.547243e-01   7.459413e-08   6.072803e-05   5.022650e-09   264
  1.551204e-01   6.814262e-08   7.200680e-05   3.638590e-09   480
  1.556380e-01   7.069435e-08   0.000000e+00   4.042854e-09   288
  1.558615e-01   7.410347e-08   7.736908e-05   6.542237e-09   168
  1.562704e-01   7.257657e-08   1.224750e-04   3.277144e-09   504
  1.567302e-01   7.911271e-08   2.664097e-09   6.088980e-09   144
  1.570194e-01   6.925199e-08   7.865832e-05   3.434985e-09   464
  1.574541e-01   6.282368e-08   1.154355e-04   3.182391e-09   432
  1.576603e-01   8.233665e-08   1.998073e-09   6.192582e-09   192
  1.581934e-01   6.768261e-08   8.557628e-05   3.260144e-09   396
  1.585082e-01   7.235776e-08   7.687110e-05   4.678172e-09   288
  1.588263e-01   7.407132e-08   7.593549e-05   4.361893e-09   336
  1.593345e-01   6.928572e-08   4.808388e-05   3.242268e-09   432
  1.596570e-01   7.481907e-08   1.246267e-04   3.971444e-09   360
  1.600192e-01   7.452455e-08   7.371853e-05   3.865055e-09   384
  1.605335e-01   6.285842e-08   6.507077e-05   5.228740e-09   198
  1.607813e-01   7.321040e-08   7.396430e-05   3.025283e-09   552
  1.612434e-01   6.101832e-08   1.035450e-04   3.473437e-09   432
  1.616292e-01   8.061098e-08   0.000000e+00   6.553396e-09   168
  1.619530e-01   7.443446e-08   1.283579e-04   3.582572e-09   480
  1.623813e-01   5.614389e-08   0.000000e+00   5.507948e-09   120
  1.625741e-01   6.934503e-08   1.048372e-04   4.505478e-09   336
  1.630445e-01   7.624124e-08   7.396097e-05   2.882366e-09   672
  1.635097e-01   7.576968e-08   1.075863e-04   3.698229e-09   528
  1.637264e-01   7.199264e-08   3.229373e-09   4.950907e-09   168
  1.642270e-01   7.540603e-08   1.200118e-04   3.568502e-09   456
  1.645324e-01   8.418404e-08   7.329223e-05   8.108192e-09   168
  1.648495e-01   7.751456e-08   7.316065e-05   4.064017e-09   504
  1.653766e-01   7.392713e-08   9.414654e-05   4.428486e-09   336
  1.656953e-01   8.403912e-08   6.786851e-05   5.006082e-09   312
  1.660489e-01   7.973386e-08   6.631214e-05   3.777850e-09   504
  1.665141e-01   7.651421e-08   4.600920e-05   3.502531e-09   432
  1.667329e-01   7.001583e-08   7.109945e-05   4.357479e-09   312
  1.671876e-01   7.396176e-08   7.288039e-05   3.664365e-09   384
  1.676624e-01   8.495907e-08   6.192036e-05   8.494671e-09   126
  1.679555e-01   7.777348e-08   1.087174e-04   4.193974e-09   492
  1.683299e-01   7.979014e-08   6.963360e-05   3.539205e-09   528
  1.687978e-01   7.585921e-08   7.073279e-05   3.542686e-09   480
  1.690879e-01   8.053865e-08   9.771696e-05   4.028819e-09   432
  1.695076e-01   8.525393e-08   7.684145e-05   4.160853e-09   440
  1.699951e-01   7.589808e-08   3.821294e-05   4.728968e-09   312
  1.701781e-01   8.352955e-08   5.726529e-05   4.919924e-09   480
  1.705533e-01   7.668082e-08   1.121243e-04   4.276745e-09   408
  1.711016e-01   7.768615e-08   6.714979e-05   4.168270e-09   360
  1.713332e-01   7.623583e-08   6.479710e-05   4.104153e-09   408
  1.717625e-01   7.740924e-08   6.593925e-05   3.786294e-09   456
  1.722458e-01   8.289284e-08   6.302169e-05   5.281374e-09   264
  1.725141e-01   7.614489e-08   6.839435e-05   4.406445e-09   384
  1.729046e-01   8.104168e-08   1.151467e-04   3.443126e-09   672
  1.733561e-01   7.858434e-08   6.887260e-05   5.543359e-09   240
  1.736166e-01   8.297861e-08   6.988846e-05   5.198790e-09   264
  1.739843e-01   7.290885e-08   8.619588e-05   3.392529e-09   624
  1.745329e-01   9.083266e-08   0.000000e+00   7.563554e-09   150
  1.747283e-01   8.618669e-08   9.658929e-05   4.086168e-09   600
  1.751402e-01   7.461667e-08   6.666345e-05   3.367347e-09   672
  1.756067e-01   8.253147e-08   6.270167e-05   5.189196e-09   336
  1.758666e-01   8.382309e-08   6.820115e-05   4.532591e-09   408
  1.762818e-01   7.867031e-08   6.804049e-05   4.186626e-09   408
  1.767436e-01   7.544483e-08   3.440492e-05   4.170318e-09   360
  1.770283e-01   8.546604e-08   1.263238e-04   4.299149e-09   456
  1.773722e-01   7.931265e-08   6.869566e-05   3.873933e-09   384
  1.778099e-01   9.603300e-08   6.341480e-05   5.196446e-09   348
  1.780464e-01   8.237712e-08   7.817791e-05   3.701914e-09   576
  1.784907e-01   8.573847e-08   6.436923e-05   4.272348e-09   504
  1.789452e-01   8.401076e-08   9.078907e-05   4.154304e-09   432
  1.793419e-01   7.777972e-08   1.235181e-04   3.340029e-09   576
  1.796248e-01   8.394818e-08   0.000000e+00   5.250567e-09   264
  1.800736e-01   8.555718e-08   9.828954e-05   3.195984e-09   768
  1.804640e-01   1.018592e-07   1.323290e-04   7.378121e-09   240
  1.807743e-01   8.226683e-08   1.167016e-04   6.799361e-09   192
  1.812263e-01   8.295298e-08   8.590664e-05   3.737355e-09   504
  1.815615e-01   7.851544e-08   1.157624e-04   3.493727e-09   590
  1.818830e-01   8.174741e-08   1.297055e-04   4.371714e-09   384
  1.822861e-01   8.667167e-08   1.083956e-04   4.205465e-09   504
  1.827729e-01   9.200324e-08   1.043140e-04   3.652473e-09   648
  1.832449e-01   8.845096e-08   2.833030e-05   4.157739e-09   504
  1.834353e-01   9.162686e-08   6.462673e-05   5.082628e-09   312
  1.837714e-01   8.008105e-08   9.311123e-05   3.281801e-09   576
  1.842327e-01   8.561291e-08   6.479663e-05   5.801849e-09   240
  1.845017e-01   8.412161e-08   6.547387e-05   3.694491e-09   552
  1.848823e-01   9.247428e-08   6.147846e-05   3.972596e-09   600
  1.854246e-01   8.684710e-08   7.509108e-05   3.419340e-09   600
  1.857506e-01   9.610179e-08   1.202524e-04   6.126158e-09   312
  1.860753e-01   9.443660e-08   1.047280e-04   4.476962e-09   480
  1.864809e-01   9.783764e-08   6.534019e-05   4.280960e-09   576
  1.868380e-01   9.398173e-08   1.052119e-04   5.129912e-09   408
  1.871548e-01   9.557993e-08   1.227345e-04   6.382751e-09   216
  1.875642e-01   8.003685e-08   9.400084e-05   3.877184e-09   516
  1.880028e-01   9.694245e-08   8.968636e-05   4.106634e-09   744
  1.884552e-01   9.086547e-08   5.990257e-05   4.524477e-09   462
  1.887109e-01   9.810652e-08   6.088230e-05   5.172897e-09   432
  1.891075e-01   9.907088e-08   5.648168e-05   3.795337e-09   648
  1.895737e-01   1.009971e-07   8.264320e-05   4.505821e-09   528
  1.899483e-01   8.651159e-08   9.952305e-05   3.907736e-09   600
  1.903225e-01   8.692300e-08   1.254725e-04   7.119944e-09   240
  1.906850e-01   8.977385e-08   9.611075e-05   3.520034e-09   720
  1.911062e-01   1.025303e-07   7.604100e-05   3.913785e-09   720
  1.915732e-01   8.462207e-08   0.000000e+00   6.736271e-09   144
  1.918190e-01   8.919950e-08   9.803961e-05   3.450346e-09   720
  1.921686e-01   1.095789e-07   5.878648e-05   6.462448e-09   384
  1.926063e-01   9.499641e-08   6.516793e-05   3.960913e-09   672
  1.930215e-01   9.649949e-08   1.141019e-04   5.455507e-09   336
  1.932199e-01   1.085744e-07   0.000000e+00   7.157401e-09   288
  1.937055e-01   9.452208e-08   9.030399e-05   3.555307e-09   776
  1.941551e-01   1.047028e-07   7.726878e-05   4.291953e-09   720
  1.945327e-01   1.011122e-07   6.224567e-05   5.651968e-09   432
  1.948347e-01   9.817916e-08   8.873905e-05   5.661620e-09   504
  1.951706e-01   9.341051e-08   6.217429e-05   4.475833e-09   528
  1.956407e-01   9.972129e-08   8.470885e-05   5.002752e-09   438
  1.960275e-01   9.086563e-08   9.859335e-05   3.955449e-09   624
  1.963189e-01   1.068562e-07   1.207635e-04   6.276714e-09   312
  1.967196e-01   1.006803e-07   6.506437e-05   3.898855e-09   696
  1.971339e-01   9.774253e-08   5.887146e-05   4.485486e-09   552
  1.975648e-01   9.164517e-08   4.554687e-05   4.053432e-09   516
  1.978313e-01   9.619848e-08   9.097645e-05   4.248953e-09   528
  1.981558e-01   9.726630e-08   5.916447e-05   4.881188e-09   528
  1.986168e-01   9.861411e-08   7.802593e-05   3.765141e-09   864
  1.989297e-01   8.866586e-08   1.068795e-04   4.464108e-09   408
  1.992429e-01   9.779651e-08   1.058911e-04   7.079040e-09   192
  1.996868e-01   1.022381e-07   8.762994e-05   4.055715e-09   720
  2.000615e-01   9.035915e-08   8.079911e-05   3.463086e-09   696
  2.005068e-01   1.024033e-07   8.726379e-05   3.978838e-09   720
  2.009142e-01   9.697012e-08   1.182756e-04   5.000967e-09   432
  2.011518e-01   9.141938e-08   6.962164e-05   6.020589e-09   264
  2.015793e-01   1.031128e-07   9.614441e-05   4.082277e-09   672
  2.019616e-01   1.017279e-07   9.843711e-05   4.366880e-09   600
  2.024154e-01   1.006230e-07   5.763483e-05   6.946145e-09   270
  2.026441e-01   1.006151e-07   8.675648e-05   4.831658e-09   528
  2.030077e-01   1.112021e-07   5.940776e-05   4.546620e-09   840
  2.035062e-01   1.047136e-07   1.135983e-04   3.920937e-09   888
  2.039669e-01   1.024868e-07   8.463909e-05   4.314788e-09   744
  2.043562e-01   1.128368e-07   4.349214e-05   6.015880e-09   456
  2.045498e-01   9.763975e-08   5.943469e-05   5.006718e-09   360
  2.048811e-01   1.015799e-07   5.149682e-05   5.150015e-09   384
  2.053895e-01   1.085123e-07   8.260041e-05   4.178004e-09   816
  2.057710e-01   1.085555e-07   1.198416e-04   3.945126e-09   824
  2.062346e-01   1.061980e-07   5.570811e-05   6.261540e-09   360
  2.064829e-01   1.206971e-07   8.220424e-05   5.331645e-09   624
  2.068246e-01   9.427417e-08   5.554917e-05   4.980450e-09   360
  2.072798e-01   1.076598e-07   7.556319e-05   3.844670e-09   876
  2.076909e-01   1.014361e-07   8.974647e-05   4.518052e-09   696
  2.081055e-01   1.148913e-07   5.795238e-05   6.661376e-09   336
  2.083228e-01   1.143230e-07   5.788726e-05   5.741711e-09   504
  2.086818e-01   1.070221e-07   5.838888e-05   4.206605e-09   672
  2.092144e-01   1.007204e-07   1.162387e-04   4.036150e-09   720
  2.095838e-01   9.901603e-08   8.780591e-05   4.248364e-09   774
  2.099915e-01   1.080649e-07   5.025783e-05   5.580323e-09   384
  2.102050e-01   1.071653e-07   9.671763e-05   5.113737e-09   528
  2.105364e-01   1.094535e-07   9.217729e-05   4.242046e-09   744
  2.110694e-01   1.116446e-07   7.602671e-05   4.279890e-09   768
  2.114233e-01   1.090267e-07   8.534571e-05   4.883236e-09   552
  2.118649e-01   1.024777e-07   9.301717e-05   4.223043e-09   696
  2.121934e-01   1.143672e-07   1.130320e-04   6.488666e-09   408
  2.124541e-01   1.063398e-07   4.883074e-05   5.176005e-09   504
  2.128675e-01   1.039841e-07   8.772259e-05   3.994446e-09   888
  2.132743e-01   1.012662e-07   9.116913e-05   4.292747e-09   648
  2.136971e-01   1.046127e-07   9.038766e-05   4.686355e-09   648
  2.140948e-01   1.086552e-07   9.746006e-05   4.133134e-09   792
  2.145162e-01   1.054300e-07   1.425907e-04   4.633222e-09   600
  2.148267e-01   1.027601e-07   9.663487e-05   5.279081e-09   456
  2.151535e-01   1.115812e-07   4.709572e-05   4.643465e-09   648
  2.155732e-01   1.035641e-07   9.184351e-05   3.560786e-09   936
  2.160264e-01   1.055989e-07   5.640375e-05   5.427102e-09   384
  2.164208e-01   1.768463e-38   4.745948e-09   2.541655e-39   198
  2.167253e-01   1.910915e-38   1.431011e-04   8.803389e-40   1224
  2.170537e-01   2.053840e-38   1.042217e-04   1.829129e-39   420
  2.174420e-01   1.846449e-38   1.008648e-04   1.233602e-39   792
  2.178218e-01   1.847199e-38   8.340657e-05   1.552114e-39   680
  2.182552e-01   2.173936e-38   7.658783e-05   1.082353e-39   600
  2.186039e-01   1.867516e-38   1.110734e-04   8.774303e-40   840
  2.190695e-01   1.791750e-38   5.244369e-05   1.061708e-39   432
  2.192474e-01   2.282369e-38   4.914665e-05   9.434759e-40   720
  2.196343e-01   1.898875e-38   9.843213e-05   7.851712e-40   960
  2.201154e-01   2.084819e-38   8.774504e-05   1.172694e-39   528
  2.204670e-01   1.680424e-38   8.969217e-05   1.146958e-39   624
  2.208855e-01   1.985027e-38   7.049743e-05   8.631533e-40   816
  2.213008e-01   2.066011e-38   1.159345e-04   1.229214e-39   696
  2.217599e-01   1.903112e-38   7.830814e-09   1.646255e-39   240
  2.219325e-01   1.993997e-38   6.836935e-05   1.067323e-39   672
  2.223177e-01   2.205154e-38   1.221858e-04   9.545917e-40   864
  2.227499e-01   1.894867e-38   9.375778e-05   1.012221e-39   816
  2.231394e-01   2.066271e-38   5.366372e-05   9.688991e-40   648
  2.235589e-01   2.062546e-38   5.485410e-05   1.047261e-39   843
  2.239151e-01   1.927064e-38   9.869601e-05   1.128474e-39   780
  2.243395e-01   1.311922e-38   5.295844e-05   1.507149e-39   216
  2.246013e-01   2.259475e-38   1.277035e-04   9.341827e-40   1056
  2.250039e-01   1.880983e-38   1.044758e-04   2.281101e-39   228
  2.253767e-01   2.400781e-38   1.300750e-04   1.083932e-39   924
  2.257594e-01   2.138123e-38   4.825052e-05   1.221920e-39   696
  2.261647e-01   1.916696e-38   8.587211e-05   8.761655e-40   996
  2.265793e-01   2.207935e-38   5.069718e-05   1.147421e-39   576
  2.270107e-01   2.038569e-38   7.824775e-05   1.208276e-39   552
  2.273251e-01   2.122546e-38   9.342507e-05   1.120456e-39   516
  2.276442e-01   2.239405e-38   1.358594e-04   1.440794e-39   744
  2.280088e-01   2.061763e-38   6.664715e-05   1.275426e-39   576
  2.283260e-01   2.148527e-38   6.859680e-05   1.112975e-39   792
  2.287768e-01   2.308799e-38   7.841886e-05   1.267315e-39   792
  2.291071e-01   2.343866e-38   8.457391e-05   1.251435e-39   720
  2.295538e-01   2.146223e-38   9.639481e-05   1.003009e-39   656
  2.299724e-01   2.085967e-38   1.052581e-04   1.305504e-39   816
  2.304015e-01   1.957896e-38   5.675340e-05   1.031237e-39   492
  2.306454e-01   2.429932e-38   8.164378e-05   1.298693e-39   552
  2.311032e-01   2.009731e-38   1.419686e-04   1.001516e-39   780
  2.314005e-01   2.284233e-38   8.720963e-05   1.212753e-39   528
  2.317208e-01   2.106967e-38   1.018002e-04   9.913384e-40   600
  2.321929e-01   2.347578e-38   8.460399e-05   1.186436e-39   900
  2.325183e-01   2.122058e-38   4.683822e-05   1.171236e-39   696
  2.329660e-01   2.213840e-38   1.184322e-04   1.238053e-39   696
  2.333991e-01   2.244697e-38   4.804683e-05   1.225069e-39   552
  2.337633e-01   2.221627e-38   5.587403e-05   1.232133e-39   708
  2.341448e-01   1.975098e-38   9.225121e-05   1.098548e-39   876
  2.345418e-01   2.215334e-38   4.898356e-05   2.255804e-39   216
  2.348082e-01   2.211820e-38   1.339767e-04   9.597133e-40   1032
  2.352071e-01   2.503601e-38   1.491682e-04   1.398981e-39   600
  2.356212e-01   2.089347e-38   7.117755e-05   1.110159e-39   600
  2.359371e-01   2.210313e-38   1.256929e-04   1.183991e-39   528
  2.363105e-01   2.513459e-38   6.899988e-05   1.366879e-39   732
  2.367039e-01   2.234964e-38   5.095015e-05   1.681962e-39   336
  2.371566e-01   2.364688e-38   7.261407e-05   1.251445e-39   912
  2.374950e-01   2.098065e-38   7.288252e-05   1.208876e-39   624
  2.378647e-01   2.167575e-38   6.141657e-05   1.123974e-39   768
  2.382963e-01   2.354891e-38   1.108076e-04   1.118481e-39   792
  2.387198e-01   2.272333e-38   5.493383e-05   1.279829e-39   660
  2.390212e-01   2.251295e-38   8.095383e-05   1.491406e-39   504
  2.393329e-01   2.573697e-38   1.322631e-04   1.295475e-39   480
  2.398000e-01   2.517648e-38   1.223261e-04   1.107910e-39   912
  2.401658e-01   2.223846e-38   1.362291e-04   1.352389e-39   432
  2.405113e-01   2.598564e-38   8.088962e-05   1.159139e-39   564
  2.408180e-01   2.183447e-38   7.742251e-05   1.460677e-39   600
  2.412498e-01   2.384768e-38   1.079196e-04   1.048379e-39   876
  2.415741e-01   2.444732e-38   4.852393e-05   2.541087e-39   264
  2.420212e-01   2.706124e-38   9.415549e-05   1.292668e-39   560
  2.423806e-01   2.340354e-38   6.398069e-05   1.025488e-39   840
  2.428168e-01   2.444220e-38   9.863978e-05   1.005150e-39   1008
  2.432202e-01   2.363222e-38   4.412481e-05   1.287026e-39   456
  2.435886e-01   2.366825e-38   5.715745e-05   1.176922e-39   576
  2.439292e-01   2.368055e-38   8.782853e-05   1.338343e-39   612
  2.443783e-01   2.278368e-38   7.844513e-05   1.005672e-39   780
  2.447447e-01   2.570757e-38   8.989453e-05   1.293253e-39   648
  2.451197e-01   2.076624e-38   4.189201e-05   1.522614e-39   312
  2.453594e-01   2.596675e-38   1.064407e-04   1.238392e-39   528
  2.457747e-01   2.602242e-38   1.390063e-04   1.264940e-39   720
  2.461718e-01   2.499437e-38   1.394416e-04   1.408948e-39   576
  2.466533e-01   2.519129e-38   1.202863e-04   1.540948e-39   444
  2.469529e-01   2.577392e-38   1.179621e-04   1.089134e-39   996
  2.473200e-01   2.680778e-38   9.853387e-05   1.568444e-39   432
  2.476669e-01   3.172277e-38   1.078752e-04   1.445576e-39   504
  2.479666e-01   2.775879e-38   4.863583e-05   1.601998e-39   504
  2.483934e-01   2.792178e-38   9.571589e-05   1.231100e-39   876
  2.487796e-01   2.888257e-38   1.101599e-04   1.447142e-39   504
  2.491817e-01   2.868626e-38   7.025420e-05   1.361970e-39   696
  2.495140e-01   2.983628e-38   6.005997e-05   1.582130e-39   492
  2.499662e-01   2.758126e-38   8.597875e-05   1.725953e-39   432
  2.503011e-01   2.737861e-38   8.050968e-05   9.807162e-40   768
  2.506981e-01   2.659189e-38   1.002856e-04   1.154167e-39   648
  2.510772e-01   2.813738e-38   6.542561e-05   1.686822e-39   456
  2.515128e-01   2.349147e-38   8.997083e-05   1.308106e-39   552
  2.518153e-01   2.605942e-38   6.166608e-05   1.449290e-39   648
  2.522317e-01   2.577234e-38   1.005122e-04   1.196845e-39   840
  2.526384e-01   2.555856e-38   4.793217e-05   1.433620e-39   432
  2.530455e-01   2.674402e-38   5.870872e-05   1.433369e-39   600
  2.533287e-01   2.832488e-38   6.255029e-05   2.024314e-39   432
  2.538044e-01   2.783340e-38   6.227491e-05   1.398629e-39   560
  2.541265e-01   2.644786e-38   9.857465e-05   1.274662e-39   840
  2.545299e-01   2.641840e-38   5.838720e-05   1.400433e-39   504
  2.548502e-01   2.856913e-38   1.191648e-04   1.650328e-39   696
  2.553018e-01   2.568093e-38   6.508356e-05   1.620957e-39   384
  2.556535e-01   2.920314e-38   9.533975e-05   1.714030e-39   576
  2.560789e-01   2.930033e-38   5.883893e-05   1.936682e-39   360
  2.564218e-01   2.715903e-38   8.762544e-05   1.487148e-39   828
  2.567917e-01   2.649299e-38   7.804673e-05   1.732570e-39   372
  2.571307e-01   3.423466e-38   1.191923e-04   1.665853e-39   576
  2.575797e-01   3.093840e-38   4.991761e-05   1.613847e-39   636
  2.578996e-01   2.547737e-38   9.622826e-05   1.475815e-39   648
  2.583323e-01   2.597936e-38   7.822306e-05   1.357462e-39   576
  2.586430e-01   2.822913e-38   1.261820e-04   1.751876e-39   528
  2.590561e-01   2.827700e-38   5.394804e-05   1.974605e-39   360
  2.593981e-01   2.867099e-38   1.241007e-04   1.280832e-39   672
  2.598446e-01   2.877228e-38   6.356642e-05   1.434025e-39   804
  2.602163e-01   3.126086e-38   7.012137e-05   2.196968e-39   408
  2.606274e-01   2.700993e-38   4.334263e-05   1.941778e-39   384
  2.609042e-01   2.736296e-38   9.918459e-05   2.300890e-39   480
  2.612947e-01   2.382963e-38   6.408778e-05   1.880236e-39   432
  2.616692e-01   3.238091e-38   1.181001e-04   1.623522e-39   648
  2.621125e-01   2.949746e-38   7.328056e-05   2.080215e-39   624
  2.624367e-01   2.706085e-38   6.665485e-05   2.223237e-39   456
  2.628795e-01   3.168306e-38   9.105646e-05   1.592610e-39   588
  2.631762e-01   3.184481e-38   5.809364e-05   1.227864e-39   600
  2.636094e-01   3.223059e-38   9.061183e-05   1.357574e-39   708
  2.639516e-01   3.161323e-38   5.708370e-05   2.286312e-39   360
  2.643298e-01   3.087173e-38   6.561923e-05   1.708998e-39   552
  2.646923e-01   2.972047e-38   4.603344e-05   3.046765e-39   288
  2.650603e-01   2.788995e-38   8.655546e-05   1.522193e-39   528
  2.654060e-01   3.360853e-38   5.839431e-05   1.582973e-39   456
  2.657924e-01   3.145538e-38   1.035458e-04   1.600702e-39   608
  2.661809e-01   3.077785e-38   5.009661e-05   1.518492e-39   504
  2.666055e-01   2.858512e-38   1.075546e-04   1.385764e-39   540
  2.669384e-01   3.668464e-38   1.154568e-04   1.981318e-39   360
  2.672972e-01   3.549686e-38   5.228475e-05   1.835434e-39   540
  2.676146e-01   3.066975e-38   4.489266e-05   1.820275e-39   576
  2.680762e-01   3.493120e-38   1.040909e-04   1.575634e-39   588
  2.685150e-01   3.214782e-38   1.436140e-04   1.446509e-39   672
  2.688920e-01   3.778718e-38   1.097654e-04   1.863971e-39   552
  2.691959e-01   3.789055e-38   1.098209e-04   2.793673e-39   144
  2.695837e-01   3.340347e-38   9.330411e-05   1.460401e-39   600
  2.699514e-01   3.656175e-38   1.169304e-04   2.200015e-39   504
  2.703595e-01   2.730960e-38   1.201111e-04   2.366011e-39   336
  2.707887e-01   3.290459e-38   1.350054e-04   1.568712e-39   600
  2.711731e-01   3.530751e-38   8.712810e-05   1.706286e-39   636
  2.715880e-01   3.154771e-38   7.005178e-05   2.117280e-39   384
  2.718789e-01   3.473098e-38   9.771396e-05   2.423589e-39   504
  2.722982e-01   3.399307e-38   4.100918e-05   2.770340e-39   240
  2.726291e-01   3.773628e-38   9.633639e-05   1.813647e-39   744
  2.730261e-01   3.148335e-38   6.578310e-05   1.663823e-39   648
  2.733790e-01   6.215931e-38   4.366878e-05   4.973026e-39   120
  2.737925e-01   3.716241e-38   6.859799e-05   1.908795e-39   564
  2.741050e-01   3.735682e-38   1.077373e-04   2.062135e-39   432
  2.745220e-01   3.268186e-38   8.362543e-05   1.926566e-39   480
  2.748361e-01   3.710101e-38   6.155045e-05   1.929449e-39   456
  2.752067e-01   3.219781e-38   1.018569e-04   2.939573e-39   444
  2.756274e-01   3.439711e-38   1.558464e-04   1.835552e-39   528
  2.759969e-01   3.241478e-38   1.157439e-04   2.596098e-39   264
  2.763555e-01   3.373065e-38   1.186203e-04   2.182763e-39   444
  2.768379e-01   3.372553e-38   1.299311e-04   1.624989e-39   696
  2.772383e-01   3.583529e-38   6.949148e-05   2.345723e-39   384
  2.775311e-01   3.655608e-38   8.780831e-05   2.472047e-39   432
  2.779866e-01   4.259774e-38   6.067143e-05   2.040192e-39   488
  2.782823e-01   3.859866e-38   9.143939e-05   2.530994e-39   480
  2.787111e-01   3.889820e-38   1.019738e-04   1.798921e-39   480
  2.790432e-01   3.179527e-38   4.278510e-05   3.399785e-39   240
  2.794202e-01   4.020869e-38   9.994261e-05   1.786553e-39   600
  2.797758e-01   3.218789e-38   8.708975e-05   2.601826e-39   288
  2.801544e-01   3.860650e-38   8.377397e-05   2.253120e-39   480
  2.805379e-01   3.253455e-38   1.490189e-04   1.904166e-39   504
  2.809155e-01   4.342858e-38   6.393839e-05   2.982977e-39   216
  2.813970e-01   4.282615e-38   1.046773e-04   2.609425e-39   504
  2.817720e-01   3.804980e-38   8.419242e-05   2.220072e-39   456
  2.821825e-01   4.557960e-38   4.828579e-05   3.540107e-39   384
  2.824544e-01   3.980758e-38   9.800271e-05   2.496952e-39   480
  2.828408e-01   4.053143e-38   8.605736e-05   1.904646e-39   504
  2.831988e-01   3.633902e-38   5.458940e-05   2.640529e-39   312
  2.835845e-01   3.992470e-38   8.796897e-05   2.895892e-39   492
  2.839260e-01   3.948827e-38   8.245044e-05   3.472097e-39   312
  2.843655e-01   3.725600e-38   1.339342e-04   2.147178e-39   576
  2.847524e-01   3.853884e-38   1.236321e-04   3.218201e-39   336
  2.850738e-01   3.515623e-38   9.519099e-05   2.584009e-39   240
  2.855192e-01   3.989373e-38   1.261991e-04   2.380094e-39   468
  2.859039e-01   4.669422e-38   7.901891e-05   3.890319e-39   192
  2.863065e-01   3.470932e-38   7.925442e-05   2.583652e-39   324
  2.866016e-01   3.796465e-38   5.752155e-05   2.226649e-39   600
  2.870037e-01   4.354611e-38   9.332283e-05   2.476298e-39   456
  2.873023e-01   3.952612e-38   4.197661e-05   3.974746e-39   336
  2.877972e-01   4.264798e-38   1.256898e-04   2.112419e-39   612
  2.881573e-01   3.666701e-38   1.054844e-04   3.989277e-39   144
  2.884978e-01   4.317322e-38   1.231274e-04   2.441843e-39   552
  2.889609e-01   3.911499e-38   4.848907e-05   3.542149e-39   264
  2.892225e-01   4.520401e-38   1.122646e-04   3.284655e-39   336
  2.896353e-01   3.943548e-38   7.418058e-05   3.005801e-39   384
  2.899932e-01   4.738272e-38   4.175634e-05   4.863109e-39   216
  2.903894e-01   3.253195e-38   8.853205e-05   3.159117e-39   344
  2.907507e-01   4.235018e-38   1.320940e-04   2.768465e-39   408
  2.911910e-01   4.677233e-38   1.015056e-04   2.828785e-39   264
  2.915811e-01   4.961872e-38   1.415038e-04   1.950716e-39   612
  2.919709e-01   4.689754e-38   7.282870e-05   3.136183e-39   408
  2.923718e-01   3.769831e-38   7.293338e-05   2.698405e-39   444
  2.926663e-01   4.125504e-38   4.079109e-05   5.760042e-39   120
  2.930609e-01   4.205204e-38   1.126983e-04   2.285437e-39   336
  2.933538e-01   4.176169e-38   3.916222e-05   2.780620e-39   288
  2.937496e-01   4.591767e-38   1.218735e-04   2.125032e-39   552
  2.942938e-01   6.228613e-38   6.525678e-09   1.044323e-38   72
  2.945736e-01   4.398109e-38   1.210514e-04   2.611504e-39   504
  2.949004e-01   3.827609e-38   3.895317e-05   2.731519e-39   216
  2.953239e-01   4.178680e-38   6.954821e-05   2.865453e-39   312
  2.957040e-01   4.621159e-38   7.919158e-05   2.393339e-39   336
  2.960663e-01   3.691365e-38   1.097684e-04   3.134015e-39   204
  2.964271e-01   4.901025e-38   1.275676e-04   2.164398e-39   504
  2.968098e-01   5.497303e-38   1.214810e-04   2.940352e-39   396
  2.971778e-01   4.879170e-38   1.114044e-04   4.641401e-39   312
  2.976240e-01   5.526251e-38   6.808000e-05   4.447470e-39   216
  2.979383e-01   4.717159e-38   3.694832e-05   3.231866e-39   168
  2.983203e-01   4.741116e-38   9.329657e-05   2.743020e-39   588
  2.987563e-01   4.988349e-38   1.266392e-04   3.703686e-39   240
  2.990950e-01   4.587870e-38   1.118436e-04   3.402221e-39   264
  2.994922e-01   4.452918e-38   1.383176e-04   2.946010e-39   288
  2.998446e-01   4.463259e-38   6.907007e-05   3.610917e-39   288
  3.002913e-01   5.848039e-38   6.486779e-05   4.317680e-39   288
  3.005921e-01   4.270808e-38   7.514392e-05   4.231722e-39   192
  3.009705e-01   4.859921e-38   7.996067e-05   3.820862e-39   264
  3.013310e-01   4.734412e-38   1.315242e-04   2.966015e-39   372
  3.017189e-01   5.510824e-38   1.420518e-04   3.184598e-39   360
  3.021924e-01   4.314436e-38   6.011768e-05   6.908285e-39   144
  3.024371e-01   4.526763e-38   8.350082e-05   3.045741e-39   296
  3.028234e-01   4.235725e-38   8.996782e-05   3.716030e-39   288
  3.032657e-01   4.240619e-38   1.344546e-04   2.290606e-39   480
  3.036471e-01   3.921967e-38   1.117190e-04   3.360669e-39   192
  3.040181e-01   5.875760e-38   1.198338e-04   6.442884e-39   192
  3.043553e-01   4.835935e-38   7.637151e-05   3.142180e-39   288
  3.048242e-01   6.123669e-38   6.648036e-05   4.020593e-39   108
  3.050604e-01   6.076038e-38   6.391272e-05   6.568200e-39   240
  3.054775e-01   4.156998e-38   1.192307e-04   2.461049e-39   384
  3.059059e-01   4.922090e-38   1.454479e-04   5.962740e-39   108
  3.062848e-01   4.932714e-38   8.527881e-05   3.722217e-39   348
  3.066832e-01   5.340605e-38   8.900031e-05   3.772051e-39   312
  3.070391e-01   7.346708e-38   8.648246e-05   6.666420e-39   96
  3.073663e-01   5.093398e-38   1.151358e-04   3.226479e-39   384
  3.077328e-01   5.042772e-38   7.919012e-05   4.617190e-39   144
  3.080912e-01   5.268236e-38   1.216791e-04   2.778780e-39   408
  3.085368e-01   4.976246e-38   5.427748e-05   3.835976e-39   144
  3.089578e-01   5.221172e-38   1.043490e-04   4.686640e-39   192
  3.092074e-01   5.009965e-38   1.174468e-04   6.674609e-39   144
  3.096144e-01   4.606649e-38   9.548855e-05   4.900232e-39   144
  3.099983e-01   5.534758e-38   1.167025e-04   3.544748e-39   336
  3.104685e-01   5.340184e-38   8.634502e-05   3.116222e-39   240
  3.107666e-01   4.964632e-38   3.920851e-05   7.277244e-39   96
  3.111825e-01   5.727521e-38   1.149797e-04   4.049973e-39   372
  3.116031e-01   5.266496e-38   1.367659e-04   4.983735e-39   132
  3.119726e-01   5.857291e-38   8.462908e-05   3.171568e-39   264
  3.123032e-01   4.971017e-38   6.499128e-05   8.777828e-39   168
  3.126560e-01   4.895240e-38   1.039086e-04   4.990323e-39   216
  3.129676e-01   5.940619e-38   6.357256e-05   4.681357e-39   216
  3.134215e-01   5.620566e-38   1.166292e-04   4.942750e-39   96
  3.138333e-01   5.609009e-38   7.608990e-05   6.835215e-39   120
  3.142110e-01   5.570894e-38   9.673168e-05   3.659488e-39   216
  3.145221e-01   6.277094e-38   4.227207e-05   4.782551e-39   200
  3.149340e-01   5.350304e-38   1.094242e-04   3.810796e-39   288
  3.154623e-01   3.636687e-38   2.879164e-05   5.254615e-39   144
  3.156848e-01   6.502125e-38   8.959781e-05   5.143154e-39   168
  3.161391e-01   6.009430e-38   1.008340e-04   4.585670e-39   159
  3.164937e-01   5.808329e-38   1.057991e-04   3.942461e-39   174
  3.168369e-01   4.942608e-38   9.593494e-05   4.837486e-39   144
  3.172863e-01   5.537502e-38   5.539549e-05   4.236996e-39   222
  3.175869e-01   5.523298e-38   5.589895e-05   5.333073e-39   168
  3.181060e-01   4.834565e-38   1.226079e-04   1.232349e-38   30
  3.183205e-01   4.857564e-38   1.082537e-04   6.574281e-39   72
  3.187244e-01   4.798895e-38   9.661517e-05   3.622566e-39   258
  3.191684e-01   5.495594e-38   6.051257e-05   3.805616e-39   264
  3.193905e-01   4.326703e-38   0.000000e+00   7.225629e-39   72
  3.198532e-01   5.058370e-38   1.199385e-04   4.271338e-39   174
  3.202721e-01   5.872794e-38   1.277123e-04   5.734655e-39   168
  3.206090e-01   6.728238e-38   3.996146e-09   7.082289e-39   48
  3.209705e-01   6.210400e-38   7.212215e-05   5.234390e-39   150
  3.213898e-01   6.429473e-38   1.326739e-04   5.176707e-39   168
  3.218102e-01   6.097945e-38   8.081877e-05   5.569014e-39   144
  3.221967e-01   6.563581e-38   7.550312e-05   5.959287e-39   102
  3.224847e-01   5.939553e-38   1.117576e-04   6.736552e-39   96
  3.229415e-01   6.895921e-38   1.109119e-04   4.316898e-39   120
  3.232799e-01   6.908877e-38   1.189559e-04   5.663295e-39   168
  3.236458e-01   6.722642e-38   8.783953e-05   1.037480e-38   126
  3.239576e-01   6.481192e-38   6.624856e-05   5.338493e-39   168
  3.243872e-01   6.422776e-38   1.062297e-04   1.064469e-38   72
  3.247626e-01   6.425695e-38   1.330232e-04   6.423867e-39   168
  3.250914e-01   5.328676e-38   3.646820e-05   8.726897e-39   78
  3.255420e-01   7.501487e-38   5.987806e-05   8.207140e-39   60
  3.259049e-01   4.875249e-38   9.713191e-05   7.308009e-39   96
  3.262812e-01   5.893710e-38   1.178615e-04   5.619227e-39   168
  3.266349e-01   6.541669e-38   7.457817e-05   1.009985e-38   86
  3.270060e-01   1.007203e-37   6.665520e-05   7.888700e-39   120
  3.275378e-01   6.419358e-38   4.753401e-05   4.382354e-39   168
  3.278247e-01   5.564195e-38   0.000000e+00   8.946890e-39   48
  3.282110e-01   7.569412e-38   8.660181e-05   5.901965e-39   120
  3.284330e-01   6.313941e-38   6.317951e-05   4.403146e-39   126
  3.289749e-01   6.824435e-38   1.111151e-04   8.941010e-39   96
  3.293266e-01   7.208182e-38   3.204012e-05   7.243373e-39   96
  3.296039e-01   5.425071e-38   0.000000e+00   4.599103e-39   72
  3.301949e-01   3.431396e-38   3.996146e-09   7.685274e-39   24
  3.305637e-01   7.794945e-38   6.593782e-05   5.242752e-39   120
  3.308514e-01   7.673695e-38   9.618300e-05   5.584557e-39   126
  3.311713e-01   7.856326e-38   8.018157e-05   1.248563e-38   96
  3.315452e-01   7.782675e-38   1.385771e-04   8.950987e-39   72
  3.319614e-01   6.565307e-38   5.993927e-05   7.086559e-39   144
  3.323038e-01   6.454500e-38   3.457157e-05   8.848507e-39   72
  3.326459e-01   8.082910e-38   6.905176e-05   8.414236e-39   54
  3.329469e-01   6.114485e-38   6.085106e-05   8.080594e-39   108
  3.335726e-01   7.769712e-38   5.964977e-05   8.788489e-39   72
  3.337673e-01   7.622151e-38   3.441997e-05   1.102200e-38   72
  3.342294e-01   2.600426e-38   6.921527e-09   1.061144e-38   24
  3.346666e-01   8.732484e-38   7.281693e-05   1.079762e-38   48
  3.349321e-01   7.170209e-38   5.546771e-05   6.127214e-39   102
  3.353317e-01   7.172482e-38   1.254449e-04   7.554347e-39   168
  3.358538e-01   5.647346e-38   6.841470e-05   7.926227e-39   72
  3.360473e-01   6.264915e-38   0.000000e+00   9.566393e-39   48
  3.364531e-01   6.534058e-38   1.176775e-04   7.153868e-39   120
  3.369887e-01   8.925855e-38   7.231517e-05   8.147513e-39   96
  3.374945e-01   2.730682e-38   7.830814e-09   9.744040e-39   30
  3.380957e-01   7.601314e-38   3.397687e-05   1.127239e-38   72
  3.383599e-01   8.765567e-38   3.996146e-09   1.196941e-38   24
  3.386992e-01   7.649412e-38   5.036212e-05   6.841216e-39   56
  3.390793e-01   9.680080e-38   7.186930e-05   7.750951e-39   96
  3.395342e-01   7.278874e-38   7.936128e-05   8.805897e-39   144
  3.398849e-01   5.865005e-38   4.505822e-05   9.873736e-39   54
  3.403944e-01   8.889354e-38   6.750198e-05   9.439078e-39   108
  3.409071e-01   6.324483e-38   3.574199e-05   1.441192e-38   48
  3.413952e-01   1.012572e-37   1.345800e-04   7.423758e-39   72
  3.425664e-01   1.046641e-37   8.891744e-05   6.312417e-39   78
  3.428909e-01   9.945723e-38   6.701044e-05   1.028868e-38   72
  3.432698e-01   1.039998e-37   6.692725e-05   1.166794e-38   72
  3.436659e-01   9.123170e-38   1.615028e-04   1.100646e-38   96
  3.439790e-01   8.287880e-38   6.678928e-05   1.356038e-38   72
  3.443566e-01   5.125215e-38   0.000000e+00   6.698489e-39   24
  3.447338e-01   8.073794e-38   1.332770e-04   9.119747e-39   72
  3.455858e-01   7.272764e-38   8.463498e-05   2.335485e-38   30
  3.457691e-01   1.023442e-37   0.000000e+00   2.006333e-38   24
  3.467544e-01   9.592337e-38   7.027855e-05   1.664403e-38   48
  3.470634e-01   8.579252e-38   1.512394e-04   1.002477e-38   120
  3.474798e-01   1.039231e-37   6.612537e-05   1.394910e-38   72
  3.479003e-01   6.019308e-38   6.604543e-05   1.602058e-38   36
  3.481894e-01   9.836043e-38   1.305365e-04   1.043965e-38   78
  3.489960e-01   9.284763e-38   6.982714e-05   1.532886e-38   48
  3.500419e-01   7.992595e-38   5.651403e-09   2.482754e-38   24
  3.507870e-01   1.167146e-37   4.862619e-05   1.224629e-38   56
  3.511622e-01   1.038599e-37   7.482652e-05   1.079654e-38   102
  3.516395e-01   1.029235e-37   5.328194e-09   1.170116e-38   72
  3.519166e-01   1.269514e-37   0.000000e+00   1.702309e-38   24
  3.524009e-01   8.452963e-38   6.915246e-05   1.958794e-38   48
  3.532988e-01   8.747432e-38   0.000000e+00   1.256936e-38   24
  3.544007e-01   8.605165e-38   0.000000e+00   3.086990e-38   6
  3.547443e-01   1.360385e-37   0.000000e+00   2.101643e-38   24
  3.549732e-01   1.216667e-37   6.472929e-05   8.489718e-39   72
  3.553914e-01   1.292895e-37   1.207586e-04   9.945315e-39   84
  3.558418e-01   1.148893e-37   0.000000e+00   2.190633e-38   24
  3.559787e-01   6.217618e-38   5.651403e-09   2.488504e-38   24
  3.566626e-01   9.851394e-38   3.996146e-09   3.059161e-38   24
  3.576179e-01   6.476870e-38   0.000000e+00   2.120387e-39   6
  3.588424e-01   1.167771e-37   6.791113e-05   2.478672e-38   48
  3.591365e-01   1.009219e-37   1.279335e-04   1.035982e-38   72
  3.595209e-01   8.079382e-38   6.778297e-05   1.459918e-38   48
  3.601304e-01   6.835459e-38   0.000000e+00   1.973296e-38   24
  3.609415e-01   1.139831e-37   3.996146e-09   2.793861e-38   6
  3.627599e-01   1.526984e-37   0.000000e+00   3.960883e-38   8
  3.628942e-01   1.143193e-37   3.996146e-09   2.258828e-38   48
  3.632164e-01   1.015019e-37   6.573533e-05   1.668821e-38   60
  3.636991e-01   8.234379e-38   0.000000e+00   1.910274e-38   24
  3.643686e-01   2.213098e-37   0.000000e+00   1.878653e-38   6
  3.668348e-01   1.482505e-37   0.000000e+00   1.631948e-38   24
  3.670341e-01   1.251870e-37   6.639546e-05   3.881425e-38   48
  3.673659e-01   8.692137e-38   0.000000e+00   2.074138e-38   24
  3.678962e-01   4.282178e-38   3.996146e-09   4.657797e-38   6
  3.709088e-01   1.423720e-37   6.194064e-05   3.949928e-38   36
  3.711278e-01   1.041035e-37   0.000000e+00   2.139112e-38   24
  3.715215e-01   3.419572e-38   0.000000e+00   3.143656e-38   6
  3.749494e-01   1.260770e-37   5.629118e-05   1.885861e-38   32
  3.752417e-01   2.106867e-37   3.996146e-09   3.101470e-38   6
  3.789254e-01   2.140135e-37   0.000000e+00   3.152577e-38   12
  3.790540e-01   6.415048e-38   0.000000e+00   7.853959e-38   6
  3.829556e-01   8.455427e-38   5.651403e-09   6.754235e-38   6
