# power spectrum of B
# redshift z=30.000000
# k              Pk             sigma(k)       sigma(Pk)      count
  6.981317e-03   1.920130e-17   0.000000e+00   2.631710e-18   6
  9.873073e-03   2.417485e-17   0.000000e+00   4.481799e-18   12
  1.209200e-02   1.698064e-17   1.324548e-10   3.239774e-18   8
  1.396263e-02   5.547740e-17   0.000000e+00   1.316048e-17   6
  1.561070e-02   5.442400e-17   0.000000e+00   7.760596e-18   24
  1.710066e-02   4.373476e-17   2.497591e-10   6.156119e-18   24
  1.974615e-02   4.091250e-17   0.000000e+00   7.911448e-18   12
  2.094395e-02   4.496578e-17   2.825702e-10   6.127365e-18   30
  2.207686e-02   5.402949e-17   0.000000e+00   6.388785e-18   24
  2.315441e-02   5.914715e-17   4.325955e-10   6.247329e-18   24
  2.418399e-02   3.913767e-17   2.649095e-10   4.335503e-18   8
  2.517150e-02   4.261259e-17   3.532127e-10   5.005728e-18   24
  2.612170e-02   5.012152e-17   0.000000e+00   6.321421e-18   48
  2.792527e-02   6.571996e-17   0.000000e+00   8.574026e-18   6
  2.878471e-02   4.990093e-17   4.995182e-10   5.109176e-18   48
  2.961922e-02   3.943377e-17   0.000000e+00   6.795628e-18   36
  3.043086e-02   4.461618e-17   3.532127e-10   4.805728e-18   24
  3.122140e-02   3.975658e-17   0.000000e+00   5.004115e-18   24
  3.199241e-02   4.734365e-17   0.000000e+00   5.279940e-18   48
  3.274528e-02   3.426575e-17   4.995182e-10   7.046934e-18   24
  3.420133e-02   4.713195e-17   4.995182e-10   8.222538e-18   24
  3.490659e-02   3.816485e-17   0.000000e+00   3.979585e-18   30
  3.559787e-02   3.236807e-17   0.000000e+00   2.575165e-18   72
  3.627599e-02   3.820563e-17   5.298191e-10   4.397530e-18   32
  3.759554e-02   4.078460e-17   0.000000e+00   3.194801e-18   72
  3.823825e-02   3.404309e-17   0.000000e+00   3.701358e-18   48
  3.949229e-02   3.456030e-17   0.000000e+00   8.233297e-18   12
  4.010461e-02   3.622049e-17   0.000000e+00   4.069794e-18   48
  4.070772e-02   3.470467e-17   0.000000e+00   3.818445e-18   48
  4.130203e-02   4.388152e-17   4.995182e-10   4.123783e-18   48
  4.188790e-02   3.368600e-17   5.651403e-10   3.245717e-18   30
  4.246569e-02   3.038586e-17   4.995182e-10   3.104649e-18   24
  4.303573e-02   4.639157e-17   1.053077e-09   3.811667e-18   72
  4.415373e-02   3.060874e-17   0.000000e+00   4.429861e-18   24
  4.470224e-02   3.924138e-17   0.000000e+00   3.216751e-18   96
  4.524411e-02   3.046618e-17   0.000000e+00   3.922615e-18   48
  4.577956e-02   1.837265e-17   8.651909e-10   1.789203e-18   24
  4.630882e-02   5.176606e-17   8.651909e-10   6.967287e-18   24
  4.683210e-02   3.018288e-17   0.000000e+00   2.622289e-18   72
  4.734960e-02   3.440104e-17   0.000000e+00   2.908181e-18   48
  4.836798e-02   1.705604e-17   5.298191e-10   3.486137e-18   8
  4.886922e-02   4.138397e-17   6.279337e-10   4.414180e-18   54
  4.936537e-02   2.636059e-17   0.000000e+00   1.807511e-18   84
  4.985658e-02   2.739011e-17   0.000000e+00   2.738813e-18   48
  5.034299e-02   4.196020e-17   7.064254e-10   4.723911e-18   24
  5.082475e-02   3.052060e-17   6.660243e-10   2.361792e-18   72
  5.130199e-02   3.580654e-17   0.000000e+00   2.324861e-18   96
  5.224339e-02   3.485709e-17   0.000000e+00   3.176787e-18   48
  5.270779e-02   3.287968e-17   0.000000e+00   3.098450e-18   48
  5.316813e-02   3.111870e-17   7.064254e-10   3.794188e-18   24
  5.362451e-02   3.474881e-17   0.000000e+00   2.697227e-18   72
  5.452583e-02   2.629082e-17   6.660243e-10   2.685612e-18   72
  5.497095e-02   2.660421e-17   0.000000e+00   2.711522e-18   96
  5.585054e-02   1.746177e-17   0.000000e+00   4.998516e-18   6
  5.628518e-02   2.316061e-17   0.000000e+00   1.651905e-18   96
  5.671649e-02   2.890792e-17   7.064254e-10   2.452433e-18   96
  5.714454e-02   2.746925e-17   0.000000e+00   4.449305e-18   24
  5.756941e-02   3.177170e-17   9.990364e-10   3.485653e-18   48
  5.799117e-02   3.738689e-17   0.000000e+00   2.039153e-18   96
  5.840989e-02   2.292000e-17   0.000000e+00   2.722048e-18   48
  5.923844e-02   2.343008e-17   0.000000e+00   2.350404e-18   36
  5.964840e-02   2.560109e-17   1.223565e-09   2.380320e-18   48
  6.005556e-02   2.913091e-17   1.384305e-09   1.879267e-18   120
  6.045998e-02   1.967541e-17   0.000000e+00   2.081154e-18   56
  6.086171e-02   1.884160e-17   7.064254e-10   1.755550e-18   24
  6.126081e-02   2.595851e-17   0.000000e+00   1.781280e-18   96
  6.165732e-02   2.193828e-17   0.000000e+00   2.661239e-18   48
  6.244280e-02   2.809801e-17   0.000000e+00   3.346914e-18   24
  6.283185e-02   2.639202e-17   0.000000e+00   2.105494e-18   102
  6.321851e-02   3.729812e-17   0.000000e+00   4.035821e-18   48
  6.360282e-02   2.364345e-17   0.000000e+00   1.526550e-18   72
  6.398483e-02   3.109981e-17   0.000000e+00   3.365760e-18   48
  6.436456e-02   3.021205e-17   0.000000e+00   4.087316e-18   48
  6.474207e-02   2.161543e-17   1.598458e-09   1.786904e-18   120
  6.549056e-02   1.408167e-17   9.990364e-10   9.385168e-19   24
  6.586161e-02   2.221912e-17   9.419006e-10   1.474510e-18   144
  6.623059e-02   2.361841e-17   1.130281e-09   1.443359e-18   120
  6.659752e-02   2.869461e-17   9.990364e-10   2.974368e-18   48
  6.732538e-02   2.321222e-17   9.990364e-10   2.123960e-18   48
  6.768638e-02   2.782720e-17   9.990364e-10   2.294937e-18   96
  6.863955e-02   2.374009e-17   1.675093e-04   2.197273e-18   72
  6.911151e-02   2.871056e-17   1.255867e-09   2.009622e-18   108
  6.946323e-02   1.939842e-17   0.000000e+00   1.863065e-18   72
  6.981317e-02   2.119814e-17   0.000000e+00   2.329674e-18   30
  7.016137e-02   1.902167e-17   0.000000e+00   1.016747e-18   168
  7.050785e-02   2.375823e-17   0.000000e+00   2.729193e-18   48
  7.119574e-02   2.102668e-17   0.000000e+00   1.870534e-18   72
  7.153721e-02   2.600480e-17   0.000000e+00   2.073601e-18   96
  7.187706e-02   2.417953e-17   1.883801e-09   2.656899e-18   72
  7.221530e-02   2.317785e-17   0.000000e+00   1.966730e-18   72
  7.278398e-02   2.414336e-17   1.546684e-04   1.946984e-18   104
  7.322067e-02   2.096153e-17   1.332049e-09   1.429039e-18   144
  7.421242e-02   2.165816e-17   2.233913e-09   1.604642e-18   96
  7.454007e-02   1.541217e-17   0.000000e+00   1.078994e-18   96
  7.506116e-02   2.329933e-17   1.591194e-04   1.643359e-18   120
  7.551449e-02   1.830414e-17   0.000000e+00   1.396541e-18   120
  7.583651e-02   2.671693e-17   0.000000e+00   2.339158e-18   72
  7.647650e-02   3.472465e-17   0.000000e+00   3.033665e-18   48
  7.679449e-02   1.963740e-17   1.505926e-09   1.747856e-18   78
  7.720128e-02   1.871668e-17   1.424762e-04   1.115910e-18   168
  7.805350e-02   2.328649e-17   1.332049e-09   1.532790e-18   144
  7.836509e-02   2.406601e-17   1.332049e-09   1.607387e-18   144
  7.926883e-02   1.817673e-17   8.205478e-05   1.110969e-18   156
  7.959926e-02   1.892527e-17   1.730382e-09   2.388558e-18   48
  7.990483e-02   1.868761e-17   1.130281e-09   1.421264e-18   120
  8.020923e-02   1.747735e-17   0.000000e+00   1.696213e-18   48
  8.074745e-02   2.195692e-17   1.255998e-04   1.640977e-18   216
  8.141545e-02   1.669583e-17   0.000000e+00   1.461450e-18   48
  8.171422e-02   2.070117e-17   9.990364e-10   1.518892e-18   96
  8.213902e-02   1.827757e-17   1.467830e-04   1.183208e-18   168
  8.260406e-02   1.948168e-17   9.990364e-10   2.102590e-18   48
  8.289855e-02   2.467203e-17   0.000000e+00   2.144188e-18   96
  8.319199e-02   1.378582e-17   0.000000e+00   1.290355e-18   48
  8.377580e-02   1.338151e-17   1.130281e-09   1.323304e-18   30
  8.406619e-02   1.485768e-17   9.990364e-10   1.110159e-18   96
  8.441325e-02   1.981647e-17   1.153584e-04   1.101555e-18   240
  8.485953e-02   1.804206e-17   1.244551e-04   1.829680e-18   32
  8.521783e-02   1.297942e-17   0.000000e+00   7.120177e-19   168
  8.550332e-02   1.813974e-17   0.000000e+00   1.418813e-18   120
  8.607146e-02   1.956325e-17   2.106154e-09   2.032652e-18   72
  8.635412e-02   1.733041e-17   1.332049e-09   1.076839e-18   144
  8.663587e-02   1.275985e-17   0.000000e+00   1.050623e-18   96
  8.691670e-02   1.559749e-17   0.000000e+00   1.192583e-18   96
  8.747565e-02   2.600362e-17   1.631420e-09   2.299051e-18   72
  8.775379e-02   1.721399e-17   1.412851e-09   1.243889e-18   96
  8.830745e-02   2.351633e-17   0.000000e+00   3.199684e-18   24
  8.858298e-02   1.628771e-17   0.000000e+00   9.470841e-19   192
  8.890745e-02   1.524776e-17   1.056148e-04   1.194247e-18   132
  8.940448e-02   1.654574e-17   0.000000e+00   1.271476e-18   96
  8.967664e-02   9.804370e-18   0.000000e+00   6.423983e-19   96
  8.994798e-02   1.418168e-17   1.130281e-09   1.095555e-18   120
  9.048821e-02   1.255205e-17   0.000000e+00   1.268251e-18   48
  9.093103e-02   1.687721e-17   1.279966e-04   8.606731e-19   222
  9.129257e-02   1.534111e-17   0.000000e+00   1.189518e-18   120
  9.155911e-02   1.734900e-17   1.730382e-09   3.159106e-18   24
  9.194720e-02   1.677852e-17   1.321111e-04   7.521836e-19   312
  9.279280e-02   1.764246e-17   1.238595e-04   1.304433e-18   72
  9.314239e-02   1.534749e-17   9.990364e-10   1.196683e-18   96
  9.350136e-02   1.721268e-17   1.261337e-04   1.129965e-18   192
  9.392401e-02   1.096562e-17   1.598458e-09   9.929979e-19   120
  9.418312e-02   1.532565e-17   0.000000e+00   1.155497e-18   144
  9.469919e-02   1.963337e-17   0.000000e+00   1.932010e-18   48
  9.506602e-02   1.531275e-17   1.268319e-04   7.843757e-19   336
  9.546807e-02   1.501863e-17   0.000000e+00   2.696430e-18   48
  9.597724e-02   1.498055e-17   0.000000e+00   8.443844e-19   192
  9.623081e-02   9.821165e-18   0.000000e+00   9.363143e-19   48
  9.695161e-02   1.291772e-17   8.803796e-05   1.355343e-18   56
  9.731001e-02   1.542032e-17   1.130706e-04   7.725737e-19   336
  9.773844e-02   1.783540e-17   1.255867e-09   1.967874e-18   54
  9.811165e-02   1.267216e-17   1.241922e-04   8.435520e-19   240
  9.888643e-02   1.251428e-17   1.189150e-04   9.709153e-19   228
  9.922316e-02   1.499645e-17   1.332049e-09   1.105291e-18   72
  9.955002e-02   1.601358e-17   1.153504e-04   1.261567e-18   144
  9.995725e-02   1.729801e-17   0.000000e+00   1.803769e-18   96
  1.002007e-01   1.258628e-17   1.598458e-09   7.301659e-19   240
  1.006860e-01   1.504759e-17   1.412851e-09   2.405059e-18   24
  1.009966e-01   1.371584e-17   1.089476e-04   6.359864e-19   336
  1.014095e-01   7.088904e-18   0.000000e+00   6.195870e-19   72
  1.017863e-01   1.581536e-17   1.185007e-04   1.048458e-18   168
  1.021279e-01   1.801486e-17   0.000000e+00   1.423541e-18   72
  1.026040e-01   2.035602e-17   0.000000e+00   1.893998e-18   96
  1.029727e-01   9.869355e-18   1.176117e-04   6.389625e-19   216
  1.033141e-01   1.264196e-17   1.412851e-09   9.624422e-19   96
  1.037847e-01   1.414406e-17   0.000000e+00   8.548059e-19   192
  1.040193e-01   1.311144e-17   1.332049e-09   1.054672e-18   144
  1.044868e-01   1.205631e-17   0.000000e+00   1.058073e-18   48
  1.048105e-01   1.044477e-17   1.133915e-04   6.996097e-19   246
  1.052503e-01   1.195842e-17   1.045488e-04   7.962634e-19   168
  1.056465e-01   1.193482e-17   1.957704e-09   8.852376e-19   120
  1.058769e-01   1.070204e-17   0.000000e+00   6.154615e-19   240
  1.063363e-01   1.527715e-17   1.412851e-09   2.860893e-18   24
  1.067022e-01   1.145134e-17   1.119102e-04   5.059972e-19   360
  1.071580e-01   1.311827e-17   1.114340e-04   9.488123e-19   120
  1.074760e-01   1.398159e-17   0.000000e+00   1.438042e-18   144
  1.077025e-01   1.276240e-17   0.000000e+00   1.078385e-18   96
  1.083792e-01   1.364201e-17   0.000000e+00   9.325603e-19   144
  1.086038e-01   1.481762e-17   0.000000e+00   1.219385e-18   132
  1.089195e-01   1.137288e-17   1.099837e-04   8.865476e-19   176
  1.093777e-01   1.197445e-17   1.110614e-04   6.586977e-19   312
  1.099419e-01   1.079508e-17   0.000000e+00   8.893804e-19   96
  1.101633e-01   1.127169e-17   0.000000e+00   9.068835e-19   144
  1.105031e-01   1.255038e-17   1.099474e-04   7.900147e-19   312
  1.110446e-01   5.233365e-18   0.000000e+00   5.687513e-19   48
  1.112639e-01   1.260857e-17   1.412851e-09   6.352677e-19   192
  1.117011e-01   4.012977e-18   0.000000e+00   9.100478e-19   6
  1.119915e-01   1.058032e-17   1.025446e-04   5.044279e-19   288
  1.124620e-01   1.219330e-17   1.083450e-04   8.557501e-19   192
  1.127866e-01   1.072467e-17   3.322713e-09   5.392716e-19   216
  1.130025e-01   1.097333e-17   0.000000e+00   1.212534e-18   72
  1.135403e-01   1.281581e-17   1.073161e-04   8.978373e-19   192
  1.138975e-01   1.036554e-17   7.968796e-05   5.957568e-19   288
  1.142891e-01   1.247335e-17   0.000000e+00   2.005701e-18   24
  1.145916e-01   1.043414e-17   1.049823e-04   5.039646e-19   456
  1.151388e-01   7.110678e-18   1.998073e-09   8.118826e-19   48
  1.154769e-01   1.089077e-17   1.034033e-04   7.044896e-19   240
  1.158655e-01   1.601262e-17   1.045007e-04   8.611532e-19   216
  1.161923e-01   1.408249e-17   0.000000e+00   1.240404e-18   72
  1.164018e-01   9.694538e-18   3.610549e-09   7.207412e-19   168
  1.169935e-01   1.158041e-17   7.767385e-05   6.139156e-19   288
  1.173253e-01   1.318754e-17   1.027758e-04   1.045800e-18   168
  1.178582e-01   1.416462e-17   0.000000e+00   1.268640e-18   192
  1.180648e-01   1.178400e-17   1.332049e-09   8.690177e-19   144
  1.184769e-01   1.825200e-17   0.000000e+00   2.799111e-18   36
  1.188264e-01   1.034082e-17   9.385617e-05   5.862836e-19   342
  1.191605e-01   7.528979e-18   9.637890e-05   6.471442e-19   144
  1.195900e-01   1.021825e-17   1.010773e-04   4.646223e-19   384
  1.201111e-01   1.524993e-17   2.768611e-09   1.382629e-18   120
  1.203690e-01   1.405581e-17   9.013158e-05   8.799486e-19   264
  1.207183e-01   9.963739e-18   4.467827e-09   6.826439e-19   192
  1.210471e-01   1.140296e-17   9.713401e-05   1.164893e-18   152
  1.213224e-01   9.133699e-18   2.664097e-09   1.020074e-18   144
  1.219012e-01   9.279680e-18   6.286607e-05   6.219047e-19   216
  1.221692e-01   1.206167e-17   8.400585e-05   6.636224e-19   312
  1.226409e-01   1.420657e-17   9.736112e-05   7.319250e-19   240
  1.229188e-01   1.313595e-17   1.412851e-09   1.362089e-18   96
  1.234463e-01   6.809427e-18   9.308426e-05   4.421960e-19   144
  1.237714e-01   1.093173e-17   9.149363e-05   5.394405e-19   456
  1.242988e-01   8.993990e-18   0.000000e+00   7.858517e-19   120
  1.244947e-01   9.585432e-18   0.000000e+00   1.059089e-18   144
  1.248856e-01   9.348571e-18   0.000000e+00   1.306158e-18   24
  1.251362e-01   1.036021e-17   8.794658e-05   5.297641e-19   336
  1.255696e-01   1.070371e-17   9.699311e-05   8.433370e-19   198
  1.259757e-01   8.707758e-18   9.432023e-05   4.085209e-19   432
  1.264370e-01   1.263855e-17   0.000000e+00   1.220287e-18   48
  1.266777e-01   1.343138e-17   8.326844e-05   7.218094e-19   384
  1.271098e-01   8.652731e-18   9.585962e-05   6.928114e-19   144
  1.275013e-01   1.016630e-17   9.517601e-05   6.612771e-19   264
  1.279697e-01   1.188438e-17   0.000000e+00   1.016420e-18   48
  1.282839e-01   1.099772e-17   9.049683e-05   6.819977e-19   276
  1.285870e-01   1.052020e-17   8.203293e-05   9.714938e-19   192
  1.289922e-01   1.055065e-17   9.218697e-05   5.014930e-19   552
  1.294841e-01   7.204394e-18   3.196917e-09   7.314501e-19   120
  1.297765e-01   8.379133e-18   9.331596e-05   5.209501e-19   216
  1.300475e-01   1.075604e-17   1.598458e-09   1.091394e-18   120
  1.305316e-01   1.075259e-17   9.189333e-05   6.404287e-19   408
  1.309811e-01   3.453909e-18   1.998073e-09   3.752615e-19   24
  1.312599e-01   1.098009e-17   9.282881e-05   6.570667e-19   384
  1.316492e-01   8.761468e-18   9.069708e-05   5.880609e-19   240
  1.319872e-01   1.153349e-17   9.136125e-05   8.362318e-19   168
  1.324612e-01   9.449328e-18   2.260561e-09   8.260013e-19   120
  1.327667e-01   1.004829e-17   9.523931e-05   5.432001e-19   350
  1.332635e-01   1.045321e-17   1.567823e-04   5.327292e-19   384
  1.335605e-01   6.613029e-18   0.000000e+00   6.039889e-19   144
  1.341067e-01   8.860639e-18   3.767602e-09   5.504824e-19   288
  1.343919e-01   8.312102e-18   8.974411e-05   4.575335e-19   336
  1.347800e-01   9.293700e-18   8.170456e-05   6.892215e-19   168
  1.350122e-01   1.089859e-17   1.614687e-09   6.322454e-19   336
  1.354927e-01   8.510029e-18   8.480446e-05   6.031458e-19   288
  1.357812e-01   1.009534e-17   7.990748e-05   5.197144e-19   264
  1.362699e-01   8.263536e-18   0.000000e+00   5.189480e-19   240
  1.364486e-01   1.188775e-17   2.825702e-09   1.457331e-18   96
  1.370900e-01   1.156641e-17   1.086688e-04   6.561390e-19   360
  1.373893e-01   1.184869e-17   8.010757e-05   1.140762e-18   168
  1.377676e-01   1.008654e-17   8.732558e-05   5.735263e-19   456
  1.382230e-01   8.827453e-18   2.511735e-09   6.767272e-19   108
  1.384792e-01   5.892598e-18   8.761995e-05   4.066502e-19   264
  1.387988e-01   8.423897e-18   7.817127e-05   5.992403e-19   264
  1.392364e-01   1.029332e-17   7.376599e-05   5.576856e-19   312
  1.397814e-01   7.635626e-18   5.481617e-05   5.083554e-19   270
  1.400098e-01   7.885777e-18   6.959603e-05   5.830374e-19   240
  1.404204e-01   7.963141e-18   8.609907e-05   4.018914e-19   384
  1.406696e-01   9.552081e-18   0.000000e+00   5.672225e-19   192
  1.411539e-01   1.041867e-17   6.908303e-05   7.667665e-19   240
  1.414347e-01   8.772656e-18   8.525963e-05   5.408038e-19   336
  1.419630e-01   9.994881e-18   8.583011e-05   4.789744e-19   480
  1.423915e-01   8.590341e-18   0.000000e+00   8.140047e-19   72
  1.426309e-01   8.156151e-18   8.369217e-05   6.412930e-19   240
  1.429564e-01   8.672453e-18   7.865917e-05   5.118854e-19   312
  1.433297e-01   7.190723e-18   8.501169e-05   4.919607e-19   240
  1.438936e-01   9.151306e-18   6.458688e-05   5.011090e-19   408
  1.441169e-01   9.296399e-18   5.914602e-05   6.078830e-19   336
  1.445532e-01   9.273231e-18   7.510087e-05   8.655056e-19   264
  1.447677e-01   6.092740e-18   0.000000e+00   7.114943e-19   144
  1.453643e-01   9.089394e-18   1.040943e-04   5.072734e-19   464
  1.456786e-01   8.359434e-18   8.277629e-05   6.143227e-19   168
  1.459889e-01   7.559886e-18   7.539115e-05   5.202108e-19   336
  1.465498e-01   1.040986e-17   7.921315e-05   6.367963e-19   414
  1.468660e-01   7.523748e-18   8.245619e-05   4.354666e-19   216
  1.472710e-01   1.290629e-17   1.998073e-09   1.276557e-18   96
  1.474364e-01   7.641247e-18   5.994218e-09   3.721090e-19   384
  1.480158e-01   9.448442e-18   8.229688e-05   5.025145e-19   492
  1.483263e-01   9.310009e-18   8.047930e-05   6.206861e-19   240
  1.486772e-01   7.838364e-18   8.171468e-05   4.493494e-19   312
  1.491618e-01   3.288721e-18   8.168777e-05   2.749861e-19   192
  1.494688e-01   7.933082e-18   7.916535e-05   4.184473e-19   504
  1.498761e-01   8.555034e-18   5.240881e-05   4.997871e-19   408
  1.501968e-01   8.353448e-18   1.605609e-04   6.644060e-19   168
  1.505981e-01   1.073870e-17   7.626782e-05   8.006353e-19   288
  1.509348e-01   8.556587e-18   7.959200e-05   5.951588e-19   288
  1.512797e-01   6.777969e-18   8.005014e-05   3.561975e-19   432
  1.517801e-01   8.930826e-18   7.570076e-05   5.780126e-19   216
  1.520474e-01   7.604251e-18   7.554106e-05   5.096597e-19   360
  1.525234e-01   9.166769e-18   7.372735e-05   6.564312e-19   312
  1.529530e-01   1.415563e-17   0.000000e+00   1.803386e-18   48
  1.532006e-01   7.622694e-18   7.904634e-05   4.431366e-19   432
  1.536441e-01   6.652437e-18   1.318501e-04   3.876495e-19   414
  1.539060e-01   7.151024e-18   6.955573e-09   5.108745e-19   312
  1.543946e-01   6.398821e-18   1.156911e-04   3.404977e-19   528
  1.547243e-01   9.078083e-18   6.072803e-05   5.953584e-19   264
  1.551204e-01   7.195290e-18   7.200680e-05   3.783774e-19   480
  1.556380e-01   6.693489e-18   0.000000e+00   3.975371e-19   288
  1.558615e-01   9.038530e-18   7.736908e-05   7.936454e-19   168
  1.562704e-01   8.096059e-18   1.224750e-04   4.079293e-19   504
  1.567302e-01   1.190006e-17   2.664097e-09   9.261120e-19   144
  1.570194e-01   7.983143e-18   7.865832e-05   3.736243e-19   464
  1.574541e-01   6.931672e-18   1.154355e-04   3.810540e-19   432
  1.576603e-01   7.354688e-18   1.998073e-09   5.861512e-19   192
  1.581934e-01   7.371646e-18   8.557628e-05   4.482403e-19   396
  1.585082e-01   6.603537e-18   7.687110e-05   5.993857e-19   288
  1.588263e-01   6.707816e-18   7.593549e-05   4.562901e-19   336
  1.593345e-01   6.275848e-18   4.808388e-05   3.936158e-19   432
  1.596570e-01   7.222931e-18   1.246267e-04   4.548430e-19   360
  1.600192e-01   8.060715e-18   7.371853e-05   3.891037e-19   384
  1.605335e-01   5.758923e-18   6.507077e-05   4.769563e-19   198
  1.607813e-01   6.617134e-18   7.396430e-05   3.067575e-19   552
  1.612434e-01   5.350152e-18   1.035450e-04   3.085779e-19   432
  1.616292e-01   9.389522e-18   0.000000e+00   8.340299e-19   168
  1.619530e-01   6.682064e-18   1.283579e-04   3.471848e-19   480
  1.623813e-01   6.958393e-18   0.000000e+00   5.733606e-19   120
  1.625741e-01   7.901076e-18   1.048372e-04   5.294544e-19   336
  1.630445e-01   6.621193e-18   7.396097e-05   3.035001e-19   672
  1.635097e-01   8.354528e-18   1.075863e-04   4.928896e-19   528
  1.637264e-01   3.821362e-18   3.229373e-09   3.731124e-19   168
  1.642270e-01   6.678874e-18   1.200118e-04   4.013081e-19   456
  1.645324e-01   7.955681e-18   7.329223e-05   9.384998e-19   168
  1.648495e-01   8.250944e-18   7.316065e-05   5.465073e-19   504
  1.653766e-01   5.057994e-18   9.414654e-05   3.887547e-19   336
  1.656953e-01   9.381436e-18   6.786851e-05   5.762445e-19   312
  1.660489e-01   7.996549e-18   6.631214e-05   4.862932e-19   504
  1.665141e-01   7.331856e-18   4.600920e-05   3.593109e-19   432
  1.667329e-01   6.372434e-18   7.109945e-05   3.744009e-19   312
  1.671876e-01   6.775580e-18   7.288039e-05   4.622765e-19   384
  1.676624e-01   5.599422e-18   6.192036e-05   6.362322e-19   126
  1.679555e-01   6.212185e-18   1.087174e-04   3.494429e-19   492
  1.683299e-01   7.455335e-18   6.963360e-05   4.464080e-19   528
  1.687978e-01   6.344826e-18   7.073279e-05   3.649693e-19   480
  1.690879e-01   7.855014e-18   9.771696e-05   4.507112e-19   432
  1.695076e-01   7.097982e-18   7.684145e-05   4.554357e-19   440
  1.699951e-01   7.550369e-18   3.821294e-05   4.365957e-19   312
  1.701781e-01   5.654664e-18   5.726529e-05   4.666289e-19   480
  1.705533e-01   6.745467e-18   1.121243e-04   4.230919e-19   408
  1.711016e-01   8.208731e-18   6.714979e-05   4.628131e-19   360
  1.713332e-01   6.254637e-18   6.479710e-05   4.017629e-19   408
  1.717625e-01   5.061556e-18   6.593925e-05   2.868541e-19   456
  1.722458e-01   8.611284e-18   6.302169e-05   5.183236e-19   264
  1.725141e-01   8.329850e-18   6.839435e-05   5.467742e-19   384
  1.729046e-01   7.008108e-18   1.151467e-04   4.154737e-19   672
  1.733561e-01   7.469146e-18   6.887260e-05   7.924201e-19   240
  1.736166e-01   6.839525e-18   6.988846e-05   4.996182e-19   264
  1.739843e-01   4.581578e-18   8.619588e-05   2.624419e-19   624
  1.745329e-01   4.578695e-18   0.000000e+00   5.482801e-19   150
  1.747283e-01   7.255116e-18   9.658929e-05   4.059809e-19   600
  1.751402e-01   6.680324e-18   6.666345e-05   3.576148e-19   672
  1.756067e-01   5.360917e-18   6.270167e-05   3.240440e-19   336
  1.758666e-01   7.058992e-18   6.820115e-05   4.746675e-19   408
  1.762818e-01   6.499723e-18   6.804049e-05   4.010457e-19   408
  1.767436e-01   7.639176e-18   3.440492e-05   4.702178e-19   360
  1.770283e-01   7.217524e-18   1.263238e-04   4.016558e-19   456
  1.773722e-01   6.663768e-18   6.869566e-05   4.313770e-19   384
  1.778099e-01   5.384506e-18   6.341480e-05   3.851700e-19   348
  1.780464e-01   6.520329e-18   7.817791e-05   3.792931e-19   576
  1.784907e-01   6.269169e-18   6.436923e-05   3.225590e-19   504
  1.789452e-01   6.925408e-18   9.078907e-05   4.530956e-19   432
  1.793419e-01   6.354481e-18   1.235181e-04   3.222601e-19   576
  1.796248e-01   5.152239e-18   0.000000e+00   4.095486e-19   264
  1.800736e-01   6.630631e-18   9.828954e-05   3.336048e-19   768
  1.804640e-01   4.809121e-18   1.323290e-04   3.445977e-19   240
  1.807743e-01   4.962715e-18   1.167016e-04   5.718322e-19   192
  1.812263e-01   6.313116e-18   8.590664e-05   3.369608e-19   504
  1.815615e-01   6.961314e-18   1.157624e-04   3.551439e-19   590
  1.818830e-01   6.126632e-18   1.297055e-04   4.092510e-19   384
  1.822861e-01   5.809827e-18   1.083956e-04   4.297033e-19   504
  1.827729e-01   5.834076e-18   1.043140e-04   3.018172e-19   648
  1.832449e-01   5.274227e-18   2.833030e-05   3.796739e-19   504
  1.834353e-01   6.667010e-18   6.462673e-05   4.761980e-19   312
  1.837714e-01   6.095610e-18   9.311123e-05   3.295637e-19   576
  1.842327e-01   6.560959e-18   6.479663e-05   6.159252e-19   240
  1.845017e-01   6.123023e-18   6.547387e-05   3.734457e-19   552
  1.848823e-01   6.329642e-18   6.147846e-05   3.615401e-19   600
  1.854246e-01   6.783934e-18   7.509108e-05   3.649453e-19   600
  1.857506e-01   6.667296e-18   1.202524e-04   5.077272e-19   312
  1.860753e-01   7.477655e-18   1.047280e-04   4.475889e-19   480
  1.864809e-01   6.072819e-18   6.534019e-05   4.208268e-19   576
  1.868380e-01   7.516024e-18   1.052119e-04   6.254630e-19   408
  1.871548e-01   2.717910e-18   1.227345e-04   2.473605e-19   216
  1.875642e-01   6.769340e-18   9.400084e-05   4.021798e-19   516
  1.880028e-01   6.726261e-18   8.968636e-05   3.615750e-19   744
  1.884552e-01   7.289571e-18   5.990257e-05   4.081104e-19   462
  1.887109e-01   3.809246e-18   6.088230e-05   2.449351e-19   432
  1.891075e-01   5.907624e-18   5.648168e-05   3.244460e-19   648
  1.895737e-01   5.988778e-18   8.264320e-05   3.657475e-19   528
  1.899483e-01   5.936907e-18   9.952305e-05   3.364349e-19   600
  1.903225e-01   8.386355e-18   1.254725e-04   5.925052e-19   240
  1.906850e-01   4.978566e-18   9.611075e-05   2.372460e-19   720
  1.911062e-01   6.864430e-18   7.604100e-05   3.178506e-19   720
  1.915732e-01   2.697073e-18   0.000000e+00   3.036069e-19   144
  1.918190e-01   6.782190e-18   9.803961e-05   3.086653e-19   720
  1.921686e-01   6.673926e-18   5.878648e-05   4.661429e-19   384
  1.926063e-01   6.255873e-18   6.516793e-05   3.848381e-19   672
  1.930215e-01   6.466738e-18   1.141019e-04   5.537740e-19   336
  1.932199e-01   6.154779e-18   0.000000e+00   6.922175e-19   288
  1.937055e-01   5.626531e-18   9.030399e-05   2.854850e-19   776
  1.941551e-01   5.777982e-18   7.726878e-05   2.993242e-19   720
  1.945327e-01   5.165877e-18   6.224567e-05   4.303847e-19   432
  1.948347e-01   6.898668e-18   8.873905e-05   5.358654e-19   504
  1.951706e-01   6.267884e-18   6.217429e-05   4.213551e-19   528
  1.956407e-01   4.353226e-18   8.470885e-05   3.002187e-19   438
  1.960275e-01   5.051913e-18   9.859335e-05   2.710964e-19   624
  1.963189e-01   5.855719e-18   1.207635e-04   4.864491e-19   312
  1.967196e-01   7.303029e-18   6.506437e-05   3.346138e-19   696
  1.971339e-01   6.120231e-18   5.887146e-05   3.587142e-19   552
  1.975648e-01   5.012383e-18   4.554687e-05   2.894718e-19   516
  1.978313e-01   6.728547e-18   9.097645e-05   4.348712e-19   528
  1.981558e-01   4.164780e-18   5.916447e-05   2.623735e-19   528
  1.986168e-01   5.280295e-18   7.802593e-05   2.735235e-19   864
  1.989297e-01   5.914933e-18   1.068795e-04   4.404535e-19   408
  1.992429e-01   8.103207e-18   1.058911e-04   6.817142e-19   192
  1.996868e-01   5.286782e-18   8.762994e-05   3.239445e-19   720
  2.000615e-01   5.495859e-18   8.079911e-05   2.940386e-19   696
  2.005068e-01   5.766255e-18   8.726379e-05   3.082456e-19   720
  2.009142e-01   6.301370e-18   1.182756e-04   4.402115e-19   432
  2.011518e-01   5.205275e-18   6.962164e-05   4.331809e-19   264
  2.015793e-01   5.788113e-18   9.614441e-05   3.121454e-19   672
  2.019616e-01   6.374318e-18   9.843711e-05   3.668710e-19   600
  2.024154e-01   3.262651e-18   5.763483e-05   2.605657e-19   270
  2.026441e-01   3.936305e-18   8.675648e-05   2.870630e-19   528
  2.030077e-01   5.934085e-18   5.940776e-05   2.956994e-19   840
  2.035062e-01   5.686063e-18   1.135983e-04   2.627895e-19   888
  2.039669e-01   4.497014e-18   8.463909e-05   2.359171e-19   744
  2.043562e-01   7.471242e-18   4.349214e-05   5.594188e-19   456
  2.045498e-01   8.237189e-18   5.943469e-05   4.515003e-19   360
  2.048811e-01   3.293810e-18   5.149682e-05   2.491868e-19   384
  2.053895e-01   5.463766e-18   8.260041e-05   2.948936e-19   816
  2.057710e-01   5.444783e-18   1.198416e-04   2.623967e-19   824
  2.062346e-01   5.218531e-18   5.570811e-05   4.364208e-19   360
  2.064829e-01   7.334833e-18   8.220424e-05   3.889905e-19   624
  2.068246e-01   6.297327e-18   5.554917e-05   4.347899e-19   360
  2.072798e-01   5.123972e-18   7.556319e-05   2.871258e-19   876
  2.076909e-01   5.428194e-18   8.974647e-05   3.455336e-19   696
  2.081055e-01   5.350652e-18   5.795238e-05   4.800752e-19   336
  2.083228e-01   6.279191e-18   5.788726e-05   5.098028e-19   504
  2.086818e-01   5.150389e-18   5.838888e-05   3.614699e-19   672
  2.092144e-01   5.070851e-18   1.162387e-04   2.634510e-19   720
  2.095838e-01   4.475618e-18   8.780591e-05   2.579921e-19   774
  2.099915e-01   3.987131e-18   5.025783e-05   3.124265e-19   384
  2.102050e-01   6.959819e-18   9.671763e-05   4.775886e-19   528
  2.105364e-01   5.447052e-18   9.217729e-05   2.983694e-19   744
  2.110694e-01   7.492956e-18   7.602671e-05   4.006582e-19   768
  2.114233e-01   3.815240e-18   8.534571e-05   2.542802e-19   552
  2.118649e-01   5.151871e-18   9.301717e-05   2.885503e-19   696
  2.121934e-01   6.216969e-18   1.130320e-04   4.754577e-19   408
  2.124541e-01   5.960234e-18   4.883074e-05   3.890827e-19   504
  2.128675e-01   5.704505e-18   8.772259e-05   3.240453e-19   888
  2.132743e-01   4.534990e-18   9.116913e-05   2.932921e-19   648
  2.136971e-01   4.459500e-18   9.038766e-05   2.380597e-19   648
  2.140948e-01   5.012688e-18   9.746006e-05   3.049712e-19   792
  2.145162e-01   4.827769e-18   1.425907e-04   3.427488e-19   600
  2.148267e-01   4.425767e-18   9.663487e-05   3.374256e-19   456
  2.151535e-01   5.300664e-18   4.709572e-05   3.241255e-19   648
  2.155732e-01   4.539086e-18   9.184351e-05   2.257342e-19   936
  2.160264e-01   7.015193e-18   5.640375e-05   4.250949e-19   384
  2.164208e-01   6.767406e-19   4.745948e-09   7.975206e-20   198
  2.167253e-01   6.134134e-19   1.431011e-04   3.062870e-20   1224
  2.170537e-01   7.869683e-19   1.042217e-04   5.374759e-20   420
  2.174420e-01   6.291120e-19   1.008648e-04   3.635830e-20   792
  2.178218e-01   5.659944e-19   8.340657e-05   3.326150e-20   680
  2.182552e-01   5.392382e-19   7.658783e-05   3.775122e-20   600
  2.186039e-01   5.059302e-19   1.110734e-04   2.776562e-20   840
  2.190695e-01   4.564258e-19   5.244369e-05   2.587176e-20   432
  2.192474e-01   5.781139e-19   4.914665e-05   3.113146e-20   720
  2.196343e-01   4.712744e-19   9.843213e-05   2.423610e-20   960
  2.201154e-01   4.503630e-19   8.774504e-05   3.416729e-20   528
  2.204670e-01   5.521801e-19   8.969217e-05   4.038863e-20   624
  2.208855e-01   4.985994e-19   7.049743e-05   2.569574e-20   816
  2.213008e-01   4.189764e-19   1.159345e-04   2.405899e-20   696
  2.217599e-01   3.305790e-19   7.830814e-09   2.539203e-20   240
  2.219325e-01   5.019315e-19   6.836935e-05   2.886186e-20   672
  2.223177e-01   4.062118e-19   1.221858e-04   2.226356e-20   864
  2.227499e-01   2.687566e-19   9.375778e-05   1.229678e-20   816
  2.231394e-01   3.158623e-19   5.366372e-05   2.000665e-20   648
  2.235589e-01   4.990723e-19   5.485410e-05   2.822330e-20   843
  2.239151e-01   4.173633e-19   9.869601e-05   2.831358e-20   780
  2.243395e-01   3.815669e-19   5.295844e-05   4.654352e-20   216
  2.246013e-01   3.894832e-19   1.277035e-04   2.198224e-20   1056
  2.250039e-01   2.784484e-19   1.044758e-04   3.498613e-20   228
  2.253767e-01   4.660255e-19   1.300750e-04   2.872763e-20   924
  2.257594e-01   3.684283e-19   4.825052e-05   1.869202e-20   696
  2.261647e-01   3.177446e-19   8.587211e-05   1.923561e-20   996
  2.265793e-01   2.279187e-19   5.069718e-05   1.762275e-20   576
  2.270107e-01   3.765361e-19   7.824775e-05   4.016586e-20   552
  2.273251e-01   3.698097e-19   9.342507e-05   2.346600e-20   516
  2.276442e-01   3.461124e-19   1.358594e-04   2.429975e-20   744
  2.280088e-01   1.727938e-19   6.664715e-05   1.108397e-20   576
  2.283260e-01   2.258377e-19   6.859680e-05   1.280673e-20   792
  2.287768e-01   2.666470e-19   7.841886e-05   1.853983e-20   792
  2.291071e-01   2.742612e-19   8.457391e-05   1.842918e-20   720
  2.295538e-01   2.228322e-19   9.639481e-05   1.199127e-20   656
  2.299724e-01   2.314268e-19   1.052581e-04   1.243541e-20   816
  2.304015e-01   2.640870e-19   5.675340e-05   2.223434e-20   492
  2.306454e-01   2.426706e-19   8.164378e-05   1.514035e-20   552
  2.311032e-01   1.699577e-19   1.419686e-04   1.131293e-20   780
  2.314005e-01   1.967182e-19   8.720963e-05   1.391415e-20   528
  2.317208e-01   1.423073e-19   1.018002e-04   1.024164e-20   600
  2.321929e-01   2.054780e-19   8.460399e-05   8.953338e-21   900
  2.325183e-01   1.859387e-19   4.683822e-05   1.157134e-20   696
  2.329660e-01   1.448764e-19   1.184322e-04   9.136665e-21   696
  2.333991e-01   9.104434e-20   4.804683e-05   3.916260e-21   552
  2.337633e-01   1.427999e-19   5.587403e-05   7.934126e-21   708
  2.341448e-01   1.496953e-19   9.225121e-05   7.868680e-21   876
  2.345418e-01   1.826990e-19   4.898356e-05   2.094348e-20   216
  2.348082e-01   1.543271e-19   1.339767e-04   7.044662e-21   1032
  2.352071e-01   1.084040e-19   1.491682e-04   7.502413e-21   600
  2.356212e-01   8.577192e-20   7.117755e-05   4.792238e-21   600
  2.359371e-01   1.388857e-19   1.256929e-04   7.616768e-21   528
  2.363105e-01   1.253968e-19   6.899988e-05   8.437117e-21   732
  2.367039e-01   1.605520e-19   5.095015e-05   1.298707e-20   336
  2.371566e-01   1.138697e-19   7.261407e-05   6.435947e-21   912
  2.374950e-01   7.010847e-20   7.288252e-05   2.923722e-21   624
  2.378647e-01   1.107719e-19   6.141657e-05   5.428228e-21   768
  2.382963e-01   8.885676e-20   1.108076e-04   3.684784e-21   792
  2.387198e-01   1.005824e-19   5.493383e-05   6.321086e-21   660
  2.390212e-01   9.958673e-20   8.095383e-05   7.751126e-21   504
  2.393329e-01   6.983168e-20   1.322631e-04   3.679553e-21   480
  2.398000e-01   6.601684e-20   1.223261e-04   2.965946e-21   912
  2.401658e-01   8.787593e-20   1.362291e-04   5.950271e-21   432
  2.405113e-01   9.757985e-20   8.088962e-05   6.192465e-21   564
  2.408180e-01   7.116228e-20   7.742251e-05   2.738423e-21   600
  2.412498e-01   9.121435e-20   1.079196e-04   3.983431e-21   876
  2.415741e-01   7.959730e-20   4.852393e-05   6.507171e-21   264
  2.420212e-01   6.504504e-20   9.415549e-05   4.517297e-21   560
  2.423806e-01   6.387231e-20   6.398069e-05   2.849127e-21   840
  2.428168e-01   5.611439e-20   9.863978e-05   2.970847e-21   1008
  2.432202e-01   4.013607e-20   4.412481e-05   1.692035e-21   456
  2.435886e-01   7.371713e-20   5.715745e-05   4.078436e-21   576
  2.439292e-01   6.172236e-20   8.782853e-05   3.064383e-21   612
  2.443783e-01   6.269189e-20   7.844513e-05   3.200884e-21   780
  2.447447e-01   5.319722e-20   8.989453e-05   2.475892e-21   648
  2.451197e-01   6.332419e-20   4.189201e-05   4.524511e-21   312
  2.453594e-01   4.541446e-20   1.064407e-04   2.277071e-21   528
  2.457747e-01   4.169875e-20   1.390063e-04   1.593530e-21   720
  2.461718e-01   5.989976e-20   1.394416e-04   3.608224e-21   576
  2.466533e-01   5.045411e-20   1.202863e-04   2.665054e-21   444
  2.469529e-01   4.665560e-20   1.179621e-04   1.698701e-21   996
  2.473200e-01   3.998745e-20   9.853387e-05   2.712692e-21   432
  2.476669e-01   4.841639e-20   1.078752e-04   2.654941e-21   504
  2.479666e-01   2.691346e-20   4.863583e-05   9.401339e-22   504
  2.483934e-01   4.964470e-20   9.571589e-05   2.015299e-21   876
  2.487796e-01   3.731660e-20   1.101599e-04   2.444834e-21   504
  2.491817e-01   3.529302e-20   7.025420e-05   1.720389e-21   696
  2.495140e-01   3.706965e-20   6.005997e-05   1.710968e-21   492
  2.499662e-01   3.280855e-20   8.597875e-05   1.745609e-21   432
  2.503011e-01   4.034090e-20   8.050968e-05   1.723162e-21   768
  2.506981e-01   3.495424e-20   1.002856e-04   1.590056e-21   648
  2.510772e-01   3.038547e-20   6.542561e-05   1.598273e-21   456
  2.515128e-01   3.617060e-20   8.997083e-05   1.668115e-21   552
  2.518153e-01   2.966272e-20   6.166608e-05   1.221615e-21   648
  2.522317e-01   2.412965e-20   1.005122e-04   8.487210e-22   840
  2.526384e-01   2.822739e-20   4.793217e-05   1.304275e-21   432
  2.530455e-01   3.218337e-20   5.870872e-05   1.788799e-21   600
  2.533287e-01   3.150708e-20   6.255029e-05   1.737925e-21   432
  2.538044e-01   2.981261e-20   6.227491e-05   1.252212e-21   560
  2.541265e-01   2.206149e-20   9.857465e-05   6.679650e-22   840
  2.545299e-01   2.483420e-20   5.838720e-05   1.381048e-21   504
  2.548502e-01   2.198498e-20   1.191648e-04   7.845721e-22   696
  2.553018e-01   2.851165e-20   6.508356e-05   1.442077e-21   384
  2.556535e-01   1.947485e-20   9.533975e-05   7.310873e-22   576
  2.560789e-01   2.032143e-20   5.883893e-05   8.409202e-22   360
  2.564218e-01   2.322264e-20   8.762544e-05   9.216407e-22   828
  2.567917e-01   1.896638e-20   7.804673e-05   9.300667e-22   372
  2.571307e-01   2.017985e-20   1.191923e-04   8.049284e-22   576
  2.575797e-01   2.130228e-20   4.991761e-05   9.403603e-22   636
  2.578996e-01   2.085905e-20   9.622826e-05   9.518565e-22   648
  2.583323e-01   1.655624e-20   7.822306e-05   6.518387e-22   576
  2.586430e-01   1.863619e-20   1.261820e-04   7.391229e-22   528
  2.590561e-01   1.891238e-20   5.394804e-05   1.034933e-21   360
  2.593981e-01   1.568762e-20   1.241007e-04   5.463702e-22   672
  2.598446e-01   1.948153e-20   6.356642e-05   6.228628e-22   804
  2.602163e-01   1.649849e-20   7.012137e-05   8.846331e-22   408
  2.606274e-01   2.185449e-20   4.334263e-05   1.173970e-21   384
  2.609042e-01   1.346591e-20   9.918459e-05   6.195967e-22   480
  2.612947e-01   1.528447e-20   6.408778e-05   7.973074e-22   432
  2.616692e-01   1.537086e-20   1.181001e-04   5.259241e-22   648
  2.621125e-01   1.339541e-20   7.328056e-05   4.702407e-22   624
  2.624367e-01   1.478317e-20   6.665485e-05   7.611745e-22   456
  2.628795e-01   1.297569e-20   9.105646e-05   5.188146e-22   588
  2.631762e-01   1.195655e-20   5.809364e-05   3.872784e-22   600
  2.636094e-01   1.372718e-20   9.061183e-05   5.151620e-22   708
  2.639516e-01   1.375721e-20   5.708370e-05   7.144417e-22   360
  2.643298e-01   1.289778e-20   6.561923e-05   5.302180e-22   552
  2.646923e-01   1.134528e-20   4.603344e-05   5.234865e-22   288
  2.650603e-01   1.166362e-20   8.655546e-05   4.403742e-22   528
  2.654060e-01   1.278852e-20   5.839431e-05   4.810819e-22   456
  2.657924e-01   1.311960e-20   1.035458e-04   5.545306e-22   608
  2.661809e-01   9.805229e-21   5.009661e-05   3.444858e-22   504
  2.666055e-01   9.006372e-21   1.075546e-04   3.147523e-22   540
  2.669384e-01   9.858261e-21   1.154568e-04   4.206290e-22   360
  2.672972e-01   1.130648e-20   5.228475e-05   4.256999e-22   540
  2.676146e-01   9.958035e-21   4.489266e-05   3.664243e-22   576
  2.680762e-01   9.662984e-21   1.040909e-04   3.515470e-22   588
  2.685150e-01   8.818480e-21   1.436140e-04   2.705194e-22   672
  2.688920e-01   9.938595e-21   1.097654e-04   4.015002e-22   552
  2.691959e-01   9.710037e-21   1.098209e-04   7.280178e-22   144
  2.695837e-01   1.016443e-20   9.330411e-05   3.720343e-22   600
  2.699514e-01   7.915508e-21   1.169304e-04   2.698569e-22   504
  2.703595e-01   8.112091e-21   1.201111e-04   3.987414e-22   336
  2.707887e-01   8.828231e-21   1.350054e-04   3.316718e-22   600
  2.711731e-01   7.896669e-21   8.712810e-05   2.818876e-22   636
  2.715880e-01   7.872100e-21   7.005178e-05   4.015296e-22   384
  2.718789e-01   7.350191e-21   9.771396e-05   2.899545e-22   504
  2.722982e-01   5.716064e-21   4.100918e-05   2.750544e-22   240
  2.726291e-01   7.680391e-21   9.633639e-05   2.455896e-22   744
  2.730261e-01   7.155873e-21   6.578310e-05   2.559640e-22   648
  2.733790e-01   9.406092e-21   4.366878e-05   6.509639e-22   120
  2.737925e-01   7.127426e-21   6.859799e-05   2.315824e-22   564
  2.741050e-01   7.413759e-21   1.077373e-04   3.613438e-22   432
  2.745220e-01   7.560214e-21   8.362543e-05   3.081746e-22   480
  2.748361e-01   5.586429e-21   6.155045e-05   2.043409e-22   456
  2.752067e-01   6.629243e-21   1.018569e-04   2.374805e-22   444
  2.756274e-01   6.103815e-21   1.558464e-04   2.321064e-22   528
  2.759969e-01   6.565009e-21   1.157439e-04   3.182348e-22   264
  2.763555e-01   6.530227e-21   1.186203e-04   2.865516e-22   444
  2.768379e-01   6.440754e-21   1.299311e-04   2.041171e-22   696
  2.772383e-01   5.731558e-21   6.949148e-05   2.642802e-22   384
  2.775311e-01   5.710612e-21   8.780831e-05   2.500643e-22   432
  2.779866e-01   5.432760e-21   6.067143e-05   2.032452e-22   488
  2.782823e-01   6.089301e-21   9.143939e-05   2.486277e-22   480
  2.787111e-01   4.836110e-21   1.019738e-04   1.937877e-22   480
  2.790432e-01   6.059367e-21   4.278510e-05   2.918508e-22   240
  2.794202e-01   6.188630e-21   9.994261e-05   2.593226e-22   600
  2.797758e-01   4.671195e-21   8.708975e-05   2.176223e-22   288
  2.801544e-01   6.055521e-21   8.377397e-05   2.480737e-22   480
  2.805379e-01   4.966266e-21   1.490189e-04   1.718902e-22   504
  2.809155e-01   5.953014e-21   6.393839e-05   3.460868e-22   216
  2.813970e-01   4.290395e-21   1.046773e-04   1.497077e-22   504
  2.817720e-01   4.303729e-21   8.419242e-05   1.508299e-22   456
  2.821825e-01   5.386353e-21   4.828579e-05   2.184008e-22   384
  2.824544e-01   4.747215e-21   9.800271e-05   1.709748e-22   480
  2.828408e-01   3.960199e-21   8.605736e-05   1.270584e-22   504
  2.831988e-01   4.090766e-21   5.458940e-05   1.816874e-22   312
  2.835845e-01   4.815442e-21   8.796897e-05   1.813695e-22   492
  2.839260e-01   4.512458e-21   8.245044e-05   1.974346e-22   312
  2.843655e-01   4.221595e-21   1.339342e-04   1.417719e-22   576
  2.847524e-01   4.082200e-21   1.236321e-04   1.830745e-22   336
  2.850738e-01   3.588005e-21   9.519099e-05   1.755101e-22   240
  2.855192e-01   4.119465e-21   1.261991e-04   1.498263e-22   468
  2.859039e-01   4.978088e-21   7.901891e-05   2.999054e-22   192
  2.863065e-01   4.000155e-21   7.925442e-05   1.954598e-22   324
  2.866016e-01   3.503710e-21   5.752155e-05   1.275930e-22   600
  2.870037e-01   3.748297e-21   9.332283e-05   1.410981e-22   456
  2.873023e-01   3.314976e-21   4.197661e-05   1.695407e-22   336
  2.877972e-01   3.819423e-21   1.256898e-04   1.359911e-22   612
  2.881573e-01   3.388657e-21   1.054844e-04   2.613475e-22   144
  2.884978e-01   3.696482e-21   1.231274e-04   1.186422e-22   552
  2.889609e-01   3.459209e-21   4.848907e-05   1.787048e-22   264
  2.892225e-01   3.315560e-21   1.122646e-04   1.347113e-22   336
  2.896353e-01   3.489314e-21   7.418058e-05   1.486790e-22   384
  2.899932e-01   3.337446e-21   4.175634e-05   1.746317e-22   216
  2.903894e-01   3.264283e-21   8.853205e-05   1.684507e-22   344
  2.907507e-01   3.051399e-21   1.320940e-04   1.309367e-22   408
  2.911910e-01   2.501794e-21   1.015056e-04   1.385985e-22   264
  2.915811e-01   2.505878e-21   1.415038e-04   8.326041e-23   612
  2.919709e-01   3.777096e-21   7.282870e-05   1.559121e-22   408
  2.923718e-01   2.486963e-21   7.293338e-05   9.509452e-23   444
  2.926663e-01   3.789276e-21   4.079109e-05   2.526095e-22   120
  2.930609e-01   3.124130e-21   1.126983e-04   1.287511e-22   336
  2.933538e-01   2.723361e-21   3.916222e-05   1.531608e-22   288
  2.937496e-01   3.076123e-21   1.218735e-04   1.127712e-22   552
  2.942938e-01   2.812212e-21   6.525678e-09   3.160584e-22   72
  2.945736e-01   3.072999e-21   1.210514e-04   1.308990e-22   504
  2.949004e-01   2.204322e-21   3.895317e-05   1.214241e-22   216
  2.953239e-01   2.541653e-21   6.954821e-05   1.441301e-22   312
  2.957040e-01   2.852427e-21   7.919158e-05   1.314341e-22   336
  2.960663e-01   2.392844e-21   1.097684e-04   1.590421e-22   204
  2.964271e-01   2.563365e-21   1.275676e-04   1.074695e-22   504
  2.968098e-01   2.542283e-21   1.214810e-04   1.083298e-22   396
  2.971778e-01   2.685413e-21   1.114044e-04   1.340101e-22   312
  2.976240e-01   2.755894e-21   6.808000e-05   1.571439e-22   216
  2.979383e-01   3.026104e-21   3.694832e-05   2.727970e-22   168
  2.983203e-01   2.546419e-21   9.329657e-05   8.287443e-23   588
  2.987563e-01   2.098532e-21   1.266392e-04   1.108605e-22   240
  2.990950e-01   2.169544e-21   1.118436e-04   1.468329e-22   264
  2.994922e-01   2.186157e-21   1.383176e-04   1.313889e-22   288
  2.998446e-01   2.731605e-21   6.907007e-05   1.792764e-22   288
  3.002913e-01   2.066524e-21   6.486779e-05   9.115886e-23   288
  3.005921e-01   2.478654e-21   7.514392e-05   1.921850e-22   192
  3.009705e-01   1.880522e-21   7.996067e-05   1.028290e-22   264
  3.013310e-01   2.454899e-21   1.315242e-04   1.254255e-22   372
  3.017189e-01   2.303955e-21   1.420518e-04   1.241430e-22   360
  3.021924e-01   2.641505e-21   6.011768e-05   1.859707e-22   144
  3.024371e-01   1.596575e-21   8.350082e-05   8.203857e-23   296
  3.028234e-01   2.183677e-21   8.996782e-05   1.443862e-22   288
  3.032657e-01   2.325228e-21   1.344546e-04   1.056612e-22   480
  3.036471e-01   1.384963e-21   1.117190e-04   1.088560e-22   192
  3.040181e-01   2.574796e-21   1.198338e-04   1.600958e-22   192
  3.043553e-01   1.866401e-21   7.637151e-05   1.171126e-22   288
  3.048242e-01   1.318695e-21   6.648036e-05   1.118731e-22   108
  3.050604e-01   2.307644e-21   6.391272e-05   1.190609e-22   240
  3.054775e-01   1.932064e-21   1.192307e-04   1.049817e-22   384
  3.059059e-01   2.285336e-21   1.454479e-04   2.189565e-22   108
  3.062848e-01   2.134252e-21   8.527881e-05   1.015025e-22   348
  3.066832e-01   1.383088e-21   8.900031e-05   7.870974e-23   312
  3.070391e-01   8.002031e-22   8.648246e-05   7.314918e-23   96
  3.073663e-01   1.968925e-21   1.151358e-04   1.012521e-22   384
  3.077328e-01   1.982585e-21   7.919012e-05   1.790495e-22   144
  3.080912e-01   2.016250e-21   1.216791e-04   1.072791e-22   408
  3.085368e-01   1.452479e-21   5.427748e-05   1.365311e-22   144
  3.089578e-01   1.525374e-21   1.043490e-04   1.084256e-22   192
  3.092074e-01   2.709862e-21   1.174468e-04   2.407241e-22   144
  3.096144e-01   1.663024e-21   9.548855e-05   1.275033e-22   144
  3.099983e-01   1.954507e-21   1.167025e-04   9.904827e-23   336
  3.104685e-01   1.410078e-21   8.634502e-05   8.917904e-23   240
  3.107666e-01   1.491402e-21   3.920851e-05   1.476160e-22   96
  3.111825e-01   1.625714e-21   1.149797e-04   1.068473e-22   372
  3.116031e-01   1.255193e-21   1.367659e-04   1.084572e-22   132
  3.119726e-01   1.439815e-21   8.462908e-05   9.117257e-23   264
  3.123032e-01   1.913413e-21   6.499128e-05   1.240625e-22   168
  3.126560e-01   1.990716e-21   1.039086e-04   1.333319e-22   216
  3.129676e-01   1.250517e-21   6.357256e-05   8.668004e-23   216
  3.134215e-01   1.040973e-21   1.166292e-04   1.013835e-22   96
  3.138333e-01   1.743015e-21   7.608990e-05   1.886084e-22   120
  3.142110e-01   1.541048e-21   9.673168e-05   1.172690e-22   216
  3.145221e-01   1.418588e-21   4.227207e-05   1.217064e-22   200
  3.149340e-01   1.398719e-21   1.094242e-04   1.000851e-22   288
  3.154623e-01   7.683830e-22   2.879164e-05   7.651610e-23   144
  3.156848e-01   1.861045e-21   8.959781e-05   2.420660e-22   168
  3.161391e-01   1.338805e-21   1.008340e-04   1.222296e-22   159
  3.164937e-01   1.220648e-21   1.057991e-04   9.582074e-23   174
  3.168369e-01   1.303610e-21   9.593494e-05   9.894115e-23   144
  3.172863e-01   1.563058e-21   5.539549e-05   1.063126e-22   222
  3.175869e-01   1.219090e-21   5.589895e-05   1.038203e-22   168
  3.181060e-01   1.742464e-21   1.226079e-04   3.096178e-22   30
  3.183205e-01   5.554674e-22   1.082537e-04   5.946447e-23   72
  3.187244e-01   1.172147e-21   9.661517e-05   1.086828e-22   258
  3.191684e-01   9.927772e-22   6.051257e-05   8.007451e-23   264
  3.193905e-01   1.269617e-21   0.000000e+00   1.859223e-22   72
  3.198532e-01   6.820347e-22   1.199385e-04   6.345915e-23   174
  3.202721e-01   1.166381e-21   1.277123e-04   1.359026e-22   168
  3.206090e-01   3.785063e-22   3.996146e-09   4.125624e-23   48
  3.209705e-01   6.737801e-22   7.212215e-05   5.895952e-23   150
  3.213898e-01   1.694887e-21   1.326739e-04   1.212403e-22   168
  3.218102e-01   9.496752e-22   8.081877e-05   7.483383e-23   144
  3.221967e-01   1.180200e-21   7.550312e-05   1.660317e-22   102
  3.224847e-01   4.212444e-22   1.117576e-04   3.926464e-23   96
  3.229415e-01   3.959850e-22   1.109119e-04   2.850780e-23   120
  3.232799e-01   3.756568e-22   1.189559e-04   2.440777e-23   168
  3.236458e-01   1.548172e-21   8.783953e-05   1.251701e-22   126
  3.239576e-01   8.488207e-22   6.624856e-05   9.554642e-23   168
  3.243872e-01   4.663468e-22   1.062297e-04   5.728397e-23   72
  3.247626e-01   4.881840e-22   1.330232e-04   3.452202e-23   168
  3.250914e-01   1.202053e-21   3.646820e-05   2.133460e-22   78
  3.255420e-01   3.848179e-22   5.987806e-05   3.801709e-23   60
  3.259049e-01   1.644418e-21   9.713191e-05   2.326630e-22   96
  3.262812e-01   6.781054e-22   1.178615e-04   5.123435e-23   168
  3.266349e-01   5.943757e-22   7.457817e-05   9.153170e-23   86
  3.270060e-01   3.168097e-22   6.665520e-05   4.373027e-23   120
  3.275378e-01   4.430428e-22   4.753401e-05   3.211642e-23   168
  3.278247e-01   3.006720e-22   0.000000e+00   3.581091e-23   48
  3.282110e-01   9.525848e-22   8.660181e-05   9.396527e-23   120
  3.284330e-01   6.264006e-22   6.317951e-05   8.363597e-23   126
  3.289749e-01   6.588143e-22   1.111151e-04   6.351360e-23   96
  3.293266e-01   5.351963e-22   3.204012e-05   5.090666e-23   96
  3.296039e-01   3.056064e-22   0.000000e+00   2.325034e-23   72
  3.301949e-01   3.710530e-22   3.996146e-09   4.390167e-23   24
  3.305637e-01   6.252202e-22   6.593782e-05   5.686218e-23   120
  3.308514e-01   4.934149e-22   9.618300e-05   6.093993e-23   126
  3.311713e-01   2.609665e-22   8.018157e-05   2.958685e-23   96
  3.315452e-01   1.558015e-22   1.385771e-04   1.264302e-23   72
  3.319614e-01   3.240496e-22   5.993927e-05   2.565016e-23   144
  3.323038e-01   3.622926e-22   3.457157e-05   3.810357e-23   72
  3.326459e-01   5.834480e-22   6.905176e-05   1.196042e-22   54
  3.329469e-01   5.801876e-22   6.085106e-05   7.285716e-23   108
  3.335726e-01   5.960736e-22   5.964977e-05   5.516586e-23   72
  3.337673e-01   5.126931e-22   3.441997e-05   6.210867e-23   72
  3.342294e-01   2.962574e-22   6.921527e-09   5.046677e-23   24
  3.346666e-01   1.123114e-22   7.281693e-05   1.543172e-23   48
  3.349321e-01   4.123823e-22   5.546771e-05   6.451675e-23   102
  3.353317e-01   2.639227e-22   1.254449e-04   2.674094e-23   168
  3.358538e-01   1.884010e-22   6.841470e-05   1.723019e-23   72
  3.360473e-01   2.081631e-22   0.000000e+00   2.706315e-23   48
  3.364531e-01   3.120096e-22   1.176775e-04   2.617000e-23   120
  3.369887e-01   2.722958e-22   7.231517e-05   1.704623e-23   96
  3.374945e-01   6.476909e-22   7.830814e-09   2.157043e-22   30
  3.380957e-01   5.655419e-22   3.397687e-05   7.268958e-23   72
  3.383599e-01   2.712308e-22   3.996146e-09   6.104714e-23   24
  3.386992e-01   8.623068e-23   5.036212e-05   6.497205e-24   56
  3.390793e-01   9.102925e-23   7.186930e-05   6.834480e-24   96
  3.395342e-01   2.446956e-22   7.936128e-05   2.484582e-23   144
  3.398849e-01   3.576219e-22   4.505822e-05   1.142947e-22   54
  3.403944e-01   2.027952e-22   6.750198e-05   1.446877e-23   108
  3.409071e-01   5.494281e-22   3.574199e-05   9.158881e-23   48
  3.413952e-01   2.159477e-22   1.345800e-04   1.947587e-23   72
  3.425664e-01   4.014978e-22   8.891744e-05   6.025350e-23   78
  3.428909e-01   6.130308e-23   6.701044e-05   4.472622e-24   72
  3.432698e-01   1.070875e-22   6.692725e-05   1.255806e-23   72
  3.436659e-01   2.098503e-22   1.615028e-04   2.855348e-23   96
  3.439790e-01   1.309349e-22   6.678928e-05   9.237822e-24   72
  3.443566e-01   1.836947e-22   0.000000e+00   2.960964e-23   24
  3.447338e-01   2.046857e-22   1.332770e-04   1.631845e-23   72
  3.455858e-01   2.235822e-22   8.463498e-05   3.995417e-23   30
  3.457691e-01   2.565239e-22   0.000000e+00   3.741293e-23   24
  3.467544e-01   4.665323e-23   7.027855e-05   3.663415e-24   48
  3.470634e-01   1.327141e-22   1.512394e-04   1.966045e-23   120
  3.474798e-01   7.505718e-23   6.612537e-05   5.879722e-24   72
  3.479003e-01   9.125516e-23   6.604543e-05   1.291854e-23   36
  3.481894e-01   1.481042e-22   1.305365e-04   2.311095e-23   78
  3.489960e-01   1.818198e-22   6.982714e-05   1.795466e-23   48
  3.500419e-01   2.940286e-22   5.651403e-09   1.991433e-23   24
  3.507870e-01   3.666271e-23   4.862619e-05   4.941617e-24   56
  3.511622e-01   5.568542e-23   7.482652e-05   5.205117e-24   102
  3.516395e-01   8.144422e-23   5.328194e-09   6.163228e-24   72
  3.519166e-01   1.115180e-22   0.000000e+00   2.325969e-23   24
  3.524009e-01   7.953791e-23   6.915246e-05   8.269283e-24   48
  3.532988e-01   1.335098e-22   0.000000e+00   2.307835e-23   24
  3.544007e-01   1.770515e-22   0.000000e+00   4.170858e-23   6
  3.547443e-01   3.201177e-23   0.000000e+00   4.776830e-24   24
  3.549732e-01   3.445652e-23   6.472929e-05   2.706704e-24   72
  3.553914e-01   4.306525e-23   1.207586e-04   2.654366e-24   84
  3.558418e-01   8.607995e-23   0.000000e+00   2.021017e-23   24
  3.559787e-01   8.394831e-23   5.651403e-09   8.391309e-24   24
  3.566626e-01   1.331055e-22   3.996146e-09   1.980282e-23   24
  3.576179e-01   7.333951e-23   0.000000e+00   1.780323e-23   6
  3.588424e-01   2.250965e-23   6.791113e-05   3.154818e-24   48
  3.591365e-01   2.602957e-23   1.279335e-04   2.017226e-24   72
  3.595209e-01   4.175961e-23   6.778297e-05   4.122277e-24   48
  3.601304e-01   9.463232e-23   0.000000e+00   1.393448e-23   24
  3.609415e-01   1.630685e-22   3.996146e-09   3.155995e-23   6
  3.627599e-01   1.716025e-23   0.000000e+00   4.591919e-24   8
  3.628942e-01   2.402820e-23   3.996146e-09   2.153867e-24   48
  3.632164e-01   2.800361e-23   6.573533e-05   2.738718e-24   60
  3.636991e-01   4.955177e-23   0.000000e+00   9.624145e-24   24
  3.643686e-01   8.267670e-23   0.000000e+00   1.591767e-23   6
  3.668348e-01   1.674912e-23   0.000000e+00   2.628762e-24   24
  3.670341e-01   2.273919e-23   6.639546e-05   2.450851e-24   48
  3.673659e-01   3.152107e-23   0.000000e+00   5.733202e-24   24
  3.678962e-01   1.336318e-23   3.996146e-09   1.885284e-24   6
  3.709088e-01   1.403184e-23   6.194064e-05   1.453259e-24   36
  3.711278e-01   1.623193e-23   0.000000e+00   2.261212e-24   24
  3.715215e-01   4.138325e-23   0.000000e+00   1.447508e-23   6
  3.749494e-01   6.864382e-24   5.629118e-05   7.929736e-25   32
  3.752417e-01   9.059425e-24   3.996146e-09   2.674740e-24   6
  3.789254e-01   1.045606e-23   0.000000e+00   1.816138e-24   12
  3.790540e-01   1.378847e-23   0.000000e+00   3.397296e-24   6
  3.829556e-01   2.971574e-24   5.651403e-09   9.019038e-25   6
