# power spectrum of pi_k_v
# redshift z=0.924333
# k              Pk             sigma(k)       sigma(Pk)      count
  3.141593e-02   1.716275e-07   0.000000e+00   9.803734e-08   6
  4.442883e-02   1.244194e-09   0.000000e+00   2.944286e-10   12
  5.441398e-02   4.105272e-10   5.960464e-10   1.437418e-10   8
  6.283185e-02   3.447908e-06   0.000000e+00   6.036782e-07   6
  7.024815e-02   1.345150e-09   1.123916e-09   2.399661e-10   24
  7.695299e-02   1.500686e-09   1.123916e-09   2.215287e-10   24
  8.885766e-02   1.559639e-09   0.000000e+00   3.660359e-10   12
  9.424778e-02   2.122056e-07   1.271566e-09   1.447251e-07   30
  9.934588e-02   4.184534e-10   0.000000e+00   9.011348e-11   24
  1.041948e-01   4.748483e-10   1.946680e-09   1.681997e-10   24
  1.088280e-01   1.424078e-10   1.192093e-09   3.538299e-11   8
  1.132717e-01   5.686835e-10   1.589457e-09   1.191016e-10   24
  1.175476e-01   2.907985e-10   0.000000e+00   4.873234e-11   48
  1.256637e-01   1.986376e-05   0.000000e+00   3.795085e-06   6
  1.295312e-01   7.013512e-10   1.589457e-09   1.407174e-10   48
  1.332865e-01   1.994760e-10   1.498555e-09   3.527019e-11   36
  1.369388e-01   4.209262e-10   1.589457e-09   6.273505e-11   24
  1.404963e-01   2.878178e-09   2.247832e-09   6.776347e-10   24
  1.439659e-01   2.263824e-10   0.000000e+00   2.619866e-11   48
  1.473538e-01   3.136711e-10   2.247832e-09   5.929038e-11   24
  1.539060e-01   2.512022e-10   2.247832e-09   4.413515e-11   24
  1.570796e-01   8.474494e-07   0.000000e+00   5.784507e-07   30
  1.601904e-01   3.105434e-10   0.000000e+00   3.394108e-11   72
  1.632419e-01   1.700134e-10   2.384186e-09   2.562876e-11   32
  1.691799e-01   3.917785e-10   0.000000e+00   6.628049e-11   72
  1.720721e-01   1.699950e-10   0.000000e+00   3.910156e-11   48
  1.777153e-01   3.939842e-09   0.000000e+00   9.280123e-10   12
  1.804708e-01   1.737971e-10   0.000000e+00   2.213217e-11   48
  1.831848e-01   2.271505e-10   0.000000e+00   2.904821e-11   48
  1.858591e-01   1.590190e-10   2.247832e-09   1.861980e-11   48
  1.884956e-01   1.308217e-05   2.543132e-09   5.395642e-06   30
  1.910956e-01   2.209610e-09   0.000000e+00   4.711651e-10   24
  1.936608e-01   2.143534e-10   4.738846e-09   2.293935e-11   72
  1.986918e-01   4.758916e-09   0.000000e+00   8.869982e-10   24
  2.011601e-01   3.038340e-10   0.000000e+00   6.133254e-11   96
  2.035985e-01   1.518142e-10   0.000000e+00   1.707923e-11   48
  2.060080e-01   9.407898e-11   3.893359e-09   1.179770e-11   24
  2.083897e-01   1.867437e-10   3.893359e-09   4.569798e-11   24
  2.107444e-01   3.513723e-10   0.000000e+00   5.458818e-11   72
  2.130732e-01   1.965364e-10   0.000000e+00   2.549548e-11   48
  2.176559e-01   1.622562e-10   2.384186e-09   2.203397e-11   8
  2.199115e-01   1.308068e-06   2.825702e-09   9.074979e-07   54
  2.221441e-01   1.925952e-10   0.000000e+00   2.072594e-11   84
  2.243546e-01   1.448533e-10   0.000000e+00   1.629904e-11   48
  2.265435e-01   6.517014e-09   3.178914e-09   1.100700e-09   24
  2.287114e-01   6.555744e-10   4.238553e-09   1.403932e-10   72
  2.308590e-01   1.595918e-10   0.000000e+00   1.634397e-11   96
  2.350953e-01   1.817179e-10   0.000000e+00   2.775154e-11   48
  2.371850e-01   1.631737e-10   0.000000e+00   1.731447e-11   48
  2.392566e-01   2.919831e-10   0.000000e+00   3.897049e-11   24
  2.413103e-01   1.772683e-10   0.000000e+00   1.654116e-11   72
  2.453662e-01   5.087578e-10   0.000000e+00   1.106427e-10   72
  2.473693e-01   1.360027e-10   0.000000e+00   1.330952e-11   96
  2.513274e-01   1.592719e-04   0.000000e+00   3.053966e-05   6
  2.532833e-01   1.435561e-09   0.000000e+00   3.250568e-10   96
  2.552242e-01   1.517103e-10   3.178914e-09   1.339075e-11   96
  2.571504e-01   1.832502e-10   0.000000e+00   4.526753e-11   24
  2.590624e-01   5.763337e-09   3.178914e-09   1.164820e-09   48
  2.609603e-01   1.799214e-10   0.000000e+00   1.667364e-11   96
  2.628445e-01   1.732526e-10   0.000000e+00   2.434637e-11   48
  2.665730e-01   3.042280e-09   2.997109e-09   9.839221e-10   36
  2.684178e-01   1.117269e-09   5.506041e-09   3.144301e-10   48
  2.702500e-01   1.312802e-10   6.229375e-09   1.266861e-11   120
  2.720699e-01   1.272919e-10   0.000000e+00   2.097635e-11   56
  2.738777e-01   1.267868e-10   3.178914e-09   2.313908e-11   24
  2.756736e-01   1.734740e-10   0.000000e+00   1.679256e-11   96
  2.774580e-01   1.711051e-10   0.000000e+00   1.945633e-11   48
  2.809926e-01   1.121989e-08   4.495664e-09   1.625053e-09   24
  2.827433e-01   1.533842e-06   0.000000e+00   1.073738e-06   102
  2.844833e-01   2.098532e-10   3.178914e-09   2.568541e-11   48
  2.862127e-01   2.317274e-10   0.000000e+00   2.356785e-11   72
  2.879317e-01   1.332588e-10   0.000000e+00   1.665512e-11   48
  2.896405e-01   2.233120e-09   0.000000e+00   4.313984e-10   48
  2.913393e-01   1.764473e-10   7.193062e-09   1.636743e-11   120
  2.947075e-01   1.859073e-10   4.495664e-09   3.117471e-11   24
  2.963773e-01   5.944459e-10   4.238553e-09   1.405850e-10   144
  2.980376e-01   1.465385e-10   5.086263e-09   1.222832e-11   120
  2.996888e-01   1.629993e-10   4.495664e-09   2.096227e-11   48
  3.029642e-01   1.306140e-10   4.495664e-09   1.794259e-11   48
  3.045887e-01   2.552639e-10   4.495664e-09   2.178663e-11   96
  3.088780e-01   9.814660e-10   7.537918e-04   2.290771e-10   72
  3.110018e-01   2.402878e-10   3.996146e-09   1.806252e-11   108
  3.125845e-01   2.048000e-10   0.000000e+00   1.927655e-11   72
  3.141593e-01   6.514303e-05   0.000000e+00   2.684576e-05   30
  3.157262e-01   1.501810e-09   0.000000e+00   4.446388e-10   168
  3.172853e-01   2.048100e-10   0.000000e+00   2.710280e-11   48
  3.203808e-01   6.079515e-09   0.000000e+00   1.318073e-09   72
  3.219175e-01   2.241380e-10   0.000000e+00   2.369469e-11   96
  3.234468e-01   2.286120e-10   8.477105e-09   3.742227e-11   72
  3.249689e-01   1.831934e-10   0.000000e+00   2.012992e-11   72
  3.275279e-01   9.034212e-10   6.960077e-04   2.392500e-10   104
  3.294930e-01   1.985463e-10   5.994218e-09   1.305351e-11   144
  3.339559e-01   9.346938e-10   1.005261e-08   2.288626e-10   96
  3.354303e-01   1.535763e-10   0.000000e+00   1.173346e-11   96
  3.377752e-01   4.235741e-09   7.160371e-04   9.671095e-10   120
  3.398152e-01   7.510632e-10   0.000000e+00   1.925965e-10   120
  3.412643e-01   1.635877e-10   0.000000e+00   1.625741e-11   72
  3.441442e-01   2.393556e-10   0.000000e+00   2.498466e-11   48
  3.455752e-01   3.851021e-06   7.825020e-09   2.687721e-06   78
  3.474057e-01   2.908917e-10   6.411427e-04   3.078234e-11   168
  3.512407e-01   1.499426e-09   7.341388e-09   3.041386e-10   144
  3.526429e-01   2.311722e-10   5.994218e-09   1.717173e-11   144
  3.567097e-01   1.789547e-09   3.692465e-04   5.200751e-10   156
  3.581967e-01   3.147920e-10   7.786718e-09   5.252371e-11   48
  3.595717e-01   2.024730e-10   5.086263e-09   1.804746e-11   120
  3.609415e-01   1.892463e-10   0.000000e+00   2.733802e-11   48
  3.633635e-01   2.628647e-10   5.651992e-04   1.845256e-11   216
  3.663695e-01   1.237142e-08   0.000000e+00   2.421632e-09   48
  3.677140e-01   1.150051e-09   4.495664e-09   3.185452e-10   96
  3.696256e-01   2.293605e-10   6.605235e-04   1.481039e-11   168
  3.717183e-01   2.424275e-10   4.495664e-09   2.283623e-11   48
  3.730435e-01   2.736026e-10   0.000000e+00   2.818479e-11   96
  3.743640e-01   1.527985e-10   0.000000e+00   2.273125e-11   48
  3.769911e-01   1.171038e-04   5.086263e-09   4.822706e-05   30
  3.782979e-01   5.413935e-09   0.000000e+00   1.412716e-09   96
  3.798596e-01   2.731152e-10   5.191127e-04   2.083585e-11   240
  3.818679e-01   2.442281e-08   5.600478e-04   4.125396e-09   32
  3.834803e-01   9.658903e-10   0.000000e+00   2.537922e-10   168
  3.847649e-01   2.384651e-10   0.000000e+00   2.046381e-11   120
  3.873216e-01   3.416291e-10   9.477692e-09   4.428440e-11   72
  3.885936e-01   9.938569e-10   4.238553e-09   2.756695e-10   144
  3.898614e-01   2.842517e-10   0.000000e+00   2.925242e-11   96
  3.911251e-01   2.153339e-10   0.000000e+00   2.412933e-11   96
  3.936404e-01   1.874698e-09   0.000000e+00   5.463655e-10   72
  3.948921e-01   2.097897e-10   6.357829e-09   1.898402e-11   96
  3.973835e-01   3.361774e-08   0.000000e+00   4.937930e-09   24
  3.986234e-01   2.137241e-10   0.000000e+00   1.297364e-11   192
  4.000835e-01   2.703804e-10   4.752666e-04   2.197695e-11   132
  4.023202e-01   8.614460e-09   0.000000e+00   1.940789e-09   96
  4.035449e-01   2.463384e-10   0.000000e+00   2.353428e-11   96
  4.047659e-01   2.948107e-10   5.086263e-09   2.474350e-11   120
  4.071969e-01   2.102815e-10   0.000000e+00   3.011706e-11   48
  4.091897e-01   2.313845e-06   5.759849e-04   1.627993e-06   222
  4.108165e-01   3.102582e-10   0.000000e+00   2.966494e-11   120
  4.120160e-01   2.645286e-10   7.786718e-09   3.865333e-11   24
  4.137624e-01   9.052317e-10   5.945000e-04   2.133726e-10   312
  4.175676e-01   3.660288e-10   5.573676e-04   6.298978e-11   72
  4.191407e-01   2.309700e-10   7.786718e-09   2.591120e-11   96
  4.207561e-01   5.058387e-09   5.676017e-04   1.160652e-09   192
  4.226581e-01   1.575213e-09   7.193062e-09   4.392150e-10   120
  4.238240e-01   3.034833e-10   0.000000e+00   2.650709e-11   144
  4.261464e-01   3.178684e-10   0.000000e+00   6.542419e-11   48
  4.277971e-01   1.160078e-09   5.707434e-04   2.186666e-10   336
  4.296063e-01   3.363349e-10   0.000000e+00   4.813332e-11   48
  4.318976e-01   2.836242e-10   0.000000e+00   2.240225e-11   192
  4.330387e-01   2.150086e-10   0.000000e+00   2.965709e-11   48
  4.362823e-01   3.094803e-09   3.961708e-04   9.332863e-10   56
  4.378950e-01   3.103628e-10   5.088179e-04   1.765151e-11   336
  4.398230e-01   1.063780e-04   5.651403e-09   4.569427e-05   54
  4.415024e-01   2.618559e-09   5.588647e-04   7.824121e-10   240
  4.449889e-01   8.678317e-09   5.351174e-04   1.663069e-09   228
  4.465042e-01   3.351443e-10   5.994218e-09   4.448400e-11   72
  4.479751e-01   3.555271e-10   5.190769e-04   2.529240e-11   144
  4.498076e-01   4.843090e-09   0.000000e+00   1.024855e-09   96
  4.509034e-01   3.355068e-10   7.193062e-09   2.274015e-11   240
  4.530869e-01   4.494776e-08   6.357829e-09   6.664605e-09   24
  4.544849e-01   3.509497e-10   4.902641e-04   2.072044e-11   336
  4.563427e-01   3.845178e-10   0.000000e+00   4.839736e-11   72
  4.580385e-01   7.319878e-09   5.332530e-04   1.628744e-09   168
  4.595754e-01   3.975466e-10   0.000000e+00   5.544621e-11   72
  4.617179e-01   3.418814e-10   0.000000e+00   3.354632e-11   96
  4.633772e-01   2.784368e-10   5.292526e-04   1.918416e-11   216
  4.649133e-01   2.652372e-10   0.000000e+00   2.278942e-11   96
  4.670313e-01   2.277684e-09   6.357829e-09   4.595250e-10   192
  4.680868e-01   3.676643e-10   5.994218e-09   3.438296e-11   144
  4.701905e-01   4.744122e-10   0.000000e+00   5.482382e-11   48
  4.716471e-01   3.269877e-06   5.102617e-04   2.301801e-06   246
  4.736262e-01   3.854753e-10   4.704694e-04   3.090443e-11   168
  4.754092e-01   2.777045e-09   1.245875e-08   8.133391e-10   120
  4.764461e-01   3.557862e-10   0.000000e+00   2.297356e-11   240
  4.785131e-01   5.601903e-08   0.000000e+00   7.768490e-09   24
  4.801601e-01   9.656741e-10   5.035960e-04   2.086201e-10   360
  4.822112e-01   4.360853e-10   5.014531e-04   4.387550e-11   120
  4.836420e-01   3.292139e-10   0.000000e+00   2.705402e-11   144
  4.846613e-01   4.006436e-10   0.000000e+00   3.503680e-11   96
  4.877063e-01   2.185035e-09   0.000000e+00   6.128914e-10   144
  4.887171e-01   3.371374e-10   0.000000e+00   3.247548e-11   132
  4.901376e-01   8.483691e-09   4.949267e-04   1.978029e-09   176
  4.921997e-01   1.163032e-09   4.997763e-04   2.878711e-10   312
  4.947385e-01   4.977314e-10   0.000000e+00   4.405876e-11   96
  4.957350e-01   3.905071e-10   0.000000e+00   2.562082e-11   144
  4.972638e-01   4.060308e-10   4.947633e-04   2.479467e-11   312
  4.997009e-01   5.120957e-10   0.000000e+00   8.490028e-11   48
  5.006875e-01   4.259293e-10   6.357829e-09   3.304756e-11   192
  5.026548e-01   1.432181e-03   0.000000e+00   2.728933e-04   6
  5.039619e-01   3.412179e-09   4.614506e-04   1.030426e-09   288
  5.060790e-01   1.815632e-08   4.875525e-04   2.882976e-09   192
  5.075398e-01   1.788559e-09   1.495221e-08   4.464077e-10   216
  5.085112e-01   4.896380e-10   0.000000e+00   6.573662e-11   72
  5.109313e-01   3.176357e-09   4.829223e-04   6.634771e-10   192
  5.125386e-01   4.777749e-10   3.585958e-04   2.673336e-11   288
  5.143009e-01   3.970613e-10   0.000000e+00   6.506772e-11   24
  5.156624e-01   1.078099e-09   4.724202e-04   2.180597e-10   456
  5.181247e-01   3.717546e-08   6.357829e-09   7.991862e-09   48
  5.196462e-01   4.261953e-10   4.653150e-04   2.872587e-11   240
  5.213948e-01   4.813435e-10   4.702532e-04   3.011633e-11   216
  5.228652e-01   3.995867e-09   0.000000e+00   1.196804e-09   72
  5.238082e-01   4.574226e-10   1.624747e-08   3.640637e-11   168
  5.264706e-01   1.468173e-09   3.495323e-04   3.488799e-10   288
  5.279636e-01   5.173695e-10   4.624911e-04   4.180238e-11   168
  5.303619e-01   4.903432e-10   0.000000e+00   3.542389e-11   192
  5.312915e-01   4.483194e-10   5.994218e-09   3.210239e-11   144
  5.331460e-01   2.665752e-08   5.994218e-09   8.128166e-09   36
  5.347186e-01   3.366065e-06   4.223528e-04   2.372112e-06   342
  5.362222e-01   1.401984e-08   4.337051e-04   3.101385e-09   144
  5.381552e-01   1.476554e-09   4.548480e-04   3.453896e-10   384
  5.405000e-01   1.701168e-08   1.245875e-08   3.937935e-09   120
  5.416606e-01   4.378785e-10   4.055921e-04   2.811005e-11   264
  5.432322e-01   5.023044e-10   2.010522e-08   3.665611e-11   192
  5.447121e-01   5.005699e-10   4.371030e-04   3.588428e-11   152
  5.459506e-01   4.811044e-10   1.198844e-08   3.774391e-11   144
  5.485556e-01   3.410161e-09   2.828973e-04   7.138082e-10   216
  5.497613e-01   5.561624e-10   3.780263e-04   3.572539e-11   312
  5.518839e-01   5.737858e-10   4.381250e-04   3.996003e-11   240
  5.531345e-01   4.490740e-10   6.357829e-09   5.498019e-11   96
  5.555083e-01   2.941769e-09   4.188792e-04   8.375616e-10   144
  5.569713e-01   5.771252e-10   4.117214e-04   2.884890e-11   456
  5.593447e-01   3.709904e-09   0.000000e+00   1.051825e-09   120
  5.602262e-01   6.164898e-10   0.000000e+00   5.469485e-11   144
  5.619852e-01   8.632672e-08   8.991328e-09   1.251735e-08   24
  5.631129e-01   5.379266e-10   3.957596e-04   2.988648e-11   336
  5.650632e-01   5.952537e-05   4.364690e-04   2.649130e-05   198
  5.668907e-01   5.292206e-09   4.244410e-04   1.150388e-09   432
  5.689666e-01   5.629729e-08   6.357829e-09   1.127930e-08   48
  5.700496e-01   6.468785e-10   3.747080e-04   2.924810e-11   384
  5.719941e-01   6.929868e-10   4.313683e-04   6.255119e-11   144
  5.737560e-01   1.821505e-09   4.282921e-04   4.344486e-10   264
  5.758634e-01   3.719221e-10   0.000000e+00   3.241043e-11   48
  5.772774e-01   1.968575e-09   4.072357e-04   4.390333e-10   276
  5.786417e-01   2.585336e-08   3.691482e-04   4.096700e-09   192
  5.804649e-01   5.864509e-10   4.148414e-04   2.462642e-11   552
  5.826786e-01   6.109531e-10   1.438612e-08   5.124721e-11   120
  5.839944e-01   6.048102e-10   4.199218e-04   3.722526e-11   216
  5.852139e-01   6.945137e-10   7.193062e-09   6.221956e-11   120
  5.873922e-01   1.573072e-09   4.135200e-04   3.126263e-10   408
  5.894150e-01   7.931861e-10   8.991328e-09   9.223354e-11   24
  5.906694e-01   1.630390e-09   4.177296e-04   3.550441e-10   384
  5.924213e-01   1.085654e-08   4.081368e-04   2.463993e-09   240
  5.939425e-01   6.643245e-10   4.111256e-04   5.373263e-11   168
  5.960753e-01   2.041139e-08   1.017253e-08   4.754493e-09   120
  5.974502e-01   4.303490e-06   4.285769e-04   3.033664e-06   350
  5.996859e-01   2.830157e-09   7.055203e-04   5.401807e-10   384
  6.010221e-01   7.446428e-10   0.000000e+00   6.934368e-11   144
  6.034802e-01   2.495670e-09   1.695421e-08   6.198448e-10   288
  6.047637e-01   6.948535e-10   4.038485e-04   4.108893e-11   336
  6.065098e-01   3.448510e-09   3.676705e-04   9.198169e-10   168
  6.075551e-01   6.443792e-10   7.266090e-09   3.887975e-11   336
  6.097171e-01   3.568607e-09   3.816201e-04   6.971121e-10   288
  6.110156e-01   7.723215e-10   3.595837e-04   5.197474e-11   264
  6.132144e-01   6.670127e-10   0.000000e+00   4.127070e-11   240
  6.140186e-01   6.562770e-10   1.271566e-08   6.532120e-11   96
  6.169049e-01   7.778662e-10   4.890096e-04   4.194317e-11   360
  6.182520e-01   1.540582e-08   3.604841e-04   3.462612e-09   168
  6.199540e-01   1.983192e-09   3.929651e-04   4.364815e-10   456
  6.220036e-01   1.478016e-08   7.992291e-09   4.933436e-09   108
  6.231564e-01   6.094807e-10   3.942898e-04   3.875841e-11   264
  6.245946e-01   7.530675e-10   3.517707e-04   4.709806e-11   264
  6.265640e-01   2.278721e-09   3.319469e-04   5.140598e-10   312
  6.290162e-01   5.451622e-05   2.466728e-04   2.433520e-05   270
  6.300440e-01   8.792849e-10   3.131822e-04   6.100712e-11   240
  6.318916e-01   9.898023e-09   3.874458e-04   1.958907e-09   384
  6.330134e-01   7.473277e-10   0.000000e+00   6.543086e-11   192
  6.351924e-01   2.919796e-09   3.108737e-04   7.299826e-10   240
  6.364563e-01   8.175918e-10   3.836683e-04   4.585290e-11   336
  6.388333e-01   8.686118e-10   3.862355e-04   3.638763e-11   480
  6.407617e-01   4.188807e-08   0.000000e+00   8.976459e-09   72
  6.418389e-01   8.636622e-10   3.766148e-04   5.545456e-11   240
  6.433040e-01   9.099093e-10   3.539663e-04   4.883143e-11   312
  6.449835e-01   2.943051e-09   3.825526e-04   7.753193e-10   240
  6.475214e-01   1.238800e-08   2.906410e-04   2.050413e-09   408
  6.485261e-01   8.033093e-10   2.661571e-04   4.721977e-11   336
  6.504896e-01   9.495828e-10   3.379539e-04   5.949500e-11   264
  6.514545e-01   9.638978e-10   0.000000e+00   6.757172e-11   144
  6.541393e-01   2.124218e-09   4.684242e-04   4.386835e-10   464
  6.555537e-01   1.630388e-08   3.724933e-04   3.801680e-09   168
  6.569502e-01   8.945944e-10   3.392602e-04   4.816638e-11   336
  6.594741e-01   4.318180e-06   3.564592e-04   3.045154e-06   414
  6.608969e-01   1.157228e-09   3.710529e-04   7.218683e-11   216
  6.627197e-01   1.253147e-08   8.991328e-09   2.530850e-09   96
  6.634639e-01   9.494276e-10   2.697398e-08   5.297146e-11   384
  6.660710e-01   1.942216e-09   3.703360e-04   3.448427e-10   492
  6.674682e-01   1.648782e-08   3.621568e-04   3.734223e-09   240
  6.690474e-01   9.457345e-10   3.677161e-04   6.451498e-11   312
  6.712282e-01   3.115328e-09   3.675950e-04   7.448022e-10   192
  6.726096e-01   1.064742e-09   3.562441e-04   4.705539e-11   504
  6.744424e-01   2.325610e-09   2.358397e-04   4.961292e-10   408
  6.758855e-01   1.843735e-08   7.225239e-04   4.086496e-09   168
  6.776913e-01   9.119882e-10   3.432052e-04   5.199211e-11   288
  6.792066e-01   1.384063e-08   3.581640e-04   3.162633e-09   288
  6.807589e-01   9.445131e-10   3.602256e-04   4.684178e-11   432
  6.830104e-01   1.045894e-09   3.406534e-04   8.900509e-11   216
  6.842135e-01   1.029662e-09   3.399348e-04   5.113319e-11   360
  6.863554e-01   2.786461e-09   3.317731e-04   5.922856e-10   312
  6.882885e-01   8.625535e-10   0.000000e+00   1.024929e-10   48
  6.894028e-01   4.381767e-09   3.557085e-04   8.071116e-10   432
  6.913984e-01   3.977468e-05   5.933254e-04   1.781225e-05   414
  6.925769e-01   1.189415e-09   3.130008e-08   7.472135e-11   312
  6.947756e-01   7.558484e-09   5.206101e-04   1.539878e-09   528
  6.962593e-01   1.048340e-09   2.732762e-04   6.425812e-11   264
  6.980417e-01   3.252860e-09   3.240306e-04   5.228553e-10   480
  7.003709e-01   1.043988e-09   0.000000e+00   5.807541e-11   288
  7.013766e-01   1.305141e-09   3.481608e-04   9.297691e-11   168
  7.032168e-01   1.355518e-08   5.511376e-04   2.187402e-09   504
  7.052858e-01   1.358649e-09   1.198844e-08   1.194041e-10   144
  7.065874e-01   3.669982e-09   3.539624e-04   6.334913e-10   464
  7.085433e-01   2.138585e-09   5.194598e-04   3.914606e-10   432
  7.094715e-01   1.380181e-09   0.000000e+00   1.012169e-10   192
  7.118702e-01   6.410044e-09   3.850933e-04   1.812595e-09   396
  7.132867e-01   1.188370e-09   3.459199e-04   7.163799e-11   288
  7.147184e-01   1.280803e-09   3.417097e-04   6.850951e-11   336
  7.170054e-01   1.945421e-08   2.163775e-04   2.879001e-09   432
  7.184567e-01   1.448665e-09   5.608202e-04   7.170833e-11   360
  7.200863e-01   1.336692e-09   3.317334e-04   6.109243e-11   384
  7.224007e-01   9.487671e-06   2.928185e-04   6.673703e-06   198
  7.235158e-01   1.310588e-09   3.328394e-04   6.004505e-11   552
  7.255952e-01   3.760707e-09   4.659523e-04   6.253113e-10   432
  7.273313e-01   1.387917e-09   0.000000e+00   1.126752e-10   168
  7.287883e-01   1.362804e-09   5.776104e-04   5.685061e-11   480
  7.307158e-01   6.164452e-09   0.000000e+00   1.735710e-09   120
  7.315834e-01   1.312860e-08   4.717672e-04   2.932218e-09   336
  7.337004e-01   3.110552e-09   3.328244e-04   4.455025e-10   672
  7.357937e-01   8.989645e-09   4.841385e-04   1.576121e-09   528
  7.367688e-01   1.470462e-09   1.453218e-08   1.217036e-10   168
  7.390213e-01   1.400872e-09   5.400533e-04   6.821940e-11   456
  7.403958e-01   1.620674e-09   3.298151e-04   1.224196e-10   168
  7.418226e-01   2.612394e-09   3.292229e-04   4.461924e-10   504
  7.441946e-01   1.405668e-09   4.236594e-04   7.016241e-11   336
  7.456288e-01   1.389904e-09   3.054083e-04   8.251585e-11   312
  7.472199e-01   3.577560e-09   2.984046e-04   5.319881e-10   504
  7.493135e-01   3.262957e-09   2.070414e-04   6.361937e-10   432
  7.502979e-01   1.279401e-09   3.199475e-04   7.420249e-11   312
  7.523441e-01   1.390447e-09   3.279618e-04   7.521246e-11   384
  7.544807e-01   1.279753e-04   2.786416e-04   5.650995e-05   126
  7.557997e-01   1.731648e-08   4.892282e-04   2.771554e-09   492
  7.574845e-01   1.577659e-09   3.133512e-04   6.633503e-11   528
  7.595900e-01   1.161942e-08   3.182975e-04   1.917053e-09   480
  7.608954e-01   1.592264e-09   4.397263e-04   7.530323e-11   432
  7.627844e-01   1.576170e-09   3.457865e-04   7.647825e-11   440
  7.649782e-01   1.333362e-08   1.719582e-04   2.589256e-09   312
  7.658014e-01   1.611568e-09   2.576938e-04   7.549089e-11   480
  7.674900e-01   1.220292e-08   5.045595e-04   2.658186e-09   408
  7.699572e-01   2.819706e-09   3.021740e-04   5.142825e-10   360
  7.709996e-01   1.625278e-09   2.915870e-04   8.882042e-11   408
  7.729312e-01   3.092666e-09   2.967266e-04   5.638854e-10   456
  7.751062e-01   1.514993e-09   2.835976e-04   7.810192e-11   264
  7.763135e-01   1.564746e-09   3.077746e-04   7.280598e-11   384
  7.780708e-01   7.273928e-09   5.181601e-04   1.163467e-09   672
  7.801024e-01   5.313319e-09   3.099267e-04   1.237718e-09   240
  7.812746e-01   1.608931e-09   3.144981e-04   9.497461e-11   264
  7.829292e-01   1.453560e-09   3.878815e-04   5.796553e-11   624
  7.853982e-01   1.130907e-05   0.000000e+00   7.935608e-06   150
  7.862772e-01   8.939622e-09   4.346518e-04   1.788345e-09   600
  7.881310e-01   3.213659e-09   2.999855e-04   3.981845e-10   672
  7.902303e-01   1.850563e-09   2.821575e-04   1.102904e-10   336
  7.913996e-01   1.879371e-09   3.069052e-04   9.159691e-11   408
  7.932681e-01   3.643974e-09   3.061822e-04   6.680886e-10   408
  7.953464e-01   1.199726e-08   1.548222e-04   2.224870e-09   360
  7.966274e-01   1.825175e-09   5.684571e-04   7.913357e-11   456
  7.981747e-01   1.760867e-09   3.091305e-04   8.948669e-11   384
  8.001443e-01   1.005403e-08   2.853666e-04   2.781350e-09   348
  8.012087e-01   1.867868e-09   3.518006e-04   8.064014e-11   576
  8.032080e-01   3.039542e-09   2.896616e-04   4.204601e-10   504
  8.052533e-01   1.400910e-08   4.085508e-04   2.689668e-09   432
  8.070386e-01   2.739909e-09   5.558314e-04   3.001041e-10   576
  8.083117e-01   1.798575e-09   0.000000e+00   1.245668e-10   264
  8.103314e-01   1.809222e-09   4.423029e-04   6.675900e-11   768
  8.120878e-01   2.207692e-09   5.954803e-04   1.431474e-10   240
  8.134843e-01   1.746479e-09   5.251573e-04   1.371014e-10   192
  8.155184e-01   3.425262e-09   3.865799e-04   5.579889e-10   504
  8.170269e-01   2.234055e-05   5.209309e-04   1.002221e-05   590
  8.184736e-01   1.966826e-08   5.836745e-04   3.028059e-09   384
  8.202876e-01   2.165688e-09   4.877800e-04   1.040957e-10   504
  8.224778e-01   3.992782e-09   4.694128e-04   5.377791e-10   648
  8.246022e-01   4.992528e-09   1.274863e-04   7.464588e-10   504
  8.254588e-01   1.980303e-09   2.908203e-04   1.017712e-10   312
  8.269711e-01   5.410332e-09   4.190005e-04   9.299968e-10   576
  8.290471e-01   7.812593e-09   2.915849e-04   1.367947e-09   240
  8.302574e-01   1.862352e-09   2.946324e-04   7.686571e-11   552
  8.319706e-01   2.817704e-09   2.766531e-04   2.588436e-10   600
  8.344107e-01   2.030190e-09   3.379098e-04   7.502692e-11   600
  8.358778e-01   4.656267e-09   5.411359e-04   8.476698e-10   312
  8.373389e-01   6.149149e-09   4.712758e-04   1.092226e-09   480
  8.391640e-01   2.145294e-09   2.940309e-04   8.253839e-11   576
  8.407709e-01   1.970930e-09   4.734535e-04   9.248660e-11   408
  8.421967e-01   2.010607e-08   5.523054e-04   4.361003e-09   216
  8.440389e-01   1.825538e-09   4.230038e-04   7.385869e-11   516
  8.460125e-01   1.211165e-08   4.035886e-04   1.954003e-09   744
  8.480486e-01   2.646424e-06   2.695616e-04   1.865506e-06   462
  8.491990e-01   2.351497e-09   2.739703e-04   1.287318e-10   432
  8.509836e-01   2.772011e-09   2.541675e-04   1.979743e-10   648
  8.530818e-01   2.404459e-09   3.718944e-04   1.132185e-10   528
  8.547671e-01   1.435777e-08   4.478537e-04   2.127548e-09   600
  8.564512e-01   2.065383e-09   5.646264e-04   1.448050e-10   240
  8.580823e-01   3.587400e-09   4.324984e-04   3.472510e-10   720
  8.599780e-01   2.357646e-09   3.421845e-04   8.962653e-11   720
  8.620796e-01   2.752818e-09   0.000000e+00   2.144995e-10   144
  8.631855e-01   2.210838e-09   4.411782e-04   7.771072e-11   720
  8.647586e-01   3.503613e-09   2.645391e-04   3.453792e-10   384
  8.667282e-01   3.646117e-09   2.932557e-04   5.463689e-10   672
  8.685969e-01   6.096379e-09   5.134584e-04   9.923657e-10   336
  8.694893e-01   2.653273e-09   0.000000e+00   1.583703e-10   288
  8.716748e-01   3.221994e-09   4.063680e-04   2.788372e-10   776
  8.736979e-01   9.873240e-09   3.477095e-04   1.560616e-09   720
  8.753970e-01   8.676481e-09   2.801055e-04   1.450988e-09   432
  8.767560e-01   2.329985e-09   3.993257e-04   1.168954e-10   504
  8.782678e-01   2.569614e-09   2.797843e-04   1.174399e-10   528
  8.803833e-01   1.834718e-05   3.811898e-04   8.216126e-06   438
  8.821237e-01   4.650233e-09   4.436701e-04   5.839478e-10   624
  8.834351e-01   2.827559e-09   5.434359e-04   1.560403e-10   312
  8.852381e-01   3.470893e-09   2.927896e-04   2.533760e-10   696
  8.871024e-01   3.169927e-09   2.649216e-04   2.902259e-10   552
  8.890414e-01   1.197056e-08   2.049609e-04   2.052901e-09   516
  8.902410e-01   2.521302e-09   4.093940e-04   1.134013e-10   528
  8.917013e-01   2.583270e-09   2.662401e-04   1.175292e-10   528
  8.937755e-01   8.872652e-09   3.511167e-04   1.611364e-09   864
  8.951836e-01   2.387652e-09   4.809576e-04   1.144729e-10   408
  8.965930e-01   2.392296e-09   4.765097e-04   1.634302e-10   192
  8.985906e-01   2.624732e-09   3.943347e-04   1.016564e-10   720
  9.002770e-01   8.925482e-09   3.635960e-04   1.132513e-09   696
  9.022808e-01   2.658943e-09   3.926871e-04   9.449214e-11   720
  9.041141e-01   3.493509e-09   5.322402e-04   3.697610e-10   432
  9.051831e-01   1.989439e-08   3.132974e-04   4.310895e-09   264
  9.071068e-01   3.094638e-09   4.326498e-04   1.435097e-10   672
  9.088274e-01   2.822274e-09   4.429670e-04   1.192161e-10   600
  9.108692e-01   2.186823e-06   2.593567e-04   1.535920e-06   270
  9.118985e-01   3.030534e-09   3.904042e-04   1.519652e-10   528
  9.135346e-01   4.928639e-09   2.673349e-04   4.374162e-10   840
  9.157780e-01   4.398001e-09   5.111923e-04   3.808522e-10   888
  9.178509e-01   4.074729e-09   3.808759e-04   3.735925e-10   744
  9.196028e-01   3.147797e-09   1.957146e-04   1.746399e-10   456
  9.204741e-01   2.357115e-09   2.674561e-04   1.222012e-10   360
  9.219651e-01   3.126103e-09   2.317357e-04   1.736965e-10   384
  9.242528e-01   4.099122e-09   3.717018e-04   3.020335e-10   816
  9.259693e-01   2.875380e-09   5.392874e-04   1.015553e-10   824
  9.280557e-01   1.216323e-08   2.506865e-04   1.918583e-09   360
  9.291730e-01   3.198891e-09   3.699191e-04   1.422595e-10   624
  9.307106e-01   3.069077e-09   2.499713e-04   1.840894e-10   360
  9.327590e-01   3.837698e-09   3.400343e-04   2.823967e-10   876
  9.346089e-01   1.240810e-08   4.038591e-04   1.937856e-09   696
  9.364747e-01   3.243012e-09   2.607857e-04   1.855097e-10   336
  9.374528e-01   2.897652e-09   2.604927e-04   1.191238e-10   504
  9.390682e-01   3.388586e-09   2.627499e-04   1.362763e-10   672
  9.414648e-01   3.245103e-09   5.230740e-04   1.299922e-10   720
  9.431269e-01   3.419907e-06   3.951266e-04   1.531379e-06   774
  9.449616e-01   5.622342e-09   2.261602e-04   4.754597e-10   384
  9.459224e-01   2.894166e-09   4.352293e-04   1.309567e-10   528
  9.474136e-01   3.488022e-09   4.147978e-04   1.552766e-10   744
  9.498123e-01   3.191992e-09   3.421202e-04   1.194737e-10   768
  9.514049e-01   3.803721e-09   3.840557e-04   2.085068e-10   552
  9.533920e-01   3.103323e-09   4.185773e-04   1.382673e-10   696
  9.548702e-01   6.876227e-09   5.086441e-04   9.397058e-10   408
  9.560436e-01   6.486783e-09   2.197383e-04   8.497689e-10   504
  9.579038e-01   4.175336e-09   3.947516e-04   3.063937e-10   888
  9.597342e-01   8.421719e-09   4.102611e-04   1.265356e-09   648
  9.616367e-01   5.570316e-09   4.067445e-04   4.638339e-10   648
  9.634268e-01   3.828251e-09   4.385703e-04   1.625665e-10   792
  9.653228e-01   3.304723e-09   6.416583e-04   1.325586e-10   600
  9.667199e-01   3.464936e-09   4.348569e-04   1.714141e-10   456
  9.681906e-01   4.227775e-09   2.119307e-04   3.127247e-10   648
  9.700794e-01   3.554633e-09   4.132958e-04   1.649342e-10   936
  9.721186e-01   2.777400e-09   2.538169e-04   1.531417e-10   384
  9.738937e-01   4.220521e-07   0.000000e+00   2.960688e-07   198
  9.752636e-01   1.833096e-09   6.439552e-04   1.765482e-10   1224
  9.767415e-01   6.453392e-09   4.689976e-04   1.785498e-09   420
  9.784892e-01   1.079546e-09   4.538916e-04   4.559998e-11   792
  9.801982e-01   1.102741e-09   3.753296e-04   4.653447e-11   680
  9.821484e-01   8.262133e-09   3.446453e-04   1.758528e-09   600
  9.837176e-01   2.878482e-09   4.998301e-04   4.522501e-10   840
  9.858129e-01   2.414537e-09   2.359966e-04   3.696388e-10   432
  9.866135e-01   1.111865e-09   2.211599e-04   4.624048e-11   720
  9.883541e-01   9.657773e-10   4.429446e-04   3.347765e-11   960
  9.905192e-01   1.001207e-09   3.948527e-04   5.128701e-11   528
  9.921014e-01   1.160812e-09   4.036147e-04   6.191167e-11   624
  9.939846e-01   5.617306e-09   3.172384e-04   9.745331e-10   816
  9.958538e-01   8.712599e-10   5.217054e-04   3.678548e-11   696
  9.979194e-01   2.255810e-09   3.523866e-08   4.222397e-10   240
  9.986961e-01   1.008302e-09   3.076621e-04   4.609454e-11   672
  1.000430e+00   1.916676e-09   5.498361e-04   3.069681e-10   864
  1.002374e+00   2.046720e-09   4.219100e-04   3.269329e-10   816
  1.004127e+00   1.268376e-09   2.414867e-04   7.945889e-11   648
  1.006015e+00   1.992368e-09   2.468434e-04   2.743866e-10   843
  1.007618e+00   1.031510e-09   4.441320e-04   4.116399e-11   780
  1.009528e+00   1.040012e-09   2.383130e-04   6.547330e-11   216
  1.010706e+00   1.785621e-09   5.746657e-04   2.133992e-10   1056
  1.012518e+00   9.109210e-09   4.701411e-04   1.986299e-09   228
  1.014195e+00   1.666152e-09   5.853373e-04   1.641243e-10   924
  1.015917e+00   9.276818e-10   2.171273e-04   4.286599e-11   696
  1.017741e+00   1.031031e-09   3.864245e-04   3.462856e-11   996
  1.019607e+00   1.853205e-09   2.281373e-04   2.723052e-10   576
  1.021548e+00   1.060120e-09   3.521149e-04   4.939816e-11   552
  1.022963e+00   8.431661e-09   4.204128e-04   1.791736e-09   516
  1.024399e+00   9.927968e-10   6.113675e-04   4.169434e-11   744
  1.026040e+00   9.726858e-10   2.999122e-04   4.271248e-11   576
  1.027467e+00   1.349859e-09   3.086856e-04   6.858644e-11   792
  1.029495e+00   1.437983e-09   3.528849e-04   1.549028e-10   792
  1.030982e+00   5.486706e-09   3.805826e-04   1.104881e-09   720
  1.032992e+00   1.136206e-09   4.337767e-04   5.044110e-11   656
  1.034876e+00   1.023836e-09   4.736616e-04   4.158524e-11   816
  1.036807e+00   1.166242e-09   2.553903e-04   5.807978e-11   492
  1.037904e+00   1.148471e-09   3.673970e-04   5.345101e-11   552
  1.039964e+00   2.010861e-09   6.388587e-04   2.277371e-10   780
  1.041302e+00   1.104871e-09   3.924433e-04   5.553233e-11   528
  1.042744e+00   9.630918e-10   4.581007e-04   4.587814e-11   600
  1.044868e+00   3.863023e-09   3.807180e-04   5.556385e-10   900
  1.046332e+00   1.998214e-09   2.107720e-04   3.272762e-10   696
  1.048347e+00   1.067857e-09   5.329451e-04   4.652596e-11   696
  1.050296e+00   1.969749e-09   2.162108e-04   3.498056e-10   552
  1.051935e+00   1.075007e-09   2.514331e-04   4.714318e-11   708
  1.053652e+00   1.199073e-09   4.151305e-04   6.741099e-11   876
  1.055438e+00   2.797119e-09   2.204260e-04   6.394849e-10   216
  1.056637e+00   1.082038e-09   6.028951e-04   4.263894e-11   1032
  1.058432e+00   1.078645e-09   6.712571e-04   4.547786e-11   600
  1.060296e+00   1.014368e-09   3.202990e-04   4.541204e-11   600
  1.061717e+00   1.147181e-09   5.656180e-04   5.710549e-11   528
  1.063397e+00   1.584602e-09   3.104995e-04   1.631032e-10   732
  1.065167e+00   9.422823e-10   2.292757e-04   5.445520e-11   336
  1.067205e+00   2.683623e-09   3.267633e-04   5.448680e-10   912
  1.068728e+00   1.969426e-09   3.279713e-04   2.864979e-10   624
  1.070391e+00   4.578404e-09   2.763746e-04   8.944869e-10   768
  1.072333e+00   1.276073e-09   4.986341e-04   9.917008e-11   792
  1.074239e+00   1.083287e-09   2.472022e-04   5.827316e-11   660
  1.075595e+00   1.039915e-09   3.642922e-04   5.891029e-11   504
  1.076998e+00   1.059926e-09   5.951837e-04   4.946229e-11   480
  1.079100e+00   9.188304e-10   5.504674e-04   2.952083e-11   912
  1.080746e+00   5.452711e-09   6.130308e-04   1.124928e-09   432
  1.082301e+00   1.115555e-09   3.640033e-04   4.980008e-11   564
  1.083681e+00   1.156770e-09   3.484013e-04   7.347534e-11   600
  1.085624e+00   1.149790e-09   4.856383e-04   4.718406e-11   876
  1.087083e+00   1.171044e-09   2.183577e-04   7.282418e-11   264
  1.089095e+00   2.190418e-09   4.236997e-04   3.262563e-10   560
  1.090713e+00   1.670509e-09   2.879131e-04   1.730051e-10   840
  1.092676e+00   1.075057e-09   4.438790e-04   3.945173e-11   1008
  1.094491e+00   2.166681e-09   1.985617e-04   3.014998e-10   456
  1.096149e+00   1.196038e-09   2.572085e-04   5.319445e-11   576
  1.097681e+00   1.207489e-09   3.952284e-04   5.143465e-11   612
  1.099702e+00   2.215015e-09   3.530031e-04   2.480312e-10   780
  1.101351e+00   1.044931e-09   4.045254e-04   4.758655e-11   648
  1.103039e+00   1.125292e-09   1.885140e-04   7.257691e-11   312
  1.104117e+00   1.093545e-09   4.789832e-04   5.662485e-11   528
  1.105986e+00   1.259359e-09   6.255282e-04   8.650961e-11   720
  1.107773e+00   1.052473e-09   6.274871e-04   4.618310e-11   576
  1.109940e+00   1.245580e-09   5.412886e-04   6.568540e-11   444
  1.111288e+00   3.277249e-09   5.308295e-04   5.362757e-10   996
  1.112940e+00   1.293052e-09   4.434024e-04   6.631213e-11   432
  1.114501e+00   1.112658e-09   4.854384e-04   6.280565e-11   504
  1.115850e+00   1.225121e-09   2.188612e-04   7.568479e-11   504
  1.117770e+00   2.971024e-09   4.307215e-04   5.158211e-10   876
  1.119508e+00   1.075380e-09   4.957194e-04   5.478806e-11   504
  1.121318e+00   1.105468e-09   3.161439e-04   4.847096e-11   696
  1.122813e+00   1.235118e-09   2.702699e-04   5.494978e-11   492
  1.124848e+00   1.139499e-09   3.869044e-04   6.482085e-11   432
  1.126355e+00   1.258493e-09   3.622936e-04   5.098059e-11   768
  1.128142e+00   1.129383e-09   4.512853e-04   5.112760e-11   648
  1.129847e+00   1.098067e-09   2.944152e-04   6.108002e-11   456
  1.131808e+00   9.744092e-10   4.048687e-04   5.030722e-11   552
  1.133169e+00   2.504994e-09   2.774973e-04   3.133808e-10   648
  1.135043e+00   1.512535e-09   4.523051e-04   1.433677e-10   840
  1.136873e+00   1.149754e-09   2.156948e-04   7.075049e-11   432
  1.138705e+00   1.625224e-09   2.641893e-04   1.514972e-10   600
  1.139979e+00   1.149309e-09   2.814763e-04   6.149818e-11   432
  1.142120e+00   1.174267e-09   2.802371e-04   5.706609e-11   560
  1.143569e+00   1.281521e-09   4.435859e-04   7.483258e-11   840
  1.145384e+00   1.312802e-09   2.627424e-04   5.971278e-11   504
  1.146826e+00   1.208916e-09   5.362415e-04   5.287082e-11   696
  1.148858e+00   1.367890e-09   2.928760e-04   9.508444e-11   384
  1.150441e+00   1.375993e-09   4.290289e-04   7.136782e-11   576
  1.152355e+00   1.235000e-09   2.647752e-04   7.729873e-11   360
  1.153898e+00   1.221371e-09   3.943145e-04   4.556475e-11   828
  1.155563e+00   3.331703e-09   3.512103e-04   6.712297e-10   372
  1.157088e+00   1.197515e-09   5.363655e-04   5.577732e-11   576
  1.159108e+00   3.316910e-09   2.246293e-04   5.343231e-10   636
  1.160548e+00   1.136545e-09   4.330272e-04   5.472317e-11   648
  1.162495e+00   1.348771e-09   3.520038e-04   9.424818e-11   576
  1.163893e+00   1.216761e-09   5.678192e-04   7.386194e-11   528
  1.165752e+00   1.092511e-09   2.427662e-04   6.237639e-11   360
  1.167291e+00   1.184987e-09   5.584532e-04   5.899070e-11   672
  1.169301e+00   1.976136e-09   2.860489e-04   2.206690e-10   804
  1.170973e+00   1.192162e-09   3.155462e-04   7.196433e-11   408
  1.172823e+00   1.049919e-09   1.950418e-04   5.371831e-11   384
  1.174069e+00   1.200323e-09   4.463307e-04   6.969977e-11   480
  1.175826e+00   1.340773e-09   2.883950e-04   6.878323e-11   432
  1.177511e+00   1.743940e-09   5.314505e-04   1.605083e-10   648
  1.179506e+00   1.534754e-09   3.297625e-04   1.244877e-10   624
  1.180965e+00   1.340238e-09   2.999468e-04   6.942294e-11   456
  1.182958e+00   1.343360e-09   4.097541e-04   9.180844e-11   588
  1.184293e+00   1.161016e-09   2.614214e-04   5.296939e-11   600
  1.186242e+00   1.151788e-09   4.077532e-04   5.291423e-11   708
  1.187782e+00   1.769391e-09   2.568767e-04   1.378341e-10   360
  1.189484e+00   1.293424e-09   2.952866e-04   6.642630e-11   552
  1.191115e+00   1.239143e-09   2.071505e-04   9.390665e-11   288
  1.192771e+00   1.337323e-09   3.894996e-04   6.210225e-11   528
  1.194327e+00   1.383176e-09   2.627744e-04   7.939215e-11   456
  1.196066e+00   1.290520e-09   4.659561e-04   5.546700e-11   608
  1.197814e+00   1.345127e-09   2.254347e-04   6.513420e-11   504
  1.199725e+00   2.638753e-09   4.839956e-04   3.688767e-10   540
  1.201223e+00   1.409064e-09   5.195556e-04   1.160987e-10   360
  1.202838e+00   1.226032e-09   2.352814e-04   5.500966e-11   540
  1.204266e+00   1.121865e-09   2.020170e-04   5.038008e-11   576
  1.206343e+00   1.880604e-09   4.684089e-04   2.082073e-10   588
  1.208318e+00   1.239021e-09   6.462628e-04   5.424830e-11   672
  1.210014e+00   1.226565e-09   4.939442e-04   5.592034e-11   552
  1.211382e+00   1.024447e-09   4.941939e-04   8.023307e-11   144
  1.213127e+00   1.282636e-09   4.198685e-04   6.102067e-11   600
  1.214781e+00   1.137959e-09   5.261868e-04   5.729037e-11   504
  1.216618e+00   1.246733e-09   5.405001e-04   7.809035e-11   336
  1.218549e+00   1.377896e-09   6.075245e-04   6.617006e-11   600
  1.220279e+00   1.211043e-09   3.920764e-04   5.101164e-11   636
  1.222146e+00   1.537991e-09   3.152330e-04   1.410718e-10   384
  1.223455e+00   1.475626e-09   4.397128e-04   7.802870e-11   504
  1.225342e+00   1.208525e-09   1.845413e-04   8.910429e-11   240
  1.226831e+00   1.386707e-09   4.335137e-04   6.021485e-11   744
  1.228618e+00   1.257906e-09   2.960240e-04   5.785413e-11   648
  1.230205e+00   1.498296e-09   1.965095e-04   2.207125e-10   120
  1.232066e+00   1.287507e-09   3.086910e-04   6.207471e-11   564
  1.233472e+00   1.312254e-09   4.848178e-04   6.742092e-11   432
  1.235349e+00   1.165182e-09   3.763145e-04   6.014619e-11   480
  1.236762e+00   1.172587e-09   2.769770e-04   5.829063e-11   456
  1.238430e+00   1.302279e-09   4.583559e-04   6.909639e-11   444
  1.240323e+00   1.308039e-09   7.013087e-04   5.407770e-11   528
  1.241986e+00   1.248110e-09   5.208476e-04   7.848736e-11   264
  1.243600e+00   1.592752e-09   5.337912e-04   1.506662e-10   444
  1.245770e+00   1.348572e-09   5.846898e-04   6.743111e-11   696
  1.247572e+00   1.869745e-09   3.127117e-04   1.451043e-10   384
  1.248890e+00   1.238632e-09   3.951374e-04   6.319834e-11   432
  1.250940e+00   1.274995e-09   2.730215e-04   6.379574e-11   488
  1.252270e+00   1.285866e-09   4.114773e-04   7.053769e-11   480
  1.254200e+00   1.284008e-09   4.588823e-04   6.445323e-11   480
  1.255694e+00   1.066990e-09   1.925330e-04   7.730946e-11   240
  1.257391e+00   1.403687e-09   4.497418e-04   7.928094e-11   600
  1.258991e+00   1.387122e-09   3.919039e-04   8.604009e-11   288
  1.260695e+00   1.303104e-09   3.769828e-04   6.529854e-11   480
  1.262421e+00   1.294487e-09   6.705851e-04   5.571262e-11   504
  1.264120e+00   1.174515e-09   2.877228e-04   9.336989e-11   216
  1.266287e+00   1.518480e-09   4.710480e-04   8.639946e-11   504
  1.267974e+00   1.647472e-09   3.788659e-04   8.749234e-11   456
  1.269821e+00   1.520961e-09   2.172861e-04   1.045387e-10   384
  1.271045e+00   1.468420e-09   4.410122e-04   8.538090e-11   480
  1.272784e+00   1.342729e-09   3.872581e-04   7.585390e-11   504
  1.274394e+00   1.347548e-09   2.456523e-04   9.211923e-11   312
  1.276130e+00   1.463262e-09   3.958603e-04   7.370347e-11   492
  1.277667e+00   1.369106e-09   3.710270e-04   9.495682e-11   312
  1.279645e+00   1.302282e-09   6.027038e-04   5.773636e-11   576
  1.281386e+00   1.458762e-09   5.563444e-04   9.408620e-11   336
  1.282832e+00   1.375413e-09   4.283594e-04   9.947171e-11   240
  1.284837e+00   1.524065e-09   5.678961e-04   8.347857e-11   468
  1.286567e+00   1.515247e-09   3.555851e-04   1.313336e-10   192
  1.288379e+00   1.379224e-09   3.566449e-04   9.830170e-11   324
  1.289707e+00   1.523194e-09   2.588470e-04   1.064709e-10   600
  1.291517e+00   1.631263e-09   4.199527e-04   8.855304e-11   456
  1.292860e+00   1.476930e-09   1.888947e-04   7.971408e-11   336
  1.295088e+00   1.501285e-09   5.656042e-04   7.352557e-11   612
  1.296708e+00   1.487280e-09   4.746798e-04   1.305506e-10   144
  1.298240e+00   1.478924e-09   5.540731e-04   9.133768e-11   552
  1.300324e+00   1.220045e-09   2.182008e-04   7.684434e-11   264
  1.301501e+00   1.540523e-09   5.051906e-04   1.058945e-10   336
  1.303359e+00   1.164179e-09   3.338126e-04   6.419534e-11   384
  1.304969e+00   1.547005e-09   1.879035e-04   1.096239e-10   216
  1.306752e+00   1.504705e-09   3.983942e-04   9.262138e-11   344
  1.308378e+00   1.442079e-09   5.944229e-04   8.361579e-11   408
  1.310359e+00   1.325211e-09   4.567753e-04   9.230591e-11   264
  1.312115e+00   1.533456e-09   6.367673e-04   7.687829e-11   612
  1.313869e+00   1.654272e-09   3.277292e-04   9.350404e-11   408
  1.315673e+00   1.385333e-09   3.282002e-04   1.048087e-10   444
  1.316998e+00   1.339070e-09   1.835599e-04   1.315376e-10   120
  1.318774e+00   1.335712e-09   5.071424e-04   7.743394e-11   336
  1.320092e+00   1.622232e-09   1.762300e-04   1.151316e-10   288
  1.321873e+00   1.215017e-09   5.484307e-04   6.124329e-11   552
  1.324322e+00   1.748382e-09   2.936555e-08   2.161363e-10   72
  1.325581e+00   1.411386e-09   5.447315e-04   7.039178e-11   504
  1.327052e+00   1.501932e-09   1.752893e-04   1.104543e-10   216
  1.328957e+00   1.454409e-09   3.129669e-04   8.745278e-11   312
  1.330668e+00   1.538867e-09   3.563621e-04   8.224865e-11   336
  1.332298e+00   1.433430e-09   4.939578e-04   1.371099e-10   204
  1.333922e+00   1.491481e-09   5.740541e-04   8.478414e-11   504
  1.335644e+00   1.674415e-09   5.466644e-04   1.177366e-10   396
  1.337300e+00   1.329655e-09   5.013198e-04   7.987549e-11   312
  1.339308e+00   1.789098e-09   3.063600e-04   1.220124e-10   216
  1.340723e+00   1.534318e-09   1.662675e-04   1.088020e-10   168
  1.342442e+00   1.587545e-09   4.198346e-04   6.400426e-11   588
  1.344403e+00   1.380362e-09   5.698763e-04   9.321067e-11   240
  1.345927e+00   1.247215e-09   5.032962e-04   7.760005e-11   264
  1.347715e+00   1.598706e-09   6.224294e-04   1.073208e-10   288
  1.349301e+00   1.348370e-09   3.108153e-04   8.476405e-11   288
  1.351311e+00   1.539618e-09   2.919050e-04   1.052271e-10   288
  1.352664e+00   1.671710e-09   3.381477e-04   1.173444e-10   192
  1.354367e+00   1.351374e-09   3.598230e-04   8.915427e-11   264
  1.355989e+00   1.654125e-09   5.918590e-04   1.043799e-10   372
  1.357735e+00   1.778705e-09   6.392333e-04   1.157837e-10   360
  1.359866e+00   1.746273e-09   2.705296e-04   1.649907e-10   144
  1.360967e+00   1.484317e-09   3.757537e-04   1.002104e-10   296
  1.362705e+00   1.430935e-09   4.048552e-04   9.640146e-11   288
  1.364696e+00   1.346625e-09   6.050459e-04   6.404739e-11   480
  1.366412e+00   1.382666e-09   5.027354e-04   1.039713e-10   192
  1.368081e+00   1.538736e-09   5.392523e-04   1.282910e-10   192
  1.369599e+00   1.391717e-09   3.436718e-04   9.987028e-11   288
  1.371709e+00   1.532061e-09   2.991616e-04   1.262545e-10   108
  1.372772e+00   1.534981e-09   2.876072e-04   1.166618e-10   240
  1.374649e+00   1.331795e-09   5.365380e-04   7.934002e-11   384
  1.376577e+00   1.563460e-09   6.545156e-04   1.673338e-10   108
  1.378282e+00   1.739604e-09   3.837546e-04   1.080473e-10   348
  1.380075e+00   1.294519e-09   4.005014e-04   9.000296e-11   312
  1.381676e+00   1.582227e-09   3.891711e-04   1.974996e-10   96
  1.383148e+00   1.708282e-09   5.181111e-04   1.011469e-10   384
  1.384797e+00   1.536221e-09   3.563555e-04   1.474034e-10   144
  1.386411e+00   1.630300e-09   5.475560e-04   9.551238e-11   408
  1.388416e+00   1.151338e-09   2.442487e-04   8.023626e-11   144
  1.390310e+00   1.309052e-09   4.695706e-04   9.438706e-11   192
  1.391433e+00   1.507809e-09   5.285104e-04   1.385029e-10   144
  1.393265e+00   1.230357e-09   4.296985e-04   1.044905e-10   144
  1.394992e+00   1.341252e-09   5.251611e-04   9.043277e-11   336
  1.397108e+00   1.421186e-09   3.885526e-04   8.295878e-11   240
  1.398450e+00   1.547969e-09   1.764383e-04   1.710472e-10   96
  1.400321e+00   1.693518e-09   5.174086e-04   1.133550e-10   372
  1.402214e+00   1.448394e-09   6.154464e-04   1.510130e-10   132
  1.403877e+00   1.421418e-09   3.808309e-04   1.096535e-10   264
  1.405364e+00   1.591003e-09   2.924607e-04   1.736118e-10   168
  1.406952e+00   1.699770e-09   4.675886e-04   1.119714e-10   216
  1.408354e+00   1.585872e-09   2.860765e-04   1.079048e-10   216
  1.410397e+00   1.551814e-09   5.248313e-04   1.596424e-10   96
  1.412250e+00   1.898272e-09   3.424046e-04   2.307087e-10   120
  1.413949e+00   1.413035e-09   4.352925e-04   9.755326e-11   216
  1.415349e+00   1.616280e-09   1.902243e-04   1.101812e-10   200
  1.417203e+00   1.723130e-09   4.924091e-04   1.035165e-10   288
  1.419580e+00   1.306927e-09   1.295624e-04   1.086766e-10   144
  1.420582e+00   1.683543e-09   4.031902e-04   1.233780e-10   168
  1.422626e+00   1.414187e-09   4.537530e-04   1.229181e-10   159
  1.424222e+00   1.522246e-09   4.760960e-04   1.336621e-10   174
  1.425766e+00   1.202099e-09   4.317072e-04   1.133131e-10   144
  1.427789e+00   1.635892e-09   2.492797e-04   9.996077e-11   222
  1.429141e+00   1.646582e-09   2.515453e-04   1.406423e-10   168
  1.431477e+00   2.246257e-09   5.517354e-04   2.970768e-10   30
  1.432442e+00   1.444320e-09   4.871418e-04   1.787435e-10   72
  1.434260e+00   1.492090e-09   4.347683e-04   1.022322e-10   258
  1.436258e+00   1.851710e-09   2.723066e-04   1.058387e-10   264
  1.437257e+00   1.270743e-09   0.000000e+00   1.301588e-10   72
  1.439339e+00   1.633303e-09   5.397231e-04   1.050767e-10   174
  1.441225e+00   1.768531e-09   5.747054e-04   1.312712e-10   168
  1.442740e+00   1.543435e-09   1.798266e-08   1.444551e-10   48
  1.444367e+00   1.407592e-09   3.245497e-04   1.088669e-10   150
  1.446254e+00   1.406276e-09   5.970324e-04   1.247521e-10   168
  1.448146e+00   1.654049e-09   3.636845e-04   1.386676e-10   144
  1.449885e+00   1.940591e-09   3.397640e-04   1.773533e-10   102
  1.451181e+00   1.457761e-09   5.029091e-04   1.699489e-10   96
  1.453237e+00   1.562279e-09   4.991035e-04   1.369912e-10   120
  1.454759e+00   1.488545e-09   5.353016e-04   1.196031e-10   168
  1.456406e+00   1.620422e-09   3.952779e-04   1.511488e-10   126
  1.457809e+00   1.524485e-09   2.981185e-04   1.088967e-10   168
  1.459742e+00   1.186024e-09   4.780335e-04   1.452534e-10   72
  1.461432e+00   1.508052e-09   5.986044e-04   1.242186e-10   168
  1.462911e+00   1.979601e-09   1.641069e-04   2.361750e-10   78
  1.464939e+00   1.731909e-09   2.694513e-04   1.895720e-10   60
  1.466572e+00   1.097319e-09   4.370936e-04   1.100399e-10   96
  1.468265e+00   1.565461e-09   5.303767e-04   1.103506e-10   168
  1.469857e+00   1.732288e-09   3.356018e-04   2.275926e-10   86
  1.471527e+00   1.417670e-09   2.999484e-04   1.355518e-10   120
  1.473920e+00   1.638315e-09   2.139030e-04   1.405116e-10   168
  1.475211e+00   1.475115e-09   0.000000e+00   1.968593e-10   48
  1.476949e+00   1.550368e-09   3.897081e-04   1.312524e-10   120
  1.477948e+00   1.710880e-09   2.843078e-04   1.560252e-10   126
  1.480387e+00   1.533763e-09   5.000182e-04   1.262529e-10   96
  1.481970e+00   1.728919e-09   1.441806e-04   1.582316e-10   96
  1.483218e+00   1.808783e-09   1.695421e-08   1.876431e-10   72
  1.485877e+00   1.770140e-09   1.798266e-08   2.298288e-10   24
  1.487537e+00   1.205694e-09   2.967202e-04   1.107178e-10   120
  1.488831e+00   1.565137e-09   4.328235e-04   1.742270e-10   126
  1.490271e+00   1.290335e-09   3.608170e-04   1.343665e-10   96
  1.491953e+00   1.452960e-09   6.235971e-04   1.688952e-10   72
  1.493826e+00   1.388384e-09   2.697267e-04   1.104997e-10   144
  1.495367e+00   1.331678e-09   1.555721e-04   1.438763e-10   72
  1.496907e+00   1.373928e-09   3.107329e-04   2.473510e-10   54
  1.498261e+00   1.631006e-09   2.738298e-04   1.746687e-10   108
  1.501076e+00   1.481161e-09   2.684240e-04   1.455342e-10   72
  1.501953e+00   1.289259e-09   1.548899e-04   1.489170e-10   72
  1.504032e+00   1.977721e-09   3.114687e-08   3.998329e-10   24
  1.506000e+00   1.283280e-09   3.276762e-04   1.684985e-10   48
  1.507194e+00   1.697315e-09   2.496047e-04   1.576736e-10   102
  1.508993e+00   1.326284e-09   5.645020e-04   1.179811e-10   168
  1.511342e+00   1.740817e-09   3.078662e-04   2.228024e-10   72
  1.512213e+00   1.567660e-09   0.000000e+00   1.629516e-10   48
  1.514039e+00   1.490899e-09   5.295485e-04   1.226735e-10   120
  1.516449e+00   1.328740e-09   3.254183e-04   1.022453e-10   96
  1.518725e+00   2.309559e-09   2.877225e-08   3.775682e-10   30
  1.521431e+00   1.672413e-09   1.528959e-04   2.539270e-10   72
  1.522619e+00   1.243701e-09   1.798266e-08   2.375391e-10   24
  1.524147e+00   2.709305e-09   2.266295e-04   4.630642e-10   56
  1.525857e+00   1.488324e-09   3.234118e-04   1.390775e-10   96
  1.527904e+00   1.600833e-09   3.571257e-04   1.195765e-10   144
  1.529482e+00   1.763148e-09   2.027620e-04   1.888152e-10   54
  1.531775e+00   1.449484e-09   3.037589e-04   1.484403e-10   108
  1.534082e+00   1.399713e-09   1.608389e-04   2.540879e-10   48
  1.536278e+00   2.135068e-09   6.056100e-04   2.335650e-10   72
  1.541549e+00   1.482472e-09   4.001285e-04   1.605178e-10   78
  1.543009e+00   1.905191e-09   3.015470e-04   2.271214e-10   72
  1.544714e+00   1.687973e-09   3.011726e-04   2.065543e-10   72
  1.546496e+00   1.882659e-09   7.267626e-04   1.972570e-10   96
  1.547905e+00   2.136344e-09   3.005518e-04   3.639125e-10   72
  1.549605e+00   1.915312e-09   0.000000e+00   3.999950e-10   24
  1.551302e+00   1.440972e-09   5.997465e-04   1.441729e-10   72
  1.555136e+00   1.453306e-09   3.808574e-04   3.417150e-10   30
  1.555961e+00   2.126257e-09   0.000000e+00   2.902647e-10   24
  1.560395e+00   1.404705e-09   3.162535e-04   2.031226e-10   48
  1.561785e+00   1.644875e-09   6.805772e-04   1.243488e-10   120
  1.563659e+00   1.152117e-09   2.975642e-04   1.257527e-10   72
  1.565552e+00   1.406937e-09   2.972044e-04   2.148369e-10   36
  1.566852e+00   1.630620e-09   5.874143e-04   2.020590e-10   78
  1.570482e+00   1.881238e-09   3.142221e-04   2.319393e-10   48
  1.575188e+00   1.862534e-09   2.543132e-08   3.167427e-10   24
  1.578541e+00   1.370515e-09   2.188179e-04   1.628373e-10   56
  1.580230e+00   1.380226e-09   3.367194e-04   1.154774e-10   102
  1.582378e+00   1.764671e-09   2.397687e-08   1.614068e-10   72
  1.583624e+00   1.796240e-09   1.798266e-08   2.151364e-10   24
  1.585804e+00   1.590478e-09   3.111861e-04   2.680586e-10   48
  1.589845e+00   1.445738e-09   0.000000e+00   1.987165e-10   24
  1.594803e+00   9.133319e-10   0.000000e+00   3.617878e-10   6
  1.596350e+00   2.386650e-09   0.000000e+00   3.634252e-10   24
  1.597380e+00   1.547582e-09   2.912818e-04   1.963271e-10   72
  1.599261e+00   2.147917e-09   5.434137e-04   2.910204e-10   84
  1.601288e+00   1.610641e-09   0.000000e+00   2.657306e-10   24
  1.601904e+00   2.188412e-09   2.543132e-08   4.087827e-10   24
  1.604982e+00   2.332437e-09   3.114687e-08   5.041011e-10   24
  1.609281e+00   8.345355e-10   0.000000e+00   3.036610e-10   6
  1.614791e+00   1.254676e-09   3.056001e-04   1.526758e-10   48
  1.616114e+00   1.935135e-09   5.757006e-04   2.402875e-10   72
  1.617844e+00   1.855836e-09   3.050234e-04   2.665890e-10   48
  1.620587e+00   2.374478e-09   0.000000e+00   3.725973e-10   24
  1.624237e+00   1.996237e-09   0.000000e+00   3.386611e-10   6
  1.632419e+00   1.430704e-09   0.000000e+00   4.585760e-10   8
  1.633024e+00   1.842711e-09   1.798266e-08   3.256768e-10   48
  1.634474e+00   2.179386e-09   2.958090e-04   2.495393e-10   60
  1.636646e+00   1.660802e-09   0.000000e+00   3.052330e-10   24
  1.639659e+00   2.423711e-09   0.000000e+00   5.774176e-10   6
  1.650757e+00   1.738663e-09   0.000000e+00   2.064475e-10   24
  1.651653e+00   1.856489e-09   2.987795e-04   2.437905e-10   48
  1.653147e+00   9.782353e-10   0.000000e+00   1.699314e-10   24
  1.655533e+00   1.460424e-09   0.000000e+00   3.776945e-10   6
  1.669090e+00   3.029717e-09   2.787329e-04   4.318813e-10   36
  1.670075e+00   1.441897e-09   0.000000e+00   3.222971e-10   24
  1.671847e+00   1.772151e-09   0.000000e+00   9.966007e-11   6
  1.687272e+00   1.346885e-09   2.533103e-04   2.303828e-10   32
  1.688588e+00   1.127599e-09   0.000000e+00   4.124964e-10   6
  1.705164e+00   2.405418e-09   0.000000e+00   4.817436e-10   12
  1.705743e+00   1.169863e-09   0.000000e+00   1.317109e-10   6
  1.723300e+00   2.207865e-09   0.000000e+00   7.689118e-10   6
