# power spectrum of delta for cdm
# redshift z=3.000000
# k              Pk             sigma(k)       sigma(Pk)      count
  6.981317e-03   1.956968e-05   0.000000e+00   8.176413e-06   6
  9.873073e-03   4.347559e-05   0.000000e+00   8.986053e-06   12
  1.209200e-02   6.995261e-05   1.324548e-10   1.483501e-05   8
  1.396263e-02   4.092129e-04   0.000000e+00   4.553373e-05   6
  1.561070e-02   4.246549e-04   0.000000e+00   1.402113e-04   24
  1.710066e-02   8.372523e-04   2.497591e-10   1.469433e-04   24
  1.974615e-02   6.214430e-04   0.000000e+00   2.887805e-04   12
  2.094395e-02   8.809579e-04   2.825702e-10   1.651802e-04   30
  2.207686e-02   1.371943e-03   0.000000e+00   3.126211e-04   24
  2.315441e-02   1.443743e-03   4.325955e-10   3.725938e-04   24
  2.418399e-02   1.892894e-03   2.649095e-10   3.958035e-04   8
  2.517150e-02   1.877532e-03   3.532127e-10   2.450564e-04   24
  2.612170e-02   1.979924e-03   0.000000e+00   2.897936e-04   48
  2.792527e-02   3.111819e-03   0.000000e+00   1.420880e-03   6
  2.878471e-02   2.622341e-03   4.995182e-10   3.811494e-04   48
  2.961922e-02   2.709599e-03   0.000000e+00   2.967572e-04   36
  3.043086e-02   4.065694e-03   3.532127e-10   8.886800e-04   24
  3.122140e-02   2.688390e-03   0.000000e+00   4.694461e-04   24
  3.199241e-02   2.575185e-03   0.000000e+00   3.582843e-04   48
  3.274528e-02   4.021632e-03   4.995182e-10   5.920765e-04   24
  3.420133e-02   3.876417e-03   4.995182e-10   6.262727e-04   24
  3.490659e-02   2.777810e-03   0.000000e+00   4.744673e-04   30
  3.559787e-02   3.251101e-03   0.000000e+00   3.645361e-04   72
  3.627599e-02   3.535886e-03   5.298191e-10   7.587074e-04   32
  3.759554e-02   4.863441e-03   0.000000e+00   5.775615e-04   72
  3.823825e-02   3.318381e-03   0.000000e+00   5.054067e-04   48
  3.949229e-02   1.821355e-03   0.000000e+00   5.573336e-04   12
  4.010461e-02   3.849352e-03   0.000000e+00   5.931876e-04   48
  4.070772e-02   3.515674e-03   0.000000e+00   3.508836e-04   48
  4.130203e-02   4.935719e-03   4.995182e-10   6.530568e-04   48
  4.188790e-02   6.198299e-03   5.651403e-10   1.123334e-03   30
  4.246569e-02   6.647132e-03   4.995182e-10   1.540419e-03   24
  4.303573e-02   6.593103e-03   1.053077e-09   7.221538e-04   72
  4.415373e-02   4.312164e-03   0.000000e+00   8.559115e-04   24
  4.470224e-02   6.303780e-03   0.000000e+00   6.259283e-04   96
  4.524411e-02   4.966990e-03   0.000000e+00   7.030670e-04   48
  4.577956e-02   4.230674e-03   8.651909e-10   1.058994e-03   24
  4.630882e-02   3.430864e-03   8.651909e-10   7.383866e-04   24
  4.683210e-02   8.083831e-03   0.000000e+00   1.010045e-03   72
  4.734960e-02   6.661559e-03   0.000000e+00   1.060222e-03   48
  4.836798e-02   5.436652e-03   5.298191e-10   1.607502e-03   8
  4.886922e-02   9.399105e-03   6.279337e-10   1.224452e-03   54
  4.936537e-02   6.050961e-03   0.000000e+00   1.028322e-03   84
  4.985658e-02   7.726841e-03   0.000000e+00   1.170956e-03   48
  5.034299e-02   4.654235e-03   7.064254e-10   8.441321e-04   24
  5.082475e-02   6.557572e-03   6.660243e-10   7.840728e-04   72
  5.130199e-02   8.755343e-03   0.000000e+00   1.035198e-03   96
  5.224339e-02   1.170887e-02   0.000000e+00   1.330971e-03   48
  5.270779e-02   6.905164e-03   0.000000e+00   6.988530e-04   48
  5.316813e-02   6.649721e-03   7.064254e-10   1.350093e-03   24
  5.362451e-02   7.291337e-03   0.000000e+00   8.397965e-04   72
  5.452583e-02   7.395577e-03   6.660243e-10   9.008776e-04   72
  5.497095e-02   7.824126e-03   0.000000e+00   9.184260e-04   96
  5.585054e-02   1.471296e-02   0.000000e+00   6.617996e-03   6
  5.628518e-02   9.828059e-03   0.000000e+00   1.064323e-03   96
  5.671649e-02   1.041683e-02   7.064254e-10   1.152523e-03   96
  5.714454e-02   6.460592e-03   0.000000e+00   1.606689e-03   24
  5.756941e-02   8.029600e-03   9.990364e-10   9.331485e-04   48
  5.799117e-02   8.617752e-03   0.000000e+00   8.959317e-04   96
  5.840989e-02   8.441031e-03   0.000000e+00   1.219989e-03   48
  5.923844e-02   8.997443e-03   0.000000e+00   1.571018e-03   36
  5.964840e-02   9.274780e-03   1.223565e-09   1.194175e-03   48
  6.005556e-02   1.030181e-02   1.384305e-09   9.468408e-04   120
  6.045998e-02   8.978446e-03   0.000000e+00   1.229421e-03   56
  6.086171e-02   4.932092e-03   7.064254e-10   9.085890e-04   24
  6.126081e-02   7.657199e-03   0.000000e+00   7.133212e-04   96
  6.165732e-02   8.009470e-03   0.000000e+00   1.048106e-03   48
  6.244280e-02   1.185509e-02   0.000000e+00   2.275783e-03   24
  6.283185e-02   1.175888e-02   0.000000e+00   1.241150e-03   102
  6.321851e-02   1.468253e-02   0.000000e+00   2.361067e-03   48
  6.360282e-02   1.213677e-02   0.000000e+00   1.323429e-03   72
  6.398483e-02   1.100771e-02   0.000000e+00   1.133491e-03   48
  6.436456e-02   1.373858e-02   0.000000e+00   2.589103e-03   48
  6.474207e-02   1.104358e-02   1.598458e-09   1.115755e-03   120
  6.549056e-02   1.362956e-02   9.990364e-10   2.261590e-03   24
  6.586161e-02   9.712864e-03   9.419006e-10   8.541780e-04   144
  6.623059e-02   9.843715e-03   1.130281e-09   1.047611e-03   120
  6.659752e-02   9.767314e-03   9.990364e-10   1.435510e-03   48
  6.732538e-02   1.214031e-02   9.990364e-10   1.696865e-03   48
  6.768638e-02   1.018365e-02   9.990364e-10   1.023817e-03   96
  6.863955e-02   1.261006e-02   1.675093e-04   1.489568e-03   72
  6.911151e-02   1.076816e-02   1.255867e-09   8.415144e-04   108
  6.946323e-02   1.189037e-02   0.000000e+00   1.307195e-03   72
  6.981317e-02   8.589135e-03   0.000000e+00   2.025355e-03   30
  7.016137e-02   1.315406e-02   0.000000e+00   1.028724e-03   168
  7.050785e-02   1.626802e-02   0.000000e+00   2.107570e-03   48
  7.119574e-02   9.924075e-03   0.000000e+00   1.281959e-03   72
  7.153721e-02   1.412303e-02   0.000000e+00   1.452880e-03   96
  7.187706e-02   1.264281e-02   1.883801e-09   2.029143e-03   72
  7.221530e-02   1.416975e-02   0.000000e+00   1.600024e-03   72
  7.278398e-02   1.449379e-02   1.546684e-04   1.232774e-03   104
  7.322067e-02   1.310896e-02   1.332049e-09   1.037777e-03   144
  7.421242e-02   9.783884e-03   2.233913e-09   9.960167e-04   96
  7.454007e-02   8.822434e-03   0.000000e+00   9.549580e-04   96
  7.506116e-02   1.349544e-02   1.591194e-04   1.280062e-03   120
  7.551449e-02   1.180695e-02   0.000000e+00   1.070838e-03   120
  7.583651e-02   1.485279e-02   0.000000e+00   1.694466e-03   72
  7.647650e-02   1.680651e-02   0.000000e+00   2.328130e-03   48
  7.679449e-02   1.545330e-02   1.505926e-09   2.044011e-03   78
  7.720128e-02   1.685485e-02   1.424762e-04   1.430805e-03   168
  7.805350e-02   1.560576e-02   1.332049e-09   1.377896e-03   144
  7.836509e-02   1.895754e-02   1.332049e-09   1.453062e-03   144
  7.926883e-02   1.525817e-02   8.205478e-05   1.493756e-03   156
  7.959926e-02   1.349715e-02   1.730382e-09   2.923917e-03   48
  7.990483e-02   1.431903e-02   1.130281e-09   1.343012e-03   120
  8.020923e-02   9.447207e-03   0.000000e+00   1.033074e-03   48
  8.074745e-02   1.530268e-02   1.255998e-04   1.189969e-03   216
  8.141545e-02   1.046075e-02   0.000000e+00   1.245365e-03   48
  8.171422e-02   1.191918e-02   9.990364e-10   1.038274e-03   96
  8.213902e-02   1.391824e-02   1.467830e-04   1.318517e-03   168
  8.260406e-02   1.094035e-02   9.990364e-10   1.648484e-03   48
  8.289855e-02   1.662524e-02   0.000000e+00   1.757558e-03   96
  8.319199e-02   1.254760e-02   0.000000e+00   2.340856e-03   48
  8.377580e-02   1.753586e-02   1.130281e-09   2.227301e-03   30
  8.406619e-02   1.233946e-02   9.990364e-10   1.098490e-03   96
  8.441325e-02   1.487234e-02   1.153584e-04   1.136175e-03   240
  8.485953e-02   2.720691e-02   1.244551e-04   4.351609e-03   32
  8.521783e-02   1.114156e-02   0.000000e+00   8.796972e-04   168
  8.550332e-02   1.251528e-02   0.000000e+00   1.245855e-03   120
  8.607146e-02   1.212976e-02   2.106154e-09   1.653857e-03   72
  8.635412e-02   1.644782e-02   1.332049e-09   1.649452e-03   144
  8.663587e-02   1.298036e-02   0.000000e+00   1.289074e-03   96
  8.691670e-02   1.513879e-02   0.000000e+00   1.270314e-03   96
  8.747565e-02   2.228170e-02   1.631420e-09   2.909450e-03   72
  8.775379e-02   1.310841e-02   1.412851e-09   1.385317e-03   96
  8.830745e-02   1.921277e-02   0.000000e+00   3.607949e-03   24
  8.858298e-02   1.534684e-02   0.000000e+00   1.091098e-03   192
  8.890745e-02   1.445489e-02   1.056148e-04   1.204282e-03   132
  8.940448e-02   1.645613e-02   0.000000e+00   1.428454e-03   96
  8.967664e-02   9.764477e-03   0.000000e+00   1.026308e-03   96
  8.994798e-02   1.293682e-02   1.130281e-09   1.044883e-03   120
  9.048821e-02   1.407361e-02   0.000000e+00   1.896096e-03   48
  9.093103e-02   1.241283e-02   1.279966e-04   7.877125e-04   222
  9.129257e-02   1.539083e-02   0.000000e+00   1.465908e-03   120
  9.155911e-02   1.121336e-02   1.730382e-09   2.414941e-03   24
  9.194720e-02   1.853102e-02   1.321111e-04   1.211893e-03   312
  9.279280e-02   2.035667e-02   1.238595e-04   2.318776e-03   72
  9.314239e-02   1.361122e-02   9.990364e-10   1.537918e-03   96
  9.350136e-02   1.762142e-02   1.261337e-04   1.601402e-03   192
  9.392401e-02   1.433093e-02   1.598458e-09   1.674159e-03   120
  9.418312e-02   1.491179e-02   0.000000e+00   1.445510e-03   144
  9.469919e-02   1.469715e-02   0.000000e+00   2.121509e-03   48
  9.506602e-02   1.351383e-02   1.268319e-04   9.264900e-04   336
  9.546807e-02   1.504575e-02   0.000000e+00   1.860994e-03   48
  9.597724e-02   1.466210e-02   0.000000e+00   1.539689e-03   192
  9.623081e-02   1.146834e-02   0.000000e+00   1.390499e-03   48
  9.695161e-02   1.257330e-02   8.803796e-05   1.578546e-03   56
  9.731001e-02   1.451985e-02   1.130706e-04   8.554224e-04   336
  9.773844e-02   1.488924e-02   1.255867e-09   2.660398e-03   54
  9.811165e-02   1.465875e-02   1.241922e-04   1.055069e-03   240
  9.888643e-02   1.564035e-02   1.189150e-04   1.437913e-03   228
  9.922316e-02   1.494180e-02   1.332049e-09   1.994191e-03   72
  9.955002e-02   1.697586e-02   1.153504e-04   1.368435e-03   144
  9.995725e-02   1.583514e-02   0.000000e+00   1.576782e-03   96
  1.002007e-01   1.471537e-02   1.598458e-09   1.146826e-03   240
  1.006860e-01   1.075251e-02   1.412851e-09   1.812066e-03   24
  1.009966e-01   1.527389e-02   1.089476e-04   8.930069e-04   336
  1.014095e-01   1.016847e-02   0.000000e+00   1.190077e-03   72
  1.017863e-01   1.841743e-02   1.185007e-04   1.539405e-03   168
  1.021279e-01   1.450179e-02   0.000000e+00   1.626903e-03   72
  1.026040e-01   2.182500e-02   0.000000e+00   2.413120e-03   96
  1.029727e-01   1.225130e-02   1.176117e-04   9.069343e-04   216
  1.033141e-01   1.107553e-02   1.412851e-09   8.911432e-04   96
  1.037847e-01   1.435795e-02   0.000000e+00   9.735045e-04   192
  1.040193e-01   1.484778e-02   1.332049e-09   1.193953e-03   144
  1.044868e-01   1.114088e-02   0.000000e+00   1.416729e-03   48
  1.048105e-01   1.595771e-02   1.133915e-04   1.295868e-03   246
  1.052503e-01   1.937172e-02   1.045488e-04   1.734929e-03   168
  1.056465e-01   1.644994e-02   1.957704e-09   2.480018e-03   120
  1.058769e-01   1.359219e-02   0.000000e+00   1.149081e-03   240
  1.063363e-01   1.235416e-02   1.412851e-09   2.652751e-03   24
  1.067022e-01   1.468355e-02   1.119102e-04   9.092257e-04   360
  1.071580e-01   1.973478e-02   1.114340e-04   1.813432e-03   120
  1.074760e-01   1.541520e-02   0.000000e+00   1.385031e-03   144
  1.077025e-01   2.090753e-02   0.000000e+00   2.056438e-03   96
  1.083792e-01   1.625832e-02   0.000000e+00   1.286227e-03   144
  1.086038e-01   1.976257e-02   0.000000e+00   1.972759e-03   132
  1.089195e-01   1.394170e-02   1.099837e-04   1.175886e-03   176
  1.093777e-01   1.524815e-02   1.110614e-04   9.687588e-04   312
  1.099419e-01   1.833300e-02   0.000000e+00   2.563538e-03   96
  1.101633e-01   1.226212e-02   0.000000e+00   1.192660e-03   144
  1.105031e-01   1.647318e-02   1.099474e-04   1.151300e-03   312
  1.110446e-01   1.423268e-02   0.000000e+00   1.508567e-03   48
  1.112639e-01   1.395723e-02   1.412851e-09   1.049177e-03   192
  1.117011e-01   1.134660e-02   0.000000e+00   3.545546e-03   6
  1.119915e-01   1.407762e-02   1.025446e-04   9.116155e-04   288
  1.124620e-01   1.583879e-02   1.083450e-04   1.383666e-03   192
  1.127866e-01   1.448165e-02   3.322713e-09   1.069370e-03   216
  1.130025e-01   1.686583e-02   0.000000e+00   2.586459e-03   72
  1.135403e-01   1.731942e-02   1.073161e-04   1.801647e-03   192
  1.138975e-01   1.871858e-02   7.968796e-05   1.437300e-03   288
  1.142891e-01   1.361737e-02   0.000000e+00   2.877436e-03   24
  1.145916e-01   1.644315e-02   1.049823e-04   1.070886e-03   456
  1.151388e-01   1.312918e-02   1.998073e-09   2.533692e-03   48
  1.154769e-01   1.676868e-02   1.034033e-04   1.325996e-03   240
  1.158655e-01   2.017226e-02   1.045007e-04   1.503561e-03   216
  1.161923e-01   1.458588e-02   0.000000e+00   1.773094e-03   72
  1.164018e-01   1.276239e-02   3.610549e-09   1.164520e-03   168
  1.169935e-01   1.636601e-02   7.767385e-05   1.233416e-03   288
  1.173253e-01   1.809567e-02   1.027758e-04   1.522984e-03   168
  1.178582e-01   1.805777e-02   0.000000e+00   1.741216e-03   192
  1.180648e-01   1.324422e-02   1.332049e-09   9.907752e-04   144
  1.184769e-01   2.520208e-02   0.000000e+00   3.603706e-03   36
  1.188264e-01   1.380315e-02   9.385617e-05   9.039377e-04   342
  1.191605e-01   1.642082e-02   9.637890e-05   2.026218e-03   144
  1.195900e-01   1.777885e-02   1.010773e-04   1.301577e-03   384
  1.201111e-01   1.970296e-02   2.768611e-09   2.165206e-03   120
  1.203690e-01   1.963555e-02   9.013158e-05   1.246182e-03   264
  1.207183e-01   1.629163e-02   4.467827e-09   1.431426e-03   192
  1.210471e-01   1.514249e-02   9.713401e-05   1.311056e-03   152
  1.213224e-01   1.621317e-02   2.664097e-09   1.863199e-03   144
  1.219012e-01   1.214844e-02   6.286607e-05   1.036127e-03   216
  1.221692e-01   1.978571e-02   8.400585e-05   1.296519e-03   312
  1.226409e-01   1.667993e-02   9.736112e-05   1.205771e-03   240
  1.229188e-01   1.632715e-02   1.412851e-09   1.637540e-03   96
  1.234463e-01   1.134872e-02   9.308426e-05   9.853500e-04   144
  1.237714e-01   1.693938e-02   9.149363e-05   1.005314e-03   456
  1.242988e-01   1.085699e-02   0.000000e+00   7.991213e-04   120
  1.244947e-01   1.481970e-02   0.000000e+00   1.536144e-03   144
  1.248856e-01   1.289686e-02   0.000000e+00   2.111466e-03   24
  1.251362e-01   1.463594e-02   8.794658e-05   8.329642e-04   336
  1.255696e-01   1.531693e-02   9.699311e-05   1.264673e-03   198
  1.259757e-01   1.935061e-02   9.432023e-05   1.526813e-03   432
  1.264370e-01   2.999568e-02   0.000000e+00   3.951504e-03   48
  1.266777e-01   2.235608e-02   8.326844e-05   1.468289e-03   384
  1.271098e-01   1.738195e-02   9.585962e-05   2.003450e-03   144
  1.275013e-01   2.633345e-02   9.517601e-05   2.514939e-03   264
  1.279697e-01   1.452829e-02   0.000000e+00   1.476523e-03   48
  1.282839e-01   1.744262e-02   9.049683e-05   1.292670e-03   276
  1.285870e-01   1.751385e-02   8.203293e-05   1.752096e-03   192
  1.289922e-01   1.672638e-02   9.218697e-05   8.601754e-04   552
  1.294841e-01   1.284454e-02   3.196917e-09   1.661710e-03   120
  1.297765e-01   1.267793e-02   9.331596e-05   9.937199e-04   216
  1.300475e-01   1.450945e-02   1.598458e-09   1.258073e-03   120
  1.305316e-01   2.022410e-02   9.189333e-05   1.195956e-03   408
  1.309811e-01   6.754106e-03   1.998073e-09   8.604308e-04   24
  1.312599e-01   1.663913e-02   9.282881e-05   1.333286e-03   384
  1.316492e-01   1.199563e-02   9.069708e-05   7.958812e-04   240
  1.319872e-01   1.689578e-02   9.136125e-05   1.303925e-03   168
  1.324612e-01   1.133273e-02   2.260561e-09   1.248504e-03   120
  1.327667e-01   1.867650e-02   9.523931e-05   1.379355e-03   350
  1.332635e-01   2.095770e-02   1.567823e-04   1.641763e-03   384
  1.335605e-01   2.536291e-02   0.000000e+00   3.607934e-03   144
  1.341067e-01   1.647167e-02   3.767602e-09   1.490983e-03   288
  1.343919e-01   1.798074e-02   8.974411e-05   1.463638e-03   336
  1.347800e-01   1.452042e-02   8.170456e-05   1.360877e-03   168
  1.350122e-01   2.074080e-02   1.614687e-09   1.855150e-03   336
  1.354927e-01   1.398386e-02   8.480446e-05   9.546995e-04   288
  1.357812e-01   1.729120e-02   7.990748e-05   1.236899e-03   264
  1.362699e-01   1.612951e-02   0.000000e+00   1.388151e-03   240
  1.364486e-01   1.492894e-02   2.825702e-09   1.532609e-03   96
  1.370900e-01   1.944618e-02   1.086688e-04   1.508110e-03   360
  1.373893e-01   1.707152e-02   8.010757e-05   2.267006e-03   168
  1.377676e-01   1.641370e-02   8.732558e-05   9.902119e-04   456
  1.382230e-01   1.402461e-02   2.511735e-09   1.379955e-03   108
  1.384792e-01   1.059194e-02   8.761995e-05   7.022813e-04   264
  1.387988e-01   1.476831e-02   7.817127e-05   1.413324e-03   264
  1.392364e-01   1.729132e-02   7.376599e-05   9.938405e-04   312
  1.397814e-01   1.936562e-02   5.481617e-05   2.109508e-03   270
  1.400098e-01   1.991719e-02   6.959603e-05   2.248630e-03   240
  1.404204e-01   2.082466e-02   8.609907e-05   1.828562e-03   384
  1.406696e-01   1.385513e-02   0.000000e+00   1.131762e-03   192
  1.411539e-01   2.067588e-02   6.908303e-05   2.207460e-03   240
  1.414347e-01   2.080436e-02   8.525963e-05   1.650618e-03   336
  1.419630e-01   1.776489e-02   8.583011e-05   1.043446e-03   480
  1.423915e-01   1.967409e-02   0.000000e+00   2.822951e-03   72
  1.426309e-01   2.013228e-02   8.369217e-05   2.329661e-03   240
  1.429564e-01   1.462193e-02   7.865917e-05   9.806077e-04   312
  1.433297e-01   1.235024e-02   8.501169e-05   8.944988e-04   240
  1.438936e-01   1.672571e-02   6.458688e-05   1.186564e-03   408
  1.441169e-01   1.512277e-02   5.914602e-05   1.068661e-03   336
  1.445532e-01   1.619008e-02   7.510087e-05   1.497738e-03   264
  1.447677e-01   1.143641e-02   0.000000e+00   1.043704e-03   144
  1.453643e-01   1.575689e-02   1.040943e-04   1.164262e-03   464
  1.456786e-01   1.198846e-02   8.277629e-05   1.028127e-03   168
  1.459889e-01   1.538911e-02   7.539115e-05   1.335436e-03   336
  1.465498e-01   1.638682e-02   7.921315e-05   1.329401e-03   414
  1.468660e-01   2.785987e-02   8.245619e-05   3.146177e-03   216
  1.472710e-01   3.383075e-02   1.998073e-09   4.282780e-03   96
  1.474364e-01   1.671085e-02   5.994218e-09   1.618958e-03   384
  1.480158e-01   1.762828e-02   8.229688e-05   1.145909e-03   492
  1.483263e-01   1.834401e-02   8.047930e-05   1.478368e-03   240
  1.486772e-01   1.525498e-02   8.171468e-05   1.141561e-03   312
  1.491618e-01   9.902188e-03   8.168777e-05   9.701878e-04   192
  1.494688e-01   1.711786e-02   7.916535e-05   1.225413e-03   504
  1.498761e-01   1.719965e-02   5.240881e-05   1.615967e-03   408
  1.501968e-01   1.373543e-02   1.605609e-04   1.235624e-03   168
  1.505981e-01   2.006093e-02   7.626782e-05   1.575812e-03   288
  1.509348e-01   1.365402e-02   7.959200e-05   1.133102e-03   288
  1.512797e-01   1.195209e-02   8.005014e-05   8.388493e-04   432
  1.517801e-01   1.613142e-02   7.570076e-05   1.350748e-03   216
  1.520474e-01   1.422548e-02   7.554106e-05   1.144114e-03   360
  1.525234e-01   1.658041e-02   7.372735e-05   1.327344e-03   312
  1.529530e-01   2.260831e-02   0.000000e+00   3.817494e-03   48
  1.532006e-01   1.422728e-02   7.904634e-05   9.900555e-04   432
  1.536441e-01   1.342278e-02   1.318501e-04   1.107823e-03   414
  1.539060e-01   1.625474e-02   6.955573e-09   1.566848e-03   312
  1.543946e-01   1.805244e-02   1.156911e-04   1.604500e-03   528
  1.547243e-01   1.937193e-02   6.072803e-05   2.504477e-03   264
  1.551204e-01   1.790403e-02   7.200680e-05   1.603777e-03   480
  1.556380e-01   1.649826e-02   0.000000e+00   1.478926e-03   288
  1.558615e-01   1.532230e-02   7.736908e-05   1.704903e-03   168
  1.562704e-01   1.897053e-02   1.224750e-04   1.287470e-03   504
  1.567302e-01   2.759895e-02   2.664097e-09   3.198502e-03   144
  1.570194e-01   1.155595e-02   7.865832e-05   7.149574e-04   464
  1.574541e-01   1.258971e-02   1.154355e-04   9.234867e-04   432
  1.576603e-01   1.774816e-02   1.998073e-09   1.891993e-03   192
  1.581934e-01   1.227762e-02   8.557628e-05   8.685984e-04   396
  1.585082e-01   1.244055e-02   7.687110e-05   9.622805e-04   288
  1.588263e-01   1.244109e-02   7.593549e-05   1.077843e-03   336
  1.593345e-01   1.309191e-02   4.808388e-05   9.764737e-04   432
  1.596570e-01   1.480001e-02   1.246267e-04   1.241564e-03   360
  1.600192e-01   1.296227e-02   7.371853e-05   8.027233e-04   384
  1.605335e-01   1.252610e-02   6.507077e-05   1.306017e-03   198
  1.607813e-01   1.528209e-02   7.396430e-05   1.309012e-03   552
  1.612434e-01   2.045211e-02   1.035450e-04   2.231954e-03   432
  1.616292e-01   1.519072e-02   0.000000e+00   1.620307e-03   168
  1.619530e-01   2.028712e-02   1.283579e-04   1.741880e-03   480
  1.623813e-01   9.672281e-03   0.000000e+00   1.065706e-03   120
  1.625741e-01   1.645283e-02   1.048372e-04   1.541917e-03   336
  1.630445e-01   1.461426e-02   7.396097e-05   1.051291e-03   672
  1.635097e-01   1.732005e-02   1.075863e-04   1.078729e-03   528
  1.637264e-01   8.700306e-03   3.229373e-09   7.346787e-04   168
  1.642270e-01   1.649135e-02   1.200118e-04   1.262579e-03   456
  1.645324e-01   2.230743e-02   7.329223e-05   4.004828e-03   168
  1.648495e-01   1.483101e-02   7.316065e-05   1.104688e-03   504
  1.653766e-01   1.076904e-02   9.414654e-05   1.173517e-03   336
  1.656953e-01   1.664409e-02   6.786851e-05   1.438194e-03   312
  1.660489e-01   1.504042e-02   6.631214e-05   1.245078e-03   504
  1.665141e-01   1.217114e-02   4.600920e-05   7.485360e-04   432
  1.667329e-01   1.018662e-02   7.109945e-05   6.548904e-04   312
  1.671876e-01   1.149054e-02   7.288039e-05   7.951266e-04   384
  1.676624e-01   2.192294e-02   6.192036e-05   4.341092e-03   126
  1.679555e-01   1.600299e-02   1.087174e-04   1.343206e-03   492
  1.683299e-01   1.784214e-02   6.963360e-05   1.489535e-03   528
  1.687978e-01   1.438530e-02   7.073279e-05   1.315510e-03   480
  1.690879e-01   1.891164e-02   9.771696e-05   1.743731e-03   432
  1.695076e-01   1.698933e-02   7.684145e-05   1.585458e-03   440
  1.699951e-01   1.891476e-02   3.821294e-05   1.729214e-03   312
  1.701781e-01   1.453892e-02   5.726529e-05   1.714988e-03   480
  1.705533e-01   1.545756e-02   1.121243e-04   1.557482e-03   408
  1.711016e-01   1.927934e-02   6.714979e-05   1.660423e-03   360
  1.713332e-01   1.468714e-02   6.479710e-05   1.334138e-03   408
  1.717625e-01   1.056524e-02   6.593925e-05   9.807024e-04   456
  1.722458e-01   1.463139e-02   6.302169e-05   1.158234e-03   264
  1.725141e-01   1.441834e-02   6.839435e-05   1.334220e-03   384
  1.729046e-01   1.329932e-02   1.151467e-04   9.289215e-04   672
  1.733561e-01   1.921201e-02   6.887260e-05   2.269848e-03   240
  1.736166e-01   1.079567e-02   6.988846e-05   7.452610e-04   264
  1.739843e-01   7.986524e-03   8.619588e-05   5.558966e-04   624
  1.745329e-01   1.077141e-02   0.000000e+00   1.907585e-03   150
  1.747283e-01   2.031957e-02   9.658929e-05   1.629469e-03   600
  1.751402e-01   1.534260e-02   6.666345e-05   1.119131e-03   672
  1.756067e-01   1.351517e-02   6.270167e-05   1.967031e-03   336
  1.758666e-01   2.242476e-02   6.820115e-05   2.074953e-03   408
  1.762818e-01   1.726254e-02   6.804049e-05   2.000206e-03   408
  1.767436e-01   1.409852e-02   3.440492e-05   1.142171e-03   360
  1.770283e-01   1.810739e-02   1.263238e-04   1.749528e-03   456
  1.773722e-01   1.489466e-02   6.869566e-05   1.521249e-03   384
  1.778099e-01   9.676801e-03   6.341480e-05   7.483089e-04   348
  1.780464e-01   1.888911e-02   7.817791e-05   1.487045e-03   576
  1.784907e-01   1.200442e-02   6.436923e-05   9.278366e-04   504
  1.789452e-01   1.322719e-02   9.078907e-05   1.176086e-03   432
  1.793419e-01   1.198781e-02   1.235181e-04   7.687179e-04   576
  1.796248e-01   1.265778e-02   0.000000e+00   1.668667e-03   264
  1.800736e-01   1.283158e-02   9.828954e-05   7.817239e-04   768
  1.804640e-01   6.599046e-03   1.323290e-04   4.910131e-04   240
  1.807743e-01   1.255631e-02   1.167016e-04   2.015067e-03   192
  1.812263e-01   9.799590e-03   8.590664e-05   5.997991e-04   504
  1.815615e-01   1.657704e-02   1.157624e-04   1.984885e-03   590
  1.818830e-01   1.835039e-02   1.297055e-04   2.086178e-03   384
  1.822861e-01   1.427865e-02   1.083956e-04   1.330790e-03   504
  1.827729e-01   2.060881e-02   1.043140e-04   1.723336e-03   648
  1.832449e-01   1.306076e-02   2.833030e-05   1.327027e-03   504
  1.834353e-01   1.215360e-02   6.462673e-05   1.072643e-03   312
  1.837714e-01   1.753935e-02   9.311123e-05   1.400214e-03   576
  1.842327e-01   1.986390e-02   6.479663e-05   2.609357e-03   240
  1.845017e-01   1.060771e-02   6.547387e-05   7.450094e-04   552
  1.848823e-01   1.905112e-02   6.147846e-05   1.837360e-03   600
  1.854246e-01   1.404460e-02   7.509108e-05   1.171891e-03   600
  1.857506e-01   1.187764e-02   1.202524e-04   1.095834e-03   312
  1.860753e-01   1.658559e-02   1.047280e-04   1.353798e-03   480
  1.864809e-01   1.249440e-02   6.534019e-05   1.213003e-03   576
  1.868380e-01   1.967868e-02   1.052119e-04   1.929942e-03   408
  1.871548e-01   4.488188e-03   1.227345e-04   3.439172e-04   216
  1.875642e-01   1.123085e-02   9.400084e-05   9.016288e-04   516
  1.880028e-01   1.268136e-02   8.968636e-05   8.311868e-04   744
  1.884552e-01   1.433257e-02   5.990257e-05   1.205195e-03   462
  1.887109e-01   1.662002e-02   6.088230e-05   2.201286e-03   432
  1.891075e-01   1.918776e-02   5.648168e-05   1.558035e-03   648
  1.895737e-01   1.738472e-02   8.264320e-05   1.969263e-03   528
  1.899483e-01   1.492156e-02   9.952305e-05   1.216794e-03   600
  1.903225e-01   2.958072e-02   1.254725e-04   5.029912e-03   240
  1.906850e-01   1.452000e-02   9.611075e-05   1.267008e-03   720
  1.911062e-01   1.406041e-02   7.604100e-05   1.090515e-03   720
  1.915732e-01   4.103872e-03   0.000000e+00   3.925529e-04   144
  1.918190e-01   1.587510e-02   9.803961e-05   1.165612e-03   720
  1.921686e-01   1.659463e-02   5.878648e-05   1.431965e-03   384
  1.926063e-01   1.145529e-02   6.516793e-05   7.622576e-04   672
  1.930215e-01   1.999243e-02   1.141019e-04   2.229461e-03   336
  1.932199e-01   1.762738e-02   0.000000e+00   2.117959e-03   288
  1.937055e-01   1.144756e-02   9.030399e-05   8.300219e-04   776
  1.941551e-01   1.035657e-02   7.726878e-05   6.586442e-04   720
  1.945327e-01   8.892910e-03   6.224567e-05   7.102479e-04   432
  1.948347e-01   1.665537e-02   8.873905e-05   1.905558e-03   504
  1.951706e-01   1.118045e-02   6.217429e-05   9.377098e-04   528
  1.956407e-01   1.613053e-02   8.470885e-05   2.003431e-03   438
  1.960275e-01   1.932067e-02   9.859335e-05   2.066183e-03   624
  1.963189e-01   1.847388e-02   1.207635e-04   2.288032e-03   312
  1.967196e-01   2.054154e-02   6.506437e-05   1.471706e-03   696
  1.971339e-01   1.615797e-02   5.887146e-05   1.724708e-03   552
  1.975648e-01   1.530970e-02   4.554687e-05   1.506314e-03   516
  1.978313e-01   1.982158e-02   9.097645e-05   1.973280e-03   528
  1.981558e-01   5.950830e-03   5.916447e-05   3.720076e-04   528
  1.986168e-01   1.648072e-02   7.802593e-05   1.378000e-03   864
  1.989297e-01   1.543102e-02   1.068795e-04   1.616401e-03   408
  1.992429e-01   2.095906e-02   1.058911e-04   1.888110e-03   192
  1.996868e-01   1.109051e-02   8.762994e-05   9.595516e-04   720
  2.000615e-01   1.096195e-02   8.079911e-05   8.870940e-04   696
  2.005068e-01   1.262787e-02   8.726379e-05   9.044148e-04   720
  2.009142e-01   1.226296e-02   1.182756e-04   1.047275e-03   432
  2.011518e-01   7.909536e-03   6.962164e-05   8.070082e-04   264
  2.015793e-01   1.160605e-02   9.614441e-05   8.050945e-04   672
  2.019616e-01   1.340390e-02   9.843711e-05   1.053144e-03   600
  2.024154e-01   6.977104e-03   5.763483e-05   1.294451e-03   270
  2.026441e-01   1.711977e-02   8.675648e-05   2.035855e-03   528
  2.030077e-01   1.697260e-02   5.940776e-05   1.313609e-03   840
  2.035062e-01   2.007080e-02   1.135983e-04   1.568079e-03   888
  2.039669e-01   1.242696e-02   8.463909e-05   1.103075e-03   744
  2.043562e-01   1.451704e-02   4.349214e-05   1.244285e-03   456
  2.045498e-01   2.482044e-02   5.943469e-05   2.071860e-03   360
  2.048811e-01   1.400462e-02   5.149682e-05   2.060337e-03   384
  2.053895e-01   1.330642e-02   8.260041e-05   9.048019e-04   816
  2.057710e-01   1.438803e-02   1.198416e-04   1.045094e-03   824
  2.062346e-01   1.213703e-02   5.570811e-05   1.625120e-03   360
  2.064829e-01   1.444760e-02   8.220424e-05   1.044104e-03   624
  2.068246e-01   1.575393e-02   5.554917e-05   1.677430e-03   360
  2.072798e-01   1.213654e-02   7.556319e-05   9.681106e-04   876
  2.076909e-01   1.077037e-02   8.974647e-05   8.814566e-04   696
  2.081055e-01   7.705519e-03   5.795238e-05   7.755997e-04   336
  2.083228e-01   1.613630e-02   5.788726e-05   1.811403e-03   504
  2.086818e-01   1.181674e-02   5.838888e-05   1.197577e-03   672
  2.092144e-01   8.385005e-03   1.162387e-04   6.505533e-04   720
  2.095838e-01   1.517256e-02   8.780591e-05   1.503684e-03   774
  2.099915e-01   2.995872e-02   5.025783e-05   3.850834e-03   384
  2.102050e-01   2.010565e-02   9.671763e-05   2.086266e-03   528
  2.105364e-01   1.591509e-02   9.217729e-05   1.345666e-03   744
  2.110694e-01   1.795733e-02   7.602671e-05   1.443955e-03   768
  2.114233e-01   1.857551e-02   8.534571e-05   2.168940e-03   552
  2.118649e-01   1.198007e-02   9.301717e-05   1.026921e-03   696
  2.121934e-01   2.024096e-02   1.130320e-04   2.128561e-03   408
  2.124541e-01   1.634138e-02   4.883074e-05   1.509391e-03   504
  2.128675e-01   1.200290e-02   8.772259e-05   9.430651e-04   888
  2.132743e-01   1.158749e-02   9.116913e-05   1.210529e-03   648
  2.136971e-01   1.129676e-02   9.038766e-05   1.027637e-03   648
  2.140948e-01   1.176366e-02   9.746006e-05   9.959271e-04   792
  2.145162e-01   9.850249e-03   1.425907e-04   8.707832e-04   600
  2.148267e-01   6.250145e-03   9.663487e-05   4.678446e-04   456
  2.151535e-01   1.200587e-02   4.709572e-05   1.018949e-03   648
  2.155732e-01   9.386526e-03   9.184351e-05   6.716999e-04   936
  2.160264e-01   1.422327e-02   5.640375e-05   1.197351e-03   384
  2.164208e-01   4.299208e-04   4.745948e-09   3.353156e-05   198
  2.167253e-01   4.331045e-04   1.431011e-04   1.443727e-05   1224
  2.170537e-01   4.538316e-04   1.042217e-04   2.496976e-05   420
  2.174420e-01   4.011603e-04   1.008648e-04   1.799001e-05   792
  2.178218e-01   4.185068e-04   8.340657e-05   1.686131e-05   680
  2.182552e-01   4.273310e-04   7.658783e-05   2.128963e-05   600
  2.186039e-01   4.249933e-04   1.110734e-04   1.579537e-05   840
  2.190695e-01   5.258121e-04   5.244369e-05   3.123955e-05   432
  2.192474e-01   4.345327e-04   4.914665e-05   1.930235e-05   720
  2.196343e-01   4.754777e-04   9.843213e-05   1.668413e-05   960
  2.201154e-01   4.714438e-04   8.774504e-05   2.385837e-05   528
  2.204670e-01   4.278677e-04   8.969217e-05   1.926444e-05   624
  2.208855e-01   4.852610e-04   7.049743e-05   1.886703e-05   816
  2.213008e-01   4.019754e-04   1.159345e-04   1.787631e-05   696
  2.217599e-01   4.884221e-04   7.830814e-09   3.392162e-05   240
  2.219325e-01   4.938337e-04   6.836935e-05   2.203258e-05   672
  2.223177e-01   4.356023e-04   1.221858e-04   1.641383e-05   864
  2.227499e-01   4.173392e-04   9.375778e-05   1.673121e-05   816
  2.231394e-01   4.393473e-04   5.366372e-05   1.993315e-05   648
  2.235589e-01   4.571240e-04   5.485410e-05   1.607201e-05   843
  2.239151e-01   4.047818e-04   9.869601e-05   1.749807e-05   780
  2.243395e-01   3.843123e-04   5.295844e-05   2.823709e-05   216
  2.246013e-01   4.163868e-04   1.277035e-04   1.348006e-05   1056
  2.250039e-01   5.342865e-04   1.044758e-04   3.560493e-05   228
  2.253767e-01   4.579464e-04   1.300750e-04   1.687264e-05   924
  2.257594e-01   4.847312e-04   4.825052e-05   1.904881e-05   696
  2.261647e-01   4.014745e-04   8.587211e-05   1.456950e-05   996
  2.265793e-01   4.305263e-04   5.069718e-05   1.937465e-05   576
  2.270107e-01   4.296858e-04   7.824775e-05   2.195825e-05   552
  2.273251e-01   4.838672e-04   9.342507e-05   2.351797e-05   516
  2.276442e-01   4.280336e-04   1.358594e-04   1.598756e-05   744
  2.280088e-01   4.469549e-04   6.664715e-05   2.171871e-05   576
  2.283260e-01   4.077253e-04   6.859680e-05   1.643788e-05   792
  2.287768e-01   4.595439e-04   7.841886e-05   1.750380e-05   792
  2.291071e-01   4.372249e-04   8.457391e-05   1.763940e-05   720
  2.295538e-01   4.076135e-04   9.639481e-05   1.607033e-05   656
  2.299724e-01   4.245862e-04   1.052581e-04   1.660388e-05   816
  2.304015e-01   4.108280e-04   5.675340e-05   1.991571e-05   492
  2.306454e-01   4.360590e-04   8.164378e-05   1.944797e-05   552
  2.311032e-01   3.907551e-04   1.419686e-04   1.874880e-05   780
  2.314005e-01   4.371012e-04   8.720963e-05   2.316774e-05   528
  2.317208e-01   4.180774e-04   1.018002e-04   1.896085e-05   600
  2.321929e-01   4.706112e-04   8.460399e-05   1.649234e-05   900
  2.325183e-01   4.274482e-04   4.683822e-05   1.980651e-05   696
  2.329660e-01   4.126101e-04   1.184322e-04   1.689629e-05   696
  2.333991e-01   4.544336e-04   4.804683e-05   2.077131e-05   552
  2.337633e-01   3.573930e-04   5.587403e-05   1.567734e-05   708
  2.341448e-01   4.345284e-04   9.225121e-05   1.741026e-05   876
  2.345418e-01   4.845651e-04   4.898356e-05   4.508412e-05   216
  2.348082e-01   4.187449e-04   1.339767e-04   1.438898e-05   1032
  2.352071e-01   3.897492e-04   1.491682e-04   1.810231e-05   600
  2.356212e-01   3.764785e-04   7.117755e-05   1.673253e-05   600
  2.359371e-01   4.157305e-04   1.256929e-04   2.257298e-05   528
  2.363105e-01   4.104949e-04   6.899988e-05   1.753971e-05   732
  2.367039e-01   3.883265e-04   5.095015e-05   2.288079e-05   336
  2.371566e-01   4.037327e-04   7.261407e-05   1.467201e-05   912
  2.374950e-01   3.724183e-04   7.288252e-05   1.656542e-05   624
  2.378647e-01   4.119209e-04   6.141657e-05   1.729303e-05   768
  2.382963e-01   4.689918e-04   1.108076e-04   1.862651e-05   792
  2.387198e-01   3.977618e-04   5.493383e-05   1.870975e-05   660
  2.390212e-01   3.838038e-04   8.095383e-05   2.194379e-05   504
  2.393329e-01   3.969152e-04   1.322631e-04   2.136748e-05   480
  2.398000e-01   3.127946e-04   1.223261e-04   1.161039e-05   912
  2.401658e-01   4.542857e-04   1.362291e-04   2.873346e-05   432
  2.405113e-01   3.907802e-04   8.088962e-05   1.885115e-05   564
  2.408180e-01   3.932639e-04   7.742251e-05   1.940748e-05   600
  2.412498e-01   4.334488e-04   1.079196e-04   1.653428e-05   876
  2.415741e-01   4.150658e-04   4.852393e-05   2.769881e-05   264
  2.420212e-01   4.182213e-04   9.415549e-05   1.975565e-05   560
  2.423806e-01   3.704758e-04   6.398069e-05   1.427812e-05   840
  2.428168e-01   3.491810e-04   9.863978e-05   1.385469e-05   1008
  2.432202e-01   3.813807e-04   4.412481e-05   1.970473e-05   456
  2.435886e-01   4.355698e-04   5.715745e-05   2.195158e-05   576
  2.439292e-01   4.053967e-04   8.782853e-05   1.894220e-05   612
  2.443783e-01   3.813968e-04   7.844513e-05   1.666627e-05   780
  2.447447e-01   4.135920e-04   8.989453e-05   1.764815e-05   648
  2.451197e-01   4.486869e-04   4.189201e-05   3.496080e-05   312
  2.453594e-01   3.475168e-04   1.064407e-04   1.601188e-05   528
  2.457747e-01   3.475511e-04   1.390063e-04   1.627619e-05   720
  2.461718e-01   3.800735e-04   1.394416e-04   2.305146e-05   576
  2.466533e-01   3.594396e-04   1.202863e-04   1.952431e-05   444
  2.469529e-01   3.967653e-04   1.179621e-04   1.460770e-05   996
  2.473200e-01   3.493346e-04   9.853387e-05   2.179347e-05   432
  2.476669e-01   3.979862e-04   1.078752e-04   2.070852e-05   504
  2.479666e-01   3.575247e-04   4.863583e-05   2.078598e-05   504
  2.483934e-01   4.251381e-04   9.571589e-05   1.896076e-05   876
  2.487796e-01   3.650218e-04   1.101599e-04   1.985291e-05   504
  2.491817e-01   3.305823e-04   7.025420e-05   1.713741e-05   696
  2.495140e-01   4.237809e-04   6.005997e-05   2.210266e-05   492
  2.499662e-01   3.287951e-04   8.597875e-05   1.866274e-05   432
  2.503011e-01   3.969359e-04   8.050968e-05   1.698455e-05   768
  2.506981e-01   3.360015e-04   1.002856e-04   1.729706e-05   648
  2.510772e-01   3.027646e-04   6.542561e-05   1.654006e-05   456
  2.515128e-01   3.202800e-04   8.997083e-05   1.711679e-05   552
  2.518153e-01   3.388029e-04   6.166608e-05   1.886033e-05   648
  2.522317e-01   3.383598e-04   1.005122e-04   1.335651e-05   840
  2.526384e-01   3.874042e-04   4.793217e-05   2.225517e-05   432
  2.530455e-01   3.277167e-04   5.870872e-05   1.791582e-05   600
  2.533287e-01   3.939626e-04   6.255029e-05   2.449250e-05   432
  2.538044e-01   3.662036e-04   6.227491e-05   1.822422e-05   560
  2.541265e-01   3.119975e-04   9.857465e-05   1.425212e-05   840
  2.545299e-01   3.766270e-04   5.838720e-05   2.091392e-05   504
  2.548502e-01   3.091260e-04   1.191648e-04   1.505428e-05   696
  2.553018e-01   3.748518e-04   6.508356e-05   2.351941e-05   384
  2.556535e-01   2.942026e-04   9.533975e-05   1.520167e-05   576
  2.560789e-01   3.132125e-04   5.883893e-05   2.166722e-05   360
  2.564218e-01   3.135788e-04   8.762544e-05   1.550236e-05   828
  2.567917e-01   3.144209e-04   7.804673e-05   1.879925e-05   372
  2.571307e-01   3.151520e-04   1.191923e-04   1.470518e-05   576
  2.575797e-01   3.320461e-04   4.991761e-05   1.593898e-05   636
  2.578996e-01   3.199451e-04   9.622826e-05   1.554535e-05   648
  2.583323e-01   3.108949e-04   7.822306e-05   1.648923e-05   576
  2.586430e-01   3.153030e-04   1.261820e-04   1.745860e-05   528
  2.590561e-01   3.182529e-04   5.394804e-05   2.146631e-05   360
  2.593981e-01   2.738394e-04   1.241007e-04   1.232475e-05   672
  2.598446e-01   3.212416e-04   6.356642e-05   1.543199e-05   804
  2.602163e-01   3.181123e-04   7.012137e-05   1.752921e-05   408
  2.606274e-01   3.025702e-04   4.334263e-05   1.762767e-05   384
  2.609042e-01   2.403000e-04   9.918459e-05   1.549164e-05   480
  2.612947e-01   2.729978e-04   6.408778e-05   1.568668e-05   432
  2.616692e-01   3.585423e-04   1.181001e-04   1.758530e-05   648
  2.621125e-01   3.150756e-04   7.328056e-05   1.585441e-05   624
  2.624367e-01   3.071940e-04   6.665485e-05   1.977174e-05   456
  2.628795e-01   2.783740e-04   9.105646e-05   1.778012e-05   588
  2.631762e-01   2.646202e-04   5.809364e-05   1.373109e-05   600
  2.636094e-01   2.705017e-04   9.061183e-05   1.164946e-05   708
  2.639516e-01   2.555625e-04   5.708370e-05   1.461803e-05   360
  2.643298e-01   3.173672e-04   6.561923e-05   1.772205e-05   552
  2.646923e-01   2.819095e-04   4.603344e-05   2.540543e-05   288
  2.650603e-01   2.458771e-04   8.655546e-05   1.361648e-05   528
  2.654060e-01   2.838628e-04   5.839431e-05   1.458184e-05   456
  2.657924e-01   2.853298e-04   1.035458e-04   1.532728e-05   608
  2.661809e-01   2.487749e-04   5.009661e-05   1.246251e-05   504
  2.666055e-01   2.033130e-04   1.075546e-04   1.111612e-05   540
  2.669384e-01   3.297856e-04   1.154568e-04   2.184157e-05   360
  2.672972e-01   3.334060e-04   5.228475e-05   1.716340e-05   540
  2.676146e-01   2.694611e-04   4.489266e-05   1.484943e-05   576
  2.680762e-01   2.834863e-04   1.040909e-04   1.469250e-05   588
  2.685150e-01   2.828444e-04   1.436140e-04   1.519187e-05   672
  2.688920e-01   3.203865e-04   1.097654e-04   1.588328e-05   552
  2.691959e-01   2.058502e-04   1.098209e-04   1.785181e-05   144
  2.695837e-01   2.947861e-04   9.330411e-05   1.518691e-05   600
  2.699514e-01   2.226588e-04   1.169304e-04   1.241273e-05   504
  2.703595e-01   2.475188e-04   1.201111e-04   1.894087e-05   336
  2.707887e-01   2.526995e-04   1.350054e-04   1.254194e-05   600
  2.711731e-01   2.334914e-04   8.712810e-05   1.345425e-05   636
  2.715880e-01   2.789755e-04   7.005178e-05   2.439115e-05   384
  2.718789e-01   2.757074e-04   9.771396e-05   1.796045e-05   504
  2.722982e-01   2.331167e-04   4.100918e-05   1.843583e-05   240
  2.726291e-01   2.544284e-04   9.633639e-05   1.110445e-05   744
  2.730261e-01   2.320557e-04   6.578310e-05   1.225004e-05   648
  2.733790e-01   4.034306e-04   4.366878e-05   3.594637e-05   120
  2.737925e-01   2.050721e-04   6.859799e-05   9.569114e-06   564
  2.741050e-01   2.960064e-04   1.077373e-04   1.866090e-05   432
  2.745220e-01   2.134143e-04   8.362543e-05   1.379544e-05   480
  2.748361e-01   1.808540e-04   6.155045e-05   1.105629e-05   456
  2.752067e-01   2.469820e-04   1.018569e-04   1.547501e-05   444
  2.756274e-01   2.215004e-04   1.558464e-04   1.497882e-05   528
  2.759969e-01   2.713349e-04   1.157439e-04   2.481433e-05   264
  2.763555e-01   2.169871e-04   1.186203e-04   1.333962e-05   444
  2.768379e-01   2.421162e-04   1.299311e-04   1.145485e-05   696
  2.772383e-01   2.684875e-04   6.949148e-05   2.005575e-05   384
  2.775311e-01   2.102817e-04   8.780831e-05   1.213503e-05   432
  2.779866e-01   2.795201e-04   6.067143e-05   1.608746e-05   488
  2.782823e-01   2.580203e-04   9.143939e-05   1.459695e-05   480
  2.787111e-01   2.190783e-04   1.019738e-04   1.432498e-05   480
  2.790432e-01   1.899100e-04   4.278510e-05   1.364054e-05   240
  2.794202e-01   2.359965e-04   9.994261e-05   1.355925e-05   600
  2.797758e-01   1.788946e-04   8.708975e-05   1.376527e-05   288
  2.801544e-01   2.180227e-04   8.377397e-05   1.384395e-05   480
  2.805379e-01   1.886739e-04   1.490189e-04   1.205373e-05   504
  2.809155e-01   2.346688e-04   6.393839e-05   1.796627e-05   216
  2.813970e-01   2.180613e-04   1.046773e-04   1.406204e-05   504
  2.817720e-01   1.744349e-04   8.419242e-05   1.109982e-05   456
  2.821825e-01   2.772683e-04   4.828579e-05   1.750909e-05   384
  2.824544e-01   2.869127e-04   9.800271e-05   1.907440e-05   480
  2.828408e-01   1.750127e-04   8.605736e-05   1.213062e-05   504
  2.831988e-01   2.104729e-04   5.458940e-05   1.395147e-05   312
  2.835845e-01   2.215308e-04   8.796897e-05   1.483682e-05   492
  2.839260e-01   2.671273e-04   8.245044e-05   2.003568e-05   312
  2.843655e-01   1.980471e-04   1.339342e-04   1.047664e-05   576
  2.847524e-01   2.446733e-04   1.236321e-04   2.036154e-05   336
  2.850738e-01   1.410239e-04   9.519099e-05   1.230353e-05   240
  2.855192e-01   2.187180e-04   1.261991e-04   1.397889e-05   468
  2.859039e-01   2.044918e-04   7.901891e-05   1.872297e-05   192
  2.863065e-01   1.744417e-04   7.925442e-05   1.498426e-05   324
  2.866016e-01   2.038098e-04   5.752155e-05   1.092516e-05   600
  2.870037e-01   2.039937e-04   9.332283e-05   1.232684e-05   456
  2.873023e-01   2.143765e-04   4.197661e-05   1.715945e-05   336
  2.877972e-01   2.294622e-04   1.256898e-04   1.462741e-05   612
  2.881573e-01   1.805419e-04   1.054844e-04   3.245186e-05   144
  2.884978e-01   2.234985e-04   1.231274e-04   1.281589e-05   552
  2.889609e-01   1.214050e-04   4.848907e-05   7.958660e-06   264
  2.892225e-01   1.835526e-04   1.122646e-04   1.671429e-05   336
  2.896353e-01   1.567399e-04   7.418058e-05   1.010016e-05   384
  2.899932e-01   1.826121e-04   4.175634e-05   1.691092e-05   216
  2.903894e-01   1.340564e-04   8.853205e-05   9.639661e-06   344
  2.907507e-01   1.499812e-04   1.320940e-04   9.749618e-06   408
  2.911910e-01   1.700704e-04   1.015056e-04   1.633762e-05   264
  2.915811e-01   1.808779e-04   1.415038e-04   1.238539e-05   612
  2.919709e-01   2.535446e-04   7.282870e-05   1.912593e-05   408
  2.923718e-01   1.676686e-04   7.293338e-05   1.497878e-05   444
  2.926663e-01   3.246302e-04   4.079109e-05   3.038125e-05   120
  2.930609e-01   1.984892e-04   1.126983e-04   1.873999e-05   336
  2.933538e-01   1.605233e-04   3.916222e-05   1.320727e-05   288
  2.937496e-01   1.708851e-04   1.218735e-04   1.029816e-05   552
  2.942938e-01   2.285953e-04   6.525678e-09   3.325945e-05   72
  2.945736e-01   1.709716e-04   1.210514e-04   1.147612e-05   504
  2.949004e-01   8.729881e-05   3.895317e-05   7.674629e-06   216
  2.953239e-01   1.313186e-04   6.954821e-05   1.058365e-05   312
  2.957040e-01   1.223171e-04   7.919158e-05   1.014009e-05   336
  2.960663e-01   1.058278e-04   1.097684e-04   1.078778e-05   204
  2.964271e-01   2.486623e-04   1.275676e-04   2.056493e-05   504
  2.968098e-01   2.106124e-04   1.214810e-04   1.568032e-05   396
  2.971778e-01   1.621702e-04   1.114044e-04   1.532707e-05   312
  2.976240e-01   2.555620e-04   6.808000e-05   2.744046e-05   216
  2.979383e-01   1.567163e-04   3.694832e-05   1.616016e-05   168
  2.983203e-01   1.537914e-04   9.329657e-05   9.845336e-06   588
  2.987563e-01   1.142095e-04   1.266392e-04   1.459198e-05   240
  2.990950e-01   1.078612e-04   1.118436e-04   9.505922e-06   264
  2.994922e-01   1.379010e-04   1.383176e-04   1.204158e-05   288
  2.998446e-01   1.415368e-04   6.907007e-05   1.373465e-05   288
  3.002913e-01   1.159461e-04   6.486779e-05   9.647864e-06   288
  3.005921e-01   1.211368e-04   7.514392e-05   1.204281e-05   192
  3.009705e-01   8.092132e-05   7.996067e-05   6.918829e-06   264
  3.013310e-01   2.311458e-04   1.315242e-04   1.725764e-05   372
  3.017189e-01   2.531753e-04   1.420518e-04   2.228246e-05   360
  3.021924e-01   2.244757e-04   6.011768e-05   3.326373e-05   144
  3.024371e-01   1.343498e-04   8.350082e-05   1.413970e-05   296
  3.028234e-01   1.368095e-04   8.996782e-05   1.309901e-05   288
  3.032657e-01   1.467134e-04   1.344546e-04   1.086872e-05   480
  3.036471e-01   1.172083e-04   1.117190e-04   1.898546e-05   192
  3.040181e-01   1.783789e-04   1.198338e-04   2.008447e-05   192
  3.043553e-01   1.249417e-04   7.637151e-05   1.167148e-05   288
  3.048242e-01   5.872436e-05   6.648036e-05   7.440904e-06   108
  3.050604e-01   1.232186e-04   6.391272e-05   1.320766e-05   240
  3.054775e-01   9.420593e-05   1.192307e-04   9.887878e-06   384
  3.059059e-01   1.358287e-04   1.454479e-04   1.641252e-05   108
  3.062848e-01   1.824725e-04   8.527881e-05   1.295918e-05   348
  3.066832e-01   1.203042e-04   8.900031e-05   1.447993e-05   312
  3.070391e-01   1.273323e-04   8.648246e-05   2.763047e-05   96
  3.073663e-01   1.143518e-04   1.151358e-04   9.919485e-06   384
  3.077328e-01   1.279473e-04   7.919012e-05   1.301770e-05   144
  3.080912e-01   1.308021e-04   1.216791e-04   1.081198e-05   408
  3.085368e-01   5.751892e-05   5.427748e-05   9.008290e-06   144
  3.089578e-01   1.199581e-04   1.043490e-04   1.515025e-05   192
  3.092074e-01   1.499218e-04   1.174468e-04   1.431199e-05   144
  3.096144e-01   7.358496e-05   9.548855e-05   8.510832e-06   144
  3.099983e-01   1.222550e-04   1.167025e-04   1.189747e-05   336
  3.104685e-01   6.257461e-05   8.634502e-05   5.370752e-06   240
  3.107666e-01   7.979779e-05   3.920851e-05   1.235721e-05   96
  3.111825e-01   1.476000e-04   1.149797e-04   1.514955e-05   372
  3.116031e-01   1.115776e-04   1.367659e-04   1.812943e-05   132
  3.119726e-01   6.788659e-05   8.462908e-05   5.471906e-06   264
  3.123032e-01   1.519613e-04   6.499128e-05   2.042590e-05   168
  3.126560e-01   1.200389e-04   1.039086e-04   1.093385e-05   216
  3.129676e-01   1.047291e-04   6.357256e-05   1.632777e-05   216
  3.134215e-01   4.036862e-05   1.166292e-04   3.908617e-06   96
  3.138333e-01   1.434280e-04   7.608990e-05   2.297044e-05   120
  3.142110e-01   8.408203e-05   9.673168e-05   9.272659e-06   216
  3.145221e-01   6.773901e-05   4.227207e-05   6.933910e-06   200
  3.149340e-01   9.820308e-05   1.094242e-04   1.297856e-05   288
  3.154623e-01   3.429364e-05   2.879164e-05   2.936228e-06   144
  3.156848e-01   1.139309e-04   8.959781e-05   1.717676e-05   168
  3.161391e-01   1.234211e-04   1.008340e-04   2.300344e-05   159
  3.164937e-01   6.241288e-05   1.057991e-04   5.705589e-06   174
  3.168369e-01   6.100403e-05   9.593494e-05   6.043401e-06   144
  3.172863e-01   1.032213e-04   5.539549e-05   1.063932e-05   222
  3.175869e-01   6.326103e-05   5.589895e-05   6.427644e-06   168
  3.181060e-01   1.218839e-04   1.226079e-04   2.320359e-05   30
  3.183205e-01   2.670189e-05   1.082537e-04   3.801130e-06   72
  3.187244e-01   6.014618e-05   9.661517e-05   6.842193e-06   258
  3.191684e-01   5.599763e-05   6.051257e-05   5.612164e-06   264
  3.193905e-01   7.172401e-05   0.000000e+00   1.218573e-05   72
  3.198532e-01   3.676362e-05   1.199385e-04   3.546850e-06   174
  3.202721e-01   7.442995e-05   1.277123e-04   1.054695e-05   168
  3.206090e-01   2.499034e-05   3.996146e-09   3.738332e-06   48
  3.209705e-01   4.382661e-05   7.212215e-05   5.254925e-06   150
  3.213898e-01   7.854730e-05   1.326739e-04   6.944809e-06   168
  3.218102e-01   4.340102e-05   8.081877e-05   4.661677e-06   144
  3.221967e-01   9.657172e-05   7.550312e-05   1.450708e-05   102
  3.224847e-01   2.410631e-05   1.117576e-04   2.423104e-06   96
  3.229415e-01   1.923847e-05   1.109119e-04   1.724552e-06   120
  3.232799e-01   2.074358e-05   1.189559e-04   1.483618e-06   168
  3.236458e-01   8.190012e-05   8.783953e-05   7.180662e-06   126
  3.239576e-01   5.187525e-05   6.624856e-05   6.885583e-06   168
  3.243872e-01   3.838864e-05   1.062297e-04   4.854962e-06   72
  3.247626e-01   2.541125e-05   1.330232e-04   2.105966e-06   168
  3.250914e-01   7.525331e-05   3.646820e-05   1.849966e-05   78
  3.255420e-01   2.674855e-05   5.987806e-05   4.358423e-06   60
  3.259049e-01   7.836453e-05   9.713191e-05   1.339070e-05   96
  3.262812e-01   3.387656e-05   1.178615e-04   2.905331e-06   168
  3.266349e-01   3.057029e-05   7.457817e-05   4.937819e-06   86
  3.270060e-01   2.186692e-05   6.665520e-05   2.307370e-06   120
  3.275378e-01   1.987082e-05   4.753401e-05   1.825777e-06   168
  3.278247e-01   1.482593e-05   0.000000e+00   2.844112e-06   48
  3.282110e-01   4.611021e-05   8.660181e-05   5.048691e-06   120
  3.284330e-01   3.563265e-05   6.317951e-05   5.340270e-06   126
  3.289749e-01   2.656007e-05   1.111151e-04   3.786473e-06   96
  3.293266e-01   3.024080e-05   3.204012e-05   3.192439e-06   96
  3.296039e-01   2.254399e-05   0.000000e+00   2.226506e-06   72
  3.301949e-01   2.630821e-05   3.996146e-09   3.710328e-06   24
  3.305637e-01   3.518230e-05   6.593782e-05   4.090869e-06   120
  3.308514e-01   3.359086e-05   9.618300e-05   4.444851e-06   126
  3.311713e-01   2.514195e-05   8.018157e-05   2.577662e-06   96
  3.315452e-01   1.576549e-05   1.385771e-04   1.975900e-06   72
  3.319614e-01   2.244665e-05   5.993927e-05   2.078656e-06   144
  3.323038e-01   1.803821e-05   3.457157e-05   2.313759e-06   72
  3.326459e-01   3.111792e-05   6.905176e-05   5.311739e-06   54
  3.329469e-01   3.025854e-05   6.085106e-05   3.134770e-06   108
  3.335726e-01   3.458114e-05   5.964977e-05   3.645236e-06   72
  3.337673e-01   1.957518e-05   3.441997e-05   2.238187e-06   72
  3.342294e-01   1.550701e-05   6.921527e-09   3.202344e-06   24
  3.346666e-01   1.080426e-05   7.281693e-05   2.016442e-06   48
  3.349321e-01   2.879033e-05   5.546771e-05   3.492877e-06   102
  3.353317e-01   1.873137e-05   1.254449e-04   1.726979e-06   168
  3.358538e-01   1.776052e-05   6.841470e-05   2.262006e-06   72
  3.360473e-01   2.018516e-05   0.000000e+00   2.395415e-06   48
  3.364531e-01   2.340512e-05   1.176775e-04   3.176150e-06   120
  3.369887e-01   1.998750e-05   7.231517e-05   2.568185e-06   96
  3.374945e-01   5.075660e-05   7.830814e-09   1.388770e-05   30
  3.380957e-01   2.775735e-05   3.397687e-05   4.013838e-06   72
  3.383599e-01   1.829358e-05   3.996146e-09   2.833917e-06   24
  3.386992e-01   1.484273e-05   5.036212e-05   1.664337e-06   56
  3.390793e-01   1.669973e-05   7.186930e-05   1.782148e-06   96
  3.395342e-01   1.904192e-05   7.936128e-05   1.852782e-06   144
  3.398849e-01   2.533053e-05   4.505822e-05   4.090306e-06   54
  3.403944e-01   1.705590e-05   6.750198e-05   1.772344e-06   108
  3.409071e-01   3.715989e-05   3.574199e-05   6.345843e-06   48
  3.413952e-01   1.575423e-05   1.345800e-04   1.633378e-06   72
  3.425664e-01   3.155984e-05   8.891744e-05   3.466426e-06   78
  3.428909e-01   1.241391e-05   6.701044e-05   1.445719e-06   72
  3.432698e-01   1.810696e-05   6.692725e-05   2.319465e-06   72
  3.436659e-01   1.719066e-05   1.615028e-04   2.313231e-06   96
  3.439790e-01   1.956446e-05   6.678928e-05   1.993886e-06   72
  3.443566e-01   3.023776e-05   0.000000e+00   6.628346e-06   24
  3.447338e-01   1.604032e-05   1.332770e-04   1.933807e-06   72
  3.455858e-01   1.918914e-05   8.463498e-05   2.504482e-06   30
  3.457691e-01   2.122653e-05   0.000000e+00   5.093500e-06   24
  3.467544e-01   1.236203e-05   7.027855e-05   2.050013e-06   48
  3.470634e-01   1.597652e-05   1.512394e-04   1.425335e-06   120
  3.474798e-01   1.933419e-05   6.612537e-05   2.054490e-06   72
  3.479003e-01   1.544436e-05   6.604543e-05   3.273422e-06   36
  3.481894e-01   1.646267e-05   1.305365e-04   2.065182e-06   78
  3.489960e-01   1.904732e-05   6.982714e-05   3.102192e-06   48
  3.500419e-01   2.632483e-05   5.651403e-09   5.369686e-06   24
  3.507870e-01   9.590657e-06   4.862619e-05   1.221982e-06   56
  3.511622e-01   1.086508e-05   7.482652e-05   1.039725e-06   102
  3.516395e-01   1.778075e-05   5.328194e-09   2.532425e-06   72
  3.519166e-01   1.472702e-05   0.000000e+00   3.175815e-06   24
  3.524009e-01   1.247859e-05   6.915246e-05   2.080334e-06   48
  3.532988e-01   2.132168e-05   0.000000e+00   3.688098e-06   24
  3.544007e-01   9.294830e-06   0.000000e+00   2.866423e-06   6
  3.547443e-01   7.126847e-06   0.000000e+00   1.250669e-06   24
  3.549732e-01   1.139485e-05   6.472929e-05   1.683225e-06   72
  3.553914e-01   1.782395e-05   1.207586e-04   1.862949e-06   84
  3.558418e-01   1.365752e-05   0.000000e+00   2.511518e-06   24
  3.559787e-01   1.092640e-05   5.651403e-09   1.702491e-06   24
  3.566626e-01   1.333991e-05   3.996146e-09   2.438466e-06   24
  3.576179e-01   7.957266e-06   0.000000e+00   2.848017e-06   6
  3.588424e-01   1.224871e-05   6.791113e-05   2.183041e-06   48
  3.591365e-01   1.230271e-05   1.279335e-04   2.011961e-06   72
  3.595209e-01   1.237947e-05   6.778297e-05   1.924693e-06   48
  3.601304e-01   1.348883e-05   0.000000e+00   5.388001e-06   24
  3.609415e-01   1.916760e-06   3.996146e-09   3.687759e-07   6
  3.627599e-01   2.107366e-05   0.000000e+00   7.051734e-06   8
  3.628942e-01   1.444839e-05   3.996146e-09   1.949888e-06   48
  3.632164e-01   1.547742e-05   6.573533e-05   1.992119e-06   60
  3.636991e-01   2.143243e-05   0.000000e+00   3.686547e-06   24
  3.643686e-01   8.455245e-06   0.000000e+00   2.635108e-06   6
  3.668348e-01   1.775000e-05   0.000000e+00   4.601592e-06   24
  3.670341e-01   1.411865e-05   6.639546e-05   2.498001e-06   48
  3.673659e-01   1.103041e-05   0.000000e+00   2.811740e-06   24
  3.678962e-01   9.576980e-06   3.996146e-09   6.536584e-07   6
  3.709088e-01   1.562204e-05   6.194064e-05   2.558055e-06   36
  3.711278e-01   1.571477e-05   0.000000e+00   3.997084e-06   24
  3.715215e-01   1.388753e-05   0.000000e+00   5.736809e-06   6
  3.749494e-01   1.748839e-05   5.629118e-05   3.514467e-06   32
  3.752417e-01   1.918593e-05   3.996146e-09   7.927892e-06   6
  3.789254e-01   2.463410e-05   0.000000e+00   8.194802e-06   12
  3.790540e-01   1.394766e-05   0.000000e+00   1.343492e-06   6
  3.829556e-01   1.353796e-05   5.651403e-09   3.420332e-06   6
