# power spectrum of delta for linear fields (CLASS)
# redshift z=50.000000
# k              Pk             sigma(k)       sigma(Pk)      count
  6.981317e-03   1.777797e-10   0.000000e+00   7.463083e-11   6
  9.873073e-03   2.922372e-10   0.000000e+00   6.118996e-11   12
  1.209200e-02   4.242041e-10   1.324548e-10   9.081019e-11   8
  1.396263e-02   2.281601e-09   0.000000e+00   2.586898e-10   6
  1.561070e-02   2.315858e-09   0.000000e+00   7.786657e-10   24
  1.710066e-02   4.513886e-09   2.497591e-10   8.026300e-10   24
  1.974615e-02   3.278628e-09   0.000000e+00   1.558847e-09   12
  2.094395e-02   4.645415e-09   2.825702e-10   9.042181e-10   30
  2.207686e-02   6.934401e-09   0.000000e+00   1.615153e-09   24
  2.315441e-02   7.424010e-09   4.325955e-10   1.945349e-09   24
  2.418399e-02   1.002636e-08   2.649095e-10   2.148732e-09   8
  2.517150e-02   9.692945e-09   3.532127e-10   1.273311e-09   24
  2.612170e-02   1.030794e-08   0.000000e+00   1.531843e-09   48
  2.792527e-02   1.517104e-08   0.000000e+00   7.055238e-09   6
  2.878471e-02   1.341752e-08   4.995182e-10   1.992907e-09   48
  2.961922e-02   1.365409e-08   0.000000e+00   1.502128e-09   36
  3.043086e-02   2.145641e-08   3.532127e-10   4.746482e-09   24
  3.122140e-02   1.367840e-08   0.000000e+00   2.491258e-09   24
  3.199241e-02   1.325748e-08   0.000000e+00   1.907411e-09   48
  3.274528e-02   2.219724e-08   4.995182e-10   3.342963e-09   24
  3.420133e-02   2.034742e-08   4.995182e-10   3.386662e-09   24
  3.490659e-02   1.485647e-08   0.000000e+00   2.573149e-09   30
  3.559787e-02   1.690511e-08   0.000000e+00   1.975784e-09   72
  3.627599e-02   1.752546e-08   5.298191e-10   3.775681e-09   32
  3.759554e-02   2.633029e-08   0.000000e+00   3.232007e-09   72
  3.823825e-02   1.694696e-08   0.000000e+00   2.622039e-09   48
  3.949229e-02   1.003996e-08   0.000000e+00   3.160735e-09   12
  4.010461e-02   2.089551e-08   0.000000e+00   3.316923e-09   48
  4.070772e-02   1.941618e-08   0.000000e+00   2.045623e-09   48
  4.130203e-02   2.704957e-08   4.995182e-10   3.611570e-09   48
  4.188790e-02   3.411002e-08   5.651403e-10   6.328777e-09   30
  4.246569e-02   3.158273e-08   4.995182e-10   7.518959e-09   24
  4.303573e-02   3.414720e-08   1.053077e-09   3.633996e-09   72
  4.415373e-02   2.202110e-08   0.000000e+00   4.424700e-09   24
  4.470224e-02   3.522838e-08   0.000000e+00   3.694834e-09   96
  4.524411e-02   2.830664e-08   0.000000e+00   3.979024e-09   48
  4.577956e-02   2.464907e-08   8.651909e-10   6.409480e-09   24
  4.630882e-02   1.857290e-08   8.651909e-10   4.037462e-09   24
  4.683210e-02   4.626406e-08   0.000000e+00   5.979298e-09   72
  4.734960e-02   3.592332e-08   0.000000e+00   5.854366e-09   48
  4.836798e-02   3.378332e-08   5.298191e-10   1.067647e-08   8
  4.886922e-02   5.125879e-08   6.279337e-10   6.476305e-09   54
  4.936537e-02   3.586501e-08   0.000000e+00   6.640921e-09   84
  4.985658e-02   4.074948e-08   0.000000e+00   6.189264e-09   48
  5.034299e-02   2.621278e-08   7.064254e-10   4.950848e-09   24
  5.082475e-02   3.603256e-08   6.660243e-10   4.527057e-09   72
  5.130199e-02   4.899221e-08   0.000000e+00   5.904909e-09   96
  5.224339e-02   7.106618e-08   0.000000e+00   8.207072e-09   48
  5.270779e-02   4.006341e-08   0.000000e+00   3.975165e-09   48
  5.316813e-02   3.581287e-08   7.064254e-10   7.378046e-09   24
  5.362451e-02   4.197383e-08   0.000000e+00   4.785385e-09   72
  5.452583e-02   4.621034e-08   6.660243e-10   5.791121e-09   72
  5.497095e-02   4.627132e-08   0.000000e+00   5.585063e-09   96
  5.585054e-02   6.697234e-08   0.000000e+00   3.116850e-08   6
  5.628518e-02   5.673938e-08   0.000000e+00   5.817087e-09   96
  5.671649e-02   5.976060e-08   7.064254e-10   6.763723e-09   96
  5.714454e-02   4.124523e-08   0.000000e+00   1.038534e-08   24
  5.756941e-02   4.692992e-08   9.990364e-10   6.192108e-09   48
  5.799117e-02   4.844996e-08   0.000000e+00   5.186220e-09   96
  5.840989e-02   5.797180e-08   0.000000e+00   8.270342e-09   48
  5.923844e-02   5.374817e-08   0.000000e+00   1.068203e-08   36
  5.964840e-02   5.529590e-08   1.223565e-09   7.394072e-09   48
  6.005556e-02   6.257355e-08   1.384305e-09   5.948779e-09   120
  6.045998e-02   5.735859e-08   0.000000e+00   8.021043e-09   56
  6.086171e-02   3.291112e-08   7.064254e-10   6.099113e-09   24
  6.126081e-02   4.869145e-08   0.000000e+00   4.588658e-09   96
  6.165732e-02   5.268802e-08   0.000000e+00   7.200995e-09   48
  6.244280e-02   6.659786e-08   0.000000e+00   1.308420e-08   24
  6.283185e-02   7.413919e-08   0.000000e+00   7.856932e-09   102
  6.321851e-02   7.797875e-08   0.000000e+00   1.245063e-08   48
  6.360282e-02   7.304301e-08   0.000000e+00   7.708164e-09   72
  6.398483e-02   6.791851e-08   0.000000e+00   7.266653e-09   48
  6.436456e-02   7.420884e-08   0.000000e+00   1.456277e-08   48
  6.474207e-02   6.465677e-08   1.598458e-09   6.018884e-09   120
  6.549056e-02   1.065346e-07   9.990364e-10   1.888873e-08   24
  6.586161e-02   6.276537e-08   9.419006e-10   5.593489e-09   144
  6.623059e-02   6.567038e-08   1.130281e-09   6.687899e-09   120
  6.659752e-02   5.197968e-08   9.990364e-10   7.714773e-09   48
  6.732538e-02   8.094676e-08   9.990364e-10   1.143488e-08   48
  6.768638e-02   6.717084e-08   9.990364e-10   7.424817e-09   96
  6.863955e-02   9.329733e-08   1.675093e-04   1.214434e-08   72
  6.911151e-02   7.010184e-08   1.255867e-09   5.669987e-09   108
  6.946323e-02   8.449990e-08   0.000000e+00   9.590577e-09   72
  6.981317e-02   5.204394e-08   0.000000e+00   1.025384e-08   30
  7.016137e-02   8.892228e-08   0.000000e+00   7.484656e-09   168
  7.050785e-02   8.902817e-08   0.000000e+00   1.029262e-08   48
  7.119574e-02   6.322134e-08   0.000000e+00   7.847912e-09   72
  7.153721e-02   8.406337e-08   0.000000e+00   8.582463e-09   96
  7.187706e-02   8.366122e-08   1.883801e-09   1.361286e-08   72
  7.221530e-02   9.966570e-08   0.000000e+00   1.119388e-08   72
  7.278398e-02   9.117207e-08   1.546684e-04   7.087550e-09   104
  7.322067e-02   8.845179e-08   1.332049e-09   6.833493e-09   144
  7.421242e-02   6.410089e-08   2.233913e-09   6.378618e-09   96
  7.454007e-02   7.166565e-08   0.000000e+00   7.844920e-09   96
  7.506116e-02   9.937894e-08   1.591194e-04   9.761161e-09   120
  7.551449e-02   8.424216e-08   0.000000e+00   8.117525e-09   120
  7.583651e-02   1.022031e-07   0.000000e+00   1.173481e-08   72
  7.647650e-02   1.041816e-07   0.000000e+00   1.461706e-08   48
  7.679449e-02   1.127247e-07   1.505926e-09   1.362456e-08   78
  7.720128e-02   1.186590e-07   1.424762e-04   9.951947e-09   168
  7.805350e-02   1.126518e-07   1.332049e-09   1.031001e-08   144
  7.836509e-02   1.173807e-07   1.332049e-09   8.870954e-09   144
  7.926883e-02   1.092098e-07   8.205478e-05   9.843110e-09   156
  7.959926e-02   8.042296e-08   1.730382e-09   1.587176e-08   48
  7.990483e-02   1.007445e-07   1.130281e-09   1.046838e-08   120
  8.020923e-02   7.304009e-08   0.000000e+00   8.146546e-09   48
  8.074745e-02   1.106266e-07   1.255998e-04   7.960084e-09   216
  8.141545e-02   1.003828e-07   0.000000e+00   1.313051e-08   48
  8.171422e-02   9.324105e-08   9.990364e-10   8.688114e-09   96
  8.213902e-02   1.079693e-07   1.467830e-04   1.002185e-08   168
  8.260406e-02   8.780095e-08   9.990364e-10   1.330280e-08   48
  8.289855e-02   1.167571e-07   0.000000e+00   1.234177e-08   96
  8.319199e-02   1.138579e-07   0.000000e+00   2.195308e-08   48
  8.377580e-02   1.344094e-07   1.130281e-09   1.418589e-08   30
  8.406619e-02   8.591500e-08   9.990364e-10   7.389804e-09   96
  8.441325e-02   1.071913e-07   1.153584e-04   7.713724e-09   240
  8.485953e-02   1.496892e-07   1.244551e-04   2.186868e-08   32
  8.521783e-02   8.590150e-08   0.000000e+00   6.742938e-09   168
  8.550332e-02   1.028293e-07   0.000000e+00   1.067679e-08   120
  8.607146e-02   8.273128e-08   2.106154e-09   9.848087e-09   72
  8.635412e-02   1.361443e-07   1.332049e-09   1.324711e-08   144
  8.663587e-02   9.834875e-08   0.000000e+00   1.065960e-08   96
  8.691670e-02   1.310492e-07   0.000000e+00   1.111198e-08   96
  8.747565e-02   1.301466e-07   1.631420e-09   1.662355e-08   72
  8.775379e-02   1.103550e-07   1.412851e-09   1.132655e-08   96
  8.830745e-02   1.084646e-07   0.000000e+00   2.115613e-08   24
  8.858298e-02   1.271152e-07   0.000000e+00   9.938632e-09   192
  8.890745e-02   1.215336e-07   1.056148e-04   9.495919e-09   132
  8.940448e-02   1.318750e-07   0.000000e+00   1.262797e-08   96
  8.967664e-02   9.724802e-08   0.000000e+00   1.038255e-08   96
  8.994798e-02   1.283832e-07   1.130281e-09   1.159026e-08   120
  9.048821e-02   1.375475e-07   0.000000e+00   2.001239e-08   48
  9.093103e-02   8.980917e-08   1.279966e-04   6.234810e-09   222
  9.129257e-02   1.177433e-07   0.000000e+00   1.180766e-08   120
  9.155911e-02   1.329249e-07   1.730382e-09   2.836915e-08   24
  9.194720e-02   1.402927e-07   1.321111e-04   7.849741e-09   312
  9.279280e-02   1.580484e-07   1.238595e-04   1.868103e-08   72
  9.314239e-02   1.111007e-07   9.990364e-10   1.586664e-08   96
  9.350136e-02   1.364788e-07   1.261337e-04   1.092374e-08   192
  9.392401e-02   1.293356e-07   1.598458e-09   1.389455e-08   120
  9.418312e-02   1.297133e-07   0.000000e+00   1.411280e-08   144
  9.469919e-02   1.172898e-07   0.000000e+00   1.779220e-08   48
  9.506602e-02   1.174999e-07   1.268319e-04   7.253125e-09   336
  9.546807e-02   1.344536e-07   0.000000e+00   1.948396e-08   48
  9.597724e-02   1.230943e-07   0.000000e+00   1.140266e-08   192
  9.623081e-02   1.342395e-07   0.000000e+00   1.737425e-08   48
  9.695161e-02   1.367166e-07   8.803796e-05   1.754766e-08   56
  9.731001e-02   1.342100e-07   1.130706e-04   7.857196e-09   336
  9.773844e-02   1.349594e-07   1.255867e-09   2.035182e-08   54
  9.811165e-02   1.238241e-07   1.241922e-04   8.054121e-09   240
  9.888643e-02   1.272486e-07   1.189150e-04   1.000078e-08   228
  9.922316e-02   1.529404e-07   1.332049e-09   2.068867e-08   72
  9.955002e-02   1.528526e-07   1.153504e-04   1.203196e-08   144
  9.995725e-02   1.254428e-07   0.000000e+00   1.296515e-08   96
  1.002007e-01   1.304416e-07   1.598458e-09   8.663638e-09   240
  1.006860e-01   1.195975e-07   1.412851e-09   2.434036e-08   24
  1.009966e-01   1.416109e-07   1.089476e-04   8.936865e-09   336
  1.014095e-01   1.353289e-07   0.000000e+00   1.687032e-08   72
  1.017863e-01   1.626363e-07   1.185007e-04   1.242855e-08   168
  1.021279e-01   1.079965e-07   0.000000e+00   1.012251e-08   72
  1.026040e-01   1.687901e-07   0.000000e+00   1.638723e-08   96
  1.029727e-01   1.459588e-07   1.176117e-04   1.100338e-08   216
  1.033141e-01   1.111498e-07   1.412851e-09   8.761191e-09   96
  1.037847e-01   1.373496e-07   0.000000e+00   9.788258e-09   192
  1.040193e-01   1.355775e-07   1.332049e-09   1.119898e-08   144
  1.044868e-01   1.459857e-07   0.000000e+00   2.002272e-08   48
  1.048105e-01   1.521070e-07   1.133915e-04   1.093827e-08   246
  1.052503e-01   1.887358e-07   1.045488e-04   1.547763e-08   168
  1.056465e-01   1.495573e-07   1.957704e-09   1.581530e-08   120
  1.058769e-01   1.256731e-07   0.000000e+00   9.096316e-09   240
  1.063363e-01   9.047737e-08   1.412851e-09   1.946359e-08   24
  1.067022e-01   1.474594e-07   1.119102e-04   9.759441e-09   360
  1.071580e-01   1.390345e-07   1.114340e-04   1.095697e-08   120
  1.074760e-01   1.654710e-07   0.000000e+00   1.407512e-08   144
  1.077025e-01   1.633739e-07   0.000000e+00   1.527190e-08   96
  1.083792e-01   1.597927e-07   0.000000e+00   1.359256e-08   144
  1.086038e-01   1.725808e-07   0.000000e+00   1.560851e-08   132
  1.089195e-01   1.584027e-07   1.099837e-04   1.229226e-08   176
  1.093777e-01   1.589126e-07   1.110614e-04   8.550969e-09   312
  1.099419e-01   2.291947e-07   0.000000e+00   3.693583e-08   96
  1.101633e-01   1.559242e-07   0.000000e+00   1.441004e-08   144
  1.105031e-01   1.657520e-07   1.099474e-04   9.740652e-09   312
  1.110446e-01   1.981061e-07   0.000000e+00   2.080189e-08   48
  1.112639e-01   1.488127e-07   1.412851e-09   1.175903e-08   192
  1.117011e-01   5.020741e-08   0.000000e+00   1.638968e-08   6
  1.119915e-01   1.463787e-07   1.025446e-04   8.548646e-09   288
  1.124620e-01   1.437922e-07   1.083450e-04   1.080499e-08   192
  1.127866e-01   1.388881e-07   3.322713e-09   9.416188e-09   216
  1.130025e-01   1.760717e-07   0.000000e+00   2.530840e-08   72
  1.135403e-01   1.466317e-07   1.073161e-04   1.199367e-08   192
  1.138975e-01   1.939283e-07   7.968796e-05   1.213654e-08   288
  1.142891e-01   1.689079e-07   0.000000e+00   3.453899e-08   24
  1.145916e-01   1.834840e-07   1.049823e-04   8.399168e-09   456
  1.151388e-01   1.190491e-07   1.998073e-09   1.854086e-08   48
  1.154769e-01   1.722353e-07   1.034033e-04   1.335670e-08   240
  1.158655e-01   1.959074e-07   1.045007e-04   1.320655e-08   216
  1.161923e-01   1.561322e-07   0.000000e+00   2.028407e-08   72
  1.164018e-01   1.633246e-07   3.610549e-09   1.364318e-08   168
  1.169935e-01   1.940821e-07   7.767385e-05   1.245607e-08   288
  1.173253e-01   1.920241e-07   1.027758e-04   1.394283e-08   168
  1.178582e-01   2.217469e-07   0.000000e+00   1.623872e-08   192
  1.180648e-01   1.791259e-07   1.332049e-09   1.347745e-08   144
  1.184769e-01   2.240346e-07   0.000000e+00   2.947512e-08   36
  1.188264e-01   1.535894e-07   9.385617e-05   8.323261e-09   342
  1.191605e-01   1.842493e-07   9.637890e-05   1.476651e-08   144
  1.195900e-01   1.782896e-07   1.010773e-04   9.702291e-09   384
  1.201111e-01   2.132899e-07   2.768611e-09   2.055798e-08   120
  1.203690e-01   2.159832e-07   9.013158e-05   1.417966e-08   264
  1.207183e-01   1.870376e-07   4.467827e-09   1.443659e-08   192
  1.210471e-01   2.084623e-07   9.713401e-05   1.684183e-08   152
  1.213224e-01   1.918898e-07   2.664097e-09   1.834762e-08   144
  1.219012e-01   1.642651e-07   6.286607e-05   1.270656e-08   216
  1.221692e-01   2.142121e-07   8.400585e-05   1.237864e-08   312
  1.226409e-01   1.875790e-07   9.736112e-05   1.104218e-08   240
  1.229188e-01   2.284346e-07   1.412851e-09   2.504259e-08   96
  1.234463e-01   2.107129e-07   9.308426e-05   1.797037e-08   144
  1.237714e-01   2.037988e-07   9.149363e-05   1.041143e-08   456
  1.242988e-01   1.664796e-07   0.000000e+00   1.151574e-08   120
  1.244947e-01   1.821725e-07   0.000000e+00   1.772209e-08   144
  1.248856e-01   1.381853e-07   0.000000e+00   2.418370e-08   24
  1.251362e-01   2.152489e-07   8.794658e-05   1.150654e-08   336
  1.255696e-01   2.043024e-07   9.699311e-05   1.700810e-08   198
  1.259757e-01   2.047659e-07   9.432023e-05   1.135020e-08   432
  1.264370e-01   2.160550e-07   0.000000e+00   2.326598e-08   48
  1.266777e-01   2.434891e-07   8.326844e-05   1.332104e-08   384
  1.271098e-01   2.367675e-07   9.585962e-05   2.062475e-08   144
  1.275013e-01   2.334524e-07   9.517601e-05   1.419245e-08   264
  1.279697e-01   1.902795e-07   0.000000e+00   1.936804e-08   48
  1.282839e-01   2.251266e-07   9.049683e-05   1.439783e-08   276
  1.285870e-01   2.018361e-07   8.203293e-05   1.758583e-08   192
  1.289922e-01   2.157932e-07   9.218697e-05   9.593344e-09   552
  1.294841e-01   1.537783e-07   3.196917e-09   1.428673e-08   120
  1.297765e-01   2.424192e-07   9.331596e-05   1.730526e-08   216
  1.300475e-01   2.155281e-07   1.598458e-09   1.789620e-08   120
  1.305316e-01   2.524012e-07   9.189333e-05   1.365446e-08   408
  1.309811e-01   2.370164e-07   1.998073e-09   3.360916e-08   24
  1.312599e-01   2.089066e-07   9.282881e-05   1.240096e-08   384
  1.316492e-01   2.094778e-07   9.069708e-05   1.533795e-08   240
  1.319872e-01   2.063929e-07   9.136125e-05   1.486327e-08   168
  1.324612e-01   1.878510e-07   2.260561e-09   1.925001e-08   120
  1.327667e-01   2.292497e-07   9.523931e-05   1.227246e-08   350
  1.332635e-01   2.303292e-07   1.567823e-04   1.275199e-08   384
  1.335605e-01   2.502969e-07   0.000000e+00   2.381339e-08   144
  1.341067e-01   2.020255e-07   3.767602e-09   1.240438e-08   288
  1.343919e-01   2.115407e-07   8.974411e-05   1.072101e-08   336
  1.347800e-01   2.598733e-07   8.170456e-05   2.016992e-08   168
  1.350122e-01   2.303373e-07   1.614687e-09   1.440910e-08   336
  1.354927e-01   2.092072e-07   8.480446e-05   1.359278e-08   288
  1.357812e-01   2.149492e-07   7.990748e-05   1.388029e-08   264
  1.362699e-01   2.371435e-07   0.000000e+00   1.560141e-08   240
  1.364486e-01   2.339224e-07   2.825702e-09   2.063732e-08   96
  1.370900e-01   2.579937e-07   1.086688e-04   1.383829e-08   360
  1.373893e-01   2.532103e-07   8.010757e-05   2.244560e-08   168
  1.377676e-01   2.482429e-07   8.732558e-05   1.157834e-08   456
  1.382230e-01   2.299053e-07   2.511735e-09   2.194076e-08   108
  1.384792e-01   2.431262e-07   8.761995e-05   1.855926e-08   264
  1.387988e-01   2.297220e-07   7.817127e-05   1.541915e-08   264
  1.392364e-01   2.642371e-07   7.376599e-05   1.693533e-08   312
  1.397814e-01   2.621242e-07   5.481617e-05   1.769255e-08   270
  1.400098e-01   2.409913e-07   6.959603e-05   1.745848e-08   240
  1.404204e-01   2.484741e-07   8.609907e-05   1.274554e-08   384
  1.406696e-01   2.150330e-07   0.000000e+00   1.519145e-08   192
  1.411539e-01   2.636962e-07   6.908303e-05   1.969816e-08   240
  1.414347e-01   2.478369e-07   8.525963e-05   1.401037e-08   336
  1.419630e-01   2.603889e-07   8.583011e-05   1.229169e-08   480
  1.423915e-01   2.631579e-07   0.000000e+00   3.263282e-08   72
  1.426309e-01   2.697198e-07   8.369217e-05   1.787477e-08   240
  1.429564e-01   2.416756e-07   7.865917e-05   1.493542e-08   312
  1.433297e-01   2.321616e-07   8.501169e-05   1.705592e-08   240
  1.438936e-01   2.574038e-07   6.458688e-05   1.322975e-08   408
  1.441169e-01   2.431994e-07   5.914602e-05   1.478645e-08   336
  1.445532e-01   2.586020e-07   7.510087e-05   1.953465e-08   264
  1.447677e-01   3.141949e-07   0.000000e+00   2.767241e-08   144
  1.453643e-01   2.591406e-07   1.040943e-04   1.298451e-08   464
  1.456786e-01   2.015160e-07   8.277629e-05   1.526408e-08   168
  1.459889e-01   3.243774e-07   7.539115e-05   1.817019e-08   336
  1.465498e-01   2.555085e-07   7.921315e-05   1.363824e-08   414
  1.468660e-01   2.866718e-07   8.245619e-05   1.902077e-08   216
  1.472710e-01   2.581619e-07   1.998073e-09   2.714772e-08   96
  1.474364e-01   2.561954e-07   5.994218e-09   1.224125e-08   384
  1.480158e-01   2.750401e-07   8.229688e-05   1.442218e-08   492
  1.483263e-01   2.165557e-07   8.047930e-05   1.392445e-08   240
  1.486772e-01   2.213010e-07   8.171468e-05   1.337034e-08   312
  1.491618e-01   2.747902e-07   8.168777e-05   2.296021e-08   192
  1.494688e-01   2.721214e-07   7.916535e-05   1.304850e-08   504
  1.498761e-01   2.615139e-07   5.240881e-05   1.393985e-08   408
  1.501968e-01   3.024034e-07   1.605609e-04   2.502251e-08   168
  1.505981e-01   2.414202e-07   7.626782e-05   1.633927e-08   288
  1.509348e-01   2.511388e-07   7.959200e-05   1.776931e-08   288
  1.512797e-01   2.754644e-07   8.005014e-05   1.424797e-08   432
  1.517801e-01   2.917347e-07   7.570076e-05   2.067869e-08   216
  1.520474e-01   2.712085e-07   7.554106e-05   1.363034e-08   360
  1.525234e-01   2.916518e-07   7.372735e-05   1.740549e-08   312
  1.529530e-01   3.110296e-07   0.000000e+00   5.205591e-08   48
  1.532006e-01   2.708750e-07   7.904634e-05   1.424156e-08   432
  1.536441e-01   2.560804e-07   1.318501e-04   1.264603e-08   414
  1.539060e-01   2.618905e-07   6.955573e-09   1.544055e-08   312
  1.543946e-01   2.870765e-07   1.156911e-04   1.279679e-08   528
  1.547243e-01   2.880774e-07   6.072803e-05   1.900881e-08   264
  1.551204e-01   2.631304e-07   7.200680e-05   1.376913e-08   480
  1.556380e-01   2.729432e-07   0.000000e+00   1.529685e-08   288
  1.558615e-01   2.860876e-07   7.736908e-05   2.475227e-08   168
  1.562704e-01   2.801604e-07   1.224750e-04   1.239744e-08   504
  1.567302e-01   3.053555e-07   2.664097e-09   2.303235e-08   144
  1.570194e-01   2.672767e-07   7.865832e-05   1.299243e-08   464
  1.574541e-01   2.424407e-07   1.154355e-04   1.203580e-08   432
  1.576603e-01   3.177279e-07   1.998073e-09   2.341930e-08   192
  1.581934e-01   2.611493e-07   8.557628e-05   1.232800e-08   396
  1.585082e-01   2.791702e-07   7.687110e-05   1.768910e-08   288
  1.588263e-01   2.857633e-07   7.593549e-05   1.649213e-08   336
  1.593345e-01   2.672766e-07   4.808388e-05   1.225786e-08   432
  1.596570e-01   2.886058e-07   1.246267e-04   1.501376e-08   360
  1.600192e-01   2.874545e-07   7.371853e-05   1.461094e-08   384
  1.605335e-01   2.424387e-07   6.507077e-05   1.976466e-08   198
  1.607813e-01   2.823568e-07   7.396430e-05   1.143528e-08   552
  1.612434e-01   2.353220e-07   1.035450e-04   1.312858e-08   432
  1.616292e-01   3.108708e-07   0.000000e+00   2.476903e-08   168
  1.619530e-01   2.870437e-07   1.283579e-04   1.354027e-08   480
  1.623813e-01   2.165026e-07   0.000000e+00   2.081656e-08   120
  1.625741e-01   2.674061e-07   1.048372e-04   1.702770e-08   336
  1.630445e-01   2.939924e-07   7.396097e-05   1.089318e-08   672
  1.635097e-01   2.921702e-07   1.075863e-04   1.397637e-08   528
  1.637264e-01   2.776048e-07   3.229373e-09   1.871042e-08   168
  1.642270e-01   2.907666e-07   1.200118e-04   1.348604e-08   456
  1.645324e-01   3.246158e-07   7.329223e-05   3.064246e-08   168
  1.648495e-01   2.989003e-07   7.316065e-05   1.535884e-08   504
  1.653766e-01   2.850729e-07   9.414654e-05   1.673657e-08   336
  1.656953e-01   3.240716e-07   6.786851e-05   1.891979e-08   312
  1.660489e-01   3.074770e-07   6.631214e-05   1.427819e-08   504
  1.665141e-01   2.950723e-07   4.600920e-05   1.323812e-08   432
  1.667329e-01   2.700172e-07   7.109945e-05   1.646979e-08   312
  1.671876e-01   2.852482e-07   7.288039e-05   1.385064e-08   384
  1.676624e-01   3.276801e-07   6.192036e-05   3.211016e-08   126
  1.679555e-01   2.999780e-07   1.087174e-04   1.585391e-08   492
  1.683299e-01   3.077733e-07   6.963360e-05   1.337951e-08   528
  1.687978e-01   2.926323e-07   7.073279e-05   1.339358e-08   480
  1.690879e-01   3.106998e-07   9.771696e-05   1.523231e-08   432
  1.695076e-01   3.289147e-07   7.684145e-05   1.573251e-08   440
  1.699951e-01   2.928474e-07   3.821294e-05   1.788223e-08   312
  1.701781e-01   3.223049e-07   5.726529e-05   1.860500e-08   480
  1.705533e-01   2.959022e-07   1.121243e-04   1.617400e-08   408
  1.711016e-01   2.998189e-07   6.714979e-05   1.576553e-08   360
  1.713332e-01   2.942375e-07   6.479710e-05   1.552380e-08   408
  1.717625e-01   2.987982e-07   6.593925e-05   1.432301e-08   456
  1.722458e-01   3.200039e-07   6.302169e-05   1.998083e-08   264
  1.725141e-01   2.939748e-07   6.839435e-05   1.667201e-08   384
  1.729046e-01   3.129137e-07   1.151467e-04   1.302858e-08   672
  1.733561e-01   3.034620e-07   6.887260e-05   2.097791e-08   240
  1.736166e-01   3.204569e-07   6.988846e-05   1.967573e-08   264
  1.739843e-01   2.815979e-07   8.619588e-05   1.284079e-08   624
  1.745329e-01   3.508829e-07   0.000000e+00   2.863263e-08   150
  1.747283e-01   3.329554e-07   9.658929e-05   1.546947e-08   600
  1.751402e-01   2.882954e-07   6.666345e-05   1.274973e-08   672
  1.756067e-01   3.189219e-07   6.270167e-05   1.965040e-08   336
  1.758666e-01   3.239406e-07   6.820115e-05   1.716534e-08   408
  1.762818e-01   3.040677e-07   6.804049e-05   1.585711e-08   408
  1.767436e-01   2.916456e-07   3.440492e-05   1.579766e-08   360
  1.770283e-01   3.304167e-07   1.263238e-04   1.628721e-08   456
  1.773722e-01   3.066618e-07   6.869566e-05   1.467784e-08   384
  1.778099e-01   3.713642e-07   6.341480e-05   1.969126e-08   348
  1.780464e-01   3.185823e-07   7.817791e-05   1.402898e-08   576
  1.784907e-01   3.316316e-07   6.436923e-05   1.619313e-08   504
  1.789452e-01   3.249991e-07   9.078907e-05   1.574786e-08   432
  1.793419e-01   3.009342e-07   1.235181e-04   1.266275e-08   576
  1.796248e-01   3.248321e-07   0.000000e+00   1.990793e-08   264
  1.800736e-01   3.311084e-07   9.828954e-05   1.211953e-08   768
  1.804640e-01   3.942493e-07   1.323290e-04   2.798209e-08   240
  1.807743e-01   3.184514e-07   1.167016e-04   2.579004e-08   192
  1.812263e-01   3.211559e-07   8.590664e-05   1.417779e-08   504
  1.815615e-01   3.040088e-07   1.157624e-04   1.325478e-08   590
  1.818830e-01   3.165576e-07   1.297055e-04   1.658764e-08   384
  1.822861e-01   3.356720e-07   1.083956e-04   1.595894e-08   504
  1.827729e-01   3.563763e-07   1.043140e-04   1.386239e-08   648
  1.832449e-01   3.426680e-07   2.833030e-05   1.578227e-08   504
  1.834353e-01   3.549926e-07   6.462673e-05   1.929412e-08   312
  1.837714e-01   3.102939e-07   9.311123e-05   1.245930e-08   576
  1.842327e-01   3.317757e-07   6.479663e-05   2.202958e-08   240
  1.845017e-01   3.260234e-07   6.547387e-05   1.402904e-08   552
  1.848823e-01   3.584354e-07   6.147846e-05   1.508666e-08   600
  1.854246e-01   3.366785e-07   7.509108e-05   1.298755e-08   600
  1.857506e-01   3.725886e-07   1.202524e-04   2.327050e-08   312
  1.860753e-01   3.661657e-07   1.047280e-04   1.700741e-08   480
  1.864809e-01   3.793956e-07   6.534019e-05   1.626461e-08   576
  1.868380e-01   3.644766e-07   1.052119e-04   1.949154e-08   408
  1.871548e-01   3.707044e-07   1.227345e-04   2.425384e-08   216
  1.875642e-01   3.104546e-07   9.400084e-05   1.473449e-08   516
  1.880028e-01   3.760680e-07   8.968636e-05   1.560788e-08   744
  1.884552e-01   3.525312e-07   5.990257e-05   1.719771e-08   462
  1.887109e-01   3.806456e-07   6.088230e-05   1.966338e-08   432
  1.891075e-01   3.844201e-07   5.648168e-05   1.442815e-08   648
  1.895737e-01   3.919317e-07   8.264320e-05   1.713059e-08   528
  1.899483e-01   3.357432e-07   9.952305e-05   1.485775e-08   600
  1.903225e-01   3.373621e-07   1.254725e-04   2.707241e-08   240
  1.906850e-01   3.484506e-07   9.611075e-05   1.338539e-08   720
  1.911062e-01   3.979912e-07   7.604100e-05   1.488360e-08   720
  1.915732e-01   3.285005e-07   0.000000e+00   2.561884e-08   144
  1.918190e-01   3.462822e-07   9.803961e-05   1.312255e-08   720
  1.921686e-01   4.254175e-07   5.878648e-05   2.457942e-08   384
  1.926063e-01   3.688240e-07   6.516793e-05   1.506577e-08   672
  1.930215e-01   3.746772e-07   1.141019e-04   2.075146e-08   336
  1.932199e-01   4.215695e-07   0.000000e+00   2.722570e-08   288
  1.937055e-01   3.670245e-07   9.030399e-05   1.352444e-08   776
  1.941551e-01   4.065708e-07   7.726878e-05   1.632722e-08   720
  1.945327e-01   3.926387e-07   6.224567e-05   2.150146e-08   432
  1.948347e-01   3.812564e-07   8.873905e-05   2.153858e-08   504
  1.951706e-01   3.627450e-07   6.217429e-05   1.702776e-08   528
  1.956407e-01   3.872597e-07   8.470885e-05   1.903272e-08   438
  1.960275e-01   3.528737e-07   9.859335e-05   1.504847e-08   624
  1.963189e-01   4.149754e-07   1.207635e-04   2.387984e-08   312
  1.967196e-01   3.909930e-07   6.506437e-05   1.483331e-08   696
  1.971339e-01   3.795845e-07   5.887146e-05   1.706518e-08   552
  1.975648e-01   3.559039e-07   4.554687e-05   1.542135e-08   516
  1.978313e-01   3.735848e-07   9.097645e-05   1.616514e-08   528
  1.981558e-01   3.777284e-07   5.916447e-05   1.857032e-08   528
  1.986168e-01   3.829561e-07   7.802593e-05   1.432412e-08   864
  1.989297e-01   3.443181e-07   1.068795e-04   1.698304e-08   408
  1.992429e-01   3.797689e-07   1.058911e-04   2.693079e-08   192
  1.996868e-01   3.970054e-07   8.762994e-05   1.542874e-08   720
  2.000615e-01   3.508680e-07   8.079911e-05   1.317389e-08   696
  2.005068e-01   3.976208e-07   8.726379e-05   1.513531e-08   720
  2.009142e-01   3.765100e-07   1.182756e-04   1.902270e-08   432
  2.011518e-01   3.549497e-07   6.962164e-05   2.290072e-08   264
  2.015793e-01   4.003323e-07   9.614441e-05   1.552721e-08   672
  2.019616e-01   3.949378e-07   9.843711e-05   1.660903e-08   600
  2.024154e-01   3.906263e-07   5.763483e-05   2.641764e-08   270
  2.026441e-01   3.905831e-07   8.675648e-05   1.837517e-08   528
  2.030077e-01   4.316597e-07   5.940776e-05   1.729036e-08   840
  2.035062e-01   4.064434e-07   1.135983e-04   1.490995e-08   888
  2.039669e-01   3.977720e-07   8.463909e-05   1.640650e-08   744
  2.043562e-01   4.379150e-07   4.349214e-05   2.287341e-08   456
  2.045498e-01   3.789237e-07   5.943469e-05   1.903581e-08   360
  2.048811e-01   3.941921e-07   5.149682e-05   1.957961e-08   384
  2.053895e-01   4.210568e-07   8.260041e-05   1.588286e-08   816
  2.057710e-01   4.211944e-07   1.198416e-04   1.499651e-08   824
  2.062346e-01   4.120109e-07   5.570811e-05   2.379986e-08   360
  2.064829e-01   4.682400e-07   8.220424e-05   2.026451e-08   624
  2.068246e-01   3.657077e-07   5.554917e-05   1.892840e-08   360
  2.072798e-01   4.175945e-07   7.556319e-05   1.461053e-08   876
  2.076909e-01   3.934202e-07   8.974647e-05   1.716812e-08   696
  2.081055e-01   4.455672e-07   5.795238e-05   2.531050e-08   336
  2.083228e-01   4.433428e-07   5.788726e-05   2.181508e-08   504
  2.086818e-01   4.149981e-07   5.838888e-05   1.598151e-08   672
  2.092144e-01   3.905161e-07   1.162387e-04   1.533221e-08   720
  2.095838e-01   3.838765e-07   8.780591e-05   1.613712e-08   774
  2.099915e-01   4.189194e-07   5.025783e-05   2.119460e-08   384
  2.102050e-01   4.154117e-07   9.671763e-05   1.942162e-08   528
  2.105364e-01   4.242504e-07   9.217729e-05   1.610987e-08   744
  2.110694e-01   4.326904e-07   7.602671e-05   1.625170e-08   768
  2.114233e-01   4.225103e-07   8.534571e-05   1.854131e-08   552
  2.118649e-01   3.970909e-07   9.301717e-05   1.603308e-08   696
  2.121934e-01   4.431292e-07   1.130320e-04   2.463304e-08   408
  2.124541e-01   4.120013e-07   4.883074e-05   1.964864e-08   504
  2.128675e-01   4.028358e-07   8.772259e-05   1.516189e-08   888
  2.132743e-01   3.922712e-07   9.116913e-05   1.629294e-08   648
  2.136971e-01   4.051971e-07   9.038766e-05   1.778534e-08   648
  2.140948e-01   4.208161e-07   9.746006e-05   1.568434e-08   792
  2.145162e-01   4.082869e-07   1.425907e-04   1.758044e-08   600
  2.148267e-01   3.979206e-07   9.663487e-05   2.002990e-08   456
  2.151535e-01   4.320482e-07   4.709572e-05   1.761707e-08   648
  2.155732e-01   4.009693e-07   9.184351e-05   1.350826e-08   936
  2.160264e-01   4.088077e-07   5.640375e-05   2.058651e-08   384
  2.164208e-01   7.345523e-38   4.745948e-09   8.569886e-39   198
  2.167253e-01   6.667551e-38   1.431011e-04   3.040034e-39   1224
  2.170537e-01   7.730999e-38   1.042217e-04   4.147199e-39   420
  2.174420e-01   9.154755e-38   1.008648e-04   5.711873e-39   792
  2.178218e-01   7.800910e-38   8.340657e-05   3.316172e-39   680
  2.182552e-01   7.387530e-38   7.658783e-05   4.047211e-39   600
  2.186039e-01   7.345356e-38   1.110734e-04   3.802551e-39   840
  2.190695e-01   6.968891e-38   5.244369e-05   4.160948e-39   432
  2.192474e-01   7.992015e-38   4.914665e-05   3.912333e-39   720
  2.196343e-01   7.331381e-38   9.843213e-05   3.521644e-39   960
  2.201154e-01   7.717040e-38   8.774504e-05   3.825812e-39   528
  2.204670e-01   6.676589e-38   8.969217e-05   3.501616e-39   624
  2.208855e-01   8.039497e-38   7.049743e-05   5.084557e-39   816
  2.213008e-01   8.363537e-38   1.159345e-04   4.235794e-39   696
  2.217599e-01   7.703842e-38   7.830814e-09   7.052998e-39   240
  2.219325e-01   8.157741e-38   6.836935e-05   3.770919e-39   672
  2.223177e-01   8.579214e-38   1.221858e-04   4.949274e-39   864
  2.227499e-01   8.013985e-38   9.375778e-05   3.802148e-39   816
  2.231394e-01   8.244452e-38   5.366372e-05   4.790260e-39   648
  2.235589e-01   8.468968e-38   5.485410e-05   3.852983e-39   843
  2.239151e-01   7.553813e-38   9.869601e-05   3.861515e-39   780
  2.243395e-01   6.717994e-38   5.295844e-05   1.107489e-38   216
  2.246013e-01   8.308966e-38   1.277035e-04   3.753015e-39   1056
  2.250039e-01   7.355150e-38   1.044758e-04   6.863281e-39   228
  2.253767e-01   8.570820e-38   1.300750e-04   3.619957e-39   924
  2.257594e-01   8.345878e-38   4.825052e-05   3.633621e-39   696
  2.261647e-01   7.805253e-38   8.587211e-05   3.766522e-39   996
  2.265793e-01   7.419936e-38   5.069718e-05   4.866733e-39   576
  2.270107e-01   7.676721e-38   7.824775e-05   3.324102e-39   552
  2.273251e-01   8.220375e-38   9.342507e-05   4.526222e-39   516
  2.276442e-01   8.319817e-38   1.358594e-04   5.019256e-39   744
  2.280088e-01   7.035325e-38   6.664715e-05   3.957785e-39   576
  2.283260e-01   8.300251e-38   6.859680e-05   4.221274e-39   792
  2.287768e-01   8.510895e-38   7.841886e-05   4.003010e-39   792
  2.291071e-01   8.607654e-38   8.457391e-05   4.449556e-39   720
  2.295538e-01   8.365556e-38   9.639481e-05   4.338362e-39   656
  2.299724e-01   8.561774e-38   1.052581e-04   3.737242e-39   816
  2.304015e-01   7.298438e-38   5.675340e-05   5.578247e-39   492
  2.306454e-01   9.004591e-38   8.164378e-05   5.145410e-39   552
  2.311032e-01   8.222896e-38   1.419686e-04   3.966039e-39   780
  2.314005e-01   9.309048e-38   8.720963e-05   5.244922e-39   528
  2.317208e-01   7.687212e-38   1.018002e-04   3.417003e-39   600
  2.321929e-01   9.495437e-38   8.460399e-05   3.593968e-39   900
  2.325183e-01   8.169357e-38   4.683822e-05   3.537990e-39   696
  2.329660e-01   8.808639e-38   1.184322e-04   4.652423e-39   696
  2.333991e-01   9.399551e-38   4.804683e-05   5.381228e-39   552
  2.337633e-01   8.343762e-38   5.587403e-05   3.877340e-39   708
  2.341448e-01   7.909612e-38   9.225121e-05   3.697611e-39   876
  2.345418e-01   9.173439e-38   4.898356e-05   6.435298e-39   216
  2.348082e-01   8.794888e-38   1.339767e-04   3.383555e-39   1032
  2.352071e-01   8.043072e-38   1.491682e-04   4.840012e-39   600
  2.356212e-01   8.227494e-38   7.117755e-05   3.863751e-39   600
  2.359371e-01   9.212718e-38   1.256929e-04   4.486262e-39   528
  2.363105e-01   8.564631e-38   6.899988e-05   4.430827e-39   732
  2.367039e-01   9.386970e-38   5.095015e-05   5.644309e-39   336
  2.371566e-01   8.565099e-38   7.261407e-05   3.999931e-39   912
  2.374950e-01   7.516258e-38   7.288252e-05   3.706268e-39   624
  2.378647e-01   8.601298e-38   6.141657e-05   3.915127e-39   768
  2.382963e-01   9.764061e-38   1.108076e-04   4.688369e-39   792
  2.387198e-01   9.025332e-38   5.493383e-05   4.669927e-39   660
  2.390212e-01   8.817311e-38   8.095383e-05   5.912410e-39   504
  2.393329e-01   9.364493e-38   1.322631e-04   5.267140e-39   480
  2.398000e-01   8.955979e-38   1.223261e-04   4.022571e-39   912
  2.401658e-01   8.937002e-38   1.362291e-04   5.127256e-39   432
  2.405113e-01   9.717086e-38   8.088962e-05   4.810719e-39   564
  2.408180e-01   9.143248e-38   7.742251e-05   4.295810e-39   600
  2.412498e-01   8.825516e-38   1.079196e-04   4.460883e-39   876
  2.415741e-01   9.825870e-38   4.852393e-05   8.100650e-39   264
  2.420212e-01   1.012216e-37   9.415549e-05   6.508934e-39   560
  2.423806e-01   9.452151e-38   6.398069e-05   4.258962e-39   840
  2.428168e-01   8.759394e-38   9.863978e-05   3.609103e-39   1008
  2.432202e-01   1.000329e-37   4.412481e-05   4.890010e-39   456
  2.435886e-01   9.133853e-38   5.715745e-05   4.050480e-39   576
  2.439292e-01   9.366001e-38   8.782853e-05   4.096402e-39   612
  2.443783e-01   9.065776e-38   7.844513e-05   5.491967e-39   780
  2.447447e-01   1.018222e-37   8.989453e-05   4.994246e-39   648
  2.451197e-01   8.402124e-38   4.189201e-05   5.845950e-39   312
  2.453594e-01   9.989670e-38   1.064407e-04   5.037111e-39   528
  2.457747e-01   9.807279e-38   1.390063e-04   5.564405e-39   720
  2.461718e-01   8.734937e-38   1.394416e-04   4.107991e-39   576
  2.466533e-01   9.961067e-38   1.202863e-04   5.023569e-39   444
  2.469529e-01   1.075050e-37   1.179621e-04   4.027762e-39   996
  2.473200e-01   9.344285e-38   9.853387e-05   4.946956e-39   432
  2.476669e-01   8.985729e-38   1.078752e-04   5.567411e-39   504
  2.479666e-01   9.428837e-38   4.863583e-05   6.071721e-39   504
  2.483934e-01   9.777043e-38   9.571589e-05   3.807241e-39   876
  2.487796e-01   8.763400e-38   1.101599e-04   5.341403e-39   504
  2.491817e-01   1.071230e-37   7.025420e-05   4.583682e-39   696
  2.495140e-01   1.035554e-37   6.005997e-05   4.929014e-39   492
  2.499662e-01   1.046946e-37   8.597875e-05   5.921129e-39   432
  2.503011e-01   9.759158e-38   8.050968e-05   5.718051e-39   768
  2.506981e-01   1.026972e-37   1.002856e-04   4.589349e-39   648
  2.510772e-01   1.035304e-37   6.542561e-05   5.509936e-39   456
  2.515128e-01   1.033719e-37   8.997083e-05   7.116421e-39   552
  2.518153e-01   9.681496e-38   6.166608e-05   4.640468e-39   648
  2.522317e-01   1.025832e-37   1.005122e-04   4.297616e-39   840
  2.526384e-01   1.089652e-37   4.793217e-05   6.744205e-39   432
  2.530455e-01   1.107717e-37   5.870872e-05   4.768504e-39   600
  2.533287e-01   1.065155e-37   6.255029e-05   6.480021e-39   432
  2.538044e-01   1.117753e-37   6.227491e-05   4.517138e-39   560
  2.541265e-01   1.045368e-37   9.857465e-05   3.966379e-39   840
  2.545299e-01   1.094741e-37   5.838720e-05   6.498120e-39   504
  2.548502e-01   1.151756e-37   1.191648e-04   5.360366e-39   696
  2.553018e-01   9.908612e-38   6.508356e-05   5.726110e-39   384
  2.556535e-01   1.080130e-37   9.533975e-05   5.365138e-39   576
  2.560789e-01   9.539452e-38   5.883893e-05   6.097607e-39   360
  2.564218e-01   1.161240e-37   8.762544e-05   5.679633e-39   828
  2.567917e-01   9.715281e-38   7.804673e-05   5.636151e-39   372
  2.571307e-01   1.305340e-37   1.191923e-04   6.534096e-39   576
  2.575797e-01   1.072586e-37   4.991761e-05   5.474793e-39   636
  2.578996e-01   1.062576e-37   9.622826e-05   5.282602e-39   648
  2.583323e-01   1.106695e-37   7.822306e-05   5.582968e-39   576
  2.586430e-01   1.182093e-37   1.261820e-04   7.931275e-39   528
  2.590561e-01   1.163539e-37   5.394804e-05   8.406322e-39   360
  2.593981e-01   1.115293e-37   1.241007e-04   4.469588e-39   672
  2.598446e-01   1.183444e-37   6.356642e-05   4.478975e-39   804
  2.602163e-01   1.260777e-37   7.012137e-05   7.420304e-39   408
  2.606274e-01   1.126327e-37   4.334263e-05   7.831568e-39   384
  2.609042e-01   1.212280e-37   9.918459e-05   7.675729e-39   480
  2.612947e-01   1.081804e-37   6.408778e-05   5.250828e-39   432
  2.616692e-01   1.264868e-37   1.181001e-04   5.709546e-39   648
  2.621125e-01   1.125706e-37   7.328056e-05   4.903445e-39   624
  2.624367e-01   1.167337e-37   6.665485e-05   8.326103e-39   456
  2.628795e-01   1.155348e-37   9.105646e-05   6.077449e-39   588
  2.631762e-01   1.227482e-37   5.809364e-05   6.769055e-39   600
  2.636094e-01   1.157795e-37   9.061183e-05   6.960383e-39   708
  2.639516e-01   1.342178e-37   5.708370e-05   8.919533e-39   360
  2.643298e-01   1.228192e-37   6.561923e-05   7.315665e-39   552
  2.646923e-01   1.236435e-37   4.603344e-05   9.766526e-39   288
  2.650603e-01   1.173905e-37   8.655546e-05   5.768388e-39   528
  2.654060e-01   1.175159e-37   5.839431e-05   9.015846e-39   456
  2.657924e-01   1.200232e-37   1.035458e-04   6.043320e-39   608
  2.661809e-01   1.288508e-37   5.009661e-05   6.777980e-39   504
  2.666055e-01   1.073748e-37   1.075546e-04   5.768736e-39   540
  2.669384e-01   1.274911e-37   1.154568e-04   8.360179e-39   360
  2.672972e-01   1.338471e-37   5.228475e-05   7.086599e-39   540
  2.676146e-01   1.212027e-37   4.489266e-05   5.808731e-39   576
  2.680762e-01   1.098951e-37   1.040909e-04   7.262003e-39   588
  2.685150e-01   1.268239e-37   1.436140e-04   7.127365e-39   672
  2.688920e-01   1.291573e-37   1.097654e-04   7.742793e-39   552
  2.691959e-01   1.428699e-37   1.098209e-04   1.612021e-38   144
  2.695837e-01   1.295950e-37   9.330411e-05   8.285087e-39   600
  2.699514e-01   1.438788e-37   1.169304e-04   6.956621e-39   504
  2.703595e-01   1.289734e-37   1.201111e-04   7.477496e-39   336
  2.707887e-01   1.149745e-37   1.350054e-04   6.982372e-39   600
  2.711731e-01   1.188256e-37   8.712810e-05   5.747336e-39   636
  2.715880e-01   1.193121e-37   7.005178e-05   9.489760e-39   384
  2.718789e-01   1.540823e-37   9.771396e-05   7.853453e-39   504
  2.722982e-01   1.357503e-37   4.100918e-05   1.172428e-38   240
  2.726291e-01   1.396795e-37   9.633639e-05   5.902572e-39   744
  2.730261e-01   1.349690e-37   6.578310e-05   5.792615e-39   648
  2.733790e-01   1.563685e-37   4.366878e-05   1.685310e-38   120
  2.737925e-01   1.382729e-37   6.859799e-05   7.100163e-39   564
  2.741050e-01   1.245394e-37   1.077373e-04   7.487601e-39   432
  2.745220e-01   1.125264e-37   8.362543e-05   5.961274e-39   480
  2.748361e-01   1.290406e-37   6.155045e-05   7.886858e-39   456
  2.752067e-01   1.317385e-37   1.018569e-04   7.313016e-39   444
  2.756274e-01   1.339989e-37   1.558464e-04   8.821688e-39   528
  2.759969e-01   1.487018e-37   1.157439e-04   1.004676e-38   264
  2.763555e-01   1.384918e-37   1.186203e-04   7.988323e-39   444
  2.768379e-01   1.550773e-37   1.299311e-04   7.053708e-39   696
  2.772383e-01   1.438045e-37   6.949148e-05   9.793670e-39   384
  2.775311e-01   1.431161e-37   8.780831e-05   8.211328e-39   432
  2.779866e-01   1.426870e-37   6.067143e-05   7.199700e-39   488
  2.782823e-01   1.504821e-37   9.143939e-05   9.716938e-39   480
  2.787111e-01   1.374927e-37   1.019738e-04   7.665782e-39   480
  2.790432e-01   1.497514e-37   4.278510e-05   1.749008e-38   240
  2.794202e-01   1.456436e-37   9.994261e-05   7.935349e-39   600
  2.797758e-01   1.528800e-37   8.708975e-05   1.021822e-38   288
  2.801544e-01   1.468608e-37   8.377397e-05   6.869925e-39   480
  2.805379e-01   1.368188e-37   1.490189e-04   6.848691e-39   504
  2.809155e-01   1.638144e-37   6.393839e-05   1.006805e-38   216
  2.813970e-01   1.322484e-37   1.046773e-04   7.925691e-39   504
  2.817720e-01   1.409861e-37   8.419242e-05   7.625397e-39   456
  2.821825e-01   1.557868e-37   4.828579e-05   9.850465e-39   384
  2.824544e-01   1.577811e-37   9.800271e-05   9.119213e-39   480
  2.828408e-01   1.354695e-37   8.605736e-05   8.066749e-39   504
  2.831988e-01   1.419553e-37   5.458940e-05   1.157406e-38   312
  2.835845e-01   1.412984e-37   8.796897e-05   9.730964e-39   492
  2.839260e-01   1.615227e-37   8.245044e-05   9.163167e-39   312
  2.843655e-01   1.598475e-37   1.339342e-04   8.280103e-39   576
  2.847524e-01   1.315718e-37   1.236321e-04   8.191888e-39   336
  2.850738e-01   1.638754e-37   9.519099e-05   1.186411e-38   240
  2.855192e-01   1.465854e-37   1.261991e-04   8.711092e-39   468
  2.859039e-01   1.650857e-37   7.901891e-05   1.538955e-38   192
  2.863065e-01   1.508055e-37   7.925442e-05   1.094805e-38   324
  2.866016e-01   1.548537e-37   5.752155e-05   7.978854e-39   600
  2.870037e-01   1.656216e-37   9.332283e-05   7.590435e-39   456
  2.873023e-01   1.514150e-37   4.197661e-05   1.063645e-38   336
  2.877972e-01   1.513046e-37   1.256898e-04   7.909460e-39   612
  2.881573e-01   1.596147e-37   1.054844e-04   1.362578e-38   144
  2.884978e-01   1.697544e-37   1.231274e-04   8.868311e-39   552
  2.889609e-01   1.362216e-37   4.848907e-05   9.656169e-39   264
  2.892225e-01   1.596131e-37   1.122646e-04   1.126613e-38   336
  2.896353e-01   1.659184e-37   7.418058e-05   1.295507e-38   384
  2.899932e-01   1.626514e-37   4.175634e-05   1.546242e-38   216
  2.903894e-01   1.396944e-37   8.853205e-05   9.243645e-39   344
  2.907507e-01   1.402574e-37   1.320940e-04   1.125077e-38   408
  2.911910e-01   1.610890e-37   1.015056e-04   1.269656e-38   264
  2.915811e-01   1.737755e-37   1.415038e-04   9.940745e-39   612
  2.919709e-01   1.887712e-37   7.282870e-05   1.149861e-38   408
  2.923718e-01   1.496206e-37   7.293338e-05   7.735526e-39   444
  2.926663e-01   2.634814e-37   4.079109e-05   2.585313e-38   120
  2.930609e-01   1.669158e-37   1.126983e-04   1.062461e-38   336
  2.933538e-01   1.776637e-37   3.916222e-05   1.447512e-38   288
  2.937496e-01   1.670170e-37   1.218735e-04   8.522259e-39   552
  2.942938e-01   1.262263e-37   6.525678e-09   1.982611e-38   72
  2.945736e-01   1.852526e-37   1.210514e-04   1.036687e-38   504
  2.949004e-01   1.681853e-37   3.895317e-05   1.272910e-38   216
  2.953239e-01   1.726275e-37   6.954821e-05   1.428072e-38   312
  2.957040e-01   1.719915e-37   7.919158e-05   1.162112e-38   336
  2.960663e-01   1.564574e-37   1.097684e-04   1.329393e-38   204
  2.964271e-01   1.904822e-37   1.275676e-04   1.362975e-38   504
  2.968098e-01   1.854492e-37   1.214810e-04   1.123791e-38   396
  2.971778e-01   1.692603e-37   1.114044e-04   1.138095e-38   312
  2.976240e-01   2.004456e-37   6.808000e-05   1.598287e-38   216
  2.979383e-01   1.836155e-37   3.694832e-05   1.531452e-38   168
  2.983203e-01   1.796105e-37   9.329657e-05   9.622508e-39   588
  2.987563e-01   1.619403e-37   1.266392e-04   8.201587e-39   240
  2.990950e-01   1.597193e-37   1.118436e-04   9.447539e-39   264
  2.994922e-01   1.727523e-37   1.383176e-04   1.070822e-38   288
  2.998446e-01   1.474558e-37   6.907007e-05   9.794602e-39   288
  3.002913e-01   1.902860e-37   6.486779e-05   1.056277e-38   288
  3.005921e-01   1.565718e-37   7.514392e-05   1.071035e-38   192
  3.009705e-01   1.668470e-37   7.996067e-05   1.253860e-38   264
  3.013310e-01   2.085759e-37   1.315242e-04   1.218320e-38   372
  3.017189e-01   1.999154e-37   1.420518e-04   1.402838e-38   360
  3.021924e-01   2.004763e-37   6.011768e-05   3.399710e-38   144
  3.024371e-01   1.920231e-37   8.350082e-05   1.408852e-38   296
  3.028234e-01   1.919638e-37   8.996782e-05   1.536248e-38   288
  3.032657e-01   1.712276e-37   1.344546e-04   1.083991e-38   480
  3.036471e-01   1.619073e-37   1.117190e-04   1.221552e-38   192
  3.040181e-01   2.015470e-37   1.198338e-04   1.770408e-38   192
  3.043553e-01   1.807002e-37   7.637151e-05   1.293220e-38   288
  3.048242e-01   1.901101e-37   6.648036e-05   2.600369e-38   108
  3.050604e-01   1.897567e-37   6.391272e-05   1.516889e-38   240
  3.054775e-01   1.838414e-37   1.192307e-04   1.216023e-38   384
  3.059059e-01   1.758804e-37   1.454479e-04   1.865738e-38   108
  3.062848e-01   2.025494e-37   8.527881e-05   1.261711e-38   348
  3.066832e-01   2.125173e-37   8.900031e-05   1.321155e-38   312
  3.070391e-01   1.745216e-37   8.648246e-05   2.857287e-38   96
  3.073663e-01   1.814334e-37   1.151358e-04   1.275458e-38   384
  3.077328e-01   1.819229e-37   7.919012e-05   2.536105e-38   144
  3.080912e-01   2.123212e-37   1.216791e-04   1.301522e-38   408
  3.085368e-01   1.899476e-37   5.427748e-05   1.779240e-38   144
  3.089578e-01   1.915501e-37   1.043490e-04   1.577396e-38   192
  3.092074e-01   2.405072e-37   1.174468e-04   2.138802e-38   144
  3.096144e-01   2.067431e-37   9.548855e-05   1.669280e-38   144
  3.099983e-01   2.169942e-37   1.167025e-04   1.376155e-38   336
  3.104685e-01   2.079658e-37   8.634502e-05   1.681294e-38   240
  3.107666e-01   1.934107e-37   3.920851e-05   2.681917e-38   96
  3.111825e-01   2.157055e-37   1.149797e-04   1.083313e-38   372
  3.116031e-01   2.179811e-37   1.367659e-04   2.573153e-38   132
  3.119726e-01   1.898751e-37   8.462908e-05   1.284782e-38   264
  3.123032e-01   2.180681e-37   6.499128e-05   1.694753e-38   168
  3.126560e-01   1.963009e-37   1.039086e-04   1.434553e-38   216
  3.129676e-01   1.861119e-37   6.357256e-05   1.495708e-38   216
  3.134215e-01   1.946898e-37   1.166292e-04   1.726240e-38   96
  3.138333e-01   2.094733e-37   7.608990e-05   3.005630e-38   120
  3.142110e-01   2.219499e-37   9.673168e-05   1.266562e-38   216
  3.145221e-01   1.886797e-37   4.227207e-05   1.581975e-38   200
  3.149340e-01   2.070101e-37   1.094242e-04   1.090587e-38   288
  3.154623e-01   1.782123e-37   2.879164e-05   1.399537e-38   144
  3.156848e-01   2.351134e-37   8.959781e-05   1.716230e-38   168
  3.161391e-01   2.414988e-37   1.008340e-04   2.856631e-38   159
  3.164937e-01   2.266047e-37   1.057991e-04   1.462172e-38   174
  3.168369e-01   1.960707e-37   9.593494e-05   2.070296e-38   144
  3.172863e-01   1.709165e-37   5.539549e-05   1.513903e-38   222
  3.175869e-01   2.038480e-37   5.589895e-05   1.777125e-38   168
  3.181060e-01   2.045802e-37   1.226079e-04   3.927353e-38   30
  3.183205e-01   2.527869e-37   1.082537e-04   2.060389e-38   72
  3.187244e-01   2.048691e-37   9.661517e-05   1.603868e-38   258
  3.191684e-01   2.711841e-37   6.051257e-05   1.668847e-38   264
  3.193905e-01   2.369558e-37   0.000000e+00   3.190453e-38   72
  3.198532e-01   2.289488e-37   1.199385e-04   2.110165e-38   174
  3.202721e-01   2.447749e-37   1.277123e-04   1.771589e-38   168
  3.206090e-01   1.860391e-37   3.996146e-09   1.742596e-38   48
  3.209705e-01   1.950866e-37   7.212215e-05   1.748588e-38   150
  3.213898e-01   2.363557e-37   1.326739e-04   2.588486e-38   168
  3.218102e-01   2.236045e-37   8.081877e-05   2.469626e-38   144
  3.221967e-01   2.230555e-37   7.550312e-05   3.166425e-38   102
  3.224847e-01   1.956162e-37   1.117576e-04   2.013480e-38   96
  3.229415e-01   2.266953e-37   1.109119e-04   2.284743e-38   120
  3.232799e-01   2.284847e-37   1.189559e-04   1.749745e-38   168
  3.236458e-01   2.933646e-37   8.783953e-05   3.109290e-38   126
  3.239576e-01   2.225656e-37   6.624856e-05   1.635996e-38   168
  3.243872e-01   2.580471e-37   1.062297e-04   3.051844e-38   72
  3.247626e-01   2.237037e-37   1.330232e-04   1.823634e-38   168
  3.250914e-01   2.205889e-37   3.646820e-05   2.654958e-38   78
  3.255420e-01   1.982948e-37   5.987806e-05   3.175762e-38   60
  3.259049e-01   2.095264e-37   9.713191e-05   2.692573e-38   96
  3.262812e-01   2.191256e-37   1.178615e-04   1.887946e-38   168
  3.266349e-01   2.267972e-37   7.457817e-05   3.560108e-38   86
  3.270060e-01   2.433405e-37   6.665520e-05   3.345101e-38   120
  3.275378e-01   2.205230e-37   4.753401e-05   2.011632e-38   168
  3.278247e-01   3.020104e-37   0.000000e+00   4.359503e-38   48
  3.282110e-01   2.453773e-37   8.660181e-05   2.248830e-38   120
  3.284330e-01   2.491576e-37   6.317951e-05   1.755325e-38   126
  3.289749e-01   2.418737e-37   1.111151e-04   3.165850e-38   96
  3.293266e-01   2.638042e-37   3.204012e-05   1.724047e-38   96
  3.296039e-01   2.299045e-37   0.000000e+00   2.508873e-38   72
  3.301949e-01   2.639399e-37   3.996146e-09   7.583117e-38   24
  3.305637e-01   2.840847e-37   6.593782e-05   3.362062e-38   120
  3.308514e-01   2.626874e-37   9.618300e-05   2.593551e-38   126
  3.311713e-01   2.559503e-37   8.018157e-05   2.876318e-38   96
  3.315452e-01   3.341464e-37   1.385771e-04   2.855397e-38   72
  3.319614e-01   2.678182e-37   5.993927e-05   3.246393e-38   144
  3.323038e-01   1.858759e-37   3.457157e-05   3.447753e-38   72
  3.326459e-01   2.569927e-37   6.905176e-05   2.527900e-38   54
  3.329469e-01   2.669409e-37   6.085106e-05   3.317263e-38   108
  3.335726e-01   2.348881e-37   5.964977e-05   3.217882e-38   72
  3.337673e-01   3.128742e-37   3.441997e-05   3.022884e-38   72
  3.342294e-01   3.722076e-37   6.921527e-09   9.627566e-38   24
  3.346666e-01   2.572808e-37   7.281693e-05   5.059645e-38   48
  3.349321e-01   2.707654e-37   5.546771e-05   2.856283e-38   102
  3.353317e-01   2.780745e-37   1.254449e-04   2.255434e-38   168
  3.358538e-01   3.046742e-37   6.841470e-05   4.993014e-38   72
  3.360473e-01   3.007261e-37   0.000000e+00   4.118610e-38   48
  3.364531e-01   2.659956e-37   1.176775e-04   2.840687e-38   120
  3.369887e-01   3.674279e-37   7.231517e-05   2.912656e-38   96
  3.374945e-01   3.489638e-37   7.830814e-09   2.792080e-38   30
  3.380957e-01   3.316743e-37   3.397687e-05   4.281675e-38   72
  3.383599e-01   2.629526e-37   3.996146e-09   2.567578e-38   24
  3.386992e-01   2.778322e-37   5.036212e-05   4.315415e-38   56
  3.390793e-01   2.619738e-37   7.186930e-05   3.530468e-38   96
  3.395342e-01   3.227434e-37   7.936128e-05   2.922790e-38   144
  3.398849e-01   2.584495e-37   4.505822e-05   2.628588e-38   54
  3.403944e-01   2.528096e-37   6.750198e-05   3.122982e-38   108
  3.409071e-01   2.386335e-37   3.574199e-05   3.991662e-38   48
  3.413952e-01   3.474352e-37   1.345800e-04   5.611115e-38   72
  3.425664e-01   3.085345e-37   8.891744e-05   5.458809e-38   78
  3.428909e-01   3.499708e-37   6.701044e-05   3.564264e-38   72
  3.432698e-01   3.707211e-37   6.692725e-05   4.901920e-38   72
  3.436659e-01   3.718906e-37   1.615028e-04   4.308516e-38   96
  3.439790e-01   3.933225e-37   6.678928e-05   3.659670e-38   72
  3.443566e-01   3.020064e-37   0.000000e+00   7.481797e-38   24
  3.447338e-01   2.998580e-37   1.332770e-04   3.158614e-38   72
  3.455858e-01   2.303901e-37   8.463498e-05   1.668099e-37   30
  3.457691e-01   2.538613e-37   0.000000e+00   5.047645e-38   24
  3.467544e-01   3.767086e-37   7.027855e-05   5.097944e-38   48
  3.470634e-01   3.239907e-37   1.512394e-04   2.895792e-38   120
  3.474798e-01   3.259448e-37   6.612537e-05   4.205934e-38   72
  3.479003e-01   4.284591e-37   6.604543e-05   3.629933e-38   36
  3.481894e-01   3.359868e-37   1.305365e-04   3.877655e-38   78
  3.489960e-01   4.309637e-37   6.982714e-05   7.779285e-38   48
  3.500419e-01   5.223027e-37   5.651403e-09   1.204546e-37   24
  3.507870e-01   4.021532e-37   4.862619e-05   4.427650e-38   56
  3.511622e-01   3.226608e-37   7.482652e-05   3.562870e-38   102
  3.516395e-01   4.682656e-37   5.328194e-09   5.194544e-38   72
  3.519166e-01   6.104990e-37   0.000000e+00   6.765873e-38   24
  3.524009e-01   3.436071e-37   6.915246e-05   4.667156e-38   48
  3.532988e-01   2.962004e-37   0.000000e+00   1.109518e-37   24
  3.544007e-01   1.736090e-37   0.000000e+00   9.099523e-38   6
  3.547443e-01   2.948421e-37   0.000000e+00   6.997802e-38   24
  3.549732e-01   3.005523e-37   6.472929e-05   3.103944e-38   72
  3.553914e-01   3.780964e-37   1.207586e-04   6.800089e-38   84
  3.558418e-01   3.851496e-37   0.000000e+00   1.018152e-37   24
  3.559787e-01   2.901038e-37   5.651403e-09   5.077897e-38   24
  3.566626e-01   4.470959e-37   3.996146e-09   1.127030e-37   24
  3.576179e-01   4.826524e-37   0.000000e+00   5.572328e-38   6
  3.588424e-01   4.377446e-37   6.791113e-05   6.731280e-38   48
  3.591365e-01   4.086546e-37   1.279335e-04   4.468784e-38   72
  3.595209e-01   3.809491e-37   6.778297e-05   7.988845e-38   48
  3.601304e-01   3.355863e-37   0.000000e+00   7.284574e-38   24
  3.609415e-01   3.861940e-37   3.996146e-09   2.313347e-37   6
  3.627599e-01   7.196911e-37   0.000000e+00   1.792772e-37   8
  3.628942e-01   5.810242e-37   3.996146e-09   6.607871e-38   48
  3.632164e-01   3.604054e-37   6.573533e-05   4.713580e-38   60
  3.636991e-01   3.042393e-37   0.000000e+00   7.746479e-38   24
  3.643686e-01   2.544631e-37   0.000000e+00   1.169397e-37   6
  3.668348e-01   4.268810e-37   0.000000e+00   6.547612e-38   24
  3.670341e-01   3.825478e-37   6.639546e-05   9.773283e-38   48
  3.673659e-01   4.824731e-37   0.000000e+00   1.313003e-37   24
  3.678962e-01   4.992391e-37   3.996146e-09   1.919836e-37   6
  3.709088e-01   6.860056e-37   6.194064e-05   8.150553e-38   36
  3.711278e-01   4.448832e-37   0.000000e+00   8.199100e-38   24
  3.715215e-01   1.624303e-37   0.000000e+00   1.351517e-37   6
  3.749494e-01   4.302612e-37   5.629118e-05   7.593112e-38   32
  3.752417e-01   3.102911e-37   3.996146e-09   3.119599e-37   6
  3.789254e-01   3.951495e-37   0.000000e+00   9.952133e-38   12
  3.790540e-01   4.970162e-37   0.000000e+00   1.686572e-37   6
  3.829556e-01   3.727747e-37   5.651403e-09   1.369552e-37   6
