# power spectrum of delta
# redshift z=30.000000
# k              Pk             sigma(k)       sigma(Pk)      count
  6.981317e-03   3.753814e-07   0.000000e+00   1.531594e-07   6
  9.873073e-03   7.940927e-07   0.000000e+00   1.604978e-07   12
  1.209200e-02   1.264831e-06   1.324548e-10   2.608786e-07   8
  1.396263e-02   7.215139e-06   0.000000e+00   7.861474e-07   6
  1.561070e-02   7.512752e-06   0.000000e+00   2.425479e-06   24
  1.710066e-02   1.487780e-05   2.497591e-10   2.540036e-06   24
  1.974615e-02   1.105697e-05   0.000000e+00   5.038629e-06   12
  2.094395e-02   1.575423e-05   2.825702e-10   2.926965e-06   30
  2.207686e-02   2.398343e-05   0.000000e+00   5.352241e-06   24
  2.315441e-02   2.563546e-05   4.325955e-10   6.439753e-06   24
  2.418399e-02   3.420554e-05   2.649095e-10   7.018534e-06   8
  2.517150e-02   3.352128e-05   3.532127e-10   4.224201e-06   24
  2.612170e-02   3.557319e-05   0.000000e+00   5.066017e-06   48
  2.792527e-02   5.410650e-05   0.000000e+00   2.410305e-05   6
  2.878471e-02   4.686744e-05   4.995182e-10   6.646672e-06   48
  2.961922e-02   4.799244e-05   0.000000e+00   5.081175e-06   36
  3.043086e-02   7.400568e-05   3.532127e-10   1.568787e-05   24
  3.122140e-02   4.800299e-05   0.000000e+00   8.349298e-06   24
  3.199241e-02   4.631748e-05   0.000000e+00   6.370299e-06   48
  3.274528e-02   7.573061e-05   4.995182e-10   1.091552e-05   24
  3.420133e-02   7.037842e-05   4.995182e-10   1.120041e-05   24
  3.490659e-02   5.141615e-05   0.000000e+00   8.520850e-06   30
  3.559787e-02   5.892447e-05   0.000000e+00   6.541246e-06   72
  3.627599e-02   6.247709e-05   5.298191e-10   1.295839e-05   32
  3.759554e-02   9.046107e-05   0.000000e+00   1.055301e-05   72
  3.823825e-02   5.974077e-05   0.000000e+00   8.852428e-06   48
  3.949229e-02   3.438540e-05   0.000000e+00   1.034783e-05   12
  4.010461e-02   7.186097e-05   0.000000e+00   1.090084e-05   48
  4.070772e-02   6.629415e-05   0.000000e+00   6.634407e-06   48
  4.130203e-02   9.326864e-05   4.995182e-10   1.193201e-05   48
  4.188790e-02   1.168168e-04   5.651403e-10   2.069772e-05   30
  4.246569e-02   1.151266e-04   4.995182e-10   2.621368e-05   24
  4.303573e-02   1.196408e-04   1.053077e-09   1.244969e-05   72
  4.415373e-02   7.857005e-05   0.000000e+00   1.511717e-05   24
  4.470224e-02   1.204948e-04   0.000000e+00   1.191061e-05   96
  4.524411e-02   9.594427e-05   0.000000e+00   1.294737e-05   48
  4.577956e-02   8.251800e-05   8.651909e-10   2.048861e-05   24
  4.630882e-02   6.474070e-05   8.651909e-10   1.348075e-05   24
  4.683210e-02   1.569291e-04   0.000000e+00   1.937939e-05   72
  4.734960e-02   1.246696e-04   0.000000e+00   1.943133e-05   48
  4.836798e-02   1.103004e-04   5.298191e-10   3.317025e-05   8
  4.886922e-02   1.775085e-04   6.279337e-10   2.185912e-05   54
  4.936537e-02   1.202801e-04   0.000000e+00   2.086211e-05   84
  4.985658e-02   1.421427e-04   0.000000e+00   2.077337e-05   48
  5.034299e-02   8.927939e-05   7.064254e-10   1.608970e-05   24
  5.082475e-02   1.245698e-04   6.660243e-10   1.485466e-05   72
  5.130199e-02   1.679178e-04   0.000000e+00   1.922749e-05   96
  5.224339e-02   2.365206e-04   0.000000e+00   2.613559e-05   48
  5.270779e-02   1.352461e-04   0.000000e+00   1.287116e-05   48
  5.316813e-02   1.255636e-04   7.064254e-10   2.475321e-05   24
  5.362451e-02   1.427821e-04   0.000000e+00   1.570935e-05   72
  5.452583e-02   1.515382e-04   6.660243e-10   1.808738e-05   72
  5.497095e-02   1.557479e-04   0.000000e+00   1.797887e-05   96
  5.585054e-02   2.513346e-04   0.000000e+00   1.116903e-04   6
  5.628518e-02   1.928404e-04   0.000000e+00   1.934679e-05   96
  5.671649e-02   2.032157e-04   7.064254e-10   2.193905e-05   96
  5.714454e-02   1.370226e-04   0.000000e+00   3.302125e-05   24
  5.756941e-02   1.589590e-04   9.990364e-10   1.906623e-05   48
  5.799117e-02   1.673144e-04   0.000000e+00   1.701529e-05   96
  5.840989e-02   1.845187e-04   0.000000e+00   2.525143e-05   48
  5.923844e-02   1.811440e-04   0.000000e+00   3.334806e-05   36
  5.964840e-02   1.865423e-04   1.223565e-09   2.348341e-05   48
  6.005556e-02   2.093632e-04   1.384305e-09   1.892527e-05   120
  6.045998e-02   1.866380e-04   0.000000e+00   2.481223e-05   56
  6.086171e-02   1.053385e-04   7.064254e-10   1.869521e-05   24
  6.126081e-02   1.596589e-04   0.000000e+00   1.440208e-05   96
  6.165732e-02   1.703646e-04   0.000000e+00   2.220738e-05   48
  6.244280e-02   2.282408e-04   0.000000e+00   4.288325e-05   24
  6.283185e-02   2.436707e-04   0.000000e+00   2.463319e-05   102
  6.321851e-02   2.760836e-04   0.000000e+00   4.233757e-05   48
  6.360282e-02   2.446453e-04   0.000000e+00   2.505596e-05   72
  6.398483e-02   2.263804e-04   0.000000e+00   2.310700e-05   48
  6.436456e-02   2.611304e-04   0.000000e+00   4.839022e-05   48
  6.474207e-02   2.183351e-04   1.598458e-09   2.018417e-05   120
  6.549056e-02   3.235809e-04   9.990364e-10   5.455465e-05   24
  6.586161e-02   2.051998e-04   9.419006e-10   1.747695e-05   144
  6.623059e-02   2.119529e-04   1.130281e-09   2.092837e-05   120
  6.659752e-02   1.842421e-04   9.990364e-10   2.618369e-05   48
  6.732538e-02   2.607876e-04   9.990364e-10   3.523990e-05   48
  6.768638e-02   2.183656e-04   9.990364e-10   2.239959e-05   96
  6.863955e-02   2.900945e-04   1.675093e-04   3.485073e-05   72
  6.911151e-02   2.277932e-04   1.255867e-09   1.739227e-05   108
  6.946323e-02   2.658521e-04   0.000000e+00   2.879291e-05   72
  6.981317e-02   1.758731e-04   0.000000e+00   3.584307e-05   30
  7.016137e-02   2.846650e-04   0.000000e+00   2.226752e-05   168
  7.050785e-02   3.102653e-04   0.000000e+00   3.649303e-05   48
  7.119574e-02   2.076381e-04   0.000000e+00   2.496280e-05   72
  7.153721e-02   2.845423e-04   0.000000e+00   2.758179e-05   96
  7.187706e-02   2.725348e-04   1.883801e-09   4.241584e-05   72
  7.221530e-02   3.171755e-04   0.000000e+00   3.439981e-05   72
  7.278398e-02   3.004605e-04   1.546684e-04   2.343131e-05   104
  7.322067e-02   2.843645e-04   1.332049e-09   2.132550e-05   144
  7.421242e-02   2.096941e-04   2.233913e-09   2.021298e-05   96
  7.454007e-02   2.144093e-04   0.000000e+00   2.248354e-05   96
  7.506116e-02   3.085753e-04   1.591194e-04   2.885999e-05   120
  7.551449e-02   2.665286e-04   0.000000e+00   2.423088e-05   120
  7.583651e-02   3.266205e-04   0.000000e+00   3.583229e-05   72
  7.647650e-02   3.487739e-04   0.000000e+00   4.683193e-05   48
  7.679449e-02   3.492403e-04   1.505926e-09   4.163491e-05   78
  7.720128e-02   3.746153e-04   1.424762e-04   2.985814e-05   168
  7.805350e-02   3.534784e-04   1.332049e-09   3.059613e-05   144
  7.836509e-02   3.905801e-04   1.332049e-09   2.839191e-05   144
  7.926883e-02   3.436566e-04   8.205478e-05   3.072302e-05   156
  7.959926e-02   2.724443e-04   1.730382e-09   5.360265e-05   48
  7.990483e-02   3.186698e-04   1.130281e-09   3.043784e-05   120
  8.020923e-02   2.205565e-04   0.000000e+00   2.314883e-05   48
  8.074745e-02   3.451845e-04   1.255998e-04   2.462492e-05   216
  8.141545e-02   2.850854e-04   0.000000e+00   3.427581e-05   48
  8.171422e-02   2.855047e-04   9.990364e-10   2.495584e-05   96
  8.213902e-02   3.289232e-04   1.467830e-04   2.917599e-05   168
  8.260406e-02   2.665746e-04   9.990364e-10   3.867556e-05   48
  8.289855e-02   3.724427e-04   0.000000e+00   3.781690e-05   96
  8.319199e-02   3.200421e-04   0.000000e+00   5.890111e-05   48
  8.377580e-02   4.043708e-04   1.130281e-09   4.177676e-05   30
  8.406619e-02   2.704881e-04   9.990364e-10   2.248462e-05   96
  8.441325e-02   3.374495e-04   1.153584e-04   2.370974e-05   240
  8.485953e-02   5.212386e-04   1.244551e-04   7.617346e-05   32
  8.521783e-02   2.593391e-04   0.000000e+00   1.918420e-05   168
  8.550332e-02   3.096705e-04   0.000000e+00   3.034719e-05   120
  8.607146e-02   2.648629e-04   2.106154e-09   3.198339e-05   72
  8.635412e-02   4.017197e-04   1.332049e-09   3.756324e-05   144
  8.663587e-02   3.007894e-04   0.000000e+00   2.968352e-05   96
  8.691670e-02   3.782501e-04   0.000000e+00   3.082071e-05   96
  8.747565e-02   4.485580e-04   1.631420e-09   5.600059e-05   72
  8.775379e-02   3.275430e-04   1.412851e-09   3.254064e-05   96
  8.830745e-02   3.767115e-04   0.000000e+00   7.011833e-05   24
  8.858298e-02   3.759392e-04   0.000000e+00   2.690260e-05   192
  8.890745e-02   3.571039e-04   1.056148e-04   2.732822e-05   132
  8.940448e-02   3.981775e-04   0.000000e+00   3.501881e-05   96
  8.967664e-02   2.702873e-04   0.000000e+00   2.767655e-05   96
  8.994798e-02   3.503039e-04   1.130281e-09   2.929973e-05   120
  9.048821e-02   3.824958e-04   0.000000e+00   5.292034e-05   48
  9.093103e-02   2.810993e-04   1.279966e-04   1.781568e-05   222
  9.129257e-02   3.574566e-04   0.000000e+00   3.371087e-05   120
  9.155911e-02   3.483988e-04   1.730382e-09   7.136172e-05   24
  9.194720e-02   4.294880e-04   1.321111e-04   2.409368e-05   312
  9.279280e-02   4.765598e-04   1.238595e-04   5.107158e-05   72
  9.314239e-02   3.295157e-04   9.990364e-10   4.152100e-05   96
  9.350136e-02   4.137716e-04   1.261337e-04   3.311423e-05   192
  9.392401e-02   3.663485e-04   1.598458e-09   3.922692e-05   120
  9.418312e-02   3.777512e-04   0.000000e+00   3.759482e-05   144
  9.469919e-02   3.545434e-04   0.000000e+00   5.128418e-05   48
  9.506602e-02   3.417496e-04   1.268319e-04   2.083353e-05   336
  9.546807e-02   3.839801e-04   0.000000e+00   4.978895e-05   48
  9.597724e-02   3.628497e-04   0.000000e+00   3.400194e-05   192
  9.623081e-02   3.490546e-04   0.000000e+00   4.294036e-05   48
  9.695161e-02   3.705337e-04   8.803796e-05   4.558155e-05   56
  9.731001e-02   3.810792e-04   1.130706e-04   2.117512e-05   336
  9.773844e-02   3.932951e-04   1.255867e-09   5.867574e-05   54
  9.811165e-02   3.609337e-04   1.241922e-04   2.281963e-05   240
  9.888643e-02   3.765553e-04   1.189150e-04   3.000331e-05   228
  9.922316e-02   4.198790e-04   1.332049e-09   5.473056e-05   72
  9.955002e-02   4.434898e-04   1.153504e-04   3.323186e-05   144
  9.995725e-02   3.803195e-04   0.000000e+00   3.689975e-05   96
  1.002007e-01   3.739999e-04   1.598458e-09   2.499327e-05   240
  1.006860e-01   3.263618e-04   1.412851e-09   6.231299e-05   24
  1.009966e-01   3.991490e-04   1.089476e-04   2.331494e-05   336
  1.014095e-01   3.347677e-04   0.000000e+00   3.973405e-05   72
  1.017863e-01   4.683537e-04   1.185007e-04   3.458416e-05   168
  1.021279e-01   3.408402e-04   0.000000e+00   3.259827e-05   72
  1.026040e-01   5.166388e-04   0.000000e+00   5.086367e-05   96
  1.029727e-01   3.722471e-04   1.176117e-04   2.681993e-05   216
  1.033141e-01   3.087420e-04   1.412851e-09   2.373852e-05   96
  1.037847e-01   3.835472e-04   0.000000e+00   2.504367e-05   192
  1.040193e-01   3.900833e-04   1.332049e-09   3.101462e-05   144
  1.044868e-01   3.691131e-04   0.000000e+00   4.810989e-05   48
  1.048105e-01   4.226929e-04   1.133915e-04   2.994495e-05   246
  1.052503e-01   5.173180e-04   1.045488e-04   3.999144e-05   168
  1.056465e-01   4.237504e-04   1.957704e-09   4.777321e-05   120
  1.058769e-01   3.522175e-04   0.000000e+00   2.463258e-05   240
  1.063363e-01   2.826683e-04   1.412851e-09   5.822878e-05   24
  1.067022e-01   4.031337e-04   1.119102e-04   2.445339e-05   360
  1.071580e-01   4.400280e-04   1.114340e-04   3.464549e-05   120
  1.074760e-01   4.450636e-04   0.000000e+00   3.728940e-05   144
  1.077025e-01   4.892870e-04   0.000000e+00   4.273461e-05   96
  1.083792e-01   4.464496e-04   0.000000e+00   3.464518e-05   144
  1.086038e-01   4.959884e-04   0.000000e+00   4.374640e-05   132
  1.089195e-01   4.143056e-04   1.099837e-04   3.101997e-05   176
  1.093777e-01   4.280488e-04   1.110614e-04   2.299147e-05   312
  1.099419e-01   5.853022e-04   0.000000e+00   8.630234e-05   96
  1.101633e-01   3.914313e-04   0.000000e+00   3.524996e-05   144
  1.105031e-01   4.551302e-04   1.099474e-04   2.695897e-05   312
  1.110446e-01   4.742770e-04   0.000000e+00   4.769890e-05   48
  1.112639e-01   4.009069e-04   1.412851e-09   2.926704e-05   192
  1.117011e-01   2.006359e-04   0.000000e+00   6.255596e-05   6
  1.119915e-01   3.888056e-04   1.025446e-04   2.128741e-05   288
  1.124620e-01   4.089708e-04   1.083450e-04   3.050512e-05   192
  1.127866e-01   3.877592e-04   3.322713e-09   2.512731e-05   216
  1.130025e-01   4.711831e-04   0.000000e+00   6.385975e-05   72
  1.135403e-01   4.286468e-04   1.073161e-04   3.670501e-05   192
  1.138975e-01   5.186729e-04   7.968796e-05   3.228038e-05   288
  1.142891e-01   4.320778e-04   0.000000e+00   8.502730e-05   24
  1.145916e-01   4.820454e-04   1.049823e-04   2.350328e-05   456
  1.151388e-01   3.320145e-04   1.998073e-09   5.086228e-05   48
  1.154769e-01   4.635547e-04   1.034033e-04   3.327298e-05   240
  1.158655e-01   5.499650e-04   1.045007e-04   3.664194e-05   216
  1.161923e-01   4.253248e-04   0.000000e+00   5.187654e-05   72
  1.164018e-01   4.112932e-04   3.610549e-09   3.402560e-05   168
  1.169935e-01   4.964517e-04   7.767385e-05   3.181866e-05   288
  1.173253e-01   5.137092e-04   1.027758e-04   3.710430e-05   168
  1.178582e-01   5.602733e-04   0.000000e+00   4.287370e-05   192
  1.180648e-01   4.422119e-04   1.332049e-09   3.210021e-05   144
  1.184769e-01   6.550290e-04   0.000000e+00   8.540277e-05   36
  1.188264e-01   4.026472e-04   9.385617e-05   2.132332e-05   342
  1.191605e-01   4.769332e-04   9.637890e-05   4.027796e-05   144
  1.195900e-01   4.810028e-04   1.010773e-04   2.634425e-05   384
  1.201111e-01   5.789752e-04   2.768611e-09   5.592435e-05   120
  1.203690e-01   5.733045e-04   9.013158e-05   3.480977e-05   264
  1.207183e-01   4.801728e-04   4.467827e-09   3.518962e-05   192
  1.210471e-01   5.049460e-04   9.713401e-05   3.888805e-05   152
  1.213224e-01   4.773981e-04   2.664097e-09   4.416027e-05   144
  1.219012e-01   4.034610e-04   6.286607e-05   2.987781e-05   216
  1.221692e-01   5.699740e-04   8.400585e-05   3.125584e-05   312
  1.226409e-01   4.939345e-04   9.736112e-05   2.845960e-05   240
  1.229188e-01   5.588951e-04   1.412851e-09   5.791762e-05   96
  1.234463e-01   4.580246e-04   9.308426e-05   3.752515e-05   144
  1.237714e-01   5.184716e-04   9.149363e-05   2.604875e-05   456
  1.242988e-01   3.965007e-04   0.000000e+00   2.631321e-05   120
  1.244947e-01   4.572753e-04   0.000000e+00   4.229980e-05   144
  1.248856e-01   3.765390e-04   0.000000e+00   6.258602e-05   24
  1.251362e-01   5.120712e-04   8.794658e-05   2.638821e-05   336
  1.255696e-01   4.954005e-04   9.699311e-05   3.757974e-05   198
  1.259757e-01   5.373081e-04   9.432023e-05   3.110348e-05   432
  1.264370e-01   6.848092e-04   0.000000e+00   7.090777e-05   48
  1.266777e-01   6.458015e-04   8.326844e-05   3.455790e-05   384
  1.271098e-01   5.634786e-04   9.585962e-05   4.827163e-05   144
  1.275013e-01   6.655219e-04   9.517601e-05   4.686905e-05   264
  1.279697e-01   4.767213e-04   0.000000e+00   4.628713e-05   48
  1.282839e-01   5.613247e-04   9.049683e-05   3.486612e-05   276
  1.285870e-01   5.257603e-04   8.203293e-05   4.611480e-05   192
  1.289922e-01   5.373401e-04   9.218697e-05   2.306898e-05   552
  1.294841e-01   3.900513e-04   3.196917e-09   3.738994e-05   120
  1.297765e-01   5.183525e-04   9.331596e-05   3.600080e-05   216
  1.300475e-01   5.156576e-04   1.598458e-09   4.103184e-05   120
  1.305316e-01   6.308300e-04   9.189333e-05   3.189336e-05   408
  1.309811e-01   4.189690e-04   1.998073e-09   5.624605e-05   24
  1.312599e-01   5.252991e-04   9.282881e-05   3.343748e-05   384
  1.316492e-01   4.605361e-04   9.069708e-05   3.121890e-05   240
  1.319872e-01   5.329904e-04   9.136125e-05   3.770921e-05   168
  1.324612e-01   4.267312e-04   2.260561e-09   4.281216e-05   120
  1.327667e-01   5.722318e-04   9.523931e-05   3.205680e-05   350
  1.332635e-01   5.998265e-04   1.567823e-04   3.472641e-05   384
  1.335605e-01   6.588652e-04   0.000000e+00   6.731123e-05   144
  1.341067e-01   5.035622e-04   3.767602e-09   3.277432e-05   288
  1.343919e-01   5.284869e-04   8.974411e-05   2.913226e-05   336
  1.347800e-01   5.801336e-04   8.170456e-05   4.502953e-05   168
  1.350122e-01   6.024646e-04   1.614687e-09   4.025213e-05   336
  1.354927e-01   4.789597e-04   8.480446e-05   2.839895e-05   288
  1.357812e-01   5.441006e-04   7.990748e-05   3.288473e-05   264
  1.362699e-01   5.478266e-04   0.000000e+00   3.561742e-05   240
  1.364486e-01   5.443588e-04   2.825702e-09   4.725218e-05   96
  1.370900e-01   6.342180e-04   1.086688e-04   3.689668e-05   360
  1.373893e-01   5.933498e-04   8.010757e-05   5.744954e-05   168
  1.377676e-01   5.754159e-04   8.732558e-05   2.749085e-05   456
  1.382230e-01   5.245520e-04   2.511735e-09   4.682034e-05   108
  1.384792e-01   4.807068e-04   8.761995e-05   3.287290e-05   264
  1.387988e-01   5.230551e-04   7.817127e-05   3.741428e-05   264
  1.392364e-01   6.154634e-04   7.376599e-05   3.459202e-05   312
  1.397814e-01   6.195835e-04   5.481617e-05   4.421432e-05   270
  1.400098e-01   5.893481e-04   6.959603e-05   4.583509e-05   240
  1.404204e-01   6.139630e-04   8.609907e-05   3.530875e-05   384
  1.406696e-01   4.912656e-04   0.000000e+00   3.352465e-05   192
  1.411539e-01   6.463550e-04   6.908303e-05   4.991882e-05   240
  1.414347e-01   6.187555e-04   8.525963e-05   3.625146e-05   336
  1.419630e-01   6.040782e-04   8.583011e-05   2.721033e-05   480
  1.423915e-01   6.298241e-04   0.000000e+00   7.094915e-05   72
  1.426309e-01   6.265908e-04   8.369217e-05   4.870194e-05   240
  1.429564e-01   5.312077e-04   7.865917e-05   2.993665e-05   312
  1.433297e-01   4.892206e-04   8.501169e-05   3.275186e-05   240
  1.438936e-01   5.908549e-04   6.458688e-05   3.110613e-05   408
  1.441169e-01   5.515191e-04   5.914602e-05   3.255668e-05   336
  1.445532e-01   5.832265e-04   7.510087e-05   4.479439e-05   264
  1.447677e-01   5.855956e-04   0.000000e+00   4.940305e-05   144
  1.453643e-01   5.775727e-04   1.040943e-04   3.144542e-05   464
  1.456786e-01   4.476119e-04   8.277629e-05   3.257209e-05   168
  1.459889e-01   6.508037e-04   7.539115e-05   3.849858e-05   336
  1.465498e-01   5.868699e-04   7.921315e-05   3.463629e-05   414
  1.468660e-01   7.459596e-04   8.245619e-05   5.561297e-05   216
  1.472710e-01   8.224669e-04   1.998073e-09   8.794979e-05   96
  1.474364e-01   5.716904e-04   5.994218e-09   3.185305e-05   384
  1.480158e-01   6.247811e-04   8.229688e-05   3.161919e-05   492
  1.483263e-01   5.530398e-04   8.047930e-05   3.476787e-05   240
  1.486772e-01   5.115577e-04   8.171468e-05   2.910174e-05   312
  1.491618e-01   4.802066e-04   8.168777e-05   3.585243e-05   192
  1.494688e-01   6.037413e-04   7.916535e-05   2.987560e-05   504
  1.498761e-01   5.941457e-04   5.240881e-05   3.722424e-05   408
  1.501968e-01   6.149439e-04   1.605609e-04   5.097896e-05   168
  1.505981e-01   6.127381e-04   7.626782e-05   4.148196e-05   288
  1.509348e-01   5.433284e-04   7.959200e-05   3.789142e-05   288
  1.512797e-01   5.354937e-04   8.005014e-05   2.808483e-05   432
  1.517801e-01   6.323807e-04   7.570076e-05   4.299923e-05   216
  1.520474e-01   5.595225e-04   7.554106e-05   3.076413e-05   360
  1.525234e-01   6.304785e-04   7.372735e-05   3.867173e-05   312
  1.529530e-01   7.836520e-04   0.000000e+00   1.258340e-04   48
  1.532006e-01   5.664048e-04   7.904634e-05   2.979778e-05   432
  1.536441e-01   5.245958e-04   1.318501e-04   2.702616e-05   414
  1.539060e-01   5.680123e-04   6.955573e-09   3.621623e-05   312
  1.543946e-01   6.137367e-04   1.156911e-04   3.230678e-05   528
  1.547243e-01   6.531834e-04   6.072803e-05   5.147482e-05   264
  1.551204e-01   5.911315e-04   7.200680e-05   3.362175e-05   480
  1.556380e-01   5.855866e-04   0.000000e+00   3.414731e-05   288
  1.558615e-01   6.180857e-04   7.736908e-05   5.542059e-05   168
  1.562704e-01   6.312861e-04   1.224750e-04   2.973321e-05   504
  1.567302e-01   8.043980e-04   2.664097e-09   6.837325e-05   144
  1.570194e-01   5.292731e-04   7.865832e-05   2.568624e-05   464
  1.574541e-01   4.944790e-04   1.154355e-04   2.542667e-05   432
  1.576603e-01   6.566893e-04   1.998073e-09   4.778696e-05   192
  1.581934e-01   5.244103e-04   8.557628e-05   2.546658e-05   396
  1.585082e-01   5.438950e-04   7.687110e-05   3.455992e-05   288
  1.588263e-01   5.504073e-04   7.593549e-05   3.303174e-05   336
  1.593345e-01   5.327458e-04   4.808388e-05   2.728690e-05   432
  1.596570e-01   5.969204e-04   1.246267e-04   3.405883e-05   360
  1.600192e-01   5.732334e-04   7.371853e-05   2.755224e-05   384
  1.605335e-01   4.910903e-04   6.507077e-05   3.707236e-05   198
  1.607813e-01   5.761365e-04   7.396430e-05   2.665330e-05   552
  1.612434e-01   5.604810e-04   1.035450e-04   3.964495e-05   432
  1.616292e-01   6.341325e-04   0.000000e+00   5.095477e-05   168
  1.619530e-01   6.428370e-04   1.283579e-04   3.462247e-05   480
  1.623813e-01   4.390405e-04   0.000000e+00   4.245309e-05   120
  1.625741e-01   5.797290e-04   1.048372e-04   4.006742e-05   336
  1.630445e-01   5.824341e-04   7.396097e-05   2.477847e-05   672
  1.635097e-01   6.351004e-04   1.075863e-04   3.064906e-05   528
  1.637264e-01   4.703329e-04   3.229373e-09   3.159974e-05   168
  1.642270e-01   6.009605e-04   1.200118e-04   3.001314e-05   456
  1.645324e-01   7.330003e-04   7.329223e-05   8.839680e-05   168
  1.648495e-01   6.120251e-04   7.316065e-05   3.425998e-05   504
  1.653766e-01   5.056636e-04   9.414654e-05   3.389578e-05   336
  1.656953e-01   6.695034e-04   6.786851e-05   4.044204e-05   312
  1.660489e-01   6.155475e-04   6.631214e-05   3.357392e-05   504
  1.665141e-01   5.605234e-04   4.600920e-05   2.554774e-05   432
  1.667329e-01   4.942084e-04   7.109945e-05   2.760288e-05   312
  1.671876e-01   5.335793e-04   7.288039e-05   2.738970e-05   384
  1.676624e-01   6.789260e-04   6.192036e-05   7.818619e-05   126
  1.679555e-01   5.891137e-04   1.087174e-04   3.030780e-05   492
  1.683299e-01   6.435083e-04   6.963360e-05   3.350492e-05   528
  1.687978e-01   5.714427e-04   7.073279e-05   3.012974e-05   480
  1.690879e-01   6.753689e-04   9.771696e-05   3.889630e-05   432
  1.695076e-01   6.530042e-04   7.684145e-05   3.630035e-05   440
  1.699951e-01   6.366730e-04   3.821294e-05   3.891785e-05   312
  1.701781e-01   5.986036e-04   5.726529e-05   4.287085e-05   480
  1.705533e-01   5.979569e-04   1.121243e-04   3.772451e-05   408
  1.711016e-01   6.673966e-04   6.714979e-05   3.915108e-05   360
  1.713332e-01   5.745471e-04   6.479710e-05   3.309079e-05   408
  1.717625e-01   5.132135e-04   6.593925e-05   2.682927e-05   456
  1.722458e-01   6.367563e-04   6.302169e-05   3.885567e-05   264
  1.725141e-01   6.034582e-04   6.839435e-05   3.883852e-05   384
  1.729046e-01   5.894052e-04   1.151467e-04   2.770738e-05   672
  1.733561e-01   6.599867e-04   6.887260e-05   5.726327e-05   240
  1.736166e-01   5.706978e-04   6.988846e-05   3.342265e-05   264
  1.739843e-01   4.502067e-04   8.619588e-05   2.115623e-05   624
  1.745329e-01   5.509308e-04   0.000000e+00   5.139286e-05   150
  1.747283e-01   7.058418e-04   9.658929e-05   3.642659e-05   600
  1.751402e-01   5.794372e-04   6.666345e-05   2.794923e-05   672
  1.756067e-01   5.826565e-04   6.270167e-05   4.206322e-05   336
  1.758666e-01   7.186319e-04   6.820115e-05   4.488226e-05   408
  1.762818e-01   6.233959e-04   6.804049e-05   4.210052e-05   408
  1.767436e-01   5.861711e-04   3.440492e-05   3.417999e-05   360
  1.770283e-01   6.668706e-04   1.263238e-04   3.935894e-05   456
  1.773722e-01   5.957761e-04   6.869566e-05   3.528202e-05   384
  1.778099e-01   5.746778e-04   6.341480e-05   2.887381e-05   348
  1.780464e-01   6.602651e-04   7.817791e-05   3.451462e-05   576
  1.784907e-01   5.857363e-04   6.436923e-05   2.893404e-05   504
  1.789452e-01   6.013904e-04   9.078907e-05   3.376144e-05   432
  1.793419e-01   5.493784e-04   1.235181e-04   2.340804e-05   576
  1.796248e-01   5.633795e-04   0.000000e+00   4.099502e-05   264
  1.800736e-01   5.986979e-04   9.828954e-05   2.444623e-05   768
  1.804640e-01   5.504405e-04   1.323290e-04   3.814868e-05   240
  1.807743e-01   5.532631e-04   1.167016e-04   5.250390e-05   192
  1.812263e-01   5.476037e-04   8.590664e-05   2.510408e-05   504
  1.815615e-01   6.187144e-04   1.157624e-04   3.751055e-05   590
  1.818830e-01   6.360376e-04   1.297055e-04   4.116514e-05   384
  1.822861e-01   6.030928e-04   1.083956e-04   3.405849e-05   504
  1.827729e-01   7.104310e-04   1.043140e-04   3.392060e-05   648
  1.832449e-01   5.858307e-04   2.833030e-05   3.311080e-05   504
  1.834353e-01   6.127845e-04   6.462673e-05   3.567901e-05   312
  1.837714e-01   6.275359e-04   9.311123e-05   3.079932e-05   576
  1.842327e-01   6.853974e-04   6.479663e-05   5.945747e-05   240
  1.845017e-01   5.626670e-04   6.547387e-05   2.789060e-05   552
  1.848823e-01   7.013083e-04   6.147846e-05   4.023528e-05   600
  1.854246e-01   6.207294e-04   7.509108e-05   3.061642e-05   600
  1.857506e-01   6.267151e-04   1.202524e-04   4.002883e-05   312
  1.860753e-01   6.939519e-04   1.047280e-04   3.720415e-05   480
  1.864809e-01   6.293042e-04   6.534019e-05   3.515864e-05   576
  1.868380e-01   7.427727e-04   1.052119e-04   5.253196e-05   408
  1.871548e-01   4.430961e-04   1.227345e-04   2.756131e-05   216
  1.875642e-01   5.613135e-04   9.400084e-05   3.055042e-05   516
  1.880028e-01   6.418973e-04   8.968636e-05   2.815962e-05   744
  1.884552e-01   6.515213e-04   5.990257e-05   3.510307e-05   462
  1.887109e-01   6.341064e-04   6.088230e-05   4.009160e-05   432
  1.891075e-01   7.208061e-04   5.648168e-05   3.286919e-05   648
  1.895737e-01   6.947884e-04   8.264320e-05   4.015555e-05   528
  1.899483e-01   6.092441e-04   9.952305e-05   2.901722e-05   600
  1.903225e-01   8.583299e-04   1.254725e-04   9.544356e-05   240
  1.906850e-01   6.041804e-04   9.611075e-05   2.837269e-05   720
  1.911062e-01   6.778505e-04   7.604100e-05   2.946360e-05   720
  1.915732e-01   3.947306e-04   0.000000e+00   2.970369e-05   144
  1.918190e-01   6.500038e-04   9.803961e-05   2.852601e-05   720
  1.921686e-01   7.388867e-04   5.878648e-05   4.230269e-05   384
  1.926063e-01   6.141260e-04   6.516793e-05   2.833740e-05   672
  1.930215e-01   7.412734e-04   1.141019e-04   5.485072e-05   336
  1.932199e-01   7.450456e-04   0.000000e+00   6.007846e-05   288
  1.937055e-01   5.866449e-04   9.030399e-05   2.462975e-05   776
  1.941551e-01   6.179579e-04   7.726878e-05   2.567968e-05   720
  1.945327e-01   5.720293e-04   6.224567e-05   3.267469e-05   432
  1.948347e-01   7.092474e-04   8.873905e-05   5.365553e-05   504
  1.951706e-01   5.909378e-04   6.217429e-05   3.229973e-05   528
  1.956407e-01   6.413252e-04   8.470885e-05   3.835697e-05   438
  1.960275e-01   6.630975e-04   9.859335e-05   3.799705e-05   624
  1.963189e-01   7.246873e-04   1.207635e-04   4.923427e-05   312
  1.967196e-01   7.723468e-04   6.506437e-05   3.363623e-05   696
  1.971339e-01   6.771350e-04   5.887146e-05   3.830800e-05   552
  1.975648e-01   6.146948e-04   4.554687e-05   3.297862e-05   516
  1.978313e-01   7.357357e-04   9.097645e-05   4.418283e-05   528
  1.981558e-01   4.901134e-04   5.916447e-05   2.450385e-05   528
  1.986168e-01   6.665016e-04   7.802593e-05   3.193630e-05   864
  1.989297e-01   6.320377e-04   1.068795e-04   4.042002e-05   408
  1.992429e-01   7.944076e-04   1.058911e-04   5.481679e-05   192
  1.996868e-01   6.022664e-04   8.762994e-05   2.809603e-05   720
  2.000615e-01   5.640699e-04   8.079911e-05   2.591829e-05   696
  2.005068e-01   6.384889e-04   8.726379e-05   2.757916e-05   720
  2.009142e-01   6.201754e-04   1.182756e-04   3.496413e-05   432
  2.011518e-01   5.235001e-04   6.962164e-05   3.733031e-05   264
  2.015793e-01   6.251619e-04   9.614441e-05   2.771981e-05   672
  2.019616e-01   6.621082e-04   9.843711e-05   3.272012e-05   600
  2.024154e-01   4.898939e-04   5.763483e-05   3.385736e-05   270
  2.026441e-01   6.353091e-04   8.675648e-05   3.851204e-05   528
  2.030077e-01   7.302613e-04   5.940776e-05   3.108459e-05   840
  2.035062e-01   7.419644e-04   1.135983e-04   3.314579e-05   888
  2.039669e-01   5.945331e-04   8.463909e-05   2.602282e-05   744
  2.043562e-01   7.350503e-04   4.349214e-05   4.284716e-05   456
  2.045498e-01   8.468432e-04   5.943469e-05   4.755452e-05   360
  2.048811e-01   5.841429e-04   5.149682e-05   4.130196e-05   384
  2.053895e-01   6.508929e-04   8.260041e-05   2.662164e-05   816
  2.057710e-01   6.691639e-04   1.198416e-04   2.717111e-05   824
  2.062346e-01   6.203708e-04   5.570811e-05   4.472878e-05   360
  2.064829e-01   7.655839e-04   8.220424e-05   3.489176e-05   624
  2.068246e-01   6.635442e-04   5.554917e-05   4.272013e-05   360
  2.072798e-01   6.284172e-04   7.556319e-05   2.741114e-05   876
  2.076909e-01   5.969954e-04   8.974647e-05   3.021854e-05   696
  2.081055e-01   6.026412e-04   5.795238e-05   3.938657e-05   336
  2.083228e-01   7.405135e-04   5.788726e-05   5.086902e-05   504
  2.086818e-01   6.193612e-04   5.838888e-05   3.530409e-05   672
  2.092144e-01   5.528151e-04   1.162387e-04   2.409739e-05   720
  2.095838e-01   6.250097e-04   8.780591e-05   3.092296e-05   774
  2.099915e-01   8.362969e-04   5.025783e-05   6.726444e-05   384
  2.102050e-01   7.815487e-04   9.671763e-05   4.927742e-05   528
  2.105364e-01   6.912849e-04   9.217729e-05   3.186148e-05   744
  2.110694e-01   7.856506e-04   7.602671e-05   3.821912e-05   768
  2.114233e-01   6.769731e-04   8.534571e-05   4.306515e-05   552
  2.118649e-01   6.022922e-04   9.301717e-05   2.780077e-05   696
  2.121934e-01   7.897365e-04   1.130320e-04   5.232112e-05   408
  2.124541e-01   7.158893e-04   4.883074e-05   4.042850e-05   504
  2.128675e-01   6.348579e-04   8.772259e-05   3.016819e-05   888
  2.132743e-01   5.860703e-04   9.116913e-05   3.270794e-05   648
  2.136971e-01   5.907641e-04   9.038766e-05   2.834221e-05   648
  2.140948e-01   6.189042e-04   9.746006e-05   2.907229e-05   792
  2.145162e-01   5.703163e-04   1.425907e-04   2.925794e-05   600
  2.148267e-01   5.103631e-04   9.663487e-05   2.802617e-05   456
  2.151535e-01   6.409077e-04   4.709572e-05   3.196462e-05   648
  2.155732e-01   5.637164e-04   9.184351e-05   2.264288e-05   936
  2.160264e-01   7.195110e-04   5.640375e-05   4.050788e-05   384
  2.164208e-01   4.721946e-07   4.745948e-09   4.062141e-08   198
  2.167253e-01   4.553753e-07   1.431011e-04   1.516400e-08   1224
  2.170537e-01   3.973169e-07   1.042217e-04   2.218913e-08   420
  2.174420e-01   4.274957e-07   1.008648e-04   1.788985e-08   792
  2.178218e-01   4.454389e-07   8.340657e-05   1.902483e-08   680
  2.182552e-01   4.647248e-07   7.658783e-05   2.267834e-08   600
  2.186039e-01   4.550758e-07   1.110734e-04   1.694503e-08   840
  2.190695e-01   5.232915e-07   5.244369e-05   2.777037e-08   432
  2.192474e-01   4.555791e-07   4.914665e-05   1.900054e-08   720
  2.196343e-01   4.727961e-07   9.843213e-05   1.658881e-08   960
  2.201154e-01   5.252309e-07   8.774504e-05   2.803993e-08   528
  2.204670e-01   4.710354e-07   8.969217e-05   1.979971e-08   624
  2.208855e-01   4.877741e-07   7.049743e-05   1.953925e-08   816
  2.213008e-01   4.216906e-07   1.159345e-04   1.871748e-08   696
  2.217599e-01   5.030441e-07   7.830814e-09   3.545415e-08   240
  2.219325e-01   5.217217e-07   6.836935e-05   2.079977e-08   672
  2.223177e-01   4.528613e-07   1.221858e-04   1.601342e-08   864
  2.227499e-01   4.846901e-07   9.375778e-05   1.798594e-08   816
  2.231394e-01   4.811648e-07   5.366372e-05   2.084523e-08   648
  2.235589e-01   4.784701e-07   5.485410e-05   1.682037e-08   843
  2.239151e-01   4.793173e-07   9.869601e-05   2.061165e-08   780
  2.243395e-01   5.003283e-07   5.295844e-05   3.447508e-08   216
  2.246013e-01   4.548079e-07   1.277035e-04   1.459750e-08   1056
  2.250039e-01   6.076652e-07   1.044758e-04   3.986717e-08   228
  2.253767e-01   4.787174e-07   1.300750e-04   1.741671e-08   924
  2.257594e-01   4.602502e-07   4.825052e-05   1.688681e-08   696
  2.261647e-01   4.732131e-07   8.587211e-05   1.645051e-08   996
  2.265793e-01   4.981587e-07   5.069718e-05   2.223437e-08   576
  2.270107e-01   5.078218e-07   7.824775e-05   2.433770e-08   552
  2.273251e-01   5.051825e-07   9.342507e-05   2.404378e-08   516
  2.276442e-01   4.810076e-07   1.358594e-04   1.824260e-08   744
  2.280088e-01   5.695791e-07   6.664715e-05   2.759680e-08   576
  2.283260e-01   4.604648e-07   6.859680e-05   1.607158e-08   792
  2.287768e-01   4.909244e-07   7.841886e-05   1.825769e-08   792
  2.291071e-01   5.007457e-07   8.457391e-05   1.874548e-08   720
  2.295538e-01   4.612476e-07   9.639481e-05   1.785087e-08   656
  2.299724e-01   4.843266e-07   1.052581e-04   1.765806e-08   816
  2.304015e-01   5.038396e-07   5.675340e-05   2.326899e-08   492
  2.306454e-01   5.137987e-07   8.164378e-05   2.224400e-08   552
  2.311032e-01   4.955204e-07   1.419686e-04   2.303930e-08   780
  2.314005e-01   4.914665e-07   8.720963e-05   2.309462e-08   528
  2.317208e-01   5.067595e-07   1.018002e-04   2.149226e-08   600
  2.321929e-01   5.113206e-07   8.460399e-05   1.638801e-08   900
  2.325183e-01   5.139049e-07   4.683822e-05   1.990902e-08   696
  2.329660e-01   5.221545e-07   1.184322e-04   2.049159e-08   696
  2.333991e-01   5.664291e-07   4.804683e-05   2.489531e-08   552
  2.337633e-01   4.357251e-07   5.587403e-05   1.717420e-08   708
  2.341448e-01   5.382737e-07   9.225121e-05   2.052459e-08   876
  2.345418e-01   5.034277e-07   4.898356e-05   3.634452e-08   216
  2.348082e-01   4.733217e-07   1.339767e-04   1.535079e-08   1032
  2.352071e-01   5.259757e-07   1.491682e-04   2.268942e-08   600
  2.356212e-01   5.455383e-07   7.117755e-05   2.177762e-08   600
  2.359371e-01   5.087223e-07   1.256929e-04   2.554069e-08   528
  2.363105e-01   5.122311e-07   6.899988e-05   1.852814e-08   732
  2.367039e-01   4.373050e-07   5.095015e-05   2.050379e-08   336
  2.371566e-01   5.133235e-07   7.261407e-05   1.744303e-08   912
  2.374950e-01   4.896106e-07   7.288252e-05   2.003781e-08   624
  2.378647e-01   5.182123e-07   6.141657e-05   1.946424e-08   768
  2.382963e-01   5.726797e-07   1.108076e-04   2.179562e-08   792
  2.387198e-01   5.061666e-07   5.493383e-05   2.301692e-08   660
  2.390212e-01   4.930941e-07   8.095383e-05   2.347102e-08   504
  2.393329e-01   5.547404e-07   1.322631e-04   2.782997e-08   480
  2.398000e-01   4.350387e-07   1.223261e-04   1.511244e-08   912
  2.401658e-01   5.855778e-07   1.362291e-04   3.311560e-08   432
  2.405113e-01   4.727291e-07   8.088962e-05   2.076311e-08   564
  2.408180e-01   5.173308e-07   7.742251e-05   2.165245e-08   600
  2.412498e-01   5.207099e-07   1.079196e-04   1.849616e-08   876
  2.415741e-01   5.735884e-07   4.852393e-05   3.434268e-08   264
  2.420212e-01   5.701494e-07   9.415549e-05   2.498121e-08   560
  2.423806e-01   5.028900e-07   6.398069e-05   1.680415e-08   840
  2.428168e-01   5.284057e-07   9.863978e-05   1.849651e-08   1008
  2.432202e-01   5.938547e-07   4.412481e-05   2.719058e-08   456
  2.435886e-01   5.758315e-07   5.715745e-05   2.323502e-08   576
  2.439292e-01   5.554556e-07   8.782853e-05   2.313186e-08   612
  2.443783e-01   5.191796e-07   7.844513e-05   2.006549e-08   780
  2.447447e-01   5.450891e-07   8.989453e-05   2.165797e-08   648
  2.451197e-01   6.140431e-07   4.189201e-05   4.030515e-08   312
  2.453594e-01   5.493310e-07   1.064407e-04   2.503557e-08   528
  2.457747e-01   5.182543e-07   1.390063e-04   2.123519e-08   720
  2.461718e-01   5.162867e-07   1.394416e-04   2.359220e-08   576
  2.466533e-01   5.378196e-07   1.202863e-04   2.400386e-08   444
  2.469529e-01   5.570402e-07   1.179621e-04   1.825004e-08   996
  2.473200e-01   5.149462e-07   9.853387e-05   2.635069e-08   432
  2.476669e-01   5.584216e-07   1.078752e-04   2.647553e-08   504
  2.479666e-01   5.918431e-07   4.863583e-05   2.654248e-08   504
  2.483934e-01   5.966150e-07   9.571589e-05   2.340234e-08   876
  2.487796e-01   5.436983e-07   1.101599e-04   2.566898e-08   504
  2.491817e-01   5.031946e-07   7.025420e-05   2.006570e-08   696
  2.495140e-01   6.208763e-07   6.005997e-05   2.933770e-08   492
  2.499662e-01   5.196269e-07   8.597875e-05   2.591821e-08   432
  2.503011e-01   5.610094e-07   8.050968e-05   2.026792e-08   768
  2.506981e-01   5.198441e-07   1.002856e-04   2.417396e-08   648
  2.510772e-01   4.943279e-07   6.542561e-05   2.268729e-08   456
  2.515128e-01   5.073165e-07   8.997083e-05   2.219662e-08   552
  2.518153e-01   5.382499e-07   6.166608e-05   2.600502e-08   648
  2.522317e-01   5.237445e-07   1.005122e-04   1.820381e-08   840
  2.526384e-01   6.019261e-07   4.793217e-05   3.070617e-08   432
  2.530455e-01   5.064801e-07   5.870872e-05   2.187892e-08   600
  2.533287e-01   5.793278e-07   6.255029e-05   3.247061e-08   432
  2.538044e-01   5.375013e-07   6.227491e-05   2.497733e-08   560
  2.541265e-01   5.460725e-07   9.857465e-05   2.111560e-08   840
  2.545299e-01   5.921084e-07   5.838720e-05   2.751071e-08   504
  2.548502e-01   5.210858e-07   1.191648e-04   2.178744e-08   696
  2.553018e-01   5.894814e-07   6.508356e-05   3.154666e-08   384
  2.556535e-01   5.023678e-07   9.533975e-05   2.183711e-08   576
  2.560789e-01   5.185500e-07   5.883893e-05   3.323963e-08   360
  2.564218e-01   5.247111e-07   8.762544e-05   2.252608e-08   828
  2.567917e-01   5.409416e-07   7.804673e-05   2.752424e-08   372
  2.571307e-01   5.513001e-07   1.191923e-04   2.411606e-08   576
  2.575797e-01   5.614704e-07   4.991761e-05   2.366244e-08   636
  2.578996e-01   5.311984e-07   9.622826e-05   2.273448e-08   648
  2.583323e-01   5.917734e-07   7.822306e-05   2.799108e-08   576
  2.586430e-01   5.345305e-07   1.261820e-04   2.541191e-08   528
  2.590561e-01   5.083532e-07   5.394804e-05   2.899949e-08   360
  2.593981e-01   5.144380e-07   1.241007e-04   2.042660e-08   672
  2.598446e-01   5.310487e-07   6.356642e-05   2.087438e-08   804
  2.602163e-01   5.901217e-07   7.012137e-05   3.202122e-08   408
  2.606274e-01   5.019087e-07   4.334263e-05   2.362786e-08   384
  2.609042e-01   4.879982e-07   9.918459e-05   2.597985e-08   480
  2.612947e-01   5.278176e-07   6.408778e-05   2.579400e-08   432
  2.616692e-01   6.139177e-07   1.181001e-04   2.540424e-08   648
  2.621125e-01   5.580861e-07   7.328056e-05   2.622023e-08   624
  2.624367e-01   5.697486e-07   6.665485e-05   3.260687e-08   456
  2.628795e-01   5.105485e-07   9.105646e-05   2.812482e-08   588
  2.631762e-01   4.922993e-07   5.809364e-05   2.197408e-08   600
  2.636094e-01   5.117936e-07   9.061183e-05   1.921013e-08   708
  2.639516e-01   4.686907e-07   5.708370e-05   2.486640e-08   360
  2.643298e-01   5.539041e-07   6.561923e-05   2.735947e-08   552
  2.646923e-01   5.125114e-07   4.603344e-05   3.684053e-08   288
  2.650603e-01   4.795616e-07   8.655546e-05   2.182602e-08   528
  2.654060e-01   4.995279e-07   5.839431e-05   2.367765e-08   456
  2.657924e-01   5.377666e-07   1.035458e-04   2.370212e-08   608
  2.661809e-01   4.788817e-07   5.009661e-05   2.208274e-08   504
  2.666055e-01   4.522960e-07   1.075546e-04   2.303857e-08   540
  2.669384e-01   5.928484e-07   1.154568e-04   3.726592e-08   360
  2.672972e-01   6.030366e-07   5.228475e-05   2.725727e-08   540
  2.676146e-01   5.281307e-07   4.489266e-05   2.490157e-08   576
  2.680762e-01   5.132019e-07   1.040909e-04   2.202353e-08   588
  2.685150e-01   5.344870e-07   1.436140e-04   2.442225e-08   672
  2.688920e-01   5.959584e-07   1.097654e-04   2.873239e-08   552
  2.691959e-01   4.123816e-07   1.098209e-04   3.458411e-08   144
  2.695837e-01   5.460742e-07   9.330411e-05   2.461488e-08   600
  2.699514e-01   4.700525e-07   1.169304e-04   2.328663e-08   504
  2.703595e-01   5.117821e-07   1.201111e-04   3.479470e-08   336
  2.707887e-01   5.166943e-07   1.350054e-04   2.136599e-08   600
  2.711731e-01   5.046786e-07   8.712810e-05   2.290379e-08   636
  2.715880e-01   5.368170e-07   7.005178e-05   3.932373e-08   384
  2.718789e-01   5.398008e-07   9.771396e-05   3.178162e-08   504
  2.722982e-01   5.125590e-07   4.100918e-05   3.455428e-08   240
  2.726291e-01   5.335389e-07   9.633639e-05   2.020645e-08   744
  2.730261e-01   4.903189e-07   6.578310e-05   2.191509e-08   648
  2.733790e-01   7.508881e-07   4.366878e-05   6.499184e-08   120
  2.737925e-01   4.638598e-07   6.859799e-05   1.915124e-08   564
  2.741050e-01   5.948059e-07   1.077373e-04   3.100816e-08   432
  2.745220e-01   4.597659e-07   8.362543e-05   2.812399e-08   480
  2.748361e-01   4.109742e-07   6.155045e-05   2.290841e-08   456
  2.752067e-01   5.068548e-07   1.018569e-04   2.796269e-08   444
  2.756274e-01   4.865529e-07   1.558464e-04   2.459146e-08   528
  2.759969e-01   5.287130e-07   1.157439e-04   4.268432e-08   264
  2.763555e-01   4.862586e-07   1.186203e-04   2.560487e-08   444
  2.768379e-01   5.165771e-07   1.299311e-04   2.156639e-08   696
  2.772383e-01   5.286291e-07   6.949148e-05   3.077217e-08   384
  2.775311e-01   5.215427e-07   8.780831e-05   2.741126e-08   432
  2.779866e-01   6.355018e-07   6.067143e-05   3.827830e-08   488
  2.782823e-01   5.693744e-07   9.143939e-05   2.684026e-08   480
  2.787111e-01   4.859731e-07   1.019738e-04   2.845889e-08   480
  2.790432e-01   4.755256e-07   4.278510e-05   2.897979e-08   240
  2.794202e-01   5.167785e-07   9.994261e-05   2.475941e-08   600
  2.797758e-01   4.631365e-07   8.708975e-05   2.964473e-08   288
  2.801544e-01   5.167258e-07   8.377397e-05   2.898304e-08   480
  2.805379e-01   4.353681e-07   1.490189e-04   2.420978e-08   504
  2.809155e-01   6.041515e-07   6.393839e-05   4.034357e-08   216
  2.813970e-01   5.226569e-07   1.046773e-04   2.982468e-08   504
  2.817720e-01   4.633942e-07   8.419242e-05   2.561498e-08   456
  2.821825e-01   6.704357e-07   4.828579e-05   4.087891e-08   384
  2.824544e-01   6.310859e-07   9.800271e-05   3.595408e-08   480
  2.828408e-01   4.479711e-07   8.605736e-05   2.566641e-08   504
  2.831988e-01   5.411328e-07   5.458940e-05   3.399783e-08   312
  2.835845e-01   5.172185e-07   8.796897e-05   2.996027e-08   492
  2.839260e-01   5.567446e-07   8.245044e-05   3.213440e-08   312
  2.843655e-01   4.737240e-07   1.339342e-04   2.008598e-08   576
  2.847524e-01   5.815834e-07   1.236321e-04   4.345536e-08   336
  2.850738e-01   3.836463e-07   9.519099e-05   2.799804e-08   240
  2.855192e-01   5.059653e-07   1.261991e-04   2.862131e-08   468
  2.859039e-01   4.944016e-07   7.901891e-05   4.715669e-08   192
  2.863065e-01   4.111378e-07   7.925442e-05   2.799688e-08   324
  2.866016e-01   4.898039e-07   5.752155e-05   2.521677e-08   600
  2.870037e-01   4.804160e-07   9.332283e-05   2.588773e-08   456
  2.873023e-01   5.302173e-07   4.197661e-05   3.509672e-08   336
  2.877972e-01   5.097518e-07   1.256898e-04   2.631122e-08   612
  2.881573e-01   3.431122e-07   1.054844e-04   4.627351e-08   144
  2.884978e-01   5.437438e-07   1.231274e-04   2.855361e-08   552
  2.889609e-01   3.622775e-07   4.848907e-05   2.121319e-08   264
  2.892225e-01   4.461963e-07   1.122646e-04   3.159050e-08   336
  2.896353e-01   4.345940e-07   7.418058e-05   2.376386e-08   384
  2.899932e-01   4.333591e-07   4.175634e-05   3.661253e-08   216
  2.903894e-01   3.922240e-07   8.853205e-05   2.619064e-08   344
  2.907507e-01   3.706698e-07   1.320940e-04   2.236333e-08   408
  2.911910e-01   4.548583e-07   1.015056e-04   3.997888e-08   264
  2.915811e-01   4.402602e-07   1.415038e-04   2.226092e-08   612
  2.919709e-01   5.525483e-07   7.282870e-05   3.449259e-08   408
  2.923718e-01   4.254882e-07   7.293338e-05   3.037093e-08   444
  2.926663e-01   7.315501e-07   4.079109e-05   6.380694e-08   120
  2.930609e-01   5.042796e-07   1.126983e-04   3.643720e-08   336
  2.933538e-01   4.282415e-07   3.916222e-05   3.048039e-08   288
  2.937496e-01   4.486968e-07   1.218735e-04   2.280181e-08   552
  2.942938e-01   5.198614e-07   6.525678e-09   7.057445e-08   72
  2.945736e-01   4.479603e-07   1.210514e-04   2.484776e-08   504
  2.949004e-01   2.860172e-07   3.895317e-05   2.448774e-08   216
  2.953239e-01   3.883873e-07   6.954821e-05   2.783028e-08   312
  2.957040e-01   3.264623e-07   7.919158e-05   2.175009e-08   336
  2.960663e-01   3.596776e-07   1.097684e-04   2.880646e-08   204
  2.964271e-01   6.168428e-07   1.275676e-04   4.112632e-08   504
  2.968098e-01   5.586299e-07   1.214810e-04   3.379779e-08   396
  2.971778e-01   4.343126e-07   1.114044e-04   3.211515e-08   312
  2.976240e-01   6.014647e-07   6.808000e-05   5.351788e-08   216
  2.979383e-01   4.440538e-07   3.694832e-05   4.695328e-08   168
  2.983203e-01   4.468647e-07   9.329657e-05   2.374744e-08   588
  2.987563e-01   3.395502e-07   1.266392e-04   2.831463e-08   240
  2.990950e-01   3.425021e-07   1.118436e-04   3.017782e-08   264
  2.994922e-01   4.229755e-07   1.383176e-04   3.506175e-08   288
  2.998446e-01   4.657233e-07   6.907007e-05   3.786814e-08   288
  3.002913e-01   3.323611e-07   6.486779e-05   2.470352e-08   288
  3.005921e-01   3.992345e-07   7.514392e-05   3.081170e-08   192
  3.009705e-01   2.982707e-07   7.996067e-05   2.285721e-08   264
  3.013310e-01   6.369839e-07   1.315242e-04   4.322607e-08   372
  3.017189e-01   6.395446e-07   1.420518e-04   5.632779e-08   360
  3.021924e-01   5.696350e-07   6.011768e-05   7.524909e-08   144
  3.024371e-01   3.374812e-07   8.350082e-05   3.114172e-08   296
  3.028234e-01   3.947686e-07   8.996782e-05   3.611176e-08   288
  3.032657e-01   4.346814e-07   1.344546e-04   2.669349e-08   480
  3.036471e-01   3.734585e-07   1.117190e-04   5.793993e-08   192
  3.040181e-01   4.870316e-07   1.198338e-04   3.995044e-08   192
  3.043553e-01   3.499927e-07   7.637151e-05   2.900655e-08   288
  3.048242e-01   2.093950e-07   6.648036e-05   2.460427e-08   108
  3.050604e-01   3.686968e-07   6.391272e-05   3.300323e-08   240
  3.054775e-01   3.156194e-07   1.192307e-04   2.541045e-08   384
  3.059059e-01   4.407917e-07   1.454479e-04   4.551690e-08   108
  3.062848e-01   5.135334e-07   8.527881e-05   3.634668e-08   348
  3.066832e-01   3.286575e-07   8.900031e-05   3.493581e-08   312
  3.070391e-01   3.374604e-07   8.648246e-05   6.969895e-08   96
  3.073663e-01   3.958803e-07   1.151358e-04   2.886222e-08   384
  3.077328e-01   4.275014e-07   7.919012e-05   3.811118e-08   144
  3.080912e-01   4.213879e-07   1.216791e-04   3.030332e-08   408
  3.085368e-01   2.447661e-07   5.427748e-05   3.442770e-08   144
  3.089578e-01   3.872019e-07   1.043490e-04   4.192427e-08   192
  3.092074e-01   4.976955e-07   1.174468e-04   5.162368e-08   144
  3.096144e-01   2.992063e-07   9.548855e-05   2.990476e-08   144
  3.099983e-01   4.235346e-07   1.167025e-04   3.766773e-08   336
  3.104685e-01   2.367187e-07   8.634502e-05   1.757925e-08   240
  3.107666e-01   3.052639e-07   3.920851e-05   4.021524e-08   96
  3.111825e-01   4.354090e-07   1.149797e-04   3.629086e-08   372
  3.116031e-01   3.296036e-07   1.367659e-04   4.872712e-08   132
  3.119726e-01   2.650170e-07   8.462908e-05   1.981189e-08   264
  3.123032e-01   5.604324e-07   6.499128e-05   6.283139e-08   168
  3.126560e-01   4.159115e-07   1.039086e-04   3.372025e-08   216
  3.129676e-01   2.862279e-07   6.357256e-05   3.319847e-08   216
  3.134215e-01   1.784831e-07   1.166292e-04   1.902356e-08   96
  3.138333e-01   4.463610e-07   7.608990e-05   5.532898e-08   120
  3.142110e-01   3.105729e-07   9.673168e-05   3.197222e-08   216
  3.145221e-01   2.647555e-07   4.227207e-05   2.702843e-08   200
  3.149340e-01   3.531584e-07   1.094242e-04   4.403927e-08   288
  3.154623e-01   1.262725e-07   2.879164e-05   1.000857e-08   144
  3.156848e-01   3.725713e-07   8.959781e-05   6.188408e-08   168
  3.161391e-01   3.276791e-07   1.008340e-04   5.043389e-08   159
  3.164937e-01   2.478551e-07   1.057991e-04   1.994780e-08   174
  3.168369e-01   2.258521e-07   9.593494e-05   2.162048e-08   144
  3.172863e-01   3.636168e-07   5.539549e-05   3.252975e-08   222
  3.175869e-01   2.632211e-07   5.589895e-05   2.907378e-08   168
  3.181060e-01   3.868724e-07   1.226079e-04   9.163521e-08   30
  3.183205e-01   1.151192e-07   1.082537e-04   1.535997e-08   72
  3.187244e-01   2.626272e-07   9.661517e-05   2.765247e-08   258
  3.191684e-01   2.246000e-07   6.051257e-05   1.852368e-08   264
  3.193905e-01   2.827663e-07   0.000000e+00   4.543401e-08   72
  3.198532e-01   1.514052e-07   1.199385e-04   1.575979e-08   174
  3.202721e-01   2.905745e-07   1.277123e-04   3.987709e-08   168
  3.206090e-01   8.131666e-08   3.996146e-09   1.192169e-08   48
  3.209705e-01   1.673332e-07   7.212215e-05   1.874311e-08   150
  3.213898e-01   3.752663e-07   1.326739e-04   3.342382e-08   168
  3.218102e-01   1.811077e-07   8.081877e-05   1.941511e-08   144
  3.221967e-01   2.758908e-07   7.550312e-05   5.023015e-08   102
  3.224847e-01   9.515836e-08   1.117576e-04   7.986002e-09   96
  3.229415e-01   7.405787e-08   1.109119e-04   5.692972e-09   120
  3.232799e-01   7.450509e-08   1.189559e-04   5.867094e-09   168
  3.236458e-01   3.299162e-07   8.783953e-05   3.221437e-08   126
  3.239576e-01   1.953207e-07   6.624856e-05   2.726197e-08   168
  3.243872e-01   1.107185e-07   1.062297e-04   1.574176e-08   72
  3.247626e-01   1.166153e-07   1.330232e-04   1.035610e-08   168
  3.250914e-01   2.737041e-07   3.646820e-05   5.577080e-08   78
  3.255420e-01   1.094629e-07   5.987806e-05   1.411015e-08   60
  3.259049e-01   3.715845e-07   9.713191e-05   7.056235e-08   96
  3.262812e-01   1.406399e-07   1.178615e-04   1.169441e-08   168
  3.266349e-01   1.164018e-07   7.457817e-05   2.066364e-08   86
  3.270060e-01   8.870628e-08   6.665520e-05   1.230375e-08   120
  3.275378e-01   1.057988e-07   4.753401e-05   1.025145e-08   168
  3.278247e-01   6.216137e-08   0.000000e+00   7.092878e-09   48
  3.282110e-01   2.361456e-07   8.660181e-05   2.617009e-08   120
  3.284330e-01   1.525869e-07   6.317951e-05   2.147998e-08   126
  3.289749e-01   1.367304e-07   1.111151e-04   1.651657e-08   96
  3.293266e-01   1.337862e-07   3.204012e-05   1.309333e-08   96
  3.296039e-01   8.895040e-08   0.000000e+00   1.081642e-08   72
  3.301949e-01   1.008155e-07   3.996146e-09   1.944096e-08   24
  3.305637e-01   1.461047e-07   6.593782e-05   1.389826e-08   120
  3.308514e-01   1.196124e-07   9.618300e-05   1.599160e-08   126
  3.311713e-01   8.568215e-08   8.018157e-05   1.021333e-08   96
  3.315452e-01   5.099772e-08   1.385771e-04   5.653820e-09   72
  3.319614e-01   8.723806e-08   5.993927e-05   7.384689e-09   144
  3.323038e-01   8.822822e-08   3.457157e-05   1.173622e-08   72
  3.326459e-01   1.371844e-07   6.905176e-05   2.869967e-08   54
  3.329469e-01   1.386098e-07   6.085106e-05   1.617890e-08   108
  3.335726e-01   1.560582e-07   5.964977e-05   1.709795e-08   72
  3.337673e-01   1.125851e-07   3.441997e-05   1.312149e-08   72
  3.342294e-01   6.511785e-08   6.921527e-09   8.958957e-09   24
  3.346666e-01   3.729409e-08   7.281693e-05   5.870587e-09   48
  3.349321e-01   1.117492e-07   5.546771e-05   1.562876e-08   102
  3.353317e-01   7.360516e-08   1.254449e-04   6.367342e-09   168
  3.358538e-01   5.483982e-08   6.841470e-05   7.593074e-09   72
  3.360473e-01   6.556718e-08   0.000000e+00   1.032513e-08   48
  3.364531e-01   8.781709e-08   1.176775e-04   9.105733e-09   120
  3.369887e-01   8.054579e-08   7.231517e-05   6.939894e-09   96
  3.374945e-01   2.027327e-07   7.830814e-09   7.086823e-08   30
  3.380957e-01   1.171934e-07   3.397687e-05   1.694913e-08   72
  3.383599e-01   5.964122e-08   3.996146e-09   1.349759e-08   24
  3.386992e-01   2.928190e-08   5.036212e-05   5.112378e-09   56
  3.390793e-01   2.952822e-08   7.186930e-05   2.761052e-09   96
  3.395342e-01   6.632328e-08   7.936128e-05   6.182880e-09   144
  3.398849e-01   9.873061e-08   4.505822e-05   2.324414e-08   54
  3.403944e-01   6.418803e-08   6.750198e-05   6.732316e-09   108
  3.409071e-01   1.618967e-07   3.574199e-05   2.868358e-08   48
  3.413952e-01   6.582078e-08   1.345800e-04   6.476695e-09   72
  3.425664e-01   1.286442e-07   8.891744e-05   1.646989e-08   78
  3.428909e-01   3.002340e-08   6.701044e-05   3.433821e-09   72
  3.432698e-01   3.403066e-08   6.692725e-05   3.840360e-09   72
  3.436659e-01   6.641513e-08   1.615028e-04   5.825197e-09   96
  3.439790e-01   3.685109e-08   6.678928e-05   2.482630e-09   72
  3.443566e-01   5.284939e-08   0.000000e+00   8.493972e-09   24
  3.447338e-01   6.237441e-08   1.332770e-04   6.983319e-09   72
  3.455858e-01   7.547040e-08   8.463498e-05   1.381671e-08   30
  3.457691e-01   1.058123e-07   0.000000e+00   2.134442e-08   24
  3.467544e-01   2.686242e-08   7.027855e-05   3.711926e-09   48
  3.470634e-01   4.218814e-08   1.512394e-04   6.069101e-09   120
  3.474798e-01   2.781024e-08   6.612537e-05   3.887485e-09   72
  3.479003e-01   3.962777e-08   6.604543e-05   6.351411e-09   36
  3.481894e-01   4.517186e-08   1.305365e-04   5.852680e-09   78
  3.489960e-01   5.377974e-08   6.982714e-05   5.805604e-09   48
  3.500419e-01   7.959009e-08   5.651403e-09   9.744240e-09   24
  3.507870e-01   1.389335e-08   4.862619e-05   2.190467e-09   56
  3.511622e-01   1.891338e-08   7.482652e-05   2.095226e-09   102
  3.516395e-01   2.992654e-08   5.328194e-09   3.464428e-09   72
  3.519166e-01   3.793850e-08   0.000000e+00   5.958213e-09   24
  3.524009e-01   2.948400e-08   6.915246e-05   3.738098e-09   48
  3.532988e-01   4.167830e-08   0.000000e+00   9.525396e-09   24
  3.544007e-01   3.521092e-08   0.000000e+00   1.802416e-08   6
  3.547443e-01   9.612691e-09   0.000000e+00   2.002565e-09   24
  3.549732e-01   1.621880e-08   6.472929e-05   1.713529e-09   72
  3.553914e-01   1.598381e-08   1.207586e-04   1.443270e-09   84
  3.558418e-01   2.448382e-08   0.000000e+00   5.900660e-09   24
  3.559787e-01   2.800519e-08   5.651403e-09   3.708409e-09   24
  3.566626e-01   3.093759e-08   3.996146e-09   5.597297e-09   24
  3.576179e-01   2.780582e-08   0.000000e+00   7.778584e-09   6
  3.588424e-01   9.283823e-09   6.791113e-05   1.138175e-09   48
  3.591365e-01   1.324804e-08   1.279335e-04   1.320729e-09   72
  3.595209e-01   1.758987e-08   6.778297e-05   2.431939e-09   48
  3.601304e-01   3.505095e-08   0.000000e+00   5.936121e-09   24
  3.609415e-01   7.088649e-08   3.996146e-09   1.206500e-08   6
  3.627599e-01   5.235311e-09   0.000000e+00   1.149552e-09   8
  3.628942e-01   1.050262e-08   3.996146e-09   2.715086e-09   48
  3.632164e-01   1.259703e-08   6.573533e-05   1.881276e-09   60
  3.636991e-01   2.056606e-08   0.000000e+00   4.541080e-09   24
  3.643686e-01   1.571967e-08   0.000000e+00   4.046614e-09   6
  3.668348e-01   6.926913e-09   0.000000e+00   1.239261e-09   24
  3.670341e-01   8.452890e-09   6.639546e-05   8.140100e-10   48
  3.673659e-01   1.014246e-08   0.000000e+00   2.887152e-09   24
  3.678962e-01   3.425634e-09   3.996146e-09   9.068549e-10   6
  3.709088e-01   4.270465e-09   6.194064e-05   7.884154e-10   36
  3.711278e-01   8.163594e-09   0.000000e+00   2.166971e-09   24
  3.715215e-01   8.756900e-09   0.000000e+00   4.358358e-09   6
  3.749494e-01   5.813867e-09   5.629118e-05   8.440278e-10   32
  3.752417e-01   2.983833e-09   3.996146e-09   1.050082e-09   6
  3.789254e-01   3.573913e-09   0.000000e+00   8.199355e-10   12
  3.790540e-01   6.854200e-09   0.000000e+00   3.990764e-10   6
  3.829556e-01   2.290617e-09   5.651403e-09   5.048235e-10   6
