# power spectrum of pi_k
# redshift z=3.000000
# k              Pk             sigma(k)       sigma(Pk)      count
  3.141593e-02   4.514879e-12   0.000000e+00   1.819870e-12   6
  4.442883e-02   1.542539e-12   0.000000e+00   3.079258e-13   12
  5.441398e-02   8.807579e-13   5.960464e-10   1.792307e-13   8
  6.283185e-02   2.477621e-12   0.000000e+00   2.666100e-13   6
  7.024815e-02   1.500430e-12   1.123916e-09   4.783238e-13   24
  7.695299e-02   1.870778e-12   1.123916e-09   3.151805e-13   24
  8.885766e-02   6.380116e-13   0.000000e+00   2.871676e-13   12
  9.424778e-02   6.554304e-13   1.271566e-09   1.207385e-13   30
  9.934588e-02   7.335296e-13   0.000000e+00   1.616562e-13   24
  1.041948e-01   6.122410e-13   1.946680e-09   1.517643e-13   24
  1.088280e-01   6.688252e-13   1.192093e-09   1.355728e-13   8
  1.132717e-01   5.461060e-13   1.589457e-09   6.784539e-14   24
  1.175476e-01   4.886578e-13   0.000000e+00   6.866954e-14   48
  1.256637e-01   5.428929e-13   0.000000e+00   2.386990e-13   6
  1.295312e-01   4.260217e-13   1.589457e-09   5.982125e-14   48
  1.332865e-01   3.797377e-13   1.498555e-09   3.949192e-14   36
  1.369388e-01   5.253687e-13   1.589457e-09   1.098589e-13   24
  1.404963e-01   2.935569e-13   2.247832e-09   5.053707e-14   24
  1.439659e-01   2.496628e-13   0.000000e+00   3.395093e-14   48
  1.473538e-01   3.711693e-13   2.247832e-09   5.283250e-14   24
  1.539060e-01   2.691309e-13   2.247832e-09   4.233415e-14   24
  1.570796e-01   1.777222e-13   0.000000e+00   2.908987e-14   30
  1.601904e-01   1.825541e-13   0.000000e+00   2.016284e-14   72
  1.632419e-01   1.716009e-13   2.384186e-09   3.493563e-14   32
  1.691799e-01   2.199903e-13   0.000000e+00   2.551662e-14   72
  1.720721e-01   1.310304e-13   0.000000e+00   1.915624e-14   48
  1.777153e-01   6.749423e-14   0.000000e+00   2.007675e-14   12
  1.804708e-01   1.312086e-13   0.000000e+00   1.967912e-14   48
  1.831848e-01   1.133496e-13   0.000000e+00   1.128326e-14   48
  1.858591e-01   1.474823e-13   2.247832e-09   1.860449e-14   48
  1.884956e-01   1.759190e-13   2.543132e-09   3.083787e-14   30
  1.910956e-01   1.551689e-13   0.000000e+00   3.490091e-14   24
  1.936608e-01   1.595018e-13   4.738846e-09   1.603631e-14   72
  1.986918e-01   9.143394e-14   0.000000e+00   1.735602e-14   24
  2.011601e-01   1.370178e-13   0.000000e+00   1.357604e-14   96
  2.035985e-01   1.030347e-13   0.000000e+00   1.368209e-14   48
  2.060080e-01   8.419126e-14   3.893359e-09   2.068053e-14   24
  2.083897e-01   5.975479e-14   3.893359e-09   1.227060e-14   24
  2.107444e-01   1.403707e-13   0.000000e+00   1.713716e-14   72
  2.130732e-01   1.025770e-13   0.000000e+00   1.579069e-14   48
  2.176559e-01   8.491841e-14   2.384186e-09   2.534891e-14   8
  2.199115e-01   1.210763e-13   2.825702e-09   1.444897e-14   54
  2.221441e-01   7.991811e-14   0.000000e+00   1.397738e-14   84
  2.243546e-01   8.604948e-14   0.000000e+00   1.234449e-14   48
  2.265435e-01   5.273485e-14   3.178914e-09   9.407318e-15   24
  2.287114e-01   6.942114e-14   4.238553e-09   8.237762e-15   72
  2.308590e-01   9.063619e-14   0.000000e+00   1.031761e-14   96
  2.350953e-01   1.206356e-13   0.000000e+00   1.315751e-14   48
  2.371850e-01   6.475164e-14   0.000000e+00   6.067723e-15   48
  2.392566e-01   5.501884e-14   0.000000e+00   1.070466e-14   24
  2.413103e-01   6.136917e-14   0.000000e+00   6.607519e-15   72
  2.453662e-01   6.193547e-14   0.000000e+00   7.330009e-15   72
  2.473693e-01   5.972656e-14   0.000000e+00   6.807955e-15   96
  2.513274e-01   8.082698e-14   0.000000e+00   3.552203e-14   6
  2.532833e-01   6.636522e-14   0.000000e+00   6.424932e-15   96
  2.552242e-01   6.771767e-14   3.178914e-09   7.237414e-15   96
  2.571504e-01   4.520535e-14   0.000000e+00   1.074832e-14   24
  2.590624e-01   4.959966e-14   3.178914e-09   6.180031e-15   48
  2.609603e-01   4.921252e-14   0.000000e+00   4.974278e-15   96
  2.628445e-01   5.646829e-14   0.000000e+00   7.606743e-15   48
  2.665730e-01   4.803441e-14   2.997109e-09   9.014313e-15   36
  2.684178e-01   4.740360e-14   5.506041e-09   5.985284e-15   48
  2.702500e-01   5.155185e-14   6.229375e-09   4.627561e-15   120
  2.720699e-01   4.550599e-14   0.000000e+00   6.008537e-15   56
  2.738777e-01   2.519775e-14   3.178914e-09   4.409045e-15   24
  2.756736e-01   3.605835e-14   0.000000e+00   3.208439e-15   96
  2.774580e-01   3.783021e-14   0.000000e+00   4.881684e-15   48
  2.809926e-01   4.511866e-14   4.495664e-09   8.369230e-15   24
  2.827433e-01   4.878645e-14   0.000000e+00   4.881425e-15   102
  2.844833e-01   4.975645e-14   3.178914e-09   7.500659e-15   48
  2.862127e-01   4.508524e-14   0.000000e+00   4.491933e-15   72
  2.879317e-01   4.045426e-14   0.000000e+00   4.086382e-15   48
  2.896405e-01   4.259842e-14   0.000000e+00   7.892544e-15   48
  2.913393e-01   3.577501e-14   7.193062e-09   3.144011e-15   120
  2.947075e-01   5.505558e-14   4.495664e-09   9.215732e-15   24
  2.963773e-01   3.149814e-14   4.238553e-09   2.650107e-15   144
  2.980376e-01   3.210379e-14   5.086263e-09   3.086616e-15   120
  2.996888e-01   2.479795e-14   4.495664e-09   3.474676e-15   48
  3.029642e-01   3.684020e-14   4.495664e-09   4.913133e-15   48
  3.045887e-01   2.980642e-14   4.495664e-09   3.110552e-15   96
  3.088780e-01   3.822879e-14   7.537918e-04   4.693678e-15   72
  3.110018e-01   2.761152e-14   3.996146e-09   2.108383e-15   108
  3.125845e-01   3.229089e-14   0.000000e+00   3.459897e-15   72
  3.141593e-01   1.932453e-14   0.000000e+00   3.593906e-15   30
  3.157262e-01   3.217369e-14   0.000000e+00   2.556685e-15   168
  3.172853e-01   3.146846e-14   0.000000e+00   3.434171e-15   48
  3.203808e-01   2.145150e-14   0.000000e+00   2.513813e-15   72
  3.219175e-01   2.797637e-14   0.000000e+00   2.696496e-15   96
  3.234468e-01   2.730385e-14   8.477105e-09   4.194078e-15   72
  3.249689e-01   3.186218e-14   0.000000e+00   3.378235e-15   72
  3.275279e-01   2.803107e-14   6.960077e-04   2.053151e-15   104
  3.294930e-01   2.627990e-14   5.994218e-09   1.916616e-15   144
  3.339559e-01   1.754912e-14   1.005261e-08   1.648523e-15   96
  3.354303e-01   1.910964e-14   0.000000e+00   1.974757e-15   96
  3.377752e-01   2.553896e-14   7.160371e-04   2.377885e-15   120
  3.398152e-01   2.093374e-14   0.000000e+00   1.904304e-15   120
  3.412643e-01   2.487878e-14   0.000000e+00   2.696674e-15   72
  3.441442e-01   2.439288e-14   0.000000e+00   3.230858e-15   48
  3.455752e-01   2.590352e-14   7.825020e-09   2.955472e-15   78
  3.474057e-01   2.659640e-14   6.411427e-04   2.103004e-15   168
  3.512407e-01   2.390491e-14   7.341388e-09   2.065422e-15   144
  3.526429e-01   2.438446e-14   5.994218e-09   1.739714e-15   144
  3.567097e-01   2.131856e-14   3.692465e-04   1.812236e-15   156
  3.581967e-01   1.537617e-14   7.786718e-09   2.864515e-15   48
  3.595717e-01   1.890059e-14   5.086263e-09   1.854242e-15   120
  3.609415e-01   1.346169e-14   0.000000e+00   1.417504e-15   48
  3.633635e-01   1.980094e-14   5.651992e-04   1.343774e-15   216
  3.663695e-01   1.741309e-14   0.000000e+00   2.150501e-15   48
  3.677140e-01   1.595718e-14   4.495664e-09   1.403767e-15   96
  3.696256e-01   1.813986e-14   6.605235e-04   1.592920e-15   168
  3.717183e-01   1.445993e-14   4.495664e-09   2.068300e-15   48
  3.730435e-01   1.898045e-14   0.000000e+00   1.894102e-15   96
  3.743640e-01   1.827265e-14   0.000000e+00   3.326136e-15   48
  3.769911e-01   2.098697e-14   5.086263e-09   2.091271e-15   30
  3.782979e-01   1.322509e-14   0.000000e+00   1.073925e-15   96
  3.798596e-01   1.620959e-14   5.191127e-04   1.097850e-15   240
  3.818679e-01   2.211918e-14   5.600478e-04   3.046790e-15   32
  3.834803e-01   1.245499e-14   0.000000e+00   9.230786e-16   168
  3.847649e-01   1.467396e-14   0.000000e+00   1.438477e-15   120
  3.873216e-01   1.142262e-14   9.477692e-09   1.283545e-15   72
  3.885936e-01   1.848634e-14   4.238553e-09   1.698237e-15   144
  3.898614e-01   1.312709e-14   0.000000e+00   1.343464e-15   96
  3.911251e-01   1.719683e-14   0.000000e+00   1.376661e-15   96
  3.936404e-01   1.649642e-14   0.000000e+00   1.989209e-15   72
  3.948921e-01   1.375968e-14   6.357829e-09   1.333307e-15   96
  3.973835e-01   1.308462e-14   0.000000e+00   2.409571e-15   24
  3.986234e-01   1.510419e-14   0.000000e+00   1.115107e-15   192
  4.000835e-01   1.418517e-14   4.752666e-04   1.045941e-15   132
  4.023202e-01   1.501062e-14   0.000000e+00   1.357253e-15   96
  4.035449e-01   1.092660e-14   0.000000e+00   1.101389e-15   96
  4.047659e-01   1.424346e-14   5.086263e-09   1.214155e-15   120
  4.071969e-01   1.488962e-14   0.000000e+00   2.045364e-15   48
  4.091897e-01   9.535827e-15   5.759849e-04   6.248018e-16   222
  4.108165e-01   1.229778e-14   0.000000e+00   1.164445e-15   120
  4.120160e-01   1.372486e-14   7.786718e-09   2.765622e-15   24
  4.137624e-01   1.423034e-14   5.945000e-04   7.529526e-16   312
  4.175676e-01   1.537644e-14   5.573676e-04   1.713012e-15   72
  4.191407e-01   1.063325e-14   7.786718e-09   1.434126e-15   96
  4.207561e-01   1.284061e-14   5.676017e-04   9.707293e-16   192
  4.226581e-01   1.189993e-14   7.193062e-09   1.206910e-15   120
  4.238240e-01   1.177712e-14   0.000000e+00   1.209995e-15   144
  4.261464e-01   1.037309e-14   0.000000e+00   1.485710e-15   48
  4.277971e-01   1.019910e-14   5.707434e-04   5.938594e-16   336
  4.296063e-01   1.145135e-14   0.000000e+00   1.567189e-15   48
  4.318976e-01   1.023292e-14   0.000000e+00   8.948724e-16   192
  4.330387e-01   1.103337e-14   0.000000e+00   1.348324e-15   48
  4.362823e-01   1.086740e-14   3.961708e-04   1.315769e-15   56
  4.378950e-01   1.050570e-14   5.088179e-04   5.811757e-16   336
  4.398230e-01   1.036944e-14   5.651403e-09   1.476379e-15   54
  4.415024e-01   9.362294e-15   5.588647e-04   5.748954e-16   240
  4.449889e-01   9.302177e-15   5.351174e-04   6.888370e-16   228
  4.465042e-01   1.102399e-14   5.994218e-09   1.407991e-15   72
  4.479751e-01   1.085469e-14   5.190769e-04   8.060704e-16   144
  4.498076e-01   8.753920e-15   0.000000e+00   8.543598e-16   96
  4.509034e-01   9.007203e-15   7.193062e-09   5.648029e-16   240
  4.530869e-01   8.081504e-15   6.357829e-09   1.552965e-15   24
  4.544849e-01   9.436261e-15   4.902641e-04   5.622270e-16   336
  4.563427e-01   8.848970e-15   0.000000e+00   1.041567e-15   72
  4.580385e-01   1.044817e-14   5.332530e-04   7.541895e-16   168
  4.595754e-01   6.817226e-15   0.000000e+00   6.032008e-16   72
  4.617179e-01   1.040730e-14   0.000000e+00   9.538560e-16   96
  4.633772e-01   8.832021e-15   5.292526e-04   6.282005e-16   216
  4.649133e-01   6.609108e-15   0.000000e+00   4.918440e-16   96
  4.670313e-01   7.966541e-15   6.357829e-09   5.361718e-16   192
  4.680868e-01   7.764973e-15   5.994218e-09   6.055947e-16   144
  4.701905e-01   8.158868e-15   0.000000e+00   1.056576e-15   48
  4.716471e-01   8.349520e-15   5.102617e-04   5.668672e-16   246
  4.736262e-01   1.012853e-14   4.704694e-04   7.845525e-16   168
  4.754092e-01   7.861441e-15   1.245875e-08   7.847189e-16   120
  4.764461e-01   6.529516e-15   0.000000e+00   4.462922e-16   240
  4.785131e-01   4.593098e-15   0.000000e+00   9.329129e-16   24
  4.801601e-01   7.360310e-15   5.035960e-04   4.595802e-16   360
  4.822112e-01   6.795332e-15   5.014531e-04   5.060470e-16   120
  4.836420e-01   7.979828e-15   0.000000e+00   6.408036e-16   144
  4.846613e-01   7.799928e-15   0.000000e+00   6.886361e-16   96
  4.877063e-01   7.417410e-15   0.000000e+00   5.958657e-16   144
  4.887171e-01   7.936801e-15   0.000000e+00   6.777584e-16   132
  4.901376e-01   7.195252e-15   4.949267e-04   5.268855e-16   176
  4.921997e-01   7.083267e-15   4.997763e-04   3.601852e-16   312
  4.947385e-01   9.976904e-15   0.000000e+00   1.518281e-15   96
  4.957350e-01   6.724273e-15   0.000000e+00   5.866915e-16   144
  4.972638e-01   7.042222e-15   4.947633e-04   3.912265e-16   312
  4.997009e-01   8.212897e-15   0.000000e+00   8.141995e-16   48
  5.006875e-01   6.102331e-15   6.357829e-09   4.553454e-16   192
  5.026548e-01   2.011779e-15   0.000000e+00   6.200242e-16   6
  5.039619e-01   5.788666e-15   4.614506e-04   3.185749e-16   288
  5.060790e-01   5.551660e-15   4.875525e-04   3.942594e-16   192
  5.075398e-01   5.270893e-15   1.495221e-08   3.374125e-16   216
  5.085112e-01   6.606794e-15   0.000000e+00   8.968054e-16   72
  5.109313e-01   5.340293e-15   4.829223e-04   4.113885e-16   192
  5.125386e-01   6.927186e-15   3.585958e-04   4.091995e-16   288
  5.143009e-01   5.904635e-15   0.000000e+00   1.139889e-15   24
  5.156624e-01   6.308844e-15   4.724202e-04   2.729732e-16   456
  5.181247e-01   3.966325e-15   6.357829e-09   5.832824e-16   48
  5.196462e-01   5.629890e-15   4.653150e-04   4.127931e-16   240
  5.213948e-01   6.270049e-15   4.702532e-04   4.001020e-16   216
  5.228652e-01   4.902066e-15   0.000000e+00   6.012816e-16   72
  5.238082e-01   5.070212e-15   1.624747e-08   3.997817e-16   168
  5.264706e-01   5.830792e-15   3.495323e-04   3.529552e-16   288
  5.279636e-01   5.667631e-15   4.624911e-04   3.889953e-16   168
  5.303619e-01   6.354987e-15   0.000000e+00   4.392201e-16   192
  5.312915e-01   5.077063e-15   5.994218e-09   3.606039e-16   144
  5.331460e-01   6.207254e-15   5.994218e-09   7.708884e-16   36
  5.347186e-01   4.183717e-15   4.223528e-04   2.143364e-16   342
  5.362222e-01   4.933478e-15   4.337051e-04   3.737522e-16   144
  5.381552e-01   4.666242e-15   4.548480e-04   2.394410e-16   384
  5.405000e-01   5.442215e-15   1.245875e-08   4.950991e-16   120
  5.416606e-01   5.445819e-15   4.055921e-04   3.378072e-16   264
  5.432322e-01   4.639173e-15   2.010522e-08   3.381171e-16   192
  5.447121e-01   5.091588e-15   4.371030e-04   3.883905e-16   152
  5.459506e-01   4.631634e-15   1.198844e-08   4.181799e-16   144
  5.485556e-01   3.865625e-15   2.828973e-04   2.828251e-16   216
  5.497613e-01   4.979228e-15   3.780263e-04   2.717326e-16   312
  5.518839e-01   4.273219e-15   4.381250e-04   2.374261e-16   240
  5.531345e-01   5.145973e-15   6.357829e-09   5.325404e-16   96
  5.555083e-01   4.649869e-15   4.188792e-04   3.746932e-16   144
  5.569713e-01   4.431838e-15   4.117214e-04   2.136575e-16   456
  5.593447e-01   3.542928e-15   0.000000e+00   2.313545e-16   120
  5.602262e-01   3.845362e-15   0.000000e+00   3.531799e-16   144
  5.619852e-01   2.868419e-15   8.991328e-09   4.738620e-16   24
  5.631129e-01   4.425878e-15   3.957596e-04   2.233266e-16   336
  5.650632e-01   4.126047e-15   4.364690e-04   3.245465e-16   198
  5.668907e-01   4.061365e-15   4.244410e-04   2.124390e-16   432
  5.689666e-01   4.198115e-15   6.357829e-09   4.268971e-16   48
  5.700496e-01   4.686762e-15   3.747080e-04   2.419743e-16   384
  5.719941e-01   4.475156e-15   4.313683e-04   3.679074e-16   144
  5.737560e-01   4.332541e-15   4.282921e-04   2.483160e-16   264
  5.758634e-01   3.461960e-15   0.000000e+00   3.326237e-16   48
  5.772774e-01   4.037116e-15   4.072357e-04   2.434280e-16   276
  5.786417e-01   3.575905e-15   3.691482e-04   2.943261e-16   192
  5.804649e-01   3.752086e-15   4.148414e-04   1.576037e-16   552
  5.826786e-01   2.615176e-15   1.438612e-08   2.293338e-16   120
  5.839944e-01   4.073677e-15   4.199218e-04   2.745747e-16   216
  5.852139e-01   3.574072e-15   7.193062e-09   2.801467e-16   120
  5.873922e-01   4.094891e-15   4.135200e-04   2.093525e-16   408
  5.894150e-01   3.776503e-15   8.991328e-09   5.054753e-16   24
  5.906694e-01   3.280837e-15   4.177296e-04   1.838787e-16   384
  5.924213e-01   3.237249e-15   4.081368e-04   2.240894e-16   240
  5.939425e-01   3.137088e-15   4.111256e-04   2.133242e-16   168
  5.960753e-01   2.798230e-15   1.017253e-08   2.706247e-16   120
  5.974502e-01   3.368105e-15   4.285769e-04   1.703155e-16   350
  5.996859e-01   3.309079e-15   7.055203e-04   1.729478e-16   384
  6.010221e-01   3.551666e-15   0.000000e+00   3.189482e-16   144
  6.034802e-01   2.800555e-15   1.695421e-08   1.622827e-16   288
  6.047637e-01   2.897204e-15   4.038485e-04   1.386326e-16   336
  6.065098e-01   3.502774e-15   3.676705e-04   2.566529e-16   168
  6.075551e-01   3.071839e-15   7.266090e-09   1.813293e-16   336
  6.097171e-01   2.739009e-15   3.816201e-04   1.682226e-16   288
  6.110156e-01   2.778139e-15   3.595837e-04   1.696240e-16   264
  6.132144e-01   3.005554e-15   0.000000e+00   1.866671e-16   240
  6.140186e-01   2.942962e-15   1.271566e-08   2.451042e-16   96
  6.169049e-01   3.164261e-15   4.890096e-04   1.601933e-16   360
  6.182520e-01   3.071830e-15   3.604841e-04   2.571516e-16   168
  6.199540e-01   2.966293e-15   3.929651e-04   1.306265e-16   456
  6.220036e-01   2.699274e-15   7.992291e-09   2.432323e-16   108
  6.231564e-01   2.828671e-15   3.942898e-04   2.037701e-16   264
  6.245946e-01   2.640078e-15   3.517707e-04   1.671591e-16   264
  6.265640e-01   2.988441e-15   3.319469e-04   1.808313e-16   312
  6.290162e-01   2.907223e-15   2.466728e-04   1.851363e-16   270
  6.300440e-01   2.650877e-15   3.131822e-04   1.812391e-16   240
  6.318916e-01   2.694401e-15   3.874458e-04   1.303843e-16   384
  6.330134e-01   2.313392e-15   0.000000e+00   1.543211e-16   192
  6.351924e-01   2.790815e-15   3.108737e-04   1.968954e-16   240
  6.364563e-01   2.597880e-15   3.836683e-04   1.386326e-16   336
  6.388333e-01   2.683482e-15   3.862355e-04   1.196116e-16   480
  6.407617e-01   2.675123e-15   0.000000e+00   3.134283e-16   72
  6.418389e-01   2.722966e-15   3.766148e-04   1.702487e-16   240
  6.433040e-01   2.414715e-15   3.539663e-04   1.408491e-16   312
  6.449835e-01   2.294850e-15   3.825526e-04   1.592246e-16   240
  6.475214e-01   2.499144e-15   2.906410e-04   1.212846e-16   408
  6.485261e-01   2.346385e-15   2.661571e-04   1.347314e-16   336
  6.504896e-01   2.462823e-15   3.379539e-04   1.755414e-16   264
  6.514545e-01   2.977921e-15   0.000000e+00   2.476074e-16   144
  6.541393e-01   2.411817e-15   4.684242e-04   1.140248e-16   464
  6.555537e-01   1.858658e-15   3.724933e-04   1.328964e-16   168
  6.569502e-01   2.969241e-15   3.392602e-04   1.569566e-16   336
  6.594741e-01   2.300640e-15   3.564592e-04   1.158752e-16   414
  6.608969e-01   2.556458e-15   3.710529e-04   1.600686e-16   216
  6.627197e-01   2.272894e-15   8.991328e-09   2.255510e-16   96
  6.634639e-01   2.253155e-15   2.697398e-08   1.015881e-16   384
  6.660710e-01   2.381310e-15   3.703360e-04   1.179652e-16   492
  6.674682e-01   1.858172e-15   3.621568e-04   1.128831e-16   240
  6.690474e-01   1.882583e-15   3.677161e-04   1.074893e-16   312
  6.712282e-01   2.315080e-15   3.675950e-04   1.829555e-16   192
  6.726096e-01   2.268323e-15   3.562441e-04   1.026776e-16   504
  6.744424e-01   2.156593e-15   2.358397e-04   1.083808e-16   408
  6.758855e-01   2.475808e-15   7.225239e-04   1.935724e-16   168
  6.776913e-01   1.951906e-15   3.432052e-04   1.247707e-16   288
  6.792066e-01   2.014512e-15   3.581640e-04   1.345102e-16   288
  6.807589e-01   2.192409e-15   3.602256e-04   1.070268e-16   432
  6.830104e-01   2.288404e-15   3.406534e-04   1.531630e-16   216
  6.842135e-01   2.113615e-15   3.399348e-04   1.002236e-16   360
  6.863554e-01   2.242478e-15   3.317731e-04   1.263134e-16   312
  6.882885e-01   2.359611e-15   0.000000e+00   3.728180e-16   48
  6.894028e-01   2.045432e-15   3.557085e-04   1.015387e-16   432
  6.913984e-01   1.910355e-15   5.933254e-04   8.904114e-17   414
  6.925769e-01   1.938058e-15   3.130008e-08   1.078510e-16   312
  6.947756e-01   2.095214e-15   5.206101e-04   8.809478e-17   528
  6.962593e-01   2.080297e-15   2.732762e-04   1.294358e-16   264
  6.980417e-01   1.877473e-15   3.240306e-04   9.274288e-17   480
  7.003709e-01   1.917405e-15   0.000000e+00   1.014708e-16   288
  7.013766e-01   1.995117e-15   3.481608e-04   1.629369e-16   168
  7.032168e-01   1.927503e-15   5.511376e-04   8.044686e-17   504
  7.052858e-01   2.066562e-15   1.198844e-08   1.470597e-16   144
  7.065874e-01   1.796424e-15   3.539624e-04   8.247630e-17   464
  7.085433e-01   1.605137e-15   5.194598e-04   7.525431e-17   432
  7.094715e-01   2.089191e-15   0.000000e+00   1.454977e-16   192
  7.118702e-01   1.685692e-15   3.850933e-04   7.520273e-17   396
  7.132867e-01   1.782693e-15   3.459199e-04   1.066690e-16   288
  7.147184e-01   1.803523e-15   3.417097e-04   9.820135e-17   336
  7.170054e-01   1.656446e-15   2.163775e-04   7.168013e-17   432
  7.184567e-01   1.765436e-15   5.608202e-04   8.657984e-17   360
  7.200863e-01   1.736842e-15   3.317334e-04   8.348929e-17   384
  7.224007e-01   1.436660e-15   2.928185e-04   1.107169e-16   198
  7.235158e-01   1.658375e-15   3.328394e-04   6.345120e-17   552
  7.255952e-01   1.356528e-15   4.659523e-04   7.140510e-17   432
  7.273313e-01   1.766883e-15   0.000000e+00   1.329747e-16   168
  7.287883e-01   1.610395e-15   5.776104e-04   7.177850e-17   480
  7.307158e-01   1.194673e-15   0.000000e+00   1.084055e-16   120
  7.315834e-01   1.465170e-15   4.717672e-04   8.809535e-17   336
  7.337004e-01   1.581922e-15   3.328244e-04   5.530641e-17   672
  7.357937e-01   1.542696e-15   4.841385e-04   6.973332e-17   528
  7.367688e-01   1.456370e-15   1.453218e-08   9.268308e-17   168
  7.390213e-01   1.493314e-15   5.400533e-04   6.547888e-17   456
  7.403958e-01   1.646404e-15   3.298151e-04   1.466430e-16   168
  7.418226e-01   1.498254e-15   3.292229e-04   7.263939e-17   504
  7.441946e-01   1.401878e-15   4.236594e-04   7.770019e-17   336
  7.456288e-01   1.571770e-15   3.054083e-04   8.669483e-17   312
  7.472199e-01   1.471157e-15   2.984046e-04   6.443911e-17   504
  7.493135e-01   1.387133e-15   2.070414e-04   5.874443e-17   432
  7.502979e-01   1.259232e-15   3.199475e-04   7.254768e-17   312
  7.523441e-01   1.307646e-15   3.279618e-04   5.996494e-17   384
  7.544807e-01   1.475613e-15   2.786416e-04   1.364408e-16   126
  7.557997e-01   1.335911e-15   4.892282e-04   6.681122e-17   492
  7.574845e-01   1.350376e-15   3.133512e-04   5.535302e-17   528
  7.595900e-01   1.262829e-15   3.182975e-04   5.455083e-17   480
  7.608954e-01   1.324092e-15   4.397263e-04   6.117030e-17   432
  7.627844e-01   1.383015e-15   3.457865e-04   6.244177e-17   440
  7.649782e-01   1.208954e-15   1.719582e-04   6.980215e-17   312
  7.658014e-01   1.324216e-15   2.576938e-04   7.207112e-17   480
  7.674900e-01   1.198105e-15   5.045595e-04   6.176064e-17   408
  7.699572e-01   1.189179e-15   3.021740e-04   5.906122e-17   360
  7.709996e-01   1.159983e-15   2.915870e-04   5.788994e-17   408
  7.729312e-01   1.161385e-15   2.967266e-04   5.257525e-17   456
  7.751062e-01   1.220804e-15   2.835976e-04   7.210321e-17   264
  7.763135e-01   1.110522e-15   3.077746e-04   5.938867e-17   384
  7.780708e-01   1.167702e-15   5.181601e-04   4.585071e-17   672
  7.801024e-01   1.114639e-15   3.099267e-04   7.271694e-17   240
  7.812746e-01   1.167274e-15   3.144981e-04   6.766880e-17   264
  7.829292e-01   1.014921e-15   3.878815e-04   4.368970e-17   624
  7.853982e-01   1.242951e-15   0.000000e+00   9.578883e-17   150
  7.862772e-01   1.167295e-15   4.346518e-04   5.122330e-17   600
  7.881310e-01   9.972913e-16   2.999855e-04   4.161623e-17   672
  7.902303e-01   1.087532e-15   2.821575e-04   6.326269e-17   336
  7.913996e-01   1.093067e-15   3.069052e-04   5.464662e-17   408
  7.932681e-01   1.012964e-15   3.061822e-04   4.981480e-17   408
  7.953464e-01   9.566076e-16   1.548222e-04   4.891040e-17   360
  7.966274e-01   1.073911e-15   5.684571e-04   4.993719e-17   456
  7.981747e-01   9.860802e-16   3.091305e-04   4.449085e-17   384
  8.001443e-01   1.180899e-15   2.853666e-04   5.924880e-17   348
  8.012087e-01   1.001966e-15   3.518006e-04   4.164674e-17   576
  8.032080e-01   1.029267e-15   2.896616e-04   4.745380e-17   504
  8.052533e-01   9.937938e-16   4.085508e-04   4.546234e-17   432
  8.070386e-01   9.086739e-16   5.558314e-04   3.615220e-17   576
  8.083117e-01   9.727935e-16   0.000000e+00   5.628703e-17   264
  8.103314e-01   9.765706e-16   4.423029e-04   3.374963e-17   768
  8.120878e-01   1.151427e-15   5.954803e-04   7.715152e-17   240
  8.134843e-01   9.186555e-16   5.251573e-04   7.015314e-17   192
  8.155184e-01   9.126578e-16   3.865799e-04   3.800627e-17   504
  8.170269e-01   8.536349e-16   5.209309e-04   3.509585e-17   590
  8.184736e-01   8.800245e-16   5.836745e-04   4.352145e-17   384
  8.202876e-01   9.217715e-16   4.877800e-04   4.130855e-17   504
  8.224778e-01   9.623016e-16   4.694128e-04   3.533992e-17   648
  8.246022e-01   9.130133e-16   1.274863e-04   3.965244e-17   504
  8.254588e-01   9.396930e-16   2.908203e-04   4.824811e-17   312
  8.269711e-01   8.108549e-16   4.190005e-04   3.071951e-17   576
  8.290471e-01   8.540005e-16   2.915849e-04   5.341342e-17   240
  8.302574e-01   8.329170e-16   2.946324e-04   3.377871e-17   552
  8.319706e-01   9.040534e-16   2.766531e-04   3.585933e-17   600
  8.344107e-01   8.342524e-16   3.379098e-04   3.031690e-17   600
  8.358778e-01   9.150772e-16   5.411359e-04   5.401297e-17   312
  8.373389e-01   8.887458e-16   4.712758e-04   3.897947e-17   480
  8.391640e-01   9.101317e-16   2.940309e-04   3.675438e-17   576
  8.407709e-01   8.624521e-16   4.734535e-04   4.342170e-17   408
  8.421967e-01   8.741347e-16   5.523054e-04   5.404429e-17   216
  8.440389e-01   7.173618e-16   4.230038e-04   3.208540e-17   516
  8.460125e-01   8.582621e-16   4.035886e-04   3.365049e-17   744
  8.480486e-01   7.916658e-16   2.695616e-04   3.647026e-17   462
  8.491990e-01   8.503707e-16   2.739703e-04   4.152747e-17   432
  8.509836e-01   8.457935e-16   2.541675e-04   2.994322e-17   648
  8.530818e-01   8.508670e-16   3.718944e-04   3.507250e-17   528
  8.547671e-01   7.196946e-16   4.478537e-04   3.013365e-17   600
  8.564512e-01   7.109990e-16   5.646264e-04   5.377498e-17   240
  8.580823e-01   7.299624e-16   4.324984e-04   2.647214e-17   720
  8.599780e-01   8.227185e-16   3.421845e-04   2.906003e-17   720
  8.620796e-01   6.724820e-16   0.000000e+00   4.952964e-17   144
  8.631855e-01   6.989789e-16   4.411782e-04   2.500653e-17   720
  8.647586e-01   8.506055e-16   2.645391e-04   4.648374e-17   384
  8.667282e-01   7.273165e-16   2.932557e-04   2.801656e-17   672
  8.685969e-01   7.282083e-16   5.134584e-04   3.804856e-17   336
  8.694893e-01   8.158474e-16   0.000000e+00   4.969104e-17   288
  8.716748e-01   7.004243e-16   4.063680e-04   2.438311e-17   776
  8.736979e-01   7.653697e-16   3.477095e-04   2.905943e-17   720
  8.753970e-01   7.311864e-16   2.801055e-04   3.789177e-17   432
  8.767560e-01   7.009629e-16   3.993257e-04   3.723940e-17   504
  8.782678e-01   6.614276e-16   2.797843e-04   2.928626e-17   528
  8.803833e-01   6.965133e-16   3.811898e-04   3.231778e-17   438
  8.821237e-01   6.261588e-16   4.436701e-04   2.520697e-17   624
  8.834351e-01   7.308408e-16   5.434359e-04   3.977847e-17   312
  8.852381e-01   6.786623e-16   2.927896e-04   2.433465e-17   696
  8.871024e-01   6.516454e-16   2.649216e-04   2.763502e-17   552
  8.890414e-01   6.041227e-16   2.049609e-04   2.472938e-17   516
  8.902410e-01   6.275155e-16   4.093940e-04   2.556947e-17   528
  8.917013e-01   6.322552e-16   2.662401e-04   2.934594e-17   528
  8.937755e-01   6.301578e-16   3.511167e-04   2.223243e-17   864
  8.951836e-01   5.609039e-16   4.809576e-04   2.608377e-17   408
  8.965930e-01   6.113801e-16   4.765097e-04   4.115274e-17   192
  8.985906e-01   6.345797e-16   3.943347e-04   2.330297e-17   720
  9.002770e-01   5.540457e-16   3.635960e-04   1.961557e-17   696
  9.022808e-01   6.202553e-16   3.926871e-04   2.229300e-17   720
  9.041141e-01   5.801918e-16   5.322402e-04   2.765697e-17   432
  9.051831e-01   5.439870e-16   3.132974e-04   3.310469e-17   264
  9.071068e-01   6.061743e-16   4.326498e-04   2.219809e-17   672
  9.088274e-01   5.909913e-16   4.429670e-04   2.346778e-17   600
  9.108692e-01   5.798680e-16   2.593567e-04   3.709686e-17   270
  9.118985e-01   5.749254e-16   3.904042e-04   2.558393e-17   528
  9.135346e-01   6.274896e-16   2.673349e-04   2.374683e-17   840
  9.157780e-01   5.825424e-16   5.111923e-04   2.019249e-17   888
  9.178509e-01   5.651432e-16   3.808759e-04   2.208326e-17   744
  9.196028e-01   6.135553e-16   1.957146e-04   3.025205e-17   456
  9.204741e-01   5.258931e-16   2.674561e-04   2.498906e-17   360
  9.219651e-01   5.472326e-16   2.317357e-04   2.570618e-17   384
  9.242528e-01   5.757509e-16   3.717018e-04   2.055433e-17   816
  9.259693e-01   5.699207e-16   5.392874e-04   1.919016e-17   824
  9.280557e-01   5.514862e-16   2.506865e-04   3.010614e-17   360
  9.291730e-01   6.210045e-16   3.699191e-04   2.541746e-17   624
  9.307106e-01   4.799737e-16   2.499713e-04   2.345689e-17   360
  9.327590e-01   5.436488e-16   3.400343e-04   1.795362e-17   876
  9.346089e-01   5.064021e-16   4.038591e-04   2.085082e-17   696
  9.364747e-01   5.680896e-16   2.607857e-04   3.044266e-17   336
  9.374528e-01   5.608486e-16   2.604927e-04   2.598920e-17   504
  9.390682e-01   5.217160e-16   2.627499e-04   1.890575e-17   672
  9.414648e-01   4.839566e-16   5.230740e-04   1.795822e-17   720
  9.431269e-01   4.707761e-16   3.951266e-04   1.870333e-17   774
  9.449616e-01   5.081456e-16   2.261602e-04   2.423204e-17   384
  9.459224e-01   5.003145e-16   4.352293e-04   2.205435e-17   528
  9.474136e-01   5.083664e-16   4.147978e-04   1.823602e-17   744
  9.498123e-01   5.098616e-16   3.421202e-04   1.802424e-17   768
  9.514049e-01   4.958805e-16   3.840557e-04   2.053912e-17   552
  9.533920e-01   4.610511e-16   4.185773e-04   1.762399e-17   696
  9.548702e-01   5.087749e-16   5.086441e-04   2.672820e-17   408
  9.560436e-01   4.697753e-16   2.197383e-04   2.114783e-17   504
  9.579038e-01   4.552534e-16   3.947516e-04   1.614583e-17   888
  9.597342e-01   4.396446e-16   4.102611e-04   1.721192e-17   648
  9.616367e-01   4.498696e-16   4.067445e-04   1.871260e-17   648
  9.634268e-01   4.627896e-16   4.385703e-04   1.629729e-17   792
  9.653228e-01   4.450529e-16   6.416583e-04   1.810108e-17   600
  9.667199e-01   4.303138e-16   4.348569e-04   2.044259e-17   456
  9.681906e-01   4.626950e-16   2.119307e-04   1.780505e-17   648
  9.700794e-01   4.254677e-16   4.132958e-04   1.353939e-17   936
  9.721186e-01   4.263130e-16   2.538169e-04   2.028644e-17   384
  9.738937e-01   6.624214e-43   0.000000e+00   2.982484e-43   198
  9.752636e-01   1.872104e-42   6.439552e-04   4.321867e-43   1224
  9.767415e-01   1.701382e-42   4.689976e-04   3.868386e-43   420
  9.784892e-01   5.019011e-43   4.538916e-04   6.923006e-44   792
  9.801982e-01   1.821509e-43   3.753296e-04   1.525922e-44   680
  9.821484e-01   5.106528e-43   3.446453e-04   8.345130e-44   600
  9.837176e-01   2.935835e-43   4.998301e-04   2.394757e-44   840
  9.858129e-01   4.846332e-43   2.359966e-04   1.246137e-43   432
  9.866135e-01   3.846897e-43   2.211599e-04   4.059563e-44   720
  9.883541e-01   1.933261e-43   4.429446e-04   1.842081e-44   960
  9.905192e-01   1.307563e-43   3.948527e-04   6.206647e-45   528
  9.921014e-01   2.559862e-43   4.036147e-04   3.287273e-44   624
  9.939846e-01   2.647221e-43   3.172384e-04   2.031162e-44   816
  9.958538e-01   1.351331e-43   5.217054e-04   8.091510e-45   696
  9.979194e-01   3.632103e-43   3.523866e-08   1.025392e-43   240
  9.986961e-01   2.964779e-43   3.076621e-04   3.888962e-44   672
  1.000430e+00   2.023911e-43   5.498361e-04   1.473398e-44   864
  1.002374e+00   3.924023e-43   4.219100e-04   7.573968e-44   816
  1.004127e+00   2.330292e-43   2.414867e-04   2.197483e-44   648
  1.006015e+00   4.501236e-43   2.468434e-04   6.472110e-44   843
  1.007618e+00   3.632262e-43   4.441320e-04   6.097461e-44   780
  1.009528e+00   4.640639e-43   2.383130e-04   1.774781e-43   216
  1.010706e+00   2.702366e-43   5.746657e-04   3.806752e-44   1056
  1.012518e+00   7.635462e-43   4.701411e-04   1.587192e-43   228
  1.014195e+00   3.146398e-43   5.853373e-04   3.487390e-44   924
  1.015917e+00   2.079564e-43   2.171273e-04   2.490383e-44   696
  1.017741e+00   2.065842e-43   3.864245e-04   2.941491e-44   996
  1.019607e+00   2.482675e-43   2.281373e-04   2.711175e-44   576
  1.021548e+00   2.058144e-43   3.521149e-04   2.488805e-44   552
  1.022963e+00   6.585976e-43   4.204128e-04   1.639077e-43   516
  1.024399e+00   2.212023e-43   6.113675e-04   1.886641e-44   744
  1.026040e+00   3.520179e-43   2.999122e-04   6.531482e-44   576
  1.027467e+00   2.678060e-43   3.086856e-04   3.055525e-44   792
  1.029495e+00   3.154790e-43   3.528849e-04   4.049581e-44   792
  1.030982e+00   3.368613e-43   3.805826e-04   4.815496e-44   720
  1.032992e+00   2.211734e-43   4.337767e-04   2.066123e-44   656
  1.034876e+00   1.473139e-43   4.736616e-04   7.225607e-45   816
  1.036807e+00   4.625127e-43   2.553903e-04   1.611201e-43   492
  1.037904e+00   1.574653e-43   3.673970e-04   1.038886e-44   552
  1.039964e+00   2.810328e-43   6.388587e-04   4.169646e-44   780
  1.041302e+00   1.901875e-43   3.924433e-04   1.538176e-44   528
  1.042744e+00   1.710535e-43   4.581007e-04   1.007290e-44   600
  1.044868e+00   4.247169e-43   3.807180e-04   5.296318e-44   900
  1.046332e+00   2.760077e-43   2.107720e-04   2.152596e-44   696
  1.048347e+00   1.748470e-43   5.329451e-04   1.080918e-44   696
  1.050296e+00   2.371634e-43   2.162108e-04   2.795844e-44   552
  1.051935e+00   1.723132e-43   2.514331e-04   8.695805e-45   708
  1.053652e+00   3.724155e-43   4.151305e-04   6.070864e-44   876
  1.055438e+00   4.519768e-43   2.204260e-04   1.032575e-43   216
  1.056637e+00   3.447330e-43   6.028951e-04   3.274249e-44   1032
  1.058432e+00   2.023872e-43   6.712571e-04   1.930022e-44   600
  1.060296e+00   1.335695e-43   3.202990e-04   6.529290e-45   600
  1.061717e+00   1.488501e-43   5.656180e-04   7.011793e-45   528
  1.063397e+00   3.202808e-43   3.104995e-04   5.083006e-44   732
  1.065167e+00   1.752287e-43   2.292757e-04   1.427500e-44   336
  1.067205e+00   3.006371e-43   3.267633e-04   3.510073e-44   912
  1.068728e+00   5.917407e-43   3.279713e-04   1.254353e-43   624
  1.070391e+00   2.938846e-43   2.763746e-04   2.659630e-44   768
  1.072333e+00   2.360769e-43   4.986341e-04   2.644675e-44   792
  1.074239e+00   3.032952e-43   2.472022e-04   4.637031e-44   660
  1.075595e+00   2.135624e-43   3.642922e-04   1.490384e-44   504
  1.076998e+00   1.661132e-43   5.951837e-04   1.193775e-44   480
  1.079100e+00   1.732930e-43   5.504674e-04   8.274209e-45   912
  1.080746e+00   3.574418e-43   6.130308e-04   6.288134e-44   432
  1.082301e+00   3.631623e-43   3.640033e-04   5.462903e-44   564
  1.083681e+00   3.176471e-43   3.484013e-04   3.975263e-44   600
  1.085624e+00   2.742911e-43   4.856383e-04   3.959866e-44   876
  1.087083e+00   2.378634e-43   2.183577e-04   3.069720e-44   264
  1.089095e+00   3.650631e-43   4.236997e-04   4.402408e-44   560
  1.090713e+00   2.762775e-43   2.879131e-04   2.359497e-44   840
  1.092676e+00   1.872577e-43   4.438790e-04   1.060578e-44   1008
  1.094491e+00   2.475098e-43   1.985617e-04   2.671986e-44   456
  1.096149e+00   3.598673e-43   2.572085e-04   4.991733e-44   576
  1.097681e+00   4.082980e-43   3.952284e-04   1.274462e-43   612
  1.099702e+00   3.348310e-43   3.530031e-04   2.999653e-44   780
  1.101351e+00   2.084780e-43   4.045254e-04   2.268367e-44   648
  1.103039e+00   2.381150e-43   1.885140e-04   1.951257e-44   312
  1.104117e+00   1.896068e-43   4.789832e-04   1.023642e-44   528
  1.105986e+00   2.675068e-43   6.255282e-04   4.736310e-44   720
  1.107773e+00   2.016609e-43   6.274871e-04   1.184360e-44   576
  1.109940e+00   2.885077e-43   5.412886e-04   8.313730e-44   444
  1.111288e+00   4.692500e-43   5.308295e-04   4.769996e-44   996
  1.112940e+00   2.921559e-43   4.434024e-04   2.993354e-44   432
  1.114501e+00   3.573585e-43   4.854384e-04   5.298933e-44   504
  1.115850e+00   3.650847e-43   2.188612e-04   5.101831e-44   504
  1.117770e+00   2.607883e-43   4.307215e-04   2.780902e-44   876
  1.119508e+00   2.504168e-43   4.957194e-04   1.839085e-44   504
  1.121318e+00   1.873646e-43   3.161439e-04   8.220893e-45   696
  1.122813e+00   3.210950e-43   2.702699e-04   6.990621e-44   492
  1.124848e+00   3.591014e-43   3.869044e-04   5.118338e-44   432
  1.126355e+00   4.155833e-43   3.622936e-04   7.290566e-44   768
  1.128142e+00   2.112483e-43   4.512853e-04   1.409713e-44   648
  1.129847e+00   1.818505e-43   2.944152e-04   1.049048e-44   456
  1.131808e+00   2.106545e-43   4.048687e-04   9.879176e-45   552
  1.133169e+00   4.105289e-43   2.774973e-04   4.268522e-44   648
  1.135043e+00   3.781363e-43   4.523051e-04   6.879086e-44   840
  1.136873e+00   2.595121e-43   2.156948e-04   1.817600e-44   432
  1.138705e+00   6.285085e-43   2.641893e-04   1.326622e-43   600
  1.139979e+00   2.452106e-43   2.814763e-04   1.850386e-44   432
  1.142120e+00   3.851930e-43   2.802371e-04   4.911279e-44   560
  1.143569e+00   3.169123e-43   4.435859e-04   3.028036e-44   840
  1.145384e+00   2.272863e-43   2.627424e-04   1.246280e-44   504
  1.146826e+00   1.928794e-43   5.362415e-04   7.968084e-45   696
  1.148858e+00   1.816267e-43   2.928760e-04   9.681792e-45   384
  1.150441e+00   2.332411e-43   4.290289e-04   2.142794e-44   576
  1.152355e+00   2.994640e-43   2.647752e-04   3.069418e-44   360
  1.153898e+00   2.413679e-43   3.943145e-04   3.492210e-44   828
  1.155563e+00   3.900926e-43   3.512103e-04   5.012972e-44   372
  1.157088e+00   3.085839e-43   5.363655e-04   2.837223e-44   576
  1.159108e+00   1.036677e-42   2.246293e-04   1.956668e-43   636
  1.160548e+00   2.944782e-43   4.330272e-04   3.023188e-44   648
  1.162495e+00   2.864912e-43   3.520038e-04   5.310571e-44   576
  1.163893e+00   2.972844e-43   5.678192e-04   3.538228e-44   528
  1.165752e+00   2.164134e-43   2.427662e-04   1.350929e-44   360
  1.167291e+00   1.932418e-43   5.584532e-04   9.187319e-45   672
  1.169301e+00   4.416853e-43   2.860489e-04   8.055320e-44   804
  1.170973e+00   2.488087e-43   3.155462e-04   2.198491e-44   408
  1.172823e+00   2.156821e-43   1.950418e-04   1.190204e-44   384
  1.174069e+00   1.998333e-43   4.463307e-04   1.076907e-44   480
  1.175826e+00   4.237394e-43   2.883950e-04   1.103524e-43   432
  1.177511e+00   4.013551e-43   5.314505e-04   4.499450e-44   648
  1.179506e+00   4.581782e-43   3.297625e-04   6.403631e-44   624
  1.180965e+00   2.979727e-43   2.999468e-04   2.764479e-44   456
  1.182958e+00   3.001373e-43   4.097541e-04   2.668119e-44   588
  1.184293e+00   2.171277e-43   2.614214e-04   1.333086e-44   600
  1.186242e+00   2.214173e-43   4.077532e-04   1.562644e-44   708
  1.187782e+00   4.269850e-43   2.568767e-04   6.681189e-44   360
  1.189484e+00   2.748216e-43   2.952866e-04   2.431725e-44   552
  1.191115e+00   2.043972e-43   2.071505e-04   1.075113e-44   288
  1.192771e+00   2.249737e-43   3.894996e-04   1.045160e-44   528
  1.194327e+00   4.036491e-43   2.627744e-04   6.121970e-44   456
  1.196066e+00   2.277843e-43   4.659561e-04   1.661406e-44   608
  1.197814e+00   1.974434e-43   2.254347e-04   1.071702e-44   504
  1.199725e+00   4.271998e-43   4.839956e-04   5.148141e-44   540
  1.201223e+00   2.849826e-43   5.195556e-04   3.219647e-44   360
  1.202838e+00   4.725339e-43   2.352814e-04   6.052462e-44   540
  1.204266e+00   2.441054e-43   2.020170e-04   1.648812e-44   576
  1.206343e+00   7.113823e-43   4.684089e-04   2.273611e-43   588
  1.208318e+00   3.320632e-43   6.462628e-04   2.271123e-44   672
  1.210014e+00   2.074355e-43   4.939442e-04   9.441139e-45   552
  1.211382e+00   2.034075e-43   4.941939e-04   1.697212e-44   144
  1.213127e+00   4.338244e-43   4.198685e-04   5.652416e-44   600
  1.214781e+00   2.746183e-43   5.261868e-04   2.667221e-44   504
  1.216618e+00   2.173814e-43   5.405001e-04   1.519482e-44   336
  1.218549e+00   2.512122e-43   6.075245e-04   1.287462e-44   600
  1.220279e+00   3.433786e-43   3.920764e-04   5.131426e-44   636
  1.222146e+00   4.491114e-43   3.152330e-04   7.069295e-44   384
  1.223455e+00   4.527358e-43   4.397128e-04   5.497245e-44   504
  1.225342e+00   2.622878e-43   1.845413e-04   3.666771e-44   240
  1.226831e+00   3.813163e-43   4.335137e-04   5.405407e-44   744
  1.228618e+00   2.875238e-43   2.960240e-04   1.868044e-44   648
  1.230205e+00   2.079727e-43   1.965095e-04   1.856291e-44   120
  1.232066e+00   3.823112e-43   3.086910e-04   4.633789e-44   564
  1.233472e+00   3.021525e-43   4.848178e-04   3.260082e-44   432
  1.235349e+00   2.423979e-43   3.763145e-04   1.137561e-44   480
  1.236762e+00   2.053408e-43   2.769770e-04   1.021059e-44   456
  1.238430e+00   2.930713e-43   4.583559e-04   5.334469e-44   444
  1.240323e+00   3.068427e-43   7.013087e-04   2.125826e-44   528
  1.241986e+00   1.888500e-43   5.208476e-04   1.433984e-44   264
  1.243600e+00   4.241257e-43   5.337912e-04   6.302254e-44   444
  1.245770e+00   3.764558e-43   5.846898e-04   3.736066e-44   696
  1.247572e+00   4.505823e-43   3.127117e-04   5.794075e-44   384
  1.248890e+00   2.875380e-43   3.951374e-04   2.029168e-44   432
  1.250940e+00   7.298703e-43   2.730215e-04   2.485957e-43   488
  1.252270e+00   4.092635e-43   4.114773e-04   4.382639e-44   480
  1.254200e+00   2.143225e-43   4.588823e-04   9.789365e-45   480
  1.255694e+00   2.958604e-43   1.925330e-04   2.141043e-44   240
  1.257391e+00   3.534989e-43   4.497418e-04   3.938960e-44   600
  1.258991e+00   2.731895e-43   3.919039e-04   1.881947e-44   288
  1.260695e+00   2.826292e-43   3.769828e-04   1.794476e-44   480
  1.262421e+00   2.652731e-43   6.705851e-04   1.192983e-44   504
  1.264120e+00   2.217031e-43   2.877228e-04   1.531403e-44   216
  1.266287e+00   5.632745e-43   4.710480e-04   1.070826e-43   504
  1.267974e+00   4.283012e-43   3.788659e-04   4.084161e-44   456
  1.269821e+00   3.407585e-43   2.172861e-04   2.785922e-44   384
  1.271045e+00   5.099917e-43   4.410122e-04   7.512571e-44   480
  1.272784e+00   3.111935e-43   3.872581e-04   2.053816e-44   504
  1.274394e+00   2.453402e-43   2.456523e-04   1.505497e-44   312
  1.276130e+00   5.032651e-43   3.958603e-04   1.346167e-43   492
  1.277667e+00   2.815052e-43   3.710270e-04   2.091818e-44   312
  1.279645e+00   2.802574e-43   6.027038e-04   1.736823e-44   576
  1.281386e+00   2.489120e-43   5.563444e-04   1.416089e-44   336
  1.282832e+00   2.386061e-43   4.283594e-04   1.886883e-44   240
  1.284837e+00   2.689307e-43   5.678961e-04   1.280532e-44   468
  1.286567e+00   1.875996e-43   3.555851e-04   1.345571e-44   192
  1.288379e+00   4.507561e-43   3.566449e-04   6.350748e-44   324
  1.289707e+00   4.919839e-43   2.588470e-04   5.729177e-44   600
  1.291517e+00   8.122580e-43   4.199527e-04   2.596439e-43   456
  1.292860e+00   3.180154e-43   1.888947e-04   2.628905e-44   336
  1.295088e+00   7.143804e-43   5.656042e-04   2.508995e-43   612
  1.296708e+00   3.669322e-43   4.746798e-04   4.853190e-44   144
  1.298240e+00   2.628319e-43   5.540731e-04   1.260422e-44   552
  1.300324e+00   2.535125e-43   2.182008e-04   1.617677e-44   264
  1.301501e+00   3.171341e-43   5.051906e-04   2.296035e-44   336
  1.303359e+00   3.299570e-43   3.338126e-04   1.887792e-44   384
  1.304969e+00   2.398384e-43   1.879035e-04   1.781599e-44   216
  1.306752e+00   3.253544e-43   3.983942e-04   1.964623e-44   344
  1.308378e+00   2.673235e-43   5.944229e-04   1.618827e-44   408
  1.310359e+00   4.936994e-43   4.567753e-04   9.904818e-44   264
  1.312115e+00   7.820340e-43   6.367673e-04   1.336282e-43   612
  1.313869e+00   3.736493e-43   3.277292e-04   3.842964e-44   408
  1.315673e+00   4.336988e-43   3.282002e-04   8.802877e-44   444
  1.316998e+00   3.446117e-43   1.835599e-04   3.993027e-44   120
  1.318774e+00   3.397107e-43   5.071424e-04   2.431718e-44   336
  1.320092e+00   2.556011e-43   1.762300e-04   1.652346e-44   288
  1.321873e+00   3.283977e-43   5.484307e-04   1.662484e-44   552
  1.324322e+00   3.001837e-43   2.936555e-08   4.139789e-44   72
  1.325581e+00   3.444687e-43   5.447315e-04   2.202033e-44   504
  1.327052e+00   2.417361e-43   1.752893e-04   1.801829e-44   216
  1.328957e+00   2.396645e-43   3.129669e-04   1.627441e-44   312
  1.330668e+00   2.826379e-43   3.563621e-04   1.943176e-44   336
  1.332298e+00   7.959311e-43   4.939578e-04   2.266512e-43   204
  1.333922e+00   7.389473e-43   5.740541e-04   9.742121e-44   504
  1.335644e+00   9.926766e-43   5.466644e-04   2.765523e-43   396
  1.337300e+00   3.354105e-43   5.013198e-04   3.701920e-44   312
  1.339308e+00   3.948986e-43   3.063600e-04   3.129810e-44   216
  1.340723e+00   2.579964e-43   1.662675e-04   2.196040e-44   168
  1.342442e+00   3.260943e-43   4.198346e-04   1.637755e-44   588
  1.344403e+00   3.328893e-43   5.698763e-04   2.348536e-44   240
  1.345927e+00   3.194763e-43   5.032962e-04   2.084556e-44   264
  1.347715e+00   3.579469e-43   6.224294e-04   2.440491e-44   288
  1.349301e+00   2.959851e-43   3.108153e-04   2.112627e-44   288
  1.351311e+00   2.742538e-43   2.919050e-04   1.740624e-44   288
  1.352664e+00   3.547735e-43   3.381477e-04   3.487884e-44   192
  1.354367e+00   2.482697e-43   3.598230e-04   1.759266e-44   264
  1.355989e+00   1.278344e-42   5.918590e-04   2.058207e-43   372
  1.357735e+00   4.505329e-43   6.392333e-04   5.463239e-44   360
  1.359866e+00   3.527437e-43   2.705296e-04   3.269719e-44   144
  1.360967e+00   3.527193e-43   3.757537e-04   2.569520e-44   296
  1.362705e+00   3.479244e-43   4.048552e-04   2.467431e-44   288
  1.364696e+00   3.317878e-43   6.050459e-04   1.951043e-44   480
  1.366412e+00   3.477314e-43   5.027354e-04   2.579640e-44   192
  1.368081e+00   3.431004e-43   5.392523e-04   2.209912e-44   192
  1.369599e+00   2.462944e-43   3.436718e-04   1.453099e-44   288
  1.371709e+00   2.385899e-43   2.991616e-04   2.470185e-44   108
  1.372772e+00   3.311482e-43   2.876072e-04   2.659590e-44   240
  1.374649e+00   2.839603e-43   5.365380e-04   1.792399e-44   384
  1.376577e+00   1.871788e-42   6.545156e-04   7.321866e-43   108
  1.378282e+00   1.403399e-42   3.837546e-04   4.412411e-43   348
  1.380075e+00   3.464469e-43   4.005014e-04   1.985535e-44   312
  1.381676e+00   4.195890e-43   3.891711e-04   4.587067e-44   96
  1.383148e+00   3.551070e-43   5.181111e-04   2.004189e-44   384
  1.384797e+00   2.635651e-43   3.563555e-04   1.988347e-44   144
  1.386411e+00   3.662813e-43   5.475560e-04   1.791630e-44   408
  1.388416e+00   3.340359e-43   2.442487e-04   3.027678e-44   144
  1.390310e+00   3.104689e-43   4.695706e-04   2.079592e-44   192
  1.391433e+00   4.080189e-43   5.285104e-04   4.237069e-44   144
  1.393265e+00   2.855987e-43   4.296985e-04   2.097904e-44   144
  1.394992e+00   3.028461e-43   5.251611e-04   1.770244e-44   336
  1.397108e+00   4.013890e-43   3.885526e-04   3.089621e-44   240
  1.398450e+00   3.826312e-43   1.764383e-04   3.976950e-44   96
  1.400321e+00   7.362500e-43   5.174086e-04   1.232674e-43   372
  1.402214e+00   3.287265e-43   6.154464e-04   3.969874e-44   132
  1.403877e+00   3.266679e-43   3.808309e-04   2.187253e-44   264
  1.405364e+00   3.616651e-43   2.924607e-04   2.714721e-44   168
  1.406952e+00   4.257038e-43   4.675886e-04   3.379587e-44   216
  1.408354e+00   3.245561e-43   2.860765e-04   2.627951e-44   216
  1.410397e+00   3.245149e-43   5.248313e-04   3.169403e-44   96
  1.412250e+00   3.897129e-43   3.424046e-04   4.155377e-44   120
  1.413949e+00   3.386197e-43   4.352925e-04   2.106865e-44   216
  1.415349e+00   3.559094e-43   1.902243e-04   3.146780e-44   200
  1.417203e+00   3.862330e-43   4.924091e-04   2.736711e-44   288
  1.419580e+00   3.113595e-43   1.295624e-04   2.489230e-44   144
  1.420582e+00   2.753079e-43   4.031902e-04   2.166889e-44   168
  1.422626e+00   6.189486e-43   4.537530e-04   2.079484e-43   159
  1.424222e+00   4.685268e-43   4.760960e-04   4.034158e-44   174
  1.425766e+00   4.002246e-43   4.317072e-04   3.448961e-44   144
  1.427789e+00   3.562979e-43   2.492797e-04   3.055170e-44   222
  1.429141e+00   3.667507e-43   2.515453e-04   4.281831e-44   168
  1.431477e+00   3.728855e-43   5.517354e-04   7.476547e-44   30
  1.432442e+00   3.451196e-43   4.871418e-04   6.265964e-44   72
  1.434260e+00   3.540858e-43   4.347683e-04   2.144053e-44   258
  1.436258e+00   3.912499e-43   2.723066e-04   2.517514e-44   264
  1.437257e+00   5.087560e-43   0.000000e+00   7.199138e-44   72
  1.439339e+00   3.658006e-43   5.397231e-04   3.416981e-44   174
  1.441225e+00   3.683128e-43   5.747054e-04   3.212159e-44   168
  1.442740e+00   2.409855e-43   1.798266e-08   2.781292e-44   48
  1.444367e+00   3.916510e-43   3.245497e-04   3.631412e-44   150
  1.446254e+00   5.964961e-43   5.970324e-04   5.526444e-44   168
  1.448146e+00   3.790043e-43   3.636845e-04   3.328035e-44   144
  1.449885e+00   2.879391e-43   3.397640e-04   3.114443e-44   102
  1.451181e+00   3.462939e-43   5.029091e-04   3.793953e-44   96
  1.453237e+00   3.009061e-43   4.991035e-04   2.472827e-44   120
  1.454759e+00   3.614539e-43   5.353016e-04   3.246553e-44   168
  1.456406e+00   5.160418e-43   3.952779e-04   4.014287e-44   126
  1.457809e+00   4.190612e-43   2.981185e-04   3.532831e-44   168
  1.459742e+00   3.464163e-43   4.780335e-04   3.673088e-44   72
  1.461432e+00   4.135544e-43   5.986044e-04   3.584007e-44   168
  1.462911e+00   3.731428e-43   1.641069e-04   4.022989e-44   78
  1.464939e+00   6.408182e-43   2.694513e-04   1.083824e-43   60
  1.466572e+00   7.301579e-43   4.370936e-04   8.559307e-44   96
  1.468265e+00   4.271916e-43   5.303767e-04   3.242033e-44   168
  1.469857e+00   3.015861e-43   3.356018e-04   2.832306e-44   86
  1.471527e+00   3.086580e-43   2.999484e-04   2.877127e-44   120
  1.473920e+00   5.292825e-43   2.139030e-04   4.481754e-44   168
  1.475211e+00   6.758778e-43   0.000000e+00   1.263032e-43   48
  1.476949e+00   5.179750e-43   3.897081e-04   4.892257e-44   120
  1.477948e+00   4.983708e-43   2.843078e-04   5.253710e-44   126
  1.480387e+00   4.524111e-43   5.000182e-04   4.739965e-44   96
  1.481970e+00   4.532281e-43   1.441806e-04   4.443683e-44   96
  1.483218e+00   3.936185e-43   1.695421e-08   4.880052e-44   72
  1.485877e+00   3.715018e-43   1.798266e-08   7.535925e-44   24
  1.487537e+00   4.738004e-43   2.967202e-04   6.159731e-44   120
  1.488831e+00   4.383757e-43   4.328235e-04   4.086327e-44   126
  1.490271e+00   3.562216e-43   3.608170e-04   2.918001e-44   96
  1.491953e+00   3.591082e-43   6.235971e-04   4.345941e-44   72
  1.493826e+00   4.899783e-43   2.697267e-04   4.023394e-44   144
  1.495367e+00   4.031122e-43   1.555721e-04   7.022521e-44   72
  1.496907e+00   4.998457e-43   3.107329e-04   1.145804e-43   54
  1.498261e+00   5.615101e-43   2.738298e-04   5.078287e-44   108
  1.501076e+00   3.633708e-43   2.684240e-04   3.421819e-44   72
  1.501953e+00   4.339271e-43   1.548899e-04   4.809140e-44   72
  1.504032e+00   4.179560e-43   3.114687e-08   9.739071e-44   24
  1.506000e+00   2.781292e-43   3.276762e-04   5.489715e-44   48
  1.507194e+00   4.330382e-43   2.496047e-04   4.852727e-44   102
  1.508993e+00   2.946242e-43   5.645020e-04   2.425461e-44   168
  1.511342e+00   3.791250e-43   3.078662e-04   4.178186e-44   72
  1.512213e+00   6.888485e-43   0.000000e+00   1.714952e-43   48
  1.514039e+00   4.709224e-43   5.295485e-04   4.309605e-44   120
  1.516449e+00   3.739889e-43   3.254183e-04   3.839793e-44   96
  1.518725e+00   4.579192e-43   2.877225e-08   6.400688e-44   30
  1.521431e+00   5.049473e-43   1.528959e-04   7.332233e-44   72
  1.522619e+00   2.692379e-43   1.798266e-08   3.875161e-44   24
  1.524147e+00   3.612014e-43   2.266295e-04   5.986067e-44   56
  1.525857e+00   4.006916e-43   3.234118e-04   3.260096e-44   96
  1.527904e+00   4.297125e-43   3.571257e-04   4.202596e-44   144
  1.529482e+00   5.643928e-43   2.027620e-04   6.245807e-44   54
  1.531775e+00   5.663989e-43   3.037589e-04   5.077357e-44   108
  1.534082e+00   5.557328e-43   1.608389e-04   8.125902e-44   48
  1.536278e+00   4.256811e-43   6.056100e-04   4.538590e-44   72
  1.541549e+00   4.806008e-43   4.001285e-04   5.048112e-44   78
  1.543009e+00   3.913511e-43   3.015470e-04   5.278521e-44   72
  1.544714e+00   4.624009e-43   3.011726e-04   7.721894e-44   72
  1.546496e+00   5.228093e-43   7.267626e-04   6.558498e-44   96
  1.547905e+00   4.328281e-43   3.005518e-04   5.355008e-44   72
  1.549605e+00   4.114292e-43   0.000000e+00   7.722556e-44   24
  1.551302e+00   6.846833e-43   5.997465e-04   9.148363e-44   72
  1.555136e+00   6.130434e-43   3.808574e-04   1.393159e-43   30
  1.555961e+00   5.007229e-43   0.000000e+00   1.226238e-43   24
  1.560395e+00   6.301983e-43   3.162535e-04   1.266552e-43   48
  1.561785e+00   4.753059e-43   6.805772e-04   4.903077e-44   120
  1.563659e+00   4.052195e-43   2.975642e-04   4.714040e-44   72
  1.565552e+00   5.478097e-43   2.972044e-04   7.721229e-44   36
  1.566852e+00   5.611484e-43   5.874143e-04   7.295198e-44   78
  1.570482e+00   7.953030e-43   3.142221e-04   1.515885e-43   48
  1.575188e+00   9.073276e-43   2.543132e-08   2.331040e-43   24
  1.578541e+00   4.047476e-43   2.188179e-04   6.267802e-44   56
  1.580230e+00   6.075830e-43   3.367194e-04   6.794479e-44   102
  1.582378e+00   5.192346e-43   2.397687e-08   6.059955e-44   72
  1.583624e+00   5.878639e-43   1.798266e-08   1.376973e-43   24
  1.585804e+00   7.558664e-43   3.111861e-04   9.590493e-44   48
  1.589845e+00   4.658751e-43   0.000000e+00   7.403264e-44   24
  1.594803e+00   2.105141e-43   0.000000e+00   7.193385e-44   6
  1.596350e+00   4.735788e-43   0.000000e+00   9.600589e-44   24
  1.597380e+00   4.609732e-43   2.912818e-04   4.962625e-44   72
  1.599261e+00   5.760293e-43   5.434137e-04   6.288483e-44   84
  1.601288e+00   7.861635e-43   0.000000e+00   1.426942e-43   24
  1.601904e+00   4.184476e-43   2.543132e-08   1.271703e-43   24
  1.604982e+00   9.003030e-43   3.114687e-08   1.460367e-43   24
  1.609281e+00   8.004392e-43   0.000000e+00   2.744172e-43   6
  1.614791e+00   7.390739e-43   3.056001e-04   1.129341e-43   48
  1.616114e+00   5.759941e-43   5.757006e-04   6.897404e-44   72
  1.617844e+00   4.913004e-43   3.050234e-04   8.600144e-44   48
  1.620587e+00   6.775974e-43   0.000000e+00   1.389406e-43   24
  1.624237e+00   2.559158e-43   0.000000e+00   6.427489e-44   6
  1.632419e+00   2.409017e-43   0.000000e+00   6.463545e-44   8
  1.633024e+00   4.413830e-43   1.798266e-08   5.724408e-44   48
  1.634474e+00   4.690557e-43   2.958090e-04   4.767168e-44   60
  1.636646e+00   7.567505e-43   0.000000e+00   1.814034e-43   24
  1.639659e+00   3.757504e-43   0.000000e+00   8.128019e-44   6
  1.650757e+00   4.334071e-43   0.000000e+00   8.994499e-44   24
  1.651653e+00   5.526501e-43   2.987795e-04   6.801057e-44   48
  1.653147e+00   6.990149e-43   0.000000e+00   1.944002e-43   24
  1.655533e+00   2.080988e-43   0.000000e+00   2.864456e-44   6
  1.669090e+00   7.562689e-43   2.787329e-04   1.041460e-43   36
  1.670075e+00   3.548277e-43   0.000000e+00   5.095135e-44   24
  1.671847e+00   8.219445e-43   0.000000e+00   1.978278e-43   6
  1.687272e+00   7.164628e-43   2.533103e-04   1.040911e-43   32
  1.688588e+00   8.987336e-44   0.000000e+00   3.945968e-44   6
  1.705164e+00   1.470519e-42   0.000000e+00   3.635346e-43   12
  1.705743e+00   1.078678e-42   0.000000e+00   2.975015e-43   6
  1.723300e+00   1.397566e-42   0.000000e+00   3.595277e-43   6
