# background statistics
# cycle   tau/boxsize    a             conformal H/H0  phi(k=0)       T00(k=0)
      0   2.578004e+01   2.500000e-01   3.216402e-01   8.180101e+04   4.249656e-01
      1   2.593778e+01   2.603592e-01   3.314359e-01   -5.851111e-04   4.254465e-01
      2   2.609085e+01   2.711502e-01   3.416805e-01   -1.094792e-03   4.252631e-01
      3   2.623934e+01   2.823907e-01   3.523832e-01   -1.547833e-03   4.260268e-01
      4   2.638332e+01   2.940994e-01   3.635541e-01   -1.968470e-03   4.307022e-01
      5   2.652287e+01   3.062957e-01   3.752037e-01   -2.385219e-03   4.425722e-01
      6   2.665809e+01   3.189997e-01   3.873433e-01   -2.846745e-03   4.707364e-01
      7   2.678907e+01   3.322325e-01   3.999849e-01   -3.244649e-03   4.639573e-01
      8   2.691591e+01   3.460160e-01   4.131412e-01   -3.567086e-03   4.494629e-01
      9   2.703872e+01   3.603730e-01   4.268255e-01   -3.843711e-03   4.439996e-01
     10   2.715758e+01   3.753273e-01   4.410522e-01   -4.089267e-03   4.437574e-01
     11   2.727262e+01   3.909035e-01   4.558361e-01   -4.306877e-03   4.443792e-01
     12   2.738392e+01   4.071276e-01   4.711930e-01   -4.494200e-03   4.430065e-01
     13   2.749159e+01   4.240263e-01   4.871395e-01   -4.652749e-03   4.416957e-01
     14   2.759574e+01   4.416277e-01   5.036928e-01   -4.788126e-03   4.435956e-01
     15   2.769646e+01   4.599608e-01   5.208713e-01   -4.898818e-03   4.437846e-01
     16   2.779387e+01   4.790560e-01   5.386938e-01   -4.983062e-03   4.414060e-01
     17   2.788805e+01   4.989450e-01   5.571804e-01   -5.050670e-03   4.475470e-01
     18   2.797911e+01   5.196607e-01   5.763518e-01   -5.096474e-03   4.476316e-01
     19   2.806713e+01   5.412373e-01   5.962297e-01   -5.121558e-03   4.475033e-01
     20   2.815223e+01   5.637106e-01   6.168367e-01   -5.127640e-03   4.478626e-01
     21   2.823448e+01   5.871178e-01   6.381965e-01   -5.115718e-03   4.476232e-01
     22   2.831397e+01   6.114977e-01   6.603335e-01   -5.086041e-03   4.451636e-01
     23   2.839081e+01   6.368906e-01   6.832733e-01   -5.041567e-03   4.450630e-01
     24   2.846506e+01   6.633386e-01   7.070425e-01   -4.983969e-03   4.453426e-01
     25   2.853682e+01   6.908855e-01   7.316687e-01   -4.913639e-03   4.430326e-01
     26   2.860616e+01   7.195768e-01   7.571806e-01   -4.833085e-03   4.431308e-01
     27   2.867316e+01   7.494602e-01   7.836081e-01   -4.743885e-03   4.438625e-01
     28   2.873791e+01   7.805852e-01   8.109821e-01   -4.647147e-03   4.440707e-01
     29   2.880047e+01   8.130031e-01   8.393348e-01   -4.544117e-03   4.443521e-01
     30   2.886092e+01   8.467679e-01   8.686995e-01   -4.435951e-03   4.447006e-01
     31   2.891932e+01   8.819353e-01   8.991108e-01   -4.323635e-03   4.447307e-01
     32   2.897575e+01   9.185636e-01   9.306047e-01   -4.208132e-03   4.446737e-01
     33   2.903026e+01   9.567135e-01   9.632185e-01   -4.090377e-03   4.448572e-01
     34   2.908294e+01   9.964481e-01   9.969906e-01   -3.971164e-03   4.450384e-01
     35   2.913383e+01   1.037833e+00   1.031961e+00   -3.851218e-03   4.453352e-01
# background statistics
# cycle   tau/boxsize    a             conformal H/H0  phi(k=0)       T00(k=0)
      0   2.578004e+01   2.500000e-01   3.216402e-01   8.180101e+04   4.249656e-01
      1   2.593778e+01   2.603592e-01   3.314359e-01   -5.851111e-04   4.254465e-01
      2   2.609085e+01   2.711502e-01   3.416805e-01   -1.094792e-03   4.252631e-01
      3   2.623934e+01   2.823907e-01   3.523832e-01   -1.547833e-03   4.260268e-01
      4   2.638332e+01   2.940994e-01   3.635541e-01   -1.968470e-03   4.307022e-01
      5   2.652287e+01   3.062957e-01   3.752037e-01   -2.385219e-03   4.425722e-01
      6   2.665809e+01   3.189997e-01   3.873433e-01   -2.846745e-03   4.707364e-01
      7   2.678907e+01   3.322325e-01   3.999849e-01   -3.244649e-03   4.639573e-01
      8   2.691591e+01   3.460160e-01   4.131412e-01   -3.567086e-03   4.494629e-01
      9   2.703872e+01   3.603730e-01   4.268255e-01   -3.843711e-03   4.439996e-01
     10   2.715758e+01   3.753273e-01   4.410522e-01   -4.089267e-03   4.437574e-01
     11   2.727262e+01   3.909035e-01   4.558361e-01   -4.306877e-03   4.443792e-01
     12   2.738392e+01   4.071276e-01   4.711930e-01   -4.494200e-03   4.430065e-01
     13   2.749159e+01   4.240263e-01   4.871395e-01   -4.652749e-03   4.416957e-01
     14   2.759574e+01   4.416277e-01   5.036928e-01   -4.788126e-03   4.435956e-01
     15   2.769646e+01   4.599608e-01   5.208713e-01   -4.898818e-03   4.437846e-01
     16   2.779387e+01   4.790560e-01   5.386938e-01   -4.983062e-03   4.414060e-01
     17   2.788805e+01   4.989450e-01   5.571804e-01   -5.050670e-03   4.475470e-01
     18   2.797911e+01   5.196607e-01   5.763518e-01   -5.096474e-03   4.476316e-01
     19   2.806713e+01   5.412373e-01   5.962297e-01   -5.121558e-03   4.475033e-01
     20   2.815223e+01   5.637106e-01   6.168367e-01   -5.127640e-03   4.478626e-01
     21   2.823448e+01   5.871178e-01   6.381965e-01   -5.115718e-03   4.476232e-01
     22   2.831397e+01   6.114977e-01   6.603335e-01   -5.086041e-03   4.451636e-01
     23   2.839081e+01   6.368906e-01   6.832733e-01   -5.041567e-03   4.450630e-01
     24   2.846506e+01   6.633386e-01   7.070425e-01   -4.983969e-03   4.453426e-01
     25   2.853682e+01   6.908855e-01   7.316687e-01   -4.913639e-03   4.430326e-01
     26   2.860616e+01   7.195768e-01   7.571806e-01   -4.833085e-03   4.431308e-01
     27   2.867316e+01   7.494602e-01   7.836081e-01   -4.743885e-03   4.438625e-01
     28   2.873791e+01   7.805852e-01   8.109821e-01   -4.647147e-03   4.440707e-01
     29   2.880047e+01   8.130031e-01   8.393348e-01   -4.544117e-03   4.443521e-01
     30   2.886092e+01   8.467679e-01   8.686995e-01   -4.435951e-03   4.447006e-01
     31   2.891932e+01   8.819353e-01   8.991108e-01   -4.323635e-03   4.447307e-01
     32   2.897575e+01   9.185636e-01   9.306047e-01   -4.208132e-03   4.446737e-01
     33   2.903026e+01   9.567135e-01   9.632185e-01   -4.090377e-03   4.448572e-01
     34   2.908294e+01   9.964481e-01   9.969906e-01   -3.971164e-03   4.450384e-01
     35   2.913383e+01   1.037833e+00   1.031961e+00   -3.851218e-03   4.453352e-01
# background statistics
# cycle   tau/boxsize    a             conformal H/H0  phi(k=0)       T00(k=0)
      0   2.578004e+01   2.500000e-01   3.216402e-01   0.000000e+00   4.249656e-01
      1   2.593778e+01   2.603592e-01   3.314359e-01   -5.851111e-04   4.254465e-01
      2   2.609085e+01   2.711502e-01   3.416805e-01   -1.094792e-03   4.252631e-01
      3   2.623934e+01   2.823907e-01   3.523832e-01   -1.547833e-03   4.260268e-01
      4   2.638332e+01   2.940994e-01   3.635541e-01   -1.968470e-03   4.307022e-01
      5   2.652287e+01   3.062957e-01   3.752037e-01   -2.385219e-03   4.425722e-01
      6   2.665809e+01   3.189997e-01   3.873433e-01   -2.846745e-03   4.707364e-01
      7   2.678907e+01   3.322325e-01   3.999849e-01   -3.244649e-03   4.639573e-01
      8   2.691591e+01   3.460160e-01   4.131412e-01   -3.567086e-03   4.494629e-01
      9   2.703872e+01   3.603730e-01   4.268255e-01   -3.843711e-03   4.439996e-01
     10   2.715758e+01   3.753273e-01   4.410522e-01   -4.089267e-03   4.437574e-01
     11   2.727262e+01   3.909035e-01   4.558361e-01   -4.306877e-03   4.443792e-01
     12   2.738392e+01   4.071276e-01   4.711930e-01   -4.494200e-03   4.430065e-01
     13   2.749159e+01   4.240263e-01   4.871395e-01   -4.652749e-03   4.416957e-01
     14   2.759574e+01   4.416277e-01   5.036928e-01   -4.788126e-03   4.435956e-01
     15   2.769646e+01   4.599608e-01   5.208713e-01   -4.898818e-03   4.437846e-01
     16   2.779387e+01   4.790560e-01   5.386938e-01   -4.983062e-03   4.414060e-01
     17   2.788805e+01   4.989450e-01   5.571804e-01   -5.050670e-03   4.475470e-01
     18   2.797911e+01   5.196607e-01   5.763518e-01   -5.096474e-03   4.476316e-01
     19   2.806713e+01   5.412373e-01   5.962297e-01   -5.121558e-03   4.475033e-01
     20   2.815223e+01   5.637106e-01   6.168367e-01   -5.127640e-03   4.478626e-01
     21   2.823448e+01   5.871178e-01   6.381965e-01   -5.115718e-03   4.476232e-01
     22   2.831397e+01   6.114977e-01   6.603335e-01   -5.086041e-03   4.451636e-01
     23   2.839081e+01   6.368906e-01   6.832733e-01   -5.041567e-03   4.450630e-01
     24   2.846506e+01   6.633386e-01   7.070425e-01   -4.983969e-03   4.453426e-01
     25   2.853682e+01   6.908855e-01   7.316687e-01   -4.913639e-03   4.430326e-01
     26   2.860616e+01   7.195768e-01   7.571806e-01   -4.833085e-03   4.431308e-01
     27   2.867316e+01   7.494602e-01   7.836081e-01   -4.743885e-03   4.438625e-01
     28   2.873791e+01   7.805852e-01   8.109821e-01   -4.647147e-03   4.440707e-01
     29   2.880047e+01   8.130031e-01   8.393348e-01   -4.544117e-03   4.443521e-01
     30   2.886092e+01   8.467679e-01   8.686995e-01   -4.435951e-03   4.447006e-01
     31   2.891932e+01   8.819353e-01   8.991108e-01   -4.323635e-03   4.447307e-01
     32   2.897575e+01   9.185636e-01   9.306047e-01   -4.208132e-03   4.446737e-01
     33   2.903026e+01   9.567135e-01   9.632185e-01   -4.090377e-03   4.448572e-01
     34   2.908294e+01   9.964481e-01   9.969906e-01   -3.971164e-03   4.450384e-01
     35   2.913383e+01   1.037833e+00   1.031961e+00   -3.851218e-03   4.453352e-01
# background statistics
# cycle   tau/boxsize    a             conformal H/H0  phi(k=0)       T00(k=0)
      0   2.578004e+01   2.500000e-01   3.216402e-01   0.000000e+00   4.249656e-01
      1   2.593778e+01   2.603592e-01   3.314359e-01   nan   nan
      2   2.609085e+01   2.711502e-01   3.416805e-01   nan   nan
      3   2.623934e+01   2.823907e-01   3.523832e-01   nan   nan
      4   2.638332e+01   2.940994e-01   3.635541e-01   nan   nan
      5   2.652287e+01   3.062957e-01   3.752037e-01   nan   nan
      6   2.665809e+01   3.189997e-01   3.873433e-01   nan   nan
      7   2.678907e+01   3.322325e-01   3.999849e-01   nan   nan
      8   2.691591e+01   3.460160e-01   4.131412e-01   nan   nan
      9   2.703872e+01   3.603730e-01   4.268255e-01   nan   nan
     10   2.715758e+01   3.753273e-01   4.410522e-01   nan   nan
     11   2.727262e+01   3.909035e-01   4.558361e-01   nan   nan
     12   2.738392e+01   4.071276e-01   4.711930e-01   nan   nan
     13   2.749159e+01   4.240263e-01   4.871395e-01   nan   nan
     14   2.759574e+01   4.416277e-01   5.036928e-01   nan   nan
     15   2.769646e+01   4.599608e-01   5.208713e-01   nan   nan
     16   2.779387e+01   4.790560e-01   5.386938e-01   nan   nan
     17   2.788805e+01   4.989450e-01   5.571804e-01   nan   nan
     18   2.797911e+01   5.196607e-01   5.763518e-01   nan   nan
     19   2.806713e+01   5.412373e-01   5.962297e-01   nan   nan
     20   2.815223e+01   5.637106e-01   6.168367e-01   nan   nan
     21   2.823448e+01   5.871178e-01   6.381965e-01   nan   nan
     22   2.831397e+01   6.114977e-01   6.603335e-01   nan   nan
     23   2.839081e+01   6.368906e-01   6.832733e-01   nan   nan
     24   2.846506e+01   6.633386e-01   7.070425e-01   nan   nan
     25   2.853682e+01   6.908855e-01   7.316687e-01   nan   nan
     26   2.860616e+01   7.195768e-01   7.571806e-01   nan   nan
     27   2.867316e+01   7.494602e-01   7.836081e-01   nan   nan
     28   2.873791e+01   7.805852e-01   8.109821e-01   nan   nan
     29   2.880047e+01   8.130031e-01   8.393348e-01   nan   nan
     30   2.886092e+01   8.467679e-01   8.686995e-01   nan   nan
     31   2.891932e+01   8.819353e-01   8.991108e-01   nan   nan
     32   2.897575e+01   9.185636e-01   9.306047e-01   nan   nan
     33   2.903026e+01   9.567135e-01   9.632185e-01   nan   nan
     34   2.908294e+01   9.964481e-01   9.969906e-01   nan   nan
     35   2.913383e+01   1.037833e+00   1.031961e+00   nan   nan
# background statistics
# cycle   tau/boxsize    a             conformal H/H0  phi(k=0)       T00(k=0)
      0   2.578004e+01   2.500000e-01   3.216402e-01   0.000000e+00   4.231048e-01
      1   2.593778e+01   2.603592e-01   3.314359e-01   nan   nan
      2   2.609085e+01   2.711502e-01   3.416805e-01   nan   nan
      3   2.623934e+01   2.823907e-01   3.523832e-01   nan   nan
      4   2.638332e+01   2.940994e-01   3.635541e-01   nan   nan
      5   2.652287e+01   3.062957e-01   3.752037e-01   nan   nan
      6   2.665809e+01   3.189997e-01   3.873433e-01   nan   nan
      7   2.678907e+01   3.322325e-01   3.999849e-01   nan   nan
      8   2.691591e+01   3.460160e-01   4.131412e-01   nan   nan
      9   2.703872e+01   3.603730e-01   4.268255e-01   nan   nan
     10   2.715758e+01   3.753273e-01   4.410522e-01   nan   nan
     11   2.727262e+01   3.909035e-01   4.558361e-01   nan   nan
     12   2.738392e+01   4.071276e-01   4.711930e-01   nan   nan
     13   2.749159e+01   4.240263e-01   4.871395e-01   nan   nan
     14   2.759574e+01   4.416277e-01   5.036928e-01   nan   nan
     15   2.769646e+01   4.599608e-01   5.208713e-01   nan   nan
     16   2.779387e+01   4.790560e-01   5.386938e-01   nan   nan
     17   2.788805e+01   4.989450e-01   5.571804e-01   nan   nan
     18   2.797911e+01   5.196607e-01   5.763518e-01   nan   nan
     19   2.806713e+01   5.412373e-01   5.962297e-01   nan   nan
     20   2.815223e+01   5.637106e-01   6.168367e-01   nan   nan
     21   2.823448e+01   5.871178e-01   6.381965e-01   nan   nan
     22   2.831397e+01   6.114977e-01   6.603335e-01   nan   nan
     23   2.839081e+01   6.368906e-01   6.832733e-01   nan   nan
     24   2.846506e+01   6.633386e-01   7.070425e-01   nan   nan
     25   2.853682e+01   6.908855e-01   7.316687e-01   nan   nan
     26   2.860616e+01   7.195768e-01   7.571806e-01   nan   nan
     27   2.867316e+01   7.494602e-01   7.836081e-01   nan   nan
     28   2.873791e+01   7.805852e-01   8.109821e-01   nan   nan
     29   2.880047e+01   8.130031e-01   8.393348e-01   nan   nan
     30   2.886092e+01   8.467679e-01   8.686995e-01   nan   nan
     31   2.891932e+01   8.819353e-01   8.991108e-01   nan   nan
     32   2.897575e+01   9.185636e-01   9.306047e-01   nan   nan
     33   2.903026e+01   9.567135e-01   9.632185e-01   nan   nan
     34   2.908294e+01   9.964481e-01   9.969906e-01   nan   nan
     35   2.913383e+01   1.037833e+00   1.031961e+00   nan   nan
# background statistics
# cycle   tau/boxsize    a             conformal H/H0  phi(k=0)       T00(k=0)
      0   2.578004e+01   2.500000e-01   3.216402e-01   0.000000e+00   4.231048e-01
      1   2.593778e+01   2.603592e-01   3.314359e-01   nan   nan
      2   2.609085e+01   2.711502e-01   3.416805e-01   nan   nan
      3   2.623934e+01   2.823907e-01   3.523832e-01   nan   nan
      4   2.638332e+01   2.940994e-01   3.635541e-01   nan   nan
      5   2.652287e+01   3.062957e-01   3.752037e-01   nan   nan
      6   2.665809e+01   3.189997e-01   3.873433e-01   nan   nan
      7   2.678907e+01   3.322325e-01   3.999849e-01   nan   nan
      8   2.691591e+01   3.460160e-01   4.131412e-01   nan   nan
      9   2.703872e+01   3.603730e-01   4.268255e-01   nan   nan
     10   2.715758e+01   3.753273e-01   4.410522e-01   nan   nan
     11   2.727262e+01   3.909035e-01   4.558361e-01   nan   nan
     12   2.738392e+01   4.071276e-01   4.711930e-01   nan   nan
     13   2.749159e+01   4.240263e-01   4.871395e-01   nan   nan
     14   2.759574e+01   4.416277e-01   5.036928e-01   nan   nan
     15   2.769646e+01   4.599608e-01   5.208713e-01   nan   nan
     16   2.779387e+01   4.790560e-01   5.386938e-01   nan   nan
     17   2.788805e+01   4.989450e-01   5.571804e-01   nan   nan
# background statistics
# cycle   tau/boxsize    a             conformal H/H0  phi(k=0)       T00(k=0)
      0   2.578004e+01   2.500000e-01   3.216402e-01   0.000000e+00   4.231048e-01
      1   2.593778e+01   2.603592e-01   3.314359e-01   nan   nan
      2   2.609085e+01   2.711502e-01   3.416805e-01   nan   nan
      3   2.623934e+01   2.823907e-01   3.523832e-01   nan   nan
      4   2.638332e+01   2.940994e-01   3.635541e-01   nan   nan
      5   2.652287e+01   3.062957e-01   3.752037e-01   nan   nan
      6   2.665809e+01   3.189997e-01   3.873433e-01   nan   nan
      7   2.678907e+01   3.322325e-01   3.999849e-01   nan   nan
      8   2.691591e+01   3.460160e-01   4.131412e-01   nan   nan
      9   2.703872e+01   3.603730e-01   4.268255e-01   nan   nan
     10   2.715758e+01   3.753273e-01   4.410522e-01   nan   nan
     11   2.727262e+01   3.909035e-01   4.558361e-01   nan   nan
     12   2.738392e+01   4.071276e-01   4.711930e-01   nan   nan
     13   2.749159e+01   4.240263e-01   4.871395e-01   nan   nan
     14   2.759574e+01   4.416277e-01   5.036928e-01   nan   nan
     15   2.769646e+01   4.599608e-01   5.208713e-01   nan   nan
     16   2.779387e+01   4.790560e-01   5.386938e-01   nan   nan
     17   2.788805e+01   4.989450e-01   5.571804e-01   nan   nan
     18   2.797911e+01   5.196607e-01   5.763518e-01   nan   nan
     19   2.806713e+01   5.412373e-01   5.962297e-01   nan   nan
     20   2.815223e+01   5.637106e-01   6.168367e-01   nan   nan
     21   2.823448e+01   5.871178e-01   6.381965e-01   nan   nan
     22   2.831397e+01   6.114977e-01   6.603335e-01   nan   nan
     23   2.839081e+01   6.368906e-01   6.832733e-01   nan   nan
     24   2.846506e+01   6.633386e-01   7.070425e-01   nan   nan
     25   2.853682e+01   6.908855e-01   7.316687e-01   nan   nan
     26   2.860616e+01   7.195768e-01   7.571806e-01   nan   nan
     27   2.867316e+01   7.494602e-01   7.836081e-01   nan   nan
     28   2.873791e+01   7.805852e-01   8.109821e-01   nan   nan
     29   2.880047e+01   8.130031e-01   8.393348e-01   nan   nan
     30   2.886092e+01   8.467679e-01   8.686995e-01   nan   nan
     31   2.891932e+01   8.819353e-01   8.991108e-01   nan   nan
     32   2.897575e+01   9.185636e-01   9.306047e-01   nan   nan
     33   2.903026e+01   9.567135e-01   9.632185e-01   nan   nan
     34   2.908294e+01   9.964481e-01   9.969906e-01   nan   nan
     35   2.913383e+01   1.037833e+00   1.031961e+00   nan   nan
# background statistics
# cycle   tau/boxsize    a             conformal H/H0  phi(k=0)       T00(k=0)
      0   2.578004e+01   2.500000e-01   3.216402e-01   0.000000e+00   4.231048e-01
      1   2.593778e+01   2.603592e-01   3.314359e-01   nan   nan
      2   2.609085e+01   2.711502e-01   3.416805e-01   nan   nan
# background statistics
# cycle   tau/boxsize    a             conformal H/H0  phi(k=0)       T00(k=0)
      0   2.578004e+01   2.500000e-01   3.216402e-01   0.000000e+00   4.231048e-01
      1   2.593778e+01   2.603592e-01   3.314359e-01   -5.742688e-04   4.233447e-01
      2   2.609085e+01   2.711502e-01   3.416805e-01   -1.607738e-03   5.373982e-01
      3   2.623934e+01   2.823907e-01   3.523832e-01   -3.577917e-03   7.853077e-01
      4   2.638332e+01   2.940994e-01   3.635541e-01   -7.541687e-03   1.341274e+00
      5   2.652287e+01   3.062957e-01   3.752037e-01   -1.600300e-02   2.627447e+00
# background statistics
# cycle   tau/boxsize    a             conformal H/H0  phi(k=0)       T00(k=0)
      0   2.578004e+01   2.500000e-01   3.216402e-01   0.000000e+00   4.231048e-01
      1   2.593778e+01   2.603592e-01   3.314359e-01   -5.742688e-04   4.233447e-01
      2   2.609085e+01   2.711502e-01   3.416805e-01   -1.607738e-03   5.373982e-01
      3   2.623934e+01   2.823907e-01   3.523832e-01   -3.577917e-03   7.853077e-01
      4   2.638332e+01   2.940994e-01   3.635541e-01   -7.541687e-03   1.341274e+00
      5   2.652287e+01   3.062957e-01   3.752037e-01   -1.600300e-02   2.627447e+00
# background statistics
# cycle   tau/boxsize    a             conformal H/H0  phi(k=0)       T00(k=0)
      0   2.578004e+01   2.500000e-01   3.216402e-01   0.000000e+00   4.231048e-01
      1   2.593778e+01   2.603592e-01   3.314359e-01   -5.742688e-04   4.233447e-01
      2   2.609085e+01   2.711502e-01   3.416805e-01   -1.607738e-03   5.373982e-01
      3   2.623934e+01   2.823907e-01   3.523832e-01   -3.577917e-03   7.853077e-01
      4   2.638332e+01   2.940994e-01   3.635541e-01   -7.541687e-03   1.341274e+00
# background statistics
# cycle   tau/boxsize    a             conformal H/H0  phi(k=0)       T00(k=0)
      0   2.578004e+01   2.500000e-01   3.216402e-01   0.000000e+00   4.231048e-01
      1   2.593778e+01   2.603592e-01   3.314359e-01   nan   nan
      2   2.609085e+01   2.711502e-01   3.416805e-01   nan   nan
# background statistics
# cycle   tau/boxsize    a             conformal H/H0  phi(k=0)       T00(k=0)
      0   2.578004e+01   2.500000e-01   3.216402e-01   0.000000e+00   4.231048e-01
      1   2.593778e+01   2.603592e-01   3.314359e-01   nan   nan
      2   2.609085e+01   2.711502e-01   3.416805e-01   nan   nan
# background statistics
# cycle   tau/boxsize    a             conformal H/H0  phi(k=0)       T00(k=0)
      0   2.578004e+01   2.500000e-01   3.216402e-01   0.000000e+00   4.231048e-01
      1   2.593778e+01   2.603592e-01   3.314359e-01   nan   nan
# background statistics
# cycle   tau/boxsize    a             conformal H/H0  phi(k=0)       T00(k=0)
      0   2.578004e+01   2.500000e-01   3.216402e-01   0.000000e+00   4.231048e-01
      1   2.593778e+01   2.603592e-01   3.314359e-01   -5.742688e-04   4.233447e-01
      2   2.609085e+01   2.711502e-01   3.416805e-01   -1.591654e-03   5.339534e-01
      3   2.623934e+01   2.823907e-01   3.523832e-01   -3.483522e-03   7.668044e-01
      4   2.638332e+01   2.940994e-01   3.635541e-01   -7.178462e-03   1.272542e+00
      5   2.652287e+01   3.062957e-01   3.752037e-01   -1.481370e-02   2.406570e+00
      6   2.665809e+01   3.189997e-01   3.873433e-01   -3.160064e-02   4.964583e+00
      7   2.678907e+01   3.322325e-01   3.999849e-01   -7.383634e-02   1.126817e+01
      8   2.691591e+01   3.460160e-01   4.131412e-01   -2.104640e-01   2.898143e+01
      9   2.703872e+01   3.603730e-01   4.268255e-01   -9.372170e-01   9.265378e+01
     10   2.715758e+01   3.753273e-01   4.410522e-01   -1.183191e+01   4.641004e+02
# background statistics
# cycle   tau/boxsize    a             conformal H/H0  phi(k=0)       T00(k=0)
      0   2.578004e+01   2.500000e-01   3.216402e-01   0.000000e+00   4.231048e-01
      1   2.593778e+01   2.603592e-01   3.314359e-01   nan   nan
# background statistics
# cycle   tau/boxsize    a             conformal H/H0  phi(k=0)       T00(k=0)
      0   2.578004e+01   2.500000e-01   3.216402e-01   0.000000e+00   4.231048e-01
      1   2.593778e+01   2.603592e-01   3.314359e-01   nan   nan
# background statistics
# cycle   tau/boxsize    a             conformal H/H0  phi(k=0)       T00(k=0)
      0   2.578004e+01   2.500000e-01   3.216402e-01   0.000000e+00   4.231048e-01
      1   2.593778e+01   2.603592e-01   3.314359e-01   nan   nan
# background statistics
# cycle   tau/boxsize    a             conformal H/H0  phi(k=0)       T00(k=0)
      0   2.578004e+01   2.500000e-01   3.216402e-01   0.000000e+00   4.231048e-01
      1   2.593778e+01   2.603592e-01   3.314359e-01   nan   nan
      2   2.609085e+01   2.711502e-01   3.416805e-01   nan   nan
# background statistics
# cycle   tau/boxsize    a             conformal H/H0  phi(k=0)       T00(k=0)
      0   2.578004e+01   2.500000e-01   3.216402e-01   0.000000e+00   4.231048e-01
      1   2.593778e+01   2.603592e-01   3.314359e-01   nan   nan
# background statistics
# cycle   tau/boxsize    a             conformal H/H0  phi(k=0)       T00(k=0)
      0   2.578004e+01   2.500000e-01   3.216402e-01   0.000000e+00   4.231048e-01
      1   2.593778e+01   2.603592e-01   3.314359e-01   nan   nan
      2   2.609085e+01   2.711502e-01   3.416805e-01   nan   nan
      3   2.623934e+01   2.823907e-01   3.523832e-01   nan   nan
      4   2.638332e+01   2.940994e-01   3.635541e-01   nan   nan
      5   2.652287e+01   3.062957e-01   3.752037e-01   nan   nan
      6   2.665809e+01   3.189997e-01   3.873433e-01   nan   nan
      7   2.678907e+01   3.322325e-01   3.999849e-01   nan   nan
      8   2.691591e+01   3.460160e-01   4.131412e-01   nan   nan
      9   2.703872e+01   3.603730e-01   4.268255e-01   nan   nan
     10   2.715758e+01   3.753273e-01   4.410522e-01   nan   nan
     11   2.727262e+01   3.909035e-01   4.558361e-01   nan   nan
     12   2.738392e+01   4.071276e-01   4.711930e-01   nan   nan
     13   2.749159e+01   4.240263e-01   4.871395e-01   nan   nan
     14   2.759574e+01   4.416277e-01   5.036928e-01   nan   nan
# background statistics
# cycle   tau/boxsize    a             conformal H/H0  phi(k=0)       T00(k=0)
      0   2.578004e+01   2.500000e-01   3.216402e-01   0.000000e+00   4.231048e-01
      1   2.593778e+01   2.603592e-01   3.314359e-01   nan   nan
      2   2.609085e+01   2.711502e-01   3.416805e-01   nan   nan
      3   2.623934e+01   2.823907e-01   3.523832e-01   nan   nan
      4   2.638332e+01   2.940994e-01   3.635541e-01   nan   nan
      5   2.652287e+01   3.062957e-01   3.752037e-01   nan   nan
      6   2.665809e+01   3.189997e-01   3.873433e-01   nan   nan
      7   2.678907e+01   3.322325e-01   3.999849e-01   nan   nan
      8   2.691591e+01   3.460160e-01   4.131412e-01   nan   nan
      9   2.703872e+01   3.603730e-01   4.268255e-01   nan   nan
     10   2.715758e+01   3.753273e-01   4.410522e-01   nan   nan
     11   2.727262e+01   3.909035e-01   4.558361e-01   nan   nan
     12   2.738392e+01   4.071276e-01   4.711930e-01   nan   nan
     13   2.749159e+01   4.240263e-01   4.871395e-01   nan   nan
     14   2.759574e+01   4.416277e-01   5.036928e-01   nan   nan
     15   2.769646e+01   4.599608e-01   5.208713e-01   nan   nan
     16   2.779387e+01   4.790560e-01   5.386938e-01   nan   nan
     17   2.788805e+01   4.989450e-01   5.571804e-01   nan   nan
     18   2.797911e+01   5.196607e-01   5.763518e-01   nan   nan
     19   2.806713e+01   5.412373e-01   5.962297e-01   nan   nan
# background statistics
# cycle   tau/boxsize    a             conformal H/H0  phi(k=0)       T00(k=0)
      0   2.578004e+01   2.500000e-01   3.216402e-01   0.000000e+00   4.231048e-01
      1   2.593778e+01   2.603592e-01   3.314359e-01   nan   nan
      2   2.609085e+01   2.711502e-01   3.416805e-01   nan   nan
      3   2.623934e+01   2.823907e-01   3.523832e-01   nan   nan
      4   2.638332e+01   2.940994e-01   3.635541e-01   nan   nan
      5   2.652287e+01   3.062957e-01   3.752037e-01   nan   nan
      6   2.665809e+01   3.189997e-01   3.873433e-01   nan   nan
# background statistics
# cycle   tau/boxsize    a             conformal H/H0  phi(k=0)       T00(k=0)
      0   2.578004e+01   2.500000e-01   3.216402e-01   0.000000e+00   4.231048e-01
      1   2.593778e+01   2.603592e-01   3.314359e-01   nan   nan
      2   2.609085e+01   2.711502e-01   3.416805e-01   nan   nan
      3   2.623934e+01   2.823907e-01   3.523832e-01   nan   nan
      4   2.638332e+01   2.940994e-01   3.635541e-01   nan   nan
      5   2.652287e+01   3.062957e-01   3.752037e-01   nan   nan
# background statistics
# cycle   tau/boxsize    a             conformal H/H0  phi(k=0)       T00(k=0)
      0   2.578004e+01   2.500000e-01   3.216402e-01   0.000000e+00   4.231048e-01
# background statistics
# cycle   tau/boxsize    a             conformal H/H0  phi(k=0)       T00(k=0)
      0   2.578004e+01   2.500000e-01   3.216402e-01   0.000000e+00   4.231048e-01
      1   2.593778e+01   2.603592e-01   3.314359e-01   nan   nan
# background statistics
# cycle   tau/boxsize    a             conformal H/H0  phi(k=0)       T00(k=0)
      0   2.578004e+01   2.500000e-01   3.216402e-01   0.000000e+00   4.231048e-01
# background statistics
# cycle   tau/boxsize    a             conformal H/H0  phi(k=0)       T00(k=0)
      0   2.578004e+01   2.500000e-01   3.216402e-01   0.000000e+00   4.231048e-01
      1   2.593778e+01   2.603592e-01   3.314359e-01   nan   nan
# background statistics
# cycle   tau/boxsize    a             conformal H/H0  phi(k=0)       T00(k=0)
      0   2.578004e+01   2.500000e-01   3.216402e-01   0.000000e+00   4.231048e-01
      1   2.593778e+01   2.603592e-01   3.314359e-01   nan   nan
      2   2.609085e+01   2.711502e-01   3.416805e-01   nan   nan
# background statistics
# cycle   tau/boxsize    a             conformal H/H0  phi(k=0)       T00(k=0)
      0   2.578004e+01   2.500000e-01   3.216402e-01   0.000000e+00   4.231048e-01
      1   2.593778e+01   2.603592e-01   3.314359e-01   nan   nan
      2   2.609085e+01   2.711502e-01   3.416805e-01   nan   nan
      3   2.623934e+01   2.823907e-01   3.523832e-01   nan   nan
      4   2.638332e+01   2.940994e-01   3.635541e-01   nan   nan
      5   2.652287e+01   3.062957e-01   3.752037e-01   nan   nan
      6   2.665809e+01   3.189997e-01   3.873433e-01   nan   nan
      7   2.678907e+01   3.322325e-01   3.999849e-01   nan   nan
      8   2.691591e+01   3.460160e-01   4.131412e-01   nan   nan
      9   2.703872e+01   3.603730e-01   4.268255e-01   nan   nan
     10   2.715758e+01   3.753273e-01   4.410522e-01   nan   nan
     11   2.727262e+01   3.909035e-01   4.558361e-01   nan   nan
     12   2.738392e+01   4.071276e-01   4.711930e-01   nan   nan
     13   2.749159e+01   4.240263e-01   4.871395e-01   nan   nan
     14   2.759574e+01   4.416277e-01   5.036928e-01   nan   nan
     15   2.769646e+01   4.599608e-01   5.208713e-01   nan   nan
     16   2.779387e+01   4.790560e-01   5.386938e-01   nan   nan
     17   2.788805e+01   4.989450e-01   5.571804e-01   nan   nan
     18   2.797911e+01   5.196607e-01   5.763518e-01   nan   nan
     19   2.806713e+01   5.412373e-01   5.962297e-01   nan   nan
     20   2.815223e+01   5.637106e-01   6.168367e-01   nan   nan
     21   2.823448e+01   5.871178e-01   6.381965e-01   nan   nan
# background statistics
# cycle   tau/boxsize    a             conformal H/H0  phi(k=0)       T00(k=0)
      0   2.578004e+01   2.500000e-01   3.216402e-01   0.000000e+00   4.231048e-01
      1   2.593778e+01   2.603592e-01   3.314359e-01   nan   nan
      2   2.609085e+01   2.711502e-01   3.416805e-01   nan   nan
      3   2.623934e+01   2.823907e-01   3.523832e-01   nan   nan
      4   2.638332e+01   2.940994e-01   3.635541e-01   nan   nan
      5   2.652287e+01   3.062957e-01   3.752037e-01   nan   nan
      6   2.665809e+01   3.189997e-01   3.873433e-01   nan   nan
      7   2.678907e+01   3.322325e-01   3.999849e-01   nan   nan
      8   2.691591e+01   3.460160e-01   4.131412e-01   nan   nan
      9   2.703872e+01   3.603730e-01   4.268255e-01   nan   nan
     10   2.715758e+01   3.753273e-01   4.410522e-01   nan   nan
     11   2.727262e+01   3.909035e-01   4.558361e-01   nan   nan
     12   2.738392e+01   4.071276e-01   4.711930e-01   nan   nan
     13   2.749159e+01   4.240263e-01   4.871395e-01   nan   nan
     14   2.759574e+01   4.416277e-01   5.036928e-01   nan   nan
     15   2.769646e+01   4.599608e-01   5.208713e-01   nan   nan
     16   2.779387e+01   4.790560e-01   5.386938e-01   nan   nan
     17   2.788805e+01   4.989450e-01   5.571804e-01   nan   nan
     18   2.797911e+01   5.196607e-01   5.763518e-01   nan   nan
     19   2.806713e+01   5.412373e-01   5.962297e-01   nan   nan
     20   2.815223e+01   5.637106e-01   6.168367e-01   nan   nan
     21   2.823448e+01   5.871178e-01   6.381965e-01   nan   nan
     22   2.831397e+01   6.114977e-01   6.603335e-01   nan   nan
     23   2.839081e+01   6.368906e-01   6.832733e-01   nan   nan
# background statistics
# cycle   tau/boxsize    a             conformal H/H0  phi(k=0)       T00(k=0)
      0   2.578004e+01   2.500000e-01   3.216402e-01   0.000000e+00   4.231048e-01
      1   2.593778e+01   2.603592e-01   3.314359e-01   nan   nan
      2   2.609085e+01   2.711502e-01   3.416805e-01   nan   nan
      3   2.623934e+01   2.823907e-01   3.523832e-01   nan   nan
      4   2.638332e+01   2.940994e-01   3.635541e-01   nan   nan
      5   2.652287e+01   3.062957e-01   3.752037e-01   nan   nan
      6   2.665809e+01   3.189997e-01   3.873433e-01   nan   nan
      7   2.678907e+01   3.322325e-01   3.999849e-01   nan   nan
      8   2.691591e+01   3.460160e-01   4.131412e-01   nan   nan
      9   2.703872e+01   3.603730e-01   4.268255e-01   nan   nan
# background statistics
# cycle   tau/boxsize    a             conformal H/H0  phi(k=0)       T00(k=0)
      0   2.578004e+01   2.500000e-01   3.216402e-01   0.000000e+00   4.231048e-01
      1   2.593778e+01   2.603592e-01   3.314359e-01   nan   nan
      2   2.609085e+01   2.711502e-01   3.416805e-01   nan   nan
      3   2.623934e+01   2.823907e-01   3.523832e-01   nan   nan
      4   2.638332e+01   2.940994e-01   3.635541e-01   nan   nan
      5   2.652287e+01   3.062957e-01   3.752037e-01   nan   nan
      6   2.665809e+01   3.189997e-01   3.873433e-01   nan   nan
      7   2.678907e+01   3.322325e-01   3.999849e-01   nan   nan
      8   2.691591e+01   3.460160e-01   4.131412e-01   nan   nan
      9   2.703872e+01   3.603730e-01   4.268255e-01   nan   nan
     10   2.715758e+01   3.753273e-01   4.410522e-01   nan   nan
     11   2.727262e+01   3.909035e-01   4.558361e-01   nan   nan
# background statistics
# cycle   tau/boxsize    a             conformal H/H0  phi(k=0)       T00(k=0)
      0   2.578004e+01   2.500000e-01   3.216402e-01   0.000000e+00   4.231048e-01
      1   2.593778e+01   2.603592e-01   3.314359e-01   nan   nan
      2   2.609085e+01   2.711502e-01   3.416805e-01   nan   nan
      3   2.623934e+01   2.823907e-01   3.523832e-01   nan   nan
      4   2.638332e+01   2.940994e-01   3.635541e-01   nan   nan
      5   2.652287e+01   3.062957e-01   3.752037e-01   nan   nan
      6   2.665809e+01   3.189997e-01   3.873433e-01   nan   nan
      7   2.678907e+01   3.322325e-01   3.999849e-01   nan   nan
      8   2.691591e+01   3.460160e-01   4.131412e-01   nan   nan
      9   2.703872e+01   3.603730e-01   4.268255e-01   nan   nan
     10   2.715758e+01   3.753273e-01   4.410522e-01   nan   nan
     11   2.727262e+01   3.909035e-01   4.558361e-01   nan   nan
     12   2.738392e+01   4.071276e-01   4.711930e-01   nan   nan
     13   2.749159e+01   4.240263e-01   4.871395e-01   nan   nan
     14   2.759574e+01   4.416277e-01   5.036928e-01   nan   nan
     15   2.769646e+01   4.599608e-01   5.208713e-01   nan   nan
     16   2.779387e+01   4.790560e-01   5.386938e-01   nan   nan
     17   2.788805e+01   4.989450e-01   5.571804e-01   nan   nan
     18   2.797911e+01   5.196607e-01   5.763518e-01   nan   nan
     19   2.806713e+01   5.412373e-01   5.962297e-01   nan   nan
     20   2.815223e+01   5.637106e-01   6.168367e-01   nan   nan
# background statistics
# cycle   tau/boxsize    a             conformal H/H0  phi(k=0)       T00(k=0)
      0   2.578004e+01   2.500000e-01   3.216402e-01   0.000000e+00   4.231048e-01
      1   2.593778e+01   2.603592e-01   3.314359e-01   nan   nan
# background statistics
# cycle   tau/boxsize    a             conformal H/H0  phi(k=0)       T00(k=0)
      0   2.578004e+01   2.500000e-01   3.216402e-01   0.000000e+00   4.231048e-01
      1   2.593778e+01   2.603592e-01   3.314359e-01   nan   nan
      2   2.609085e+01   2.711502e-01   3.416805e-01   nan   nan
# background statistics
# cycle   tau/boxsize    a             conformal H/H0  phi(k=0)       T00(k=0)
      0   2.578004e+01   2.500000e-01   3.216402e-01   0.000000e+00   4.231048e-01
      1   2.593778e+01   2.603592e-01   3.314359e-01   nan   nan
# background statistics
# cycle   tau/boxsize    a             conformal H/H0  phi(k=0)       T00(k=0)
      0   2.578004e+01   2.500000e-01   3.216402e-01   0.000000e+00   4.231048e-01
      1   2.593778e+01   2.603592e-01   3.314359e-01   nan   nan
      2   2.609085e+01   2.711502e-01   3.416805e-01   nan   nan
# background statistics
# cycle   tau/boxsize    a             conformal H/H0  phi(k=0)       T00(k=0)
      0   2.578004e+01   2.500000e-01   3.216402e-01   0.000000e+00   4.231048e-01
      1   2.593778e+01   2.603592e-01   3.314359e-01   -5.742688e-04   4.233447e-01
      2   2.609085e+01   2.711502e-01   3.416805e-01   -1.598378e-03   5.353936e-01
      3   2.623934e+01   2.823907e-01   3.523832e-01   -3.381162e-03   7.409676e-01
      4   2.638332e+01   2.940994e-01   3.635541e-01   -6.512126e-03   1.126673e+00
      5   2.652287e+01   3.062957e-01   3.752037e-01   -1.218650e-02   1.869653e+00
      6   2.665809e+01   3.189997e-01   3.873433e-01   -2.273702e-02   3.248513e+00
      7   2.678907e+01   3.322325e-01   3.999849e-01   -4.427271e-02   6.056149e+00
      8   2.691591e+01   3.460160e-01   4.131412e-01   -9.557111e-02   1.224491e+01
      9   2.703872e+01   3.603730e-01   4.268255e-01   -2.569395e-01   2.812736e+01
     10   2.715758e+01   3.753273e-01   4.410522e-01   -1.117194e+00   8.161792e+01
# background statistics
# cycle   tau/boxsize    a             conformal H/H0  phi(k=0)       T00(k=0)
      0   2.578004e+01   2.500000e-01   3.216402e-01   0.000000e+00   4.231048e-01
      1   2.593778e+01   2.603592e-01   3.314359e-01   -5.742688e-04   4.233447e-01
      2   2.609085e+01   2.711502e-01   3.416805e-01   -1.451598e-03   5.039556e-01
      3   2.623934e+01   2.823907e-01   3.523832e-01   -2.852910e-03   6.508646e-01
      4   2.638332e+01   2.940994e-01   3.635541e-01   -5.191303e-03   9.260567e-01
      5   2.652287e+01   3.062957e-01   3.752037e-01   -9.312120e-03   1.465757e+00
      6   2.665809e+01   3.189997e-01   3.873433e-01   -1.664354e-02   2.437473e+00
      7   2.678907e+01   3.322325e-01   3.999849e-01   -3.068556e-02   4.362244e+00
      8   2.691591e+01   3.460160e-01   4.131412e-01   -6.079561e-02   8.403966e+00
      9   2.703872e+01   3.603730e-01   4.268255e-01   -1.390047e-01   1.780295e+01
     10   2.715758e+01   3.753273e-01   4.410522e-01   -4.272605e-01   4.411282e+01
     11   2.727262e+01   3.909035e-01   4.558361e-01   -2.526063e+00   1.476098e+02
# background statistics
# cycle   tau/boxsize    a             conformal H/H0  phi(k=0)       T00(k=0)
      0   2.578004e+01   2.500000e-01   3.216402e-01   0.000000e+00   4.231048e-01
      1   2.593778e+01   2.603592e-01   3.314359e-01   -5.742688e-04   4.233447e-01
      2   2.609085e+01   2.711502e-01   3.416805e-01   -1.598378e-03   5.353936e-01
      3   2.623934e+01   2.823907e-01   3.523832e-01   -3.381162e-03   7.409676e-01
      4   2.638332e+01   2.940994e-01   3.635541e-01   -6.512126e-03   1.126673e+00
      5   2.652287e+01   3.062957e-01   3.752037e-01   -1.218650e-02   1.869653e+00
      6   2.665809e+01   3.189997e-01   3.873433e-01   -2.273702e-02   3.248513e+00
      7   2.678907e+01   3.322325e-01   3.999849e-01   -4.427271e-02   6.056149e+00
      8   2.691591e+01   3.460160e-01   4.131412e-01   -9.557111e-02   1.224491e+01
      9   2.703872e+01   3.603730e-01   4.268255e-01   -2.569395e-01   2.812736e+01
     10   2.715758e+01   3.753273e-01   4.410522e-01   -1.117194e+00   8.161792e+01
# background statistics
# cycle   tau/boxsize    a             conformal H/H0  phi(k=0)       T00(k=0)
      0   2.578004e+01   2.500000e-01   3.216402e-01   0.000000e+00   4.231048e-01
      1   2.593778e+01   2.603592e-01   3.314359e-01   -5.742688e-04   4.233447e-01
      2   2.609085e+01   2.711502e-01   3.416805e-01   -1.598377e-03   5.353934e-01
      3   2.623934e+01   2.823907e-01   3.523832e-01   -3.390019e-03   7.430647e-01
      4   2.638332e+01   2.940994e-01   3.635541e-01   -6.697142e-03   1.172597e+00
      5   2.652287e+01   3.062957e-01   3.752037e-01   -1.312437e-02   2.079234e+00
      6   2.665809e+01   3.189997e-01   3.873433e-01   -2.616422e-02   3.952115e+00
      7   2.678907e+01   3.322325e-01   3.999849e-01   -5.574418e-02   8.177163e+00
      8   2.691591e+01   3.460160e-01   4.131412e-01   -1.368075e-01   1.853089e+01
      9   2.703872e+01   3.603730e-01   4.268255e-01   -4.555826e-01   4.856481e+01
     10   2.715758e+01   3.753273e-01   4.410522e-01   -3.048124e+00   1.692804e+02
# background statistics
# cycle   tau/boxsize    a             conformal H/H0  phi(k=0)       T00(k=0)
      0   2.578004e+01   2.500000e-01   3.216402e-01   0.000000e+00   4.231048e-01
      1   2.593778e+01   2.603592e-01   3.314359e-01   -5.742688e-04   4.233447e-01
      2   2.609085e+01   2.711502e-01   3.416805e-01   -1.754531e-03   5.688391e-01
      3   2.623934e+01   2.823907e-01   3.523832e-01   -4.149622e-03   8.854660e-01
      4   2.638332e+01   2.940994e-01   3.635541e-01   -9.129224e-03   1.595850e+00
      5   2.652287e+01   3.062957e-01   3.752037e-01   -1.999837e-02   3.233160e+00
      6   2.665809e+01   3.189997e-01   3.873433e-01   -4.586456e-02   7.144233e+00
      7   2.678907e+01   3.322325e-01   3.999849e-01   -1.195726e-01   1.747109e+01
      8   2.691591e+01   3.460160e-01   4.131412e-01   -4.199154e-01   5.014644e+01
      9   2.703872e+01   3.603730e-01   4.268255e-01   -2.973637e+00   1.966510e+02
# background statistics
# cycle   tau/boxsize    a             conformal H/H0  phi(k=0)       T00(k=0)
      0   2.578004e+01   2.500000e-01   3.216402e-01   0.000000e+00   4.231048e-01
      1   2.593778e+01   2.603592e-01   3.314359e-01   -5.742688e-04   4.233447e-01
      2   2.609085e+01   2.711502e-01   3.416805e-01   -1.754467e-03   5.688254e-01
      3   2.623934e+01   2.823907e-01   3.523832e-01   -4.149398e-03   8.854284e-01
      4   2.638332e+01   2.940994e-01   3.635541e-01   -9.128670e-03   1.595768e+00
      5   2.652287e+01   3.062957e-01   3.752037e-01   -1.999722e-02   3.233021e+00
      6   2.665809e+01   3.189997e-01   3.873433e-01   -4.586215e-02   7.144007e+00
      7   2.678907e+01   3.322325e-01   3.999849e-01   -1.195665e-01   1.747071e+01
      8   2.691591e+01   3.460160e-01   4.131412e-01   -4.198907e-01   5.014561e+01
      9   2.703872e+01   3.603730e-01   4.268255e-01   -2.973366e+00   1.966455e+02
# background statistics
# cycle   tau/boxsize    a             conformal H/H0  phi(k=0)       T00(k=0)
      0   2.578004e+01   2.500000e-01   3.216402e-01   0.000000e+00   4.231048e-01
      1   2.593778e+01   2.603592e-01   3.314359e-01   -5.747748e-04   4.234427e-01
      2   2.609085e+01   2.711502e-01   3.416805e-01   -1.599661e-03   5.355624e-01
      3   2.623934e+01   2.823907e-01   3.523832e-01   -3.383759e-03   7.412760e-01
      4   2.638332e+01   2.940994e-01   3.635541e-01   -6.517063e-03   1.127248e+00
      5   2.652287e+01   3.062957e-01   3.752037e-01   -1.219577e-02   1.870710e+00
      6   2.665809e+01   3.189997e-01   3.873433e-01   -2.275535e-02   3.250596e+00
      7   2.678907e+01   3.322325e-01   3.999849e-01   -4.431286e-02   6.060505e+00
      8   2.691591e+01   3.460160e-01   4.131412e-01   -9.567808e-02   1.225538e+01
      9   2.703872e+01   3.603730e-01   4.268255e-01   -2.573418e-01   2.815796e+01
     10   2.715758e+01   3.753273e-01   4.410522e-01   -1.120058e+00   8.174416e+01
# background statistics
# cycle   tau/boxsize    a             conformal H/H0  phi(k=0)       T00(k=0)
      0   2.578004e+01   2.500000e-01   3.216402e-01   0.000000e+00   4.231048e-01
      1   2.593778e+01   2.603592e-01   3.314359e-01   -5.747748e-04   4.234427e-01
      2   2.609085e+01   2.711502e-01   3.416805e-01   -1.599661e-03   5.355624e-01
      3   2.623934e+01   2.823907e-01   3.523832e-01   -3.383759e-03   7.412760e-01
      4   2.638332e+01   2.940994e-01   3.635541e-01   -6.517063e-03   1.127248e+00
      5   2.652287e+01   3.062957e-01   3.752037e-01   -1.219577e-02   1.870710e+00
      6   2.665809e+01   3.189997e-01   3.873433e-01   -2.275535e-02   3.250596e+00
      7   2.678907e+01   3.322325e-01   3.999849e-01   -4.431286e-02   6.060505e+00
      8   2.691591e+01   3.460160e-01   4.131412e-01   -9.567808e-02   1.225538e+01
      9   2.703872e+01   3.603730e-01   4.268255e-01   -2.573418e-01   2.815796e+01
     10   2.715758e+01   3.753273e-01   4.410522e-01   -1.120058e+00   8.174416e+01
# background statistics
# cycle   tau/boxsize    a             conformal H/H0  phi(k=0)       T00(k=0)
      0   2.578004e+01   2.500000e-01   3.216402e-01   0.000000e+00   4.231048e-01
# background statistics
# cycle   tau/boxsize    a             conformal H/H0  phi(k=0)       T00(k=0)
      0   2.578004e+01   2.500000e-01   3.216402e-01   0.000000e+00   4.231048e-01
      1   2.593778e+01   2.603592e-01   3.314359e-01   -5.747748e-04   4.234427e-01
      2   2.609085e+01   2.711502e-01   3.416805e-01   -1.599661e-03   5.355624e-01
      3   2.623934e+01   2.823907e-01   3.523832e-01   -3.383759e-03   7.412760e-01
      4   2.638332e+01   2.940994e-01   3.635541e-01   -6.517063e-03   1.127248e+00
      5   2.652287e+01   3.062957e-01   3.752037e-01   -1.219577e-02   1.870710e+00
      6   2.665809e+01   3.189997e-01   3.873433e-01   -2.275535e-02   3.250596e+00
      7   2.678907e+01   3.322325e-01   3.999849e-01   -4.431286e-02   6.060505e+00
      8   2.691591e+01   3.460160e-01   4.131412e-01   -9.567808e-02   1.225538e+01
      9   2.703872e+01   3.603730e-01   4.268255e-01   -2.573418e-01   2.815796e+01
     10   2.715758e+01   3.753273e-01   4.410522e-01   -1.120058e+00   8.174416e+01
# background statistics
# cycle   tau/boxsize    a             conformal H/H0  phi(k=0)       T00(k=0)
      0   2.578004e+01   2.500000e-01   3.216402e-01   0.000000e+00   4.249656e-01
      1   2.593778e+01   2.603592e-01   3.314359e-01   -5.851356e-04   4.254513e-01
      2   2.609085e+01   2.711502e-01   3.416805e-01   -1.094821e-03   4.252643e-01
      3   2.623934e+01   2.823907e-01   3.523832e-01   -1.547816e-03   4.260159e-01
      4   2.638332e+01   2.940994e-01   3.635541e-01   -1.968434e-03   4.306970e-01
      5   2.652287e+01   3.062957e-01   3.752037e-01   -2.385122e-03   4.425547e-01
      6   2.665809e+01   3.189997e-01   3.873433e-01   -2.846615e-03   4.707264e-01
      7   2.678907e+01   3.322325e-01   3.999849e-01   -3.244491e-03   4.639482e-01
      8   2.691591e+01   3.460160e-01   4.131412e-01   -3.566908e-03   4.494567e-01
      9   2.703872e+01   3.603730e-01   4.268255e-01   -3.843496e-03   4.439854e-01
     10   2.715758e+01   3.753273e-01   4.410522e-01   -4.088978e-03   4.437244e-01
     11   2.727262e+01   3.909035e-01   4.558361e-01   -4.306533e-03   4.443540e-01
     12   2.738392e+01   4.071276e-01   4.711930e-01   -4.493793e-03   4.429743e-01
     13   2.749159e+01   4.240263e-01   4.871395e-01   -4.652300e-03   4.416745e-01
     14   2.759574e+01   4.416277e-01   5.036928e-01   -4.787616e-03   4.435591e-01
     15   2.769646e+01   4.599608e-01   5.208713e-01   -4.898258e-03   4.437523e-01
     16   2.779387e+01   4.790560e-01   5.386938e-01   -4.983672e-03   4.425042e-01
     17   2.788805e+01   4.989450e-01   5.571804e-01   -5.051233e-03   4.474818e-01
     18   2.797911e+01   5.196607e-01   5.763518e-01   -5.096992e-03   4.475703e-01
     19   2.806713e+01   5.412373e-01   5.962297e-01   -5.122020e-03   4.474251e-01
     20   2.815223e+01   5.637106e-01   6.168367e-01   -5.128046e-03   4.477771e-01
     21   2.823448e+01   5.871178e-01   6.381965e-01   -5.116063e-03   4.475233e-01
     22   2.831397e+01   6.114977e-01   6.603335e-01   -5.086329e-03   4.450611e-01
     23   2.839081e+01   6.368906e-01   6.832733e-01   -5.041805e-03   4.449661e-01
     24   2.846506e+01   6.633386e-01   7.070425e-01   -4.984134e-03   4.451854e-01
     25   2.853682e+01   6.908855e-01   7.316687e-01   -4.913761e-03   4.429298e-01
     26   2.860616e+01   7.195768e-01   7.571806e-01   -4.833141e-03   4.429506e-01
     27   2.867316e+01   7.494602e-01   7.836081e-01   -4.743880e-03   4.436784e-01
     28   2.873791e+01   7.805852e-01   8.109821e-01   -4.647078e-03   4.438516e-01
     29   2.880047e+01   8.130031e-01   8.393348e-01   -4.543976e-03   4.440737e-01
     30   2.886092e+01   8.467679e-01   8.686995e-01   -4.435749e-03   4.444300e-01
     31   2.891932e+01   8.819353e-01   8.991108e-01   -4.323376e-03   4.444364e-01
     32   2.897575e+01   9.185636e-01   9.306047e-01   -4.207822e-03   4.443685e-01
     33   2.903026e+01   9.567135e-01   9.632185e-01   -4.090018e-03   4.445186e-01
     34   2.908294e+01   9.964481e-01   9.969906e-01   -3.970749e-03   4.446106e-01
     35   2.913383e+01   1.037833e+00   1.031961e+00   -3.850750e-03   4.448610e-01
# background statistics
# cycle   tau/boxsize    a             conformal H/H0  phi(k=0)       T00(k=0)
      0   2.578004e+01   2.500000e-01   3.216402e-01   0.000000e+00   4.249656e-01
      1   2.593778e+01   2.603592e-01   3.314359e-01   -5.851356e-04   4.254513e-01
      2   2.609085e+01   2.711502e-01   3.416805e-01   -1.094821e-03   4.252643e-01
      3   2.623934e+01   2.823907e-01   3.523832e-01   -1.547816e-03   4.260159e-01
      4   2.638332e+01   2.940994e-01   3.635541e-01   -1.968434e-03   4.306970e-01
      5   2.652287e+01   3.062957e-01   3.752037e-01   -2.385122e-03   4.425547e-01
      6   2.665809e+01   3.189997e-01   3.873433e-01   -2.846615e-03   4.707264e-01
      7   2.678907e+01   3.322325e-01   3.999849e-01   -3.244491e-03   4.639482e-01
      8   2.691591e+01   3.460160e-01   4.131412e-01   -3.566908e-03   4.494567e-01
      9   2.703872e+01   3.603730e-01   4.268255e-01   -3.843496e-03   4.439854e-01
     10   2.715758e+01   3.753273e-01   4.410522e-01   -4.088978e-03   4.437244e-01
     11   2.727262e+01   3.909035e-01   4.558361e-01   -4.306533e-03   4.443540e-01
     12   2.738392e+01   4.071276e-01   4.711930e-01   -4.493793e-03   4.429743e-01
     13   2.749159e+01   4.240263e-01   4.871395e-01   -4.652300e-03   4.416745e-01
     14   2.759574e+01   4.416277e-01   5.036928e-01   -4.787616e-03   4.435591e-01
     15   2.769646e+01   4.599608e-01   5.208713e-01   -4.898258e-03   4.437523e-01
     16   2.779387e+01   4.790560e-01   5.386938e-01   -4.983672e-03   4.425042e-01
     17   2.788805e+01   4.989450e-01   5.571804e-01   -5.051233e-03   4.474818e-01
     18   2.797911e+01   5.196607e-01   5.763518e-01   -5.096992e-03   4.475703e-01
     19   2.806713e+01   5.412373e-01   5.962297e-01   -5.122020e-03   4.474251e-01
     20   2.815223e+01   5.637106e-01   6.168367e-01   -5.128046e-03   4.477771e-01
     21   2.823448e+01   5.871178e-01   6.381965e-01   -5.116063e-03   4.475233e-01
     22   2.831397e+01   6.114977e-01   6.603335e-01   -5.086329e-03   4.450611e-01
     23   2.839081e+01   6.368906e-01   6.832733e-01   -5.041805e-03   4.449661e-01
     24   2.846506e+01   6.633386e-01   7.070425e-01   -4.984134e-03   4.451854e-01
     25   2.853682e+01   6.908855e-01   7.316687e-01   -4.913761e-03   4.429298e-01
     26   2.860616e+01   7.195768e-01   7.571806e-01   -4.833141e-03   4.429506e-01
     27   2.867316e+01   7.494602e-01   7.836081e-01   -4.743880e-03   4.436784e-01
     28   2.873791e+01   7.805852e-01   8.109821e-01   -4.647078e-03   4.438516e-01
     29   2.880047e+01   8.130031e-01   8.393348e-01   -4.543976e-03   4.440737e-01
     30   2.886092e+01   8.467679e-01   8.686995e-01   -4.435749e-03   4.444300e-01
     31   2.891932e+01   8.819353e-01   8.991108e-01   -4.323376e-03   4.444364e-01
     32   2.897575e+01   9.185636e-01   9.306047e-01   -4.207822e-03   4.443685e-01
     33   2.903026e+01   9.567135e-01   9.632185e-01   -4.090018e-03   4.445186e-01
     34   2.908294e+01   9.964481e-01   9.969906e-01   -3.970749e-03   4.446106e-01
     35   2.913383e+01   1.037833e+00   1.031961e+00   -3.850750e-03   4.448610e-01
# background statistics
# cycle   tau/boxsize    a             conformal H/H0  phi(k=0)       T00(k=0)
      0   2.578004e+01   2.500000e-01   3.216402e-01   0.000000e+00   4.249656e-01
      1   2.593778e+01   2.603592e-01   3.314359e-01   -5.851356e-04   4.254513e-01
      2   2.609085e+01   2.711502e-01   3.416805e-01   -1.094821e-03   4.252643e-01
      3   2.623934e+01   2.823907e-01   3.523832e-01   -1.547816e-03   4.260159e-01
      4   2.638332e+01   2.940994e-01   3.635541e-01   -1.968434e-03   4.306970e-01
      5   2.652287e+01   3.062957e-01   3.752037e-01   -2.385122e-03   4.425547e-01
      6   2.665809e+01   3.189997e-01   3.873433e-01   -2.846615e-03   4.707264e-01
      7   2.678907e+01   3.322325e-01   3.999849e-01   -3.244491e-03   4.639482e-01
      8   2.691591e+01   3.460160e-01   4.131412e-01   -3.566908e-03   4.494567e-01
      9   2.703872e+01   3.603730e-01   4.268255e-01   -3.843496e-03   4.439854e-01
     10   2.715758e+01   3.753273e-01   4.410522e-01   -4.088978e-03   4.437244e-01
     11   2.727262e+01   3.909035e-01   4.558361e-01   -4.306533e-03   4.443540e-01
     12   2.738392e+01   4.071276e-01   4.711930e-01   -4.493793e-03   4.429743e-01
     13   2.749159e+01   4.240263e-01   4.871395e-01   -4.652300e-03   4.416745e-01
     14   2.759574e+01   4.416277e-01   5.036928e-01   -4.787616e-03   4.435591e-01
     15   2.769646e+01   4.599608e-01   5.208713e-01   -4.898258e-03   4.437523e-01
     16   2.779387e+01   4.790560e-01   5.386938e-01   -4.983672e-03   4.425042e-01
     17   2.788805e+01   4.989450e-01   5.571804e-01   -5.051233e-03   4.474818e-01
     18   2.797911e+01   5.196607e-01   5.763518e-01   -5.096992e-03   4.475703e-01
     19   2.806713e+01   5.412373e-01   5.962297e-01   -5.122020e-03   4.474251e-01
     20   2.815223e+01   5.637106e-01   6.168367e-01   -5.128046e-03   4.477771e-01
     21   2.823448e+01   5.871178e-01   6.381965e-01   -5.116063e-03   4.475233e-01
     22   2.831397e+01   6.114977e-01   6.603335e-01   -5.086329e-03   4.450611e-01
     23   2.839081e+01   6.368906e-01   6.832733e-01   -5.041805e-03   4.449661e-01
     24   2.846506e+01   6.633386e-01   7.070425e-01   -4.984134e-03   4.451854e-01
     25   2.853682e+01   6.908855e-01   7.316687e-01   -4.913761e-03   4.429298e-01
     26   2.860616e+01   7.195768e-01   7.571806e-01   -4.833141e-03   4.429506e-01
     27   2.867316e+01   7.494602e-01   7.836081e-01   -4.743880e-03   4.436784e-01
     28   2.873791e+01   7.805852e-01   8.109821e-01   -4.647078e-03   4.438516e-01
     29   2.880047e+01   8.130031e-01   8.393348e-01   -4.543976e-03   4.440737e-01
     30   2.886092e+01   8.467679e-01   8.686995e-01   -4.435749e-03   4.444300e-01
     31   2.891932e+01   8.819353e-01   8.991108e-01   -4.323376e-03   4.444364e-01
     32   2.897575e+01   9.185636e-01   9.306047e-01   -4.207822e-03   4.443685e-01
     33   2.903026e+01   9.567135e-01   9.632185e-01   -4.090018e-03   4.445186e-01
     34   2.908294e+01   9.964481e-01   9.969906e-01   -3.970749e-03   4.446106e-01
     35   2.913383e+01   1.037833e+00   1.031961e+00   -3.850750e-03   4.448610e-01
# background statistics
# cycle   tau/boxsize    a             conformal H/H0  phi(k=0)       T00(k=0)
      0   2.578004e+01   2.500000e-01   3.216402e-01   0.000000e+00   4.249656e-01
      1   2.593778e+01   2.603592e-01   3.314359e-01   -5.851110e-04   4.254465e-01
      2   2.609085e+01   2.711502e-01   3.416805e-01   -1.094786e-03   4.252620e-01
      3   2.623934e+01   2.823907e-01   3.523832e-01   -1.547817e-03   4.260243e-01
      4   2.638332e+01   2.940994e-01   3.635541e-01   -1.968434e-03   4.306970e-01
      5   2.652287e+01   3.062957e-01   3.752037e-01   -2.385164e-03   4.425665e-01
      6   2.665809e+01   3.189997e-01   3.873433e-01   -2.846665e-03   4.707287e-01
      7   2.678907e+01   3.322325e-01   3.999849e-01   -3.244544e-03   4.639493e-01
      8   2.691591e+01   3.460160e-01   4.131412e-01   -3.566945e-03   4.494496e-01
      9   2.703872e+01   3.603730e-01   4.268255e-01   -3.843516e-03   4.439777e-01
     10   2.715758e+01   3.753273e-01   4.410522e-01   -4.089023e-03   4.437363e-01
     11   2.727262e+01   3.909035e-01   4.558361e-01   -4.306588e-03   4.443588e-01
     12   2.738392e+01   4.071276e-01   4.711930e-01   -4.493852e-03   4.429758e-01
     13   2.749159e+01   4.240263e-01   4.871395e-01   -4.652337e-03   4.416583e-01
     14   2.759574e+01   4.416277e-01   5.036928e-01   -4.787647e-03   4.435536e-01
     15   2.769646e+01   4.599608e-01   5.208713e-01   -4.898289e-03   4.437515e-01
     16   2.779387e+01   4.790560e-01   5.386938e-01   -4.982490e-03   4.413761e-01
     17   2.788805e+01   4.989450e-01   5.571804e-01   -5.050029e-03   4.474846e-01
     18   2.797911e+01   5.196607e-01   5.763518e-01   -5.095761e-03   4.475590e-01
     19   2.806713e+01   5.412373e-01   5.962297e-01   -5.120775e-03   4.474232e-01
     20   2.815223e+01   5.637106e-01   6.168367e-01   -5.126790e-03   4.477741e-01
     21   2.823448e+01   5.871178e-01   6.381965e-01   -5.114802e-03   4.475227e-01
     22   2.831397e+01   6.114977e-01   6.603335e-01   -5.085065e-03   4.450581e-01
     23   2.839081e+01   6.368906e-01   6.832733e-01   -5.040538e-03   4.449549e-01
     24   2.846506e+01   6.633386e-01   7.070425e-01   -4.982876e-03   4.451907e-01
     25   2.853682e+01   6.908855e-01   7.316687e-01   -4.912508e-03   4.429163e-01
     26   2.860616e+01   7.195768e-01   7.571806e-01   -4.831898e-03   4.429441e-01
     27   2.867316e+01   7.494602e-01   7.836081e-01   -4.742646e-03   4.436555e-01
     28   2.873791e+01   7.805852e-01   8.109821e-01   -4.645865e-03   4.438567e-01
     29   2.880047e+01   8.130031e-01   8.393348e-01   -4.542786e-03   4.440800e-01
     30   2.886092e+01   8.467679e-01   8.686995e-01   -4.434583e-03   4.444281e-01
     31   2.891932e+01   8.819353e-01   8.991108e-01   -4.322235e-03   4.444380e-01
     32   2.897575e+01   9.185636e-01   9.306047e-01   -4.206704e-03   4.443489e-01
     33   2.903026e+01   9.567135e-01   9.632185e-01   -4.088926e-03   4.445095e-01
     34   2.908294e+01   9.964481e-01   9.969906e-01   -3.969688e-03   4.446156e-01
     35   2.913383e+01   1.037833e+00   1.031961e+00   -3.849721e-03   4.448778e-01
# background statistics
# cycle   tau/boxsize    a             conformal H/H0  phi(k=0)       T00(k=0)
      0   2.578004e+01   2.500000e-01   3.216402e-01   0.000000e+00   4.249656e-01
      1   2.593778e+01   2.603592e-01   3.314359e-01   -5.851110e-04   4.254465e-01
      2   2.609085e+01   2.711502e-01   3.416805e-01   -1.094786e-03   4.252620e-01
      3   2.623934e+01   2.823907e-01   3.523832e-01   -1.547817e-03   4.260243e-01
      4   2.638332e+01   2.940994e-01   3.635541e-01   -1.968434e-03   4.306970e-01
      5   2.652287e+01   3.062957e-01   3.752037e-01   -2.385164e-03   4.425665e-01
      6   2.665809e+01   3.189997e-01   3.873433e-01   -2.846665e-03   4.707287e-01
      7   2.678907e+01   3.322325e-01   3.999849e-01   -3.244544e-03   4.639493e-01
      8   2.691591e+01   3.460160e-01   4.131412e-01   -3.566945e-03   4.494496e-01
      9   2.703872e+01   3.603730e-01   4.268255e-01   -3.843516e-03   4.439777e-01
     10   2.715758e+01   3.753273e-01   4.410522e-01   -4.089023e-03   4.437363e-01
     11   2.727262e+01   3.909035e-01   4.558361e-01   -4.306588e-03   4.443588e-01
     12   2.738392e+01   4.071276e-01   4.711930e-01   -4.493852e-03   4.429758e-01
     13   2.749159e+01   4.240263e-01   4.871395e-01   -4.652337e-03   4.416583e-01
     14   2.759574e+01   4.416277e-01   5.036928e-01   -4.787647e-03   4.435536e-01
     15   2.769646e+01   4.599608e-01   5.208713e-01   -4.898289e-03   4.437515e-01
     16   2.779387e+01   4.790560e-01   5.386938e-01   -4.982490e-03   4.413761e-01
     17   2.788805e+01   4.989450e-01   5.571804e-01   -5.050029e-03   4.474846e-01
     18   2.797911e+01   5.196607e-01   5.763518e-01   -5.095761e-03   4.475590e-01
     19   2.806713e+01   5.412373e-01   5.962297e-01   -5.120775e-03   4.474232e-01
     20   2.815223e+01   5.637106e-01   6.168367e-01   -5.126790e-03   4.477741e-01
     21   2.823448e+01   5.871178e-01   6.381965e-01   -5.114802e-03   4.475227e-01
     22   2.831397e+01   6.114977e-01   6.603335e-01   -5.085065e-03   4.450581e-01
     23   2.839081e+01   6.368906e-01   6.832733e-01   -5.040538e-03   4.449549e-01
     24   2.846506e+01   6.633386e-01   7.070425e-01   -4.982876e-03   4.451907e-01
     25   2.853682e+01   6.908855e-01   7.316687e-01   -4.912508e-03   4.429163e-01
     26   2.860616e+01   7.195768e-01   7.571806e-01   -4.831898e-03   4.429441e-01
     27   2.867316e+01   7.494602e-01   7.836081e-01   -4.742646e-03   4.436555e-01
     28   2.873791e+01   7.805852e-01   8.109821e-01   -4.645865e-03   4.438567e-01
     29   2.880047e+01   8.130031e-01   8.393348e-01   -4.542786e-03   4.440800e-01
     30   2.886092e+01   8.467679e-01   8.686995e-01   -4.434583e-03   4.444281e-01
     31   2.891932e+01   8.819353e-01   8.991108e-01   -4.322235e-03   4.444380e-01
     32   2.897575e+01   9.185636e-01   9.306047e-01   -4.206704e-03   4.443489e-01
     33   2.903026e+01   9.567135e-01   9.632185e-01   -4.088926e-03   4.445095e-01
     34   2.908294e+01   9.964481e-01   9.969906e-01   -3.969688e-03   4.446156e-01
     35   2.913383e+01   1.037833e+00   1.031961e+00   -3.849721e-03   4.448778e-01
# background statistics
# cycle   tau/boxsize    a             conformal H/H0  phi(k=0)       T00(k=0)
      0   2.578004e+01   2.500000e-01   3.216402e-01   0.000000e+00   4.249656e-01
      1   2.593778e+01   2.603592e-01   3.314359e-01   -5.851110e-04   4.254465e-01
      2   2.609085e+01   2.711502e-01   3.416805e-01   -1.094786e-03   4.252620e-01
      3   2.623934e+01   2.823907e-01   3.523832e-01   -1.547817e-03   4.260243e-01
      4   2.638332e+01   2.940994e-01   3.635541e-01   -1.968434e-03   4.306970e-01
      5   2.652287e+01   3.062957e-01   3.752037e-01   -2.385164e-03   4.425665e-01
      6   2.665809e+01   3.189997e-01   3.873433e-01   -2.846665e-03   4.707287e-01
      7   2.678907e+01   3.322325e-01   3.999849e-01   -3.244544e-03   4.639493e-01
      8   2.691591e+01   3.460160e-01   4.131412e-01   -3.566945e-03   4.494496e-01
      9   2.703872e+01   3.603730e-01   4.268255e-01   -3.843516e-03   4.439777e-01
     10   2.715758e+01   3.753273e-01   4.410522e-01   -4.089023e-03   4.437363e-01
     11   2.727262e+01   3.909035e-01   4.558361e-01   -4.306588e-03   4.443588e-01
     12   2.738392e+01   4.071276e-01   4.711930e-01   -4.493852e-03   4.429758e-01
     13   2.749159e+01   4.240263e-01   4.871395e-01   -4.652337e-03   4.416583e-01
     14   2.759574e+01   4.416277e-01   5.036928e-01   -4.787647e-03   4.435536e-01
     15   2.769646e+01   4.599608e-01   5.208713e-01   -4.898289e-03   4.437515e-01
     16   2.779387e+01   4.790560e-01   5.386938e-01   -4.982490e-03   4.413761e-01
     17   2.788805e+01   4.989450e-01   5.571804e-01   -5.050029e-03   4.474846e-01
     18   2.797911e+01   5.196607e-01   5.763518e-01   -5.095761e-03   4.475590e-01
     19   2.806713e+01   5.412373e-01   5.962297e-01   -5.120775e-03   4.474232e-01
     20   2.815223e+01   5.637106e-01   6.168367e-01   -5.126790e-03   4.477741e-01
     21   2.823448e+01   5.871178e-01   6.381965e-01   -5.114802e-03   4.475227e-01
     22   2.831397e+01   6.114977e-01   6.603335e-01   -5.085065e-03   4.450581e-01
     23   2.839081e+01   6.368906e-01   6.832733e-01   -5.040538e-03   4.449549e-01
     24   2.846506e+01   6.633386e-01   7.070425e-01   -4.982876e-03   4.451907e-01
     25   2.853682e+01   6.908855e-01   7.316687e-01   -4.912508e-03   4.429163e-01
     26   2.860616e+01   7.195768e-01   7.571806e-01   -4.831898e-03   4.429441e-01
     27   2.867316e+01   7.494602e-01   7.836081e-01   -4.742646e-03   4.436555e-01
     28   2.873791e+01   7.805852e-01   8.109821e-01   -4.645865e-03   4.438567e-01
     29   2.880047e+01   8.130031e-01   8.393348e-01   -4.542786e-03   4.440800e-01
     30   2.886092e+01   8.467679e-01   8.686995e-01   -4.434583e-03   4.444281e-01
     31   2.891932e+01   8.819353e-01   8.991108e-01   -4.322235e-03   4.444380e-01
     32   2.897575e+01   9.185636e-01   9.306047e-01   -4.206704e-03   4.443489e-01
     33   2.903026e+01   9.567135e-01   9.632185e-01   -4.088926e-03   4.445095e-01
     34   2.908294e+01   9.964481e-01   9.969906e-01   -3.969688e-03   4.446156e-01
     35   2.913383e+01   1.037833e+00   1.031961e+00   -3.849721e-03   4.448778e-01
# background statistics
# cycle   tau/boxsize    a             conformal H/H0  phi(k=0)       T00(k=0)
      0   2.578004e+01   2.500000e-01   3.216402e-01   0.000000e+00   4.249656e-01
      1   2.593778e+01   2.603592e-01   3.314359e-01   -5.851110e-04   4.254465e-01
      2   2.609085e+01   2.711502e-01   3.416805e-01   -1.094786e-03   4.252620e-01
      3   2.623934e+01   2.823907e-01   3.523832e-01   -1.547817e-03   4.260243e-01
      4   2.638332e+01   2.940994e-01   3.635541e-01   -1.968434e-03   4.306970e-01
      5   2.652287e+01   3.062957e-01   3.752037e-01   -2.385164e-03   4.425665e-01
      6   2.665809e+01   3.189997e-01   3.873433e-01   -2.846665e-03   4.707287e-01
      7   2.678907e+01   3.322325e-01   3.999849e-01   -3.244544e-03   4.639493e-01
      8   2.691591e+01   3.460160e-01   4.131412e-01   -3.566945e-03   4.494496e-01
      9   2.703872e+01   3.603730e-01   4.268255e-01   -3.843516e-03   4.439777e-01
     10   2.715758e+01   3.753273e-01   4.410522e-01   -4.089023e-03   4.437363e-01
     11   2.727262e+01   3.909035e-01   4.558361e-01   -4.306588e-03   4.443588e-01
     12   2.738392e+01   4.071276e-01   4.711930e-01   -4.493852e-03   4.429758e-01
     13   2.749159e+01   4.240263e-01   4.871395e-01   -4.652337e-03   4.416583e-01
     14   2.759574e+01   4.416277e-01   5.036928e-01   -4.787647e-03   4.435536e-01
     15   2.769646e+01   4.599608e-01   5.208713e-01   -4.898289e-03   4.437515e-01
     16   2.779387e+01   4.790560e-01   5.386938e-01   -4.982490e-03   4.413761e-01
     17   2.788805e+01   4.989450e-01   5.571804e-01   -5.050029e-03   4.474846e-01
     18   2.797911e+01   5.196607e-01   5.763518e-01   -5.095761e-03   4.475590e-01
     19   2.806713e+01   5.412373e-01   5.962297e-01   -5.120775e-03   4.474232e-01
     20   2.815223e+01   5.637106e-01   6.168367e-01   -5.126790e-03   4.477741e-01
     21   2.823448e+01   5.871178e-01   6.381965e-01   -5.114802e-03   4.475227e-01
     22   2.831397e+01   6.114977e-01   6.603335e-01   -5.085065e-03   4.450581e-01
     23   2.839081e+01   6.368906e-01   6.832733e-01   -5.040538e-03   4.449549e-01
     24   2.846506e+01   6.633386e-01   7.070425e-01   -4.982876e-03   4.451907e-01
# background statistics
# cycle   tau/boxsize    a             conformal H/H0  phi(k=0)       T00(k=0)
      0   2.578004e+01   2.500000e-01   3.216402e-01   0.000000e+00   4.249656e-01
      1   2.593778e+01   2.603592e-01   3.314359e-01   -5.850987e-04   4.254441e-01
      2   2.609085e+01   2.711502e-01   3.416805e-01   -1.094685e-03   4.252430e-01
      3   2.623934e+01   2.823907e-01   3.523832e-01   -1.547848e-03   4.260553e-01
      4   2.638332e+01   2.940994e-01   3.635541e-01   -1.968682e-03   4.307539e-01
      5   2.652287e+01   3.062957e-01   3.752037e-01   -2.384797e-03   4.423875e-01
      6   2.665809e+01   3.189997e-01   3.873433e-01   -2.847299e-03   4.710538e-01
      7   2.678907e+01   3.322325e-01   3.999849e-01   -3.243263e-03   4.632556e-01
      8   2.691591e+01   3.460160e-01   4.131412e-01   -3.565361e-03   4.493448e-01
      9   2.703872e+01   3.603730e-01   4.268255e-01   -3.842340e-03   4.441781e-01
     10   2.715758e+01   3.753273e-01   4.410522e-01   -4.090116e-03   4.448651e-01
     11   2.727262e+01   3.909035e-01   4.558361e-01   -4.308172e-03   4.446035e-01
     12   2.738392e+01   4.071276e-01   4.711930e-01   -4.495537e-03   4.430074e-01
     13   2.749159e+01   4.240263e-01   4.871395e-01   -4.656208e-03   4.431012e-01
     14   2.759574e+01   4.416277e-01   5.036928e-01   -4.790558e-03   4.427561e-01
     15   2.769646e+01   4.599608e-01   5.208713e-01   -4.901672e-03   4.440950e-01
     16   2.779387e+01   4.790560e-01   5.386938e-01   -4.987477e-03   4.428039e-01
     17   2.788805e+01   4.989450e-01   5.571804e-01   -5.055206e-03   4.475915e-01
     18   2.797911e+01   5.196607e-01   5.763518e-01   -5.101194e-03   4.477736e-01
     19   2.806713e+01   5.412373e-01   5.962297e-01   -5.126436e-03   4.476444e-01
     20   2.815223e+01   5.637106e-01   6.168367e-01   -5.132599e-03   4.479305e-01
     21   2.823448e+01   5.871178e-01   6.381965e-01   -5.120691e-03   4.476120e-01
# background statistics
# cycle   tau/boxsize    a             conformal H/H0  phi(k=0)       T00(k=0)
      0   2.578004e+01   2.500000e-01   3.216402e-01   0.000000e+00   4.230819e-01
      1   2.593778e+01   2.603592e-01   3.314359e-01   -6.218808e-04   4.325729e-01
      2   2.609085e+01   2.711502e-01   3.416805e-01   -1.721592e-03   5.517986e-01
      3   2.623934e+01   2.823907e-01   3.523832e-01   -3.631572e-03   7.707785e-01
      4   2.638332e+01   2.940994e-01   3.635541e-01   -6.991143e-03   1.182523e+00
      5   2.652287e+01   3.062957e-01   3.752037e-01   -1.310479e-02   1.976748e+00
      6   2.665809e+01   3.189997e-01   3.873433e-01   -2.455587e-02   3.452172e+00
      7   2.678907e+01   3.322325e-01   3.999849e-01   -4.831314e-02   6.493415e+00
# background statistics
# cycle   tau/boxsize    a             conformal H/H0  phi(k=0)       T00(k=0)
      0   2.578004e+01   2.500000e-01   3.216402e-01   0.000000e+00   4.230819e-01
      1   2.593778e+01   2.603592e-01   3.314359e-01   -6.218808e-04   4.325729e-01
      2   2.609085e+01   2.711502e-01   3.416805e-01   -1.721592e-03   5.517986e-01
      3   2.623934e+01   2.823907e-01   3.523832e-01   -3.631572e-03   7.707785e-01
      4   2.638332e+01   2.940994e-01   3.635541e-01   -6.991143e-03   1.182523e+00
      5   2.652287e+01   3.062957e-01   3.752037e-01   -1.310479e-02   1.976748e+00
      6   2.665809e+01   3.189997e-01   3.873433e-01   -2.455587e-02   3.452172e+00
      7   2.678907e+01   3.322325e-01   3.999849e-01   -4.831314e-02   6.493415e+00
      8   2.691591e+01   3.460160e-01   4.131412e-01   -1.065338e-01   1.330034e+01
      9   2.703872e+01   3.603730e-01   4.268255e-01   -2.995568e-01   3.127352e+01
     10   2.715758e+01   3.753273e-01   4.410522e-01   -1.440152e+00   9.499672e+01
# background statistics
# cycle   tau/boxsize    a             conformal H/H0  phi(k=0)       T00(k=0)
      0   2.578004e+01   2.500000e-01   3.216402e-01   0.000000e+00   -1.841246e+01
      1   2.593778e+01   2.603592e-01   3.314359e-01   -3.684108e-01   7.171453e+01
      2   2.609085e+01   2.711502e-01   3.416805e-01   -4.217091e+03   5.202934e+05
# background statistics
# cycle   tau/boxsize    a             conformal H/H0  phi(k=0)       T00(k=0)
      0   2.578004e+01   2.500000e-01   3.216402e-01   0.000000e+00   4.249638e-01
      1   2.593778e+01   2.603592e-01   3.314359e-01   -5.851350e-04   4.254512e-01
      2   2.609085e+01   2.711502e-01   3.416805e-01   -1.095280e-03   4.253628e-01
      3   2.623934e+01   2.823907e-01   3.523832e-01   -1.549463e-03   4.262980e-01
      4   2.638332e+01   2.940994e-01   3.635541e-01   -1.971750e-03   4.311345e-01
      5   2.652287e+01   3.062957e-01   3.752037e-01   -2.390478e-03   4.431386e-01
      6   2.665809e+01   3.189997e-01   3.873433e-01   -2.855267e-03   4.717605e-01
      7   2.678907e+01   3.322325e-01   3.999849e-01   -3.253513e-03   4.640054e-01
      8   2.691591e+01   3.460160e-01   4.131412e-01   -3.578821e-03   4.505078e-01
      9   2.703872e+01   3.603730e-01   4.268255e-01   -3.859404e-03   4.455929e-01
     10   2.715758e+01   3.753273e-01   4.410522e-01   -4.110963e-03   4.464677e-01
     11   2.727262e+01   3.909035e-01   4.558361e-01   -4.333192e-03   4.465386e-01
     12   2.738392e+01   4.071276e-01   4.711930e-01   -4.524975e-03   4.452485e-01
     13   2.749159e+01   4.240263e-01   4.871395e-01   -4.690213e-03   4.456430e-01
     14   2.759574e+01   4.416277e-01   5.036928e-01   -4.829407e-03   4.457533e-01
     15   2.769646e+01   4.599608e-01   5.208713e-01   -4.945455e-03   4.474863e-01
     16   2.779387e+01   4.790560e-01   5.386938e-01   -5.036146e-03   4.465450e-01
     17   2.788805e+01   4.989450e-01   5.571804e-01   -5.108741e-03   4.517873e-01
     18   2.797911e+01   5.196607e-01   5.763518e-01   -5.159466e-03   4.523928e-01
     19   2.806713e+01   5.412373e-01   5.962297e-01   -5.189245e-03   4.526872e-01
     20   2.815223e+01   5.637106e-01   6.168367e-01   -5.199788e-03   4.535387e-01
     21   2.823448e+01   5.871178e-01   6.381965e-01   -5.191963e-03   4.536778e-01
     22   2.831397e+01   6.114977e-01   6.603335e-01   -5.166052e-03   4.517148e-01
     23   2.839081e+01   6.368906e-01   6.832733e-01   -5.125084e-03   4.523247e-01
     24   2.846506e+01   6.633386e-01   7.070425e-01   -5.071619e-03   4.553862e-01
     25   2.853682e+01   6.908855e-01   7.316687e-01   -5.003898e-03   4.511143e-01
     26   2.860616e+01   7.195768e-01   7.571806e-01   -4.925525e-03   4.516968e-01
     27   2.867316e+01   7.494602e-01   7.836081e-01   -4.837920e-03   4.524090e-01
     28   2.873791e+01   7.805852e-01   8.109821e-01   -4.742288e-03   4.527646e-01
     29   2.880047e+01   8.130031e-01   8.393348e-01   -4.639955e-03   4.533661e-01
     30   2.886092e+01   8.467679e-01   8.686995e-01   -4.532004e-03   4.536095e-01
     31   2.891932e+01   8.819353e-01   8.991108e-01   -4.419451e-03   4.534259e-01
     32   2.897575e+01   9.185636e-01   9.306047e-01   -4.303339e-03   4.532885e-01
     33   2.903026e+01   9.567135e-01   9.632185e-01   -4.184599e-03   4.530874e-01
     34   2.908294e+01   9.964481e-01   9.969906e-01   -4.064006e-03   4.524057e-01
     35   2.913383e+01   1.037833e+00   1.031961e+00   -3.942350e-03   4.518103e-01
# background statistics
# cycle   tau/boxsize    a             conformal H/H0  phi(k=0)       T00(k=0)
      0   2.578004e+01   2.500000e-01   3.216402e-01   0.000000e+00   4.249656e-01
      1   2.593778e+01   2.603592e-01   3.314359e-01   -5.850987e-04   4.254441e-01
      2   2.609085e+01   2.711502e-01   3.416805e-01   -1.094685e-03   4.252430e-01
      3   2.623934e+01   2.823907e-01   3.523832e-01   -1.547848e-03   4.260553e-01
      4   2.638332e+01   2.940994e-01   3.635541e-01   -1.968682e-03   4.307539e-01
      5   2.652287e+01   3.062957e-01   3.752037e-01   -2.384797e-03   4.423875e-01
      6   2.665809e+01   3.189997e-01   3.873433e-01   -2.847299e-03   4.710538e-01
      7   2.678907e+01   3.322325e-01   3.999849e-01   -3.243263e-03   4.632556e-01
      8   2.691591e+01   3.460160e-01   4.131412e-01   -3.565361e-03   4.493448e-01
      9   2.703872e+01   3.603730e-01   4.268255e-01   -3.842340e-03   4.441781e-01
     10   2.715758e+01   3.753273e-01   4.410522e-01   -4.090116e-03   4.448651e-01
     11   2.727262e+01   3.909035e-01   4.558361e-01   -4.308172e-03   4.446035e-01
     12   2.738392e+01   4.071276e-01   4.711930e-01   -4.495537e-03   4.430074e-01
     13   2.749159e+01   4.240263e-01   4.871395e-01   -4.656208e-03   4.431012e-01
     14   2.759574e+01   4.416277e-01   5.036928e-01   -4.790558e-03   4.427561e-01
     15   2.769646e+01   4.599608e-01   5.208713e-01   -4.901672e-03   4.440950e-01
     16   2.779387e+01   4.790560e-01   5.386938e-01   -4.987477e-03   4.428039e-01
     17   2.788805e+01   4.989450e-01   5.571804e-01   -5.055206e-03   4.475915e-01
     18   2.797911e+01   5.196607e-01   5.763518e-01   -5.101194e-03   4.477736e-01
     19   2.806713e+01   5.412373e-01   5.962297e-01   -5.126436e-03   4.476444e-01
     20   2.815223e+01   5.637106e-01   6.168367e-01   -5.132599e-03   4.479305e-01
     21   2.823448e+01   5.871178e-01   6.381965e-01   -5.120691e-03   4.476120e-01
     22   2.831397e+01   6.114977e-01   6.603335e-01   -5.091022e-03   4.451720e-01
     23   2.839081e+01   6.368906e-01   6.832733e-01   -5.046671e-03   4.453290e-01
     24   2.846506e+01   6.633386e-01   7.070425e-01   -4.989103e-03   4.454684e-01
     25   2.853682e+01   6.908855e-01   7.316687e-01   -4.918821e-03   4.432514e-01
     26   2.860616e+01   7.195768e-01   7.571806e-01   -4.838306e-03   4.433871e-01
     27   2.867316e+01   7.494602e-01   7.836081e-01   -4.749009e-03   4.437758e-01
     28   2.873791e+01   7.805852e-01   8.109821e-01   -4.652154e-03   4.439397e-01
     29   2.880047e+01   8.130031e-01   8.393348e-01   -4.549024e-03   4.443074e-01
     30   2.886092e+01   8.467679e-01   8.686995e-01   -4.440716e-03   4.445078e-01
     31   2.891932e+01   8.819353e-01   8.991108e-01   -4.328264e-03   4.445766e-01
     32   2.897575e+01   9.185636e-01   9.306047e-01   -4.212623e-03   4.445170e-01
     33   2.903026e+01   9.567135e-01   9.632185e-01   -4.094763e-03   4.449000e-01
     34   2.908294e+01   9.964481e-01   9.969906e-01   -3.975406e-03   4.448594e-01
     35   2.913383e+01   1.037833e+00   1.031961e+00   -3.855322e-03   4.452029e-01
# background statistics
# cycle   tau/boxsize    a             conformal H/H0  phi(k=0)       T00(k=0)
      0   2.578004e+01   2.500000e-01   3.216402e-01   0.000000e+00   4.249656e-01
      1   2.593778e+01   2.603592e-01   3.314359e-01   -5.850987e-04   4.254441e-01
      2   2.609085e+01   2.711502e-01   3.416805e-01   -1.094685e-03   4.252430e-01
      3   2.623934e+01   2.823907e-01   3.523832e-01   -1.547848e-03   4.260553e-01
      4   2.638332e+01   2.940994e-01   3.635541e-01   -1.968682e-03   4.307539e-01
      5   2.652287e+01   3.062957e-01   3.752037e-01   -2.384797e-03   4.423875e-01
      6   2.665809e+01   3.189997e-01   3.873433e-01   -2.847299e-03   4.710538e-01
      7   2.678907e+01   3.322325e-01   3.999849e-01   -3.243263e-03   4.632556e-01
      8   2.691591e+01   3.460160e-01   4.131412e-01   -3.565361e-03   4.493448e-01
      9   2.703872e+01   3.603730e-01   4.268255e-01   -3.842340e-03   4.441781e-01
     10   2.715758e+01   3.753273e-01   4.410522e-01   -4.090116e-03   4.448651e-01
     11   2.727262e+01   3.909035e-01   4.558361e-01   -4.308172e-03   4.446035e-01
     12   2.738392e+01   4.071276e-01   4.711930e-01   -4.495537e-03   4.430074e-01
     13   2.749159e+01   4.240263e-01   4.871395e-01   -4.656208e-03   4.431012e-01
     14   2.759574e+01   4.416277e-01   5.036928e-01   -4.790558e-03   4.427561e-01
     15   2.769646e+01   4.599608e-01   5.208713e-01   -4.901672e-03   4.440950e-01
     16   2.779387e+01   4.790560e-01   5.386938e-01   -4.987477e-03   4.428039e-01
     17   2.788805e+01   4.989450e-01   5.571804e-01   -5.055206e-03   4.475915e-01
     18   2.797911e+01   5.196607e-01   5.763518e-01   -5.101194e-03   4.477736e-01
     19   2.806713e+01   5.412373e-01   5.962297e-01   -5.126436e-03   4.476444e-01
     20   2.815223e+01   5.637106e-01   6.168367e-01   -5.132599e-03   4.479305e-01
     21   2.823448e+01   5.871178e-01   6.381965e-01   -5.120691e-03   4.476120e-01
     22   2.831397e+01   6.114977e-01   6.603335e-01   -5.091022e-03   4.451720e-01
     23   2.839081e+01   6.368906e-01   6.832733e-01   -5.046671e-03   4.453290e-01
     24   2.846506e+01   6.633386e-01   7.070425e-01   -4.989103e-03   4.454684e-01
     25   2.853682e+01   6.908855e-01   7.316687e-01   -4.918821e-03   4.432514e-01
     26   2.860616e+01   7.195768e-01   7.571806e-01   -4.838306e-03   4.433871e-01
     27   2.867316e+01   7.494602e-01   7.836081e-01   -4.749009e-03   4.437758e-01
     28   2.873791e+01   7.805852e-01   8.109821e-01   -4.652154e-03   4.439397e-01
     29   2.880047e+01   8.130031e-01   8.393348e-01   -4.549024e-03   4.443074e-01
     30   2.886092e+01   8.467679e-01   8.686995e-01   -4.440716e-03   4.445078e-01
     31   2.891932e+01   8.819353e-01   8.991108e-01   -4.328264e-03   4.445766e-01
     32   2.897575e+01   9.185636e-01   9.306047e-01   -4.212623e-03   4.445170e-01
     33   2.903026e+01   9.567135e-01   9.632185e-01   -4.094763e-03   4.449000e-01
     34   2.908294e+01   9.964481e-01   9.969906e-01   -3.975406e-03   4.448594e-01
     35   2.913383e+01   1.037833e+00   1.031961e+00   -3.855322e-03   4.452029e-01
# background statistics
# cycle   tau/boxsize    a             conformal H/H0  phi(k=0)       T00(k=0)
      0   2.578004e+01   2.500000e-01   3.216402e-01   0.000000e+00   4.249656e-01
      1   2.593778e+01   2.603592e-01   3.314359e-01   -5.850987e-04   4.254441e-01
      2   2.609085e+01   2.711502e-01   3.416805e-01   -1.094685e-03   4.252430e-01
      3   2.623934e+01   2.823907e-01   3.523832e-01   -1.547848e-03   4.260553e-01
      4   2.638332e+01   2.940994e-01   3.635541e-01   -1.968682e-03   4.307539e-01
      5   2.652287e+01   3.062957e-01   3.752037e-01   -2.384797e-03   4.423875e-01
      6   2.665809e+01   3.189997e-01   3.873433e-01   -2.847299e-03   4.710538e-01
      7   2.678907e+01   3.322325e-01   3.999849e-01   -3.243263e-03   4.632556e-01
      8   2.691591e+01   3.460160e-01   4.131412e-01   -3.565361e-03   4.493448e-01
      9   2.703872e+01   3.603730e-01   4.268255e-01   -3.842340e-03   4.441781e-01
     10   2.715758e+01   3.753273e-01   4.410522e-01   -4.090116e-03   4.448651e-01
     11   2.727262e+01   3.909035e-01   4.558361e-01   -4.308172e-03   4.446035e-01
     12   2.738392e+01   4.071276e-01   4.711930e-01   -4.495537e-03   4.430074e-01
     13   2.749159e+01   4.240263e-01   4.871395e-01   -4.656208e-03   4.431012e-01
     14   2.759574e+01   4.416277e-01   5.036928e-01   -4.790558e-03   4.427561e-01
     15   2.769646e+01   4.599608e-01   5.208713e-01   -4.901672e-03   4.440950e-01
     16   2.779387e+01   4.790560e-01   5.386938e-01   -4.987477e-03   4.428039e-01
     17   2.788805e+01   4.989450e-01   5.571804e-01   -5.055206e-03   4.475915e-01
     18   2.797911e+01   5.196607e-01   5.763518e-01   -5.101194e-03   4.477736e-01
     19   2.806713e+01   5.412373e-01   5.962297e-01   -5.126436e-03   4.476444e-01
     20   2.815223e+01   5.637106e-01   6.168367e-01   -5.132599e-03   4.479305e-01
     21   2.823448e+01   5.871178e-01   6.381965e-01   -5.120691e-03   4.476120e-01
     22   2.831397e+01   6.114977e-01   6.603335e-01   -5.091022e-03   4.451720e-01
     23   2.839081e+01   6.368906e-01   6.832733e-01   -5.046671e-03   4.453290e-01
     24   2.846506e+01   6.633386e-01   7.070425e-01   -4.989103e-03   4.454684e-01
     25   2.853682e+01   6.908855e-01   7.316687e-01   -4.918821e-03   4.432514e-01
     26   2.860616e+01   7.195768e-01   7.571806e-01   -4.838306e-03   4.433871e-01
     27   2.867316e+01   7.494602e-01   7.836081e-01   -4.749009e-03   4.437758e-01
     28   2.873791e+01   7.805852e-01   8.109821e-01   -4.652154e-03   4.439397e-01
     29   2.880047e+01   8.130031e-01   8.393348e-01   -4.549024e-03   4.443074e-01
     30   2.886092e+01   8.467679e-01   8.686995e-01   -4.440716e-03   4.445078e-01
     31   2.891932e+01   8.819353e-01   8.991108e-01   -4.328264e-03   4.445766e-01
     32   2.897575e+01   9.185636e-01   9.306047e-01   -4.212623e-03   4.445170e-01
     33   2.903026e+01   9.567135e-01   9.632185e-01   -4.094763e-03   4.449000e-01
     34   2.908294e+01   9.964481e-01   9.969906e-01   -3.975406e-03   4.448594e-01
     35   2.913383e+01   1.037833e+00   1.031961e+00   -3.855322e-03   4.452029e-01
# background statistics
# cycle   tau/boxsize    a             conformal H/H0  phi(k=0)       T00(k=0)
      0   2.578004e+01   2.500000e-01   3.216402e-01   0.000000e+00   4.249656e-01
      1   2.593778e+01   2.603592e-01   3.314359e-01   -5.851110e-04   4.254465e-01
      2   2.609085e+01   2.711502e-01   3.416805e-01   -1.094786e-03   4.252620e-01
      3   2.623934e+01   2.823907e-01   3.523832e-01   -1.547817e-03   4.260243e-01
      4   2.638332e+01   2.940994e-01   3.635541e-01   -1.968434e-03   4.306970e-01
      5   2.652287e+01   3.062957e-01   3.752037e-01   -2.385164e-03   4.425665e-01
      6   2.665809e+01   3.189997e-01   3.873433e-01   -2.846665e-03   4.707287e-01
      7   2.678907e+01   3.322325e-01   3.999849e-01   -3.244544e-03   4.639493e-01
      8   2.691591e+01   3.460160e-01   4.131412e-01   -3.566945e-03   4.494496e-01
      9   2.703872e+01   3.603730e-01   4.268255e-01   -3.843516e-03   4.439777e-01
     10   2.715758e+01   3.753273e-01   4.410522e-01   -4.089023e-03   4.437363e-01
     11   2.727262e+01   3.909035e-01   4.558361e-01   -4.306588e-03   4.443588e-01
     12   2.738392e+01   4.071276e-01   4.711930e-01   -4.493852e-03   4.429758e-01
     13   2.749159e+01   4.240263e-01   4.871395e-01   -4.652337e-03   4.416583e-01
     14   2.759574e+01   4.416277e-01   5.036928e-01   -4.787647e-03   4.435536e-01
     15   2.769646e+01   4.599608e-01   5.208713e-01   -4.898289e-03   4.437515e-01
     16   2.779387e+01   4.790560e-01   5.386938e-01   -4.982490e-03   4.413761e-01
     17   2.788805e+01   4.989450e-01   5.571804e-01   -5.050029e-03   4.474846e-01
     18   2.797911e+01   5.196607e-01   5.763518e-01   -5.095761e-03   4.475590e-01
     19   2.806713e+01   5.412373e-01   5.962297e-01   -5.120775e-03   4.474232e-01
     20   2.815223e+01   5.637106e-01   6.168367e-01   -5.126790e-03   4.477741e-01
     21   2.823448e+01   5.871178e-01   6.381965e-01   -5.114802e-03   4.475227e-01
     22   2.831397e+01   6.114977e-01   6.603335e-01   -5.085065e-03   4.450581e-01
     23   2.839081e+01   6.368906e-01   6.832733e-01   -5.040538e-03   4.449549e-01
     24   2.846506e+01   6.633386e-01   7.070425e-01   -4.982876e-03   4.451907e-01
     25   2.853682e+01   6.908855e-01   7.316687e-01   -4.912508e-03   4.429163e-01
     26   2.860616e+01   7.195768e-01   7.571806e-01   -4.831898e-03   4.429441e-01
     27   2.867316e+01   7.494602e-01   7.836081e-01   -4.742646e-03   4.436555e-01
     28   2.873791e+01   7.805852e-01   8.109821e-01   -4.645865e-03   4.438567e-01
     29   2.880047e+01   8.130031e-01   8.393348e-01   -4.542786e-03   4.440800e-01
     30   2.886092e+01   8.467679e-01   8.686995e-01   -4.434583e-03   4.444281e-01
     31   2.891932e+01   8.819353e-01   8.991108e-01   -4.322235e-03   4.444380e-01
     32   2.897575e+01   9.185636e-01   9.306047e-01   -4.206704e-03   4.443489e-01
     33   2.903026e+01   9.567135e-01   9.632185e-01   -4.088926e-03   4.445095e-01
     34   2.908294e+01   9.964481e-01   9.969906e-01   -3.969688e-03   4.446156e-01
     35   2.913383e+01   1.037833e+00   1.031961e+00   -3.849721e-03   4.448778e-01
# background statistics
# cycle   tau/boxsize    a             conformal H/H0  phi(k=0)       T00(k=0)
      0   2.578004e+01   2.500000e-01   3.216402e-01   0.000000e+00   4.249656e-01
      1   2.593778e+01   2.603592e-01   3.314359e-01   -5.851110e-04   4.254465e-01
      2   2.609085e+01   2.711502e-01   3.416805e-01   -1.094786e-03   4.252620e-01
      3   2.623934e+01   2.823907e-01   3.523832e-01   -1.547817e-03   4.260243e-01
      4   2.638332e+01   2.940994e-01   3.635541e-01   -1.968434e-03   4.306970e-01
      5   2.652287e+01   3.062957e-01   3.752037e-01   -2.385164e-03   4.425665e-01
      6   2.665809e+01   3.189997e-01   3.873433e-01   -2.846665e-03   4.707287e-01
      7   2.678907e+01   3.322325e-01   3.999849e-01   -3.244544e-03   4.639493e-01
      8   2.691591e+01   3.460160e-01   4.131412e-01   -3.566945e-03   4.494496e-01
      9   2.703872e+01   3.603730e-01   4.268255e-01   -3.843516e-03   4.439777e-01
     10   2.715758e+01   3.753273e-01   4.410522e-01   -4.089023e-03   4.437363e-01
     11   2.727262e+01   3.909035e-01   4.558361e-01   -4.306588e-03   4.443588e-01
     12   2.738392e+01   4.071276e-01   4.711930e-01   -4.493852e-03   4.429758e-01
     13   2.749159e+01   4.240263e-01   4.871395e-01   -4.652337e-03   4.416583e-01
     14   2.759574e+01   4.416277e-01   5.036928e-01   -4.787647e-03   4.435536e-01
     15   2.769646e+01   4.599608e-01   5.208713e-01   -4.898289e-03   4.437515e-01
     16   2.779387e+01   4.790560e-01   5.386938e-01   -4.982490e-03   4.413761e-01
     17   2.788805e+01   4.989450e-01   5.571804e-01   -5.050029e-03   4.474846e-01
     18   2.797911e+01   5.196607e-01   5.763518e-01   -5.095761e-03   4.475590e-01
     19   2.806713e+01   5.412373e-01   5.962297e-01   -5.120775e-03   4.474232e-01
     20   2.815223e+01   5.637106e-01   6.168367e-01   -5.126790e-03   4.477741e-01
     21   2.823448e+01   5.871178e-01   6.381965e-01   -5.114802e-03   4.475227e-01
     22   2.831397e+01   6.114977e-01   6.603335e-01   -5.085065e-03   4.450581e-01
     23   2.839081e+01   6.368906e-01   6.832733e-01   -5.040538e-03   4.449549e-01
     24   2.846506e+01   6.633386e-01   7.070425e-01   -4.982876e-03   4.451907e-01
     25   2.853682e+01   6.908855e-01   7.316687e-01   -4.912508e-03   4.429163e-01
     26   2.860616e+01   7.195768e-01   7.571806e-01   -4.831898e-03   4.429441e-01
     27   2.867316e+01   7.494602e-01   7.836081e-01   -4.742646e-03   4.436555e-01
     28   2.873791e+01   7.805852e-01   8.109821e-01   -4.645865e-03   4.438567e-01
     29   2.880047e+01   8.130031e-01   8.393348e-01   -4.542786e-03   4.440800e-01
     30   2.886092e+01   8.467679e-01   8.686995e-01   -4.434583e-03   4.444281e-01
     31   2.891932e+01   8.819353e-01   8.991108e-01   -4.322235e-03   4.444380e-01
     32   2.897575e+01   9.185636e-01   9.306047e-01   -4.206704e-03   4.443489e-01
     33   2.903026e+01   9.567135e-01   9.632185e-01   -4.088926e-03   4.445095e-01
     34   2.908294e+01   9.964481e-01   9.969906e-01   -3.969688e-03   4.446156e-01
     35   2.913383e+01   1.037833e+00   1.031961e+00   -3.849721e-03   4.448778e-01
# background statistics
# cycle   tau/boxsize    a             conformal H/H0  phi(k=0)       T00(k=0)
      0   2.578004e+01   2.500000e-01   3.216402e-01   0.000000e+00   4.249656e-01
      1   2.593778e+01   2.603592e-01   3.314359e-01   -5.851110e-04   4.254465e-01
      2   2.609085e+01   2.711502e-01   3.416805e-01   -1.094786e-03   4.252620e-01
      3   2.623934e+01   2.823907e-01   3.523832e-01   -1.547817e-03   4.260243e-01
      4   2.638332e+01   2.940994e-01   3.635541e-01   -1.968434e-03   4.306970e-01
      5   2.652287e+01   3.062957e-01   3.752037e-01   -2.385164e-03   4.425665e-01
      6   2.665809e+01   3.189997e-01   3.873433e-01   -2.846665e-03   4.707287e-01
      7   2.678907e+01   3.322325e-01   3.999849e-01   -3.244544e-03   4.639493e-01
      8   2.691591e+01   3.460160e-01   4.131412e-01   -3.566945e-03   4.494496e-01
      9   2.703872e+01   3.603730e-01   4.268255e-01   -3.843516e-03   4.439777e-01
     10   2.715758e+01   3.753273e-01   4.410522e-01   -4.089023e-03   4.437363e-01
     11   2.727262e+01   3.909035e-01   4.558361e-01   -4.306588e-03   4.443588e-01
     12   2.738392e+01   4.071276e-01   4.711930e-01   -4.493852e-03   4.429758e-01
     13   2.749159e+01   4.240263e-01   4.871395e-01   -4.652337e-03   4.416583e-01
     14   2.759574e+01   4.416277e-01   5.036928e-01   -4.787647e-03   4.435536e-01
     15   2.769646e+01   4.599608e-01   5.208713e-01   -4.898289e-03   4.437515e-01
     16   2.779387e+01   4.790560e-01   5.386938e-01   -4.982490e-03   4.413761e-01
     17   2.788805e+01   4.989450e-01   5.571804e-01   -5.050029e-03   4.474846e-01
     18   2.797911e+01   5.196607e-01   5.763518e-01   -5.095761e-03   4.475590e-01
     19   2.806713e+01   5.412373e-01   5.962297e-01   -5.120775e-03   4.474232e-01
     20   2.815223e+01   5.637106e-01   6.168367e-01   -5.126790e-03   4.477741e-01
     21   2.823448e+01   5.871178e-01   6.381965e-01   -5.114802e-03   4.475227e-01
     22   2.831397e+01   6.114977e-01   6.603335e-01   -5.085065e-03   4.450581e-01
     23   2.839081e+01   6.368906e-01   6.832733e-01   -5.040538e-03   4.449549e-01
     24   2.846506e+01   6.633386e-01   7.070425e-01   -4.982876e-03   4.451907e-01
     25   2.853682e+01   6.908855e-01   7.316687e-01   -4.912508e-03   4.429163e-01
     26   2.860616e+01   7.195768e-01   7.571806e-01   -4.831898e-03   4.429441e-01
     27   2.867316e+01   7.494602e-01   7.836081e-01   -4.742646e-03   4.436555e-01
     28   2.873791e+01   7.805852e-01   8.109821e-01   -4.645865e-03   4.438567e-01
     29   2.880047e+01   8.130031e-01   8.393348e-01   -4.542786e-03   4.440800e-01
     30   2.886092e+01   8.467679e-01   8.686995e-01   -4.434583e-03   4.444281e-01
     31   2.891932e+01   8.819353e-01   8.991108e-01   -4.322235e-03   4.444380e-01
     32   2.897575e+01   9.185636e-01   9.306047e-01   -4.206704e-03   4.443489e-01
     33   2.903026e+01   9.567135e-01   9.632185e-01   -4.088926e-03   4.445095e-01
     34   2.908294e+01   9.964481e-01   9.969906e-01   -3.969688e-03   4.446156e-01
     35   2.913383e+01   1.037833e+00   1.031961e+00   -3.849721e-03   4.448778e-01
