# power spectrum of hij
# redshift z=0.000000
# k              Pk             sigma(k)       sigma(Pk)      count
  6.981317e-03   1.887295e-18   0.000000e+00   4.125550e-19   6
  9.873073e-03   1.047121e-18   0.000000e+00   1.531325e-19   12
  1.209200e-02   9.914871e-19   1.324548e-10   2.204304e-19   8
  1.396263e-02   3.180280e-19   0.000000e+00   5.495737e-20   6
  1.561070e-02   5.708387e-19   0.000000e+00   7.255224e-20   24
  1.710066e-02   4.130569e-19   2.497591e-10   7.110401e-20   24
  1.974615e-02   2.581455e-19   0.000000e+00   3.400079e-20   12
  2.094395e-02   2.579602e-19   2.825702e-10   2.435057e-20   30
  2.207686e-02   1.695963e-19   0.000000e+00   1.316362e-20   24
  2.315441e-02   1.125100e-19   4.325955e-10   1.239296e-20   24
  2.418399e-02   1.560277e-19   2.649095e-10   2.698708e-20   8
  2.517150e-02   1.695950e-19   3.532127e-10   1.353399e-20   24
  2.612170e-02   1.268187e-19   0.000000e+00   8.221007e-21   48
  2.792527e-02   1.138517e-19   0.000000e+00   8.568399e-21   6
  2.878471e-02   8.228695e-20   4.995182e-10   6.966374e-21   48
  2.961922e-02   1.282819e-19   0.000000e+00   1.053130e-20   36
  3.043086e-02   1.039455e-19   3.532127e-10   8.150522e-21   24
  3.122140e-02   5.914216e-20   0.000000e+00   6.877194e-21   24
  3.199241e-02   7.456009e-20   0.000000e+00   5.978505e-21   48
  3.274528e-02   4.309312e-20   4.995182e-10   3.883345e-21   24
  3.420133e-02   5.032241e-20   4.995182e-10   7.326880e-21   24
  3.490659e-02   4.098564e-20   0.000000e+00   3.882168e-21   30
  3.559787e-02   4.629400e-20   0.000000e+00   3.612537e-21   72
  3.627599e-02   4.695488e-20   5.298191e-10   5.608065e-21   32
  3.759554e-02   4.302257e-20   0.000000e+00   2.894514e-21   72
  3.823825e-02   3.883034e-20   0.000000e+00   2.805441e-21   48
  3.949229e-02   3.430459e-20   0.000000e+00   5.299018e-21   12
  4.010461e-02   2.526252e-20   0.000000e+00   1.786576e-21   48
  4.070772e-02   1.892358e-20   0.000000e+00   1.821681e-21   48
  4.130203e-02   2.553424e-20   4.995182e-10   2.329498e-21   48
  4.188790e-02   2.848117e-20   5.651403e-10   5.105736e-21   30
  4.246569e-02   2.600220e-20   4.995182e-10   3.725032e-21   24
  4.303573e-02   2.289301e-20   1.053077e-09   1.614150e-21   72
  4.415373e-02   2.176969e-20   0.000000e+00   2.453356e-21   24
  4.470224e-02   1.823977e-20   0.000000e+00   1.187551e-21   96
  4.524411e-02   1.403473e-20   0.000000e+00   1.029123e-21   48
  4.577956e-02   1.939659e-20   8.651909e-10   2.224328e-21   24
  4.630882e-02   1.252942e-20   8.651909e-10   2.025557e-21   24
  4.683210e-02   1.498437e-20   0.000000e+00   9.984687e-22   72
  4.734960e-02   1.282200e-20   0.000000e+00   8.452530e-22   48
  4.836798e-02   1.345237e-20   5.298191e-10   2.830670e-21   8
  4.886922e-02   1.076249e-20   6.279337e-10   7.400233e-22   54
  4.936537e-02   1.139154e-20   0.000000e+00   9.083106e-22   84
  4.985658e-02   1.262994e-20   0.000000e+00   1.202277e-21   48
  5.034299e-02   1.512164e-20   7.064254e-10   1.598811e-21   24
  5.082475e-02   1.084209e-20   6.660243e-10   7.309405e-22   72
  5.130199e-02   1.100662e-20   0.000000e+00   6.780132e-22   96
  5.224339e-02   7.864484e-21   0.000000e+00   7.677646e-22   48
  5.270779e-02   8.284699e-21   0.000000e+00   6.070189e-22   48
  5.316813e-02   1.128522e-20   7.064254e-10   1.150780e-21   24
  5.362451e-02   7.931144e-21   0.000000e+00   5.219170e-22   72
  5.452583e-02   6.888554e-21   6.660243e-10   4.688326e-22   72
  5.497095e-02   8.578861e-21   0.000000e+00   6.064036e-22   96
  5.585054e-02   6.043657e-21   0.000000e+00   1.116361e-21   6
  5.628518e-02   7.877278e-21   0.000000e+00   4.686389e-22   96
  5.671649e-02   7.649664e-21   7.064254e-10   4.528093e-22   96
  5.714454e-02   5.437512e-21   0.000000e+00   5.967293e-22   24
  5.756941e-02   8.635361e-21   9.990364e-10   6.020578e-22   48
  5.799117e-02   7.607812e-21   0.000000e+00   4.638174e-22   96
  5.840989e-02   5.172510e-21   0.000000e+00   3.540544e-22   48
  5.923844e-02   6.299736e-21   0.000000e+00   5.340313e-22   36
  5.964840e-02   5.465432e-21   1.223565e-09   5.175651e-22   48
  6.005556e-02   4.877301e-21   1.384305e-09   2.805839e-22   120
  6.045998e-02   5.136400e-21   0.000000e+00   4.275039e-22   56
  6.086171e-02   6.228232e-21   7.064254e-10   6.562582e-22   24
  6.126081e-02   5.336078e-21   0.000000e+00   3.423426e-22   96
  6.165732e-02   6.927742e-21   0.000000e+00   6.947382e-22   48
  6.244280e-02   5.390687e-21   0.000000e+00   6.232162e-22   24
  6.283185e-02   3.982490e-21   0.000000e+00   2.684984e-22   102
  6.321851e-02   3.608781e-21   0.000000e+00   2.453792e-22   48
  6.360282e-02   4.013166e-21   0.000000e+00   3.441906e-22   72
  6.398483e-02   4.195013e-21   0.000000e+00   3.083929e-22   48
  6.436456e-02   3.628887e-21   0.000000e+00   3.992368e-22   48
  6.474207e-02   3.539438e-21   1.598458e-09   2.311117e-22   120
  6.549056e-02   2.922843e-21   9.990364e-10   2.143094e-22   24
  6.586161e-02   3.126434e-21   9.419006e-10   1.416112e-22   144
  6.623059e-02   3.235984e-21   1.130281e-09   1.731571e-22   120
  6.659752e-02   2.654337e-21   9.990364e-10   2.228754e-22   48
  6.732538e-02   3.370917e-21   9.990364e-10   3.554631e-22   48
  6.768638e-02   2.749871e-21   9.990364e-10   1.481243e-22   96
  6.863955e-02   3.008270e-21   1.675093e-04   1.929662e-22   72
  6.911151e-02   2.623179e-21   1.255867e-09   1.128904e-22   108
  6.946323e-02   2.642877e-21   0.000000e+00   1.888664e-22   72
  6.981317e-02   4.297331e-21   0.000000e+00   3.941319e-22   30
  7.016137e-02   2.347046e-21   0.000000e+00   1.096155e-22   168
  7.050785e-02   2.603068e-21   0.000000e+00   2.690068e-22   48
  7.119574e-02   2.021095e-21   0.000000e+00   1.577229e-22   72
  7.153721e-02   2.223823e-21   0.000000e+00   1.550113e-22   96
  7.187706e-02   1.856568e-21   1.883801e-09   1.469467e-22   72
  7.221530e-02   2.441317e-21   0.000000e+00   1.557835e-22   72
  7.278398e-02   2.488569e-21   1.546684e-04   1.750217e-22   104
  7.322067e-02   2.166496e-21   1.332049e-09   8.799994e-23   144
  7.421242e-02   2.015385e-21   2.233913e-09   1.170047e-22   96
  7.454007e-02   2.035709e-21   0.000000e+00   1.483238e-22   96
  7.506116e-02   1.551711e-21   1.591194e-04   7.869810e-23   120
  7.551449e-02   2.173408e-21   0.000000e+00   9.570712e-23   120
  7.583651e-02   1.922430e-21   0.000000e+00   1.430084e-22   72
  7.647650e-02   2.259117e-21   0.000000e+00   1.849145e-22   48
  7.679449e-02   1.537532e-21   1.505926e-09   1.114613e-22   78
  7.720128e-02   1.830326e-21   1.424762e-04   6.638726e-23   168
  7.805350e-02   1.673996e-21   1.332049e-09   8.392662e-23   144
  7.836509e-02   1.534248e-21   1.332049e-09   8.243800e-23   144
  7.926883e-02   1.386716e-21   8.205478e-05   7.765375e-23   156
  7.959926e-02   1.572555e-21   1.730382e-09   1.178267e-22   48
  7.990483e-02   1.296949e-21   1.130281e-09   6.352966e-23   120
  8.020923e-02   1.313413e-21   0.000000e+00   1.309361e-22   48
  8.074745e-02   1.305909e-21   1.255998e-04   5.040823e-23   216
  8.141545e-02   1.058688e-21   0.000000e+00   7.830544e-23   48
  8.171422e-02   1.215938e-21   9.990364e-10   8.129722e-23   96
  8.213902e-02   1.302316e-21   1.467830e-04   6.913081e-23   168
  8.260406e-02   1.040161e-21   9.990364e-10   8.957659e-23   48
  8.289855e-02   1.108209e-21   0.000000e+00   6.044341e-23   96
  8.319199e-02   8.228480e-22   0.000000e+00   5.841086e-23   48
  8.377580e-02   1.227902e-21   1.130281e-09   1.487042e-22   30
  8.406619e-02   9.318396e-22   9.990364e-10   6.595407e-23   96
  8.441325e-02   1.014020e-21   1.153584e-04   4.235690e-23   240
  8.485953e-02   1.194130e-21   1.244551e-04   7.401756e-23   32
  8.521783e-02   9.513752e-22   0.000000e+00   3.891310e-23   168
  8.550332e-02   9.953451e-22   0.000000e+00   5.413094e-23   120
  8.607146e-02   1.105233e-21   2.106154e-09   8.331852e-23   72
  8.635412e-02   8.564018e-22   1.332049e-09   4.353917e-23   144
  8.663587e-02   1.001624e-21   0.000000e+00   5.218942e-23   96
  8.691670e-02   9.352481e-22   0.000000e+00   5.707976e-23   96
  8.747565e-02   8.365089e-22   1.631420e-09   6.833832e-23   72
  8.775379e-02   8.146640e-22   1.412851e-09   5.417291e-23   96
  8.830745e-02   1.011642e-21   0.000000e+00   8.544149e-23   24
  8.858298e-02   7.625772e-22   0.000000e+00   3.505072e-23   192
  8.890745e-02   8.368163e-22   1.056148e-04   4.286408e-23   132
  8.940448e-02   7.483410e-22   0.000000e+00   4.906138e-23   96
  8.967664e-02   6.487329e-22   0.000000e+00   3.626544e-23   96
  8.994798e-02   6.596583e-22   1.130281e-09   4.117081e-23   120
  9.048821e-02   7.881295e-22   0.000000e+00   6.083244e-23   48
  9.093103e-02   7.865495e-22   1.279966e-04   2.906745e-23   222
  9.129257e-02   7.700361e-22   0.000000e+00   4.108891e-23   120
  9.155911e-02   6.614776e-22   1.730382e-09   7.718149e-23   24
  9.194720e-02   6.070557e-22   1.321111e-04   2.102582e-23   312
  9.279280e-02   6.863573e-22   1.238595e-04   5.029985e-23   72
  9.314239e-02   6.373436e-22   9.990364e-10   3.833329e-23   96
  9.350136e-02   6.140399e-22   1.261337e-04   2.814235e-23   192
  9.392401e-02   6.077135e-22   1.598458e-09   3.398592e-23   120
  9.418312e-02   6.589404e-22   0.000000e+00   3.395531e-23   144
  9.469919e-02   5.899397e-22   0.000000e+00   4.905520e-23   48
  9.506602e-02   5.904820e-22   1.268319e-04   1.803543e-23   336
  9.546807e-02   5.519562e-22   0.000000e+00   4.912288e-23   48
  9.597724e-02   5.559357e-22   0.000000e+00   2.435799e-23   192
  9.623081e-02   4.853541e-22   0.000000e+00   4.122137e-23   48
  9.695161e-02   5.802766e-22   8.803796e-05   3.550918e-23   56
  9.731001e-02   5.960993e-22   1.130706e-04   1.975921e-23   336
  9.773844e-02   3.901827e-22   1.255867e-09   3.848755e-23   54
  9.811165e-02   4.851426e-22   1.241922e-04   1.930593e-23   240
  9.888643e-02   4.886567e-22   1.189150e-04   1.957089e-23   228
  9.922316e-02   5.369181e-22   1.332049e-09   3.723364e-23   72
  9.955002e-02   5.374218e-22   1.153504e-04   2.597384e-23   144
  9.995725e-02   4.372243e-22   0.000000e+00   2.995155e-23   96
  1.002007e-01   4.416642e-22   1.598458e-09   1.870104e-23   240
  1.006860e-01   4.648028e-22   1.412851e-09   8.695432e-23   24
  1.009966e-01   4.360900e-22   1.089476e-04   1.474890e-23   336
  1.014095e-01   3.904242e-22   0.000000e+00   1.973600e-23   72
  1.017863e-01   4.860350e-22   1.185007e-04   2.712359e-23   168
  1.021279e-01   4.256798e-22   0.000000e+00   3.659456e-23   72
  1.026040e-01   4.700155e-22   0.000000e+00   2.581674e-23   96
  1.029727e-01   3.606369e-22   1.176117e-04   1.549296e-23   216
  1.033141e-01   3.241803e-22   1.412851e-09   1.931183e-23   96
  1.037847e-01   3.948314e-22   0.000000e+00   1.845731e-23   192
  1.040193e-01   3.867884e-22   1.332049e-09   1.990683e-23   144
  1.044868e-01   2.834588e-22   0.000000e+00   2.710988e-23   48
  1.048105e-01   3.436550e-22   1.133915e-04   1.316781e-23   246
  1.052503e-01   3.737182e-22   1.045488e-04   1.617894e-23   168
  1.056465e-01   3.048412e-22   1.957704e-09   1.978254e-23   120
  1.058769e-01   3.066849e-22   0.000000e+00   1.217244e-23   240
  1.063363e-01   4.198971e-22   1.412851e-09   6.397096e-23   24
  1.067022e-01   3.382419e-22   1.119102e-04   1.129107e-23   360
  1.071580e-01   3.355587e-22   1.114340e-04   1.909075e-23   120
  1.074760e-01   3.257278e-22   0.000000e+00   1.767363e-23   144
  1.077025e-01   3.591004e-22   0.000000e+00   2.208189e-23   96
  1.083792e-01   2.837620e-22   0.000000e+00   1.666562e-23   144
  1.086038e-01   3.159649e-22   0.000000e+00   1.585014e-23   132
  1.089195e-01   2.593287e-22   1.099837e-04   1.082843e-23   176
  1.093777e-01   3.022234e-22   1.110614e-04   1.182456e-23   312
  1.099419e-01   2.627493e-22   0.000000e+00   1.654699e-23   96
  1.101633e-01   2.333352e-22   0.000000e+00   1.290707e-23   144
  1.105031e-01   2.698323e-22   1.099474e-04   9.380627e-24   312
  1.110446e-01   1.706618e-22   0.000000e+00   1.024105e-23   48
  1.112639e-01   2.276912e-22   1.412851e-09   9.750100e-24   192
  1.117011e-01   3.367115e-22   0.000000e+00   1.987579e-23   6
  1.119915e-01   2.156546e-22   1.025446e-04   7.921425e-24   288
  1.124620e-01   2.514240e-22   1.083450e-04   1.115676e-23   192
  1.127866e-01   2.522711e-22   3.322713e-09   1.166703e-23   216
  1.130025e-01   2.243510e-22   0.000000e+00   1.473622e-23   72
  1.135403e-01   2.428292e-22   1.073161e-04   1.278823e-23   192
  1.138975e-01   2.158121e-22   7.968796e-05   8.077929e-24   288
  1.142891e-01   2.088248e-22   0.000000e+00   2.138799e-23   24
  1.145916e-01   2.274560e-22   1.049823e-04   6.810893e-24   456
  1.151388e-01   2.078964e-22   1.998073e-09   2.282307e-23   48
  1.154769e-01   1.912013e-22   1.034033e-04   7.106614e-24   240
  1.158655e-01   2.003853e-22   1.045007e-04   8.774510e-24   216
  1.161923e-01   2.426668e-22   0.000000e+00   1.494843e-23   72
  1.164018e-01   2.058914e-22   3.610549e-09   9.916922e-24   168
  1.169935e-01   2.051408e-22   7.767385e-05   7.654597e-24   288
  1.173253e-01   1.619445e-22   1.027758e-04   6.743021e-24   168
  1.178582e-01   1.795658e-22   0.000000e+00   8.185761e-24   192
  1.180648e-01   1.786462e-22   1.332049e-09   9.402534e-24   144
  1.184769e-01   1.837298e-22   0.000000e+00   1.564959e-23   36
  1.188264e-01   1.960351e-22   9.385617e-05   6.521014e-24   342
  1.191605e-01   1.791264e-22   9.637890e-05   8.400609e-24   144
  1.195900e-01   1.771742e-22   1.010773e-04   5.638520e-24   384
  1.201111e-01   1.849892e-22   2.768611e-09   9.970784e-24   120
  1.203690e-01   2.009560e-22   9.013158e-05   7.993730e-24   264
  1.207183e-01   1.648372e-22   4.467827e-09   8.029060e-24   192
  1.210471e-01   1.528698e-22   9.713401e-05   7.936130e-24   152
  1.213224e-01   1.692558e-22   2.664097e-09   7.531689e-24   144
  1.219012e-01   1.802173e-22   6.286607e-05   7.604743e-24   216
  1.221692e-01   1.656984e-22   8.400585e-05   5.570592e-24   312
  1.226409e-01   1.630722e-22   9.736112e-05   6.396551e-24   240
  1.229188e-01   1.488880e-22   1.412851e-09   8.010179e-24   96
  1.234463e-01   1.465996e-22   9.308426e-05   8.252912e-24   144
  1.237714e-01   1.490616e-22   9.149363e-05   4.078578e-24   456
  1.242988e-01   1.517050e-22   0.000000e+00   9.043277e-24   120
  1.244947e-01   1.566154e-22   0.000000e+00   8.332032e-24   144
  1.248856e-01   1.753573e-22   0.000000e+00   2.067269e-23   24
  1.251362e-01   1.464028e-22   8.794658e-05   4.647968e-24   336
  1.255696e-01   1.363921e-22   9.699311e-05   5.650364e-24   198
  1.259757e-01   1.471177e-22   9.432023e-05   4.954036e-24   432
  1.264370e-01   1.464438e-22   0.000000e+00   1.097469e-23   48
  1.266777e-01   1.482137e-22   8.326844e-05   4.338701e-24   384
  1.271098e-01   1.074090e-22   9.585962e-05   4.918442e-24   144
  1.275013e-01   1.441822e-22   9.517601e-05   5.789348e-24   264
  1.279697e-01   1.382500e-22   0.000000e+00   7.792665e-24   48
  1.282839e-01   1.374065e-22   9.049683e-05   5.182081e-24   276
  1.285870e-01   1.328584e-22   8.203293e-05   5.707635e-24   192
  1.289922e-01   1.321469e-22   9.218697e-05   3.530063e-24   552
  1.294841e-01   1.186376e-22   3.196917e-09   5.858032e-24   120
  1.297765e-01   1.058443e-22   9.331596e-05   4.756962e-24   216
  1.300475e-01   1.207840e-22   1.598458e-09   8.668274e-24   120
  1.305316e-01   1.174266e-22   9.189333e-05   3.326726e-24   408
  1.309811e-01   9.795366e-23   1.998073e-09   1.323380e-23   24
  1.312599e-01   1.193603e-22   9.282881e-05   3.815360e-24   384
  1.316492e-01   1.061334e-22   9.069708e-05   4.635749e-24   240
  1.319872e-01   1.245222e-22   9.136125e-05   6.461615e-24   168
  1.324612e-01   1.243676e-22   2.260561e-09   1.111307e-23   120
  1.327667e-01   1.089270e-22   9.523931e-05   4.576992e-24   350
  1.332635e-01   1.123165e-22   1.567823e-04   3.532655e-24   384
  1.335605e-01   1.046345e-22   0.000000e+00   4.981889e-24   144
  1.341067e-01   1.092530e-22   3.767602e-09   4.044418e-24   288
  1.343919e-01   1.068920e-22   8.974411e-05   4.210912e-24   336
  1.347800e-01   9.827693e-23   8.170456e-05   4.878500e-24   168
  1.350122e-01   1.164869e-22   1.614687e-09   3.685404e-24   336
  1.354927e-01   1.031113e-22   8.480446e-05   4.111813e-24   288
  1.357812e-01   1.165275e-22   7.990748e-05   4.284107e-24   264
  1.362699e-01   9.544917e-23   0.000000e+00   3.593938e-24   240
  1.364486e-01   8.059518e-23   2.825702e-09   3.956764e-24   96
  1.370900e-01   9.781784e-23   1.086688e-04   3.345841e-24   360
  1.373893e-01   1.025287e-22   8.010757e-05   5.071879e-24   168
  1.377676e-01   8.809702e-23   8.732558e-05   2.783719e-24   456
  1.382230e-01   8.021414e-23   2.511735e-09   4.321953e-24   108
  1.384792e-01   9.117527e-23   8.761995e-05   3.809320e-24   264
  1.387988e-01   8.862185e-23   7.817127e-05   3.049958e-24   264
  1.392364e-01   9.341342e-23   7.376599e-05   3.290361e-24   312
  1.397814e-01   9.268240e-23   5.481617e-05   3.922395e-24   270
  1.400098e-01   9.138992e-23   6.959603e-05   4.262752e-24   240
  1.404204e-01   9.510017e-23   8.609907e-05   3.276705e-24   384
  1.406696e-01   1.039361e-22   0.000000e+00   6.014726e-24   192
  1.411539e-01   1.049588e-22   6.908303e-05   4.160801e-24   240
  1.414347e-01   8.835675e-23   8.525963e-05   2.798213e-24   336
  1.419630e-01   8.552912e-23   8.583011e-05   2.602557e-24   480
  1.423915e-01   8.735675e-23   0.000000e+00   8.481063e-24   72
  1.426309e-01   7.716129e-23   8.369217e-05   4.105801e-24   240
  1.429564e-01   8.720879e-23   7.865917e-05   3.634763e-24   312
  1.433297e-01   8.224352e-23   8.501169e-05   3.810101e-24   240
  1.438936e-01   8.182775e-23   6.458688e-05   2.671754e-24   408
  1.441169e-01   7.830796e-23   5.914602e-05   2.949753e-24   336
  1.445532e-01   8.240023e-23   7.510087e-05   3.665876e-24   264
  1.447677e-01   5.834571e-23   0.000000e+00   3.218183e-24   144
  1.453643e-01   7.458506e-23   1.040943e-04   2.340414e-24   464
  1.456786e-01   8.362387e-23   8.277629e-05   4.050431e-24   168
  1.459889e-01   6.218871e-23   7.539115e-05   2.572225e-24   336
  1.465498e-01   7.527313e-23   7.921315e-05   2.485041e-24   414
  1.468660e-01   7.978115e-23   8.245619e-05   4.735089e-24   216
  1.472710e-01   8.219049e-23   1.998073e-09   4.606495e-24   96
  1.474364e-01   7.350532e-23   5.994218e-09   2.592191e-24   384
  1.480158e-01   7.455861e-23   8.229688e-05   2.408722e-24   492
  1.483263e-01   8.084120e-23   8.047930e-05   3.697906e-24   240
  1.486772e-01   7.481062e-23   8.171468e-05   2.870946e-24   312
  1.491618e-01   5.861400e-23   8.168777e-05   3.230040e-24   192
  1.494688e-01   6.703949e-23   7.916535e-05   2.051287e-24   504
  1.498761e-01   6.746715e-23   5.240881e-05   2.133167e-24   408
  1.501968e-01   6.792306e-23   1.605609e-04   3.952104e-24   168
  1.505981e-01   6.940609e-23   7.626782e-05   2.390068e-24   288
  1.509348e-01   6.941464e-23   7.959200e-05   2.585879e-24   288
  1.512797e-01   5.826613e-23   8.005014e-05   1.883763e-24   432
  1.517801e-01   6.625226e-23   7.570076e-05   3.503215e-24   216
  1.520474e-01   6.087486e-23   7.554106e-05   2.187541e-24   360
  1.525234e-01   6.717740e-23   7.372735e-05   2.542956e-24   312
  1.529530e-01   8.154132e-23   0.000000e+00   8.756586e-24   48
  1.532006e-01   6.108574e-23   7.904634e-05   1.946633e-24   432
  1.536441e-01   6.050119e-23   1.318501e-04   1.918899e-24   414
  1.539060e-01   6.472233e-23   6.955573e-09   2.374842e-24   312
  1.543946e-01   5.986732e-23   1.156911e-04   1.824166e-24   528
  1.547243e-01   7.328644e-23   6.072803e-05   3.421903e-24   264
  1.551204e-01   5.749424e-23   7.200680e-05   1.747060e-24   480
  1.556380e-01   5.521890e-23   0.000000e+00   2.112165e-24   288
  1.558615e-01   6.024889e-23   7.736908e-05   3.202723e-24   168
  1.562704e-01   5.928411e-23   1.224750e-04   1.806795e-24   504
  1.567302e-01   5.356724e-23   2.664097e-09   2.827002e-24   144
  1.570194e-01   5.496256e-23   7.865832e-05   1.686124e-24   464
  1.574541e-01   6.246612e-23   1.154355e-04   2.097578e-24   432
  1.576603e-01   5.418786e-23   1.998073e-09   2.549754e-24   192
  1.581934e-01   5.298215e-23   8.557628e-05   1.960225e-24   396
  1.585082e-01   5.574490e-23   7.687110e-05   2.192465e-24   288
  1.588263e-01   5.069142e-23   7.593549e-05   2.007176e-24   336
  1.593345e-01   5.644829e-23   4.808388e-05   2.082567e-24   432
  1.596570e-01   5.592280e-23   1.246267e-04   1.878256e-24   360
  1.600192e-01   5.494349e-23   7.371853e-05   1.841568e-24   384
  1.605335e-01   5.245595e-23   6.507077e-05   2.308958e-24   198
  1.607813e-01   4.913872e-23   7.396430e-05   1.426150e-24   552
  1.612434e-01   5.271167e-23   1.035450e-04   2.056622e-24   432
  1.616292e-01   5.859872e-23   0.000000e+00   3.214771e-24   168
  1.619530e-01   5.300235e-23   1.283579e-04   1.603477e-24   480
  1.623813e-01   5.588321e-23   0.000000e+00   3.847637e-24   120
  1.625741e-01   5.268039e-23   1.048372e-04   2.276015e-24   336
  1.630445e-01   5.079853e-23   7.396097e-05   1.432482e-24   672
  1.635097e-01   5.606978e-23   1.075863e-04   1.589800e-24   528
  1.637264e-01   4.194026e-23   3.229373e-09   2.031967e-24   168
  1.642270e-01   4.529158e-23   1.200118e-04   1.432019e-24   456
  1.645324e-01   5.204862e-23   7.329223e-05   2.873611e-24   168
  1.648495e-01   5.089921e-23   7.316065e-05   1.593765e-24   504
  1.653766e-01   4.504138e-23   9.414654e-05   1.761861e-24   336
  1.656953e-01   4.481025e-23   6.786851e-05   2.116932e-24   312
  1.660489e-01   4.883297e-23   6.631214e-05   1.453090e-24   504
  1.665141e-01   4.810489e-23   4.600920e-05   1.849282e-24   432
  1.667329e-01   5.050143e-23   7.109945e-05   1.888298e-24   312
  1.671876e-01   5.099752e-23   7.288039e-05   2.072721e-24   384
  1.676624e-01   4.087259e-23   6.192036e-05   3.134204e-24   126
  1.679555e-01   4.605740e-23   1.087174e-04   1.439393e-24   492
  1.683299e-01   4.732890e-23   6.963360e-05   1.503017e-24   528
  1.687978e-01   4.434739e-23   7.073279e-05   1.416071e-24   480
  1.690879e-01   4.500675e-23   9.771696e-05   1.465666e-24   432
  1.695076e-01   4.825309e-23   7.684145e-05   1.530758e-24   440
  1.699951e-01   4.400224e-23   3.821294e-05   1.773379e-24   312
  1.701781e-01   4.211000e-23   5.726529e-05   1.414766e-24   480
  1.705533e-01   4.450185e-23   1.121243e-04   1.479335e-24   408
  1.711016e-01   4.593400e-23   6.714979e-05   1.519201e-24   360
  1.713332e-01   4.426759e-23   6.479710e-05   1.669200e-24   408
  1.717625e-01   4.006297e-23   6.593925e-05   1.260918e-24   456
  1.722458e-01   4.124202e-23   6.302169e-05   1.801636e-24   264
  1.725141e-01   4.183374e-23   6.839435e-05   1.476539e-24   384
  1.729046e-01   4.209984e-23   1.151467e-04   1.107443e-24   672
  1.733561e-01   4.105719e-23   6.887260e-05   1.796368e-24   240
  1.736166e-01   3.994931e-23   6.988846e-05   1.749796e-24   264
  1.739843e-01   3.890233e-23   8.619588e-05   1.056524e-24   624
  1.745329e-01   3.086609e-23   0.000000e+00   1.969460e-24   150
  1.747283e-01   4.081512e-23   9.658929e-05   1.098181e-24   600
  1.751402e-01   4.148895e-23   6.666345e-05   1.154209e-24   672
  1.756067e-01   4.057307e-23   6.270167e-05   1.614790e-24   336
  1.758666e-01   4.291826e-23   6.820115e-05   1.386743e-24   408
  1.762818e-01   4.357733e-23   6.804049e-05   1.421173e-24   408
  1.767436e-01   4.503364e-23   3.440492e-05   1.632990e-24   360
  1.770283e-01   4.425745e-23   1.263238e-04   1.468110e-24   456
  1.773722e-01   3.754247e-23   6.869566e-05   1.364838e-24   384
  1.778099e-01   3.450733e-23   6.341480e-05   1.488931e-24   348
  1.780464e-01   3.972210e-23   7.817791e-05   1.281110e-24   576
  1.784907e-01   4.041831e-23   6.436923e-05   1.225741e-24   504
  1.789452e-01   4.195149e-23   9.078907e-05   1.557292e-24   432
  1.793419e-01   3.866369e-23   1.235181e-04   1.052867e-24   576
  1.796248e-01   3.494679e-23   0.000000e+00   1.749004e-24   264
  1.800736e-01   3.895789e-23   9.828954e-05   1.008436e-24   768
  1.804640e-01   3.527449e-23   1.323290e-04   1.700364e-24   240
  1.807743e-01   4.187748e-23   1.167016e-04   2.344753e-24   192
  1.812263e-01   3.611849e-23   8.590664e-05   1.269412e-24   504
  1.815615e-01   3.975041e-23   1.157624e-04   1.280465e-24   590
  1.818830e-01   3.881695e-23   1.297055e-04   1.422999e-24   384
  1.822861e-01   3.776331e-23   1.083956e-04   1.264480e-24   504
  1.827729e-01   3.523166e-23   1.043140e-04   1.035745e-24   648
  1.832449e-01   3.529547e-23   2.833030e-05   1.174192e-24   504
  1.834353e-01   3.308975e-23   6.462673e-05   1.343631e-24   312
  1.837714e-01   3.816736e-23   9.311123e-05   1.160340e-24   576
  1.842327e-01   3.794962e-23   6.479663e-05   1.819357e-24   240
  1.845017e-01   3.493122e-23   6.547387e-05   1.017345e-24   552
  1.848823e-01   3.659972e-23   6.147846e-05   1.175159e-24   600
  1.854246e-01   3.595309e-23   7.509108e-05   1.030456e-24   600
  1.857506e-01   3.683381e-23   1.202524e-04   1.493068e-24   312
  1.860753e-01   3.570368e-23   1.047280e-04   1.219037e-24   480
  1.864809e-01   3.238168e-23   6.534019e-05   8.978168e-25   576
  1.868380e-01   3.434436e-23   1.052119e-04   1.497632e-24   408
  1.871548e-01   2.432601e-23   1.227345e-04   1.178833e-24   216
  1.875642e-01   3.566303e-23   9.400084e-05   1.102760e-24   516
  1.880028e-01   3.245695e-23   8.968636e-05   8.560586e-25   744
  1.884552e-01   3.681877e-23   5.990257e-05   1.322061e-24   462
  1.887109e-01   2.966744e-23   6.088230e-05   1.064013e-24   432
  1.891075e-01   3.306531e-23   5.648168e-05   8.726033e-25   648
  1.895737e-01   3.294135e-23   8.264320e-05   1.112505e-24   528
  1.899483e-01   2.901872e-23   9.952305e-05   9.378583e-25   600
  1.903225e-01   3.330833e-23   1.254725e-04   1.425428e-24   240
  1.906850e-01   2.969105e-23   9.611075e-05   8.628423e-25   720
  1.911062e-01   3.621109e-23   7.604100e-05   1.086452e-24   720
  1.915732e-01   2.337641e-23   0.000000e+00   1.299265e-24   144
  1.918190e-01   3.303151e-23   9.803961e-05   9.559473e-25   720
  1.921686e-01   3.251623e-23   5.878648e-05   1.276274e-24   384
  1.926063e-01   3.207300e-23   6.516793e-05   9.709170e-25   672
  1.930215e-01   3.251366e-23   1.141019e-04   1.469223e-24   336
  1.932199e-01   3.208453e-23   0.000000e+00   1.656455e-24   288
  1.937055e-01   2.931129e-23   9.030399e-05   8.024095e-25   776
  1.941551e-01   3.148218e-23   7.726878e-05   9.536758e-25   720
  1.945327e-01   3.234215e-23   6.224567e-05   1.117273e-24   432
  1.948347e-01   3.227329e-23   8.873905e-05   1.123140e-24   504
  1.951706e-01   2.939933e-23   6.217429e-05   1.013222e-24   528
  1.956407e-01   2.957919e-23   8.470885e-05   1.106973e-24   438
  1.960275e-01   2.981895e-23   9.859335e-05   9.794031e-25   624
  1.963189e-01   3.109299e-23   1.207635e-04   1.620131e-24   312
  1.967196e-01   3.251772e-23   6.506437e-05   8.686293e-25   696
  1.971339e-01   3.216873e-23   5.887146e-05   1.027956e-24   552
  1.975648e-01   3.223068e-23   4.554687e-05   1.139982e-24   516
  1.978313e-01   3.296567e-23   9.097645e-05   1.028589e-24   528
  1.981558e-01   2.554646e-23   5.916447e-05   8.484523e-25   528
  1.986168e-01   3.058365e-23   7.802593e-05   8.584441e-25   864
  1.989297e-01   3.274034e-23   1.068795e-04   1.131296e-24   408
  1.992429e-01   3.891376e-23   1.058911e-04   2.043760e-24   192
  1.996868e-01   2.847058e-23   8.762994e-05   8.430967e-25   720
  2.000615e-01   2.857468e-23   8.079911e-05   8.124505e-25   696
  2.005068e-01   2.820464e-23   8.726379e-05   8.575875e-25   720
  2.009142e-01   3.285945e-23   1.182756e-04   1.374562e-24   432
  2.011518e-01   2.866591e-23   6.962164e-05   1.221691e-24   264
  2.015793e-01   2.764028e-23   9.614441e-05   8.752179e-25   672
  2.019616e-01   2.860133e-23   9.843711e-05   9.494181e-25   600
  2.024154e-01   2.481984e-23   5.763483e-05   1.085448e-24   270
  2.026441e-01   2.741603e-23   8.675648e-05   1.049681e-24   528
  2.030077e-01   2.739823e-23   5.940776e-05   7.093838e-25   840
  2.035062e-01   3.107168e-23   1.135983e-04   9.083331e-25   888
  2.039669e-01   2.834968e-23   8.463909e-05   8.438641e-25   744
  2.043562e-01   3.039508e-23   4.349214e-05   1.204965e-24   456
  2.045498e-01   3.260859e-23   5.943469e-05   1.373575e-24   360
  2.048811e-01   2.474373e-23   5.149682e-05   1.096173e-24   384
  2.053895e-01   2.986175e-23   8.260041e-05   9.030602e-25   816
  2.057710e-01   2.665711e-23   1.198416e-04   7.739168e-25   824
  2.062346e-01   2.764139e-23   5.570811e-05   1.092210e-24   360
  2.064829e-01   2.712821e-23   8.220424e-05   8.123989e-25   624
  2.068246e-01   2.903417e-23   5.554917e-05   1.141953e-24   360
  2.072798e-01   2.700677e-23   7.556319e-05   7.538009e-25   876
  2.076909e-01   2.845380e-23   8.974647e-05   8.249613e-25   696
  2.081055e-01   2.571081e-23   5.795238e-05   1.102571e-24   336
  2.083228e-01   2.913211e-23   5.788726e-05   9.998526e-25   504
  2.086818e-01   2.599268e-23   5.838888e-05   8.708342e-25   672
  2.092144e-01   2.560412e-23   1.162387e-04   7.214410e-25   720
  2.095838e-01   2.899383e-23   8.780591e-05   8.199009e-25   774
  2.099915e-01   2.718399e-23   5.025783e-05   1.050755e-24   384
  2.102050e-01   3.019680e-23   9.671763e-05   9.350772e-25   528
  2.105364e-01   2.767420e-23   9.217729e-05   7.509737e-25   744
  2.110694e-01   2.802185e-23   7.602671e-05   7.928231e-25   768
  2.114233e-01   2.403929e-23   8.534571e-05   9.081695e-25   552
  2.118649e-01   2.726875e-23   9.301717e-05   9.372551e-25   696
  2.121934e-01   3.114592e-23   1.130320e-04   1.202368e-24   408
  2.124541e-01   3.016414e-23   4.883074e-05   1.068906e-24   504
  2.128675e-01   2.906459e-23   8.772259e-05   7.708791e-25   888
  2.132743e-01   2.518412e-23   9.116913e-05   8.435669e-25   648
  2.136971e-01   2.727104e-23   9.038766e-05   8.450305e-25   648
  2.140948e-01   2.874636e-23   9.746006e-05   9.002492e-25   792
  2.145162e-01   2.619596e-23   1.425907e-04   8.496602e-25   600
  2.148267e-01   2.442524e-23   9.663487e-05   8.676899e-25   456
  2.151535e-01   2.764629e-23   4.709572e-05   9.884166e-25   648
  2.155732e-01   2.662847e-23   9.184351e-05   7.506401e-25   936
  2.160264e-01   3.128976e-23   5.640375e-05   1.508602e-24   384
  2.164208e-01   2.427087e-23   4.745948e-09   1.270051e-24   198
  2.167253e-01   2.524712e-23   1.431011e-04   5.686835e-25   1224
  2.170537e-01   2.788919e-23   1.042217e-04   9.635074e-25   420
  2.174420e-01   2.583367e-23   1.008648e-04   7.001507e-25   792
  2.178218e-01   2.574232e-23   8.340657e-05   8.462154e-25   680
  2.182552e-01   2.455593e-23   7.658783e-05   8.167092e-25   600
  2.186039e-01   2.636833e-23   1.110734e-04   8.265144e-25   840
  2.190695e-01   2.562063e-23   5.244369e-05   9.960334e-25   432
  2.192474e-01   2.865043e-23   4.914665e-05   9.475449e-25   720
  2.196343e-01   2.775171e-23   9.843213e-05   7.591513e-25   960
  2.201154e-01   2.684660e-23   8.774504e-05   9.824845e-25   528
  2.204670e-01   2.536872e-23   8.969217e-05   9.562419e-25   624
  2.208855e-01   2.843164e-23   7.049743e-05   8.299004e-25   816
  2.213008e-01   2.722589e-23   1.159345e-04   8.410389e-25   696
  2.217599e-01   2.524421e-23   7.830814e-09   1.283317e-24   240
  2.219325e-01   2.602788e-23   6.836935e-05   8.579786e-25   672
  2.223177e-01   2.412079e-23   1.221858e-04   7.209760e-25   864
  2.227499e-01   2.274366e-23   9.375778e-05   6.718683e-25   816
  2.231394e-01   2.697227e-23   5.366372e-05   9.248879e-25   648
  2.235589e-01   2.905783e-23   5.485410e-05   9.006825e-25   843
  2.239151e-01   2.532864e-23   9.869601e-05   7.738779e-25   780
  2.243395e-01   2.170339e-23   5.295844e-05   1.353544e-24   216
  2.246013e-01   2.606955e-23   1.277035e-04   6.828297e-25   1056
  2.250039e-01   2.574572e-23   1.044758e-04   1.376320e-24   228
  2.253767e-01   2.841436e-23   1.300750e-04   8.279293e-25   924
  2.257594e-01   2.824067e-23   4.825052e-05   8.454187e-25   696
  2.261647e-01   2.339547e-23   8.587211e-05   6.847249e-25   996
  2.265793e-01   2.267666e-23   5.069718e-05   7.663989e-25   576
  2.270107e-01   2.424654e-23   7.824775e-05   9.699990e-25   552
  2.273251e-01   2.853539e-23   9.342507e-05   1.191022e-24   516
  2.276442e-01   2.702193e-23   1.358594e-04   1.059815e-24   744
  2.280088e-01   2.249312e-23   6.664715e-05   7.537578e-25   576
  2.283260e-01   2.367309e-23   6.859680e-05   7.067528e-25   792
  2.287768e-01   2.671886e-23   7.841886e-05   8.698723e-25   792
  2.291071e-01   2.549632e-23   8.457391e-05   7.848624e-25   720
  2.295538e-01   2.424322e-23   9.639481e-05   7.936976e-25   656
  2.299724e-01   2.560176e-23   1.052581e-04   8.160750e-25   816
  2.304015e-01   2.214480e-23   5.675340e-05   8.351079e-25   492
  2.306454e-01   2.387747e-23   8.164378e-05   8.525929e-25   552
  2.311032e-01   2.104937e-23   1.419686e-04   6.753893e-25   780
  2.314005e-01   2.482113e-23   8.720963e-05   8.890685e-25   528
  2.317208e-01   2.142105e-23   1.018002e-04   6.600098e-25   600
  2.321929e-01   2.569265e-23   8.460399e-05   6.418906e-25   900
  2.325183e-01   2.210202e-23   4.683822e-05   7.450105e-25   696
  2.329660e-01   2.208378e-23   1.184322e-04   7.264175e-25   696
  2.333991e-01   2.097423e-23   4.804683e-05   6.506828e-25   552
  2.337633e-01   2.161095e-23   5.587403e-05   7.147352e-25   708
  2.341448e-01   2.093593e-23   9.225121e-05   6.716356e-25   876
  2.345418e-01   2.297848e-23   4.898356e-05   1.521813e-24   216
  2.348082e-01   2.423873e-23   1.339767e-04   6.653351e-25   1032
  2.352071e-01   2.218965e-23   1.491682e-04   8.316954e-25   600
  2.356212e-01   1.754649e-23   7.117755e-05   6.222186e-25   600
  2.359371e-01   2.295147e-23   1.256929e-04   8.748652e-25   528
  2.363105e-01   2.134150e-23   6.899988e-05   6.676481e-25   732
  2.367039e-01   2.362036e-23   5.095015e-05   1.116687e-24   336
  2.371566e-01   2.081696e-23   7.261407e-05   5.758758e-25   912
  2.374950e-01   1.987393e-23   7.288252e-05   6.748938e-25   624
  2.378647e-01   2.042996e-23   6.141657e-05   6.338957e-25   768
  2.382963e-01   2.171020e-23   1.108076e-04   5.812367e-25   792
  2.387198e-01   2.253155e-23   5.493383e-05   8.361206e-25   660
  2.390212e-01   1.842321e-23   8.095383e-05   6.893010e-25   504
  2.393329e-01   2.004587e-23   1.322631e-04   7.254979e-25   480
  2.398000e-01   1.845682e-23   1.223261e-04   4.755969e-25   912
  2.401658e-01   1.826899e-23   1.362291e-04   6.518775e-25   432
  2.405113e-01   1.801751e-23   8.088962e-05   6.378106e-25   564
  2.408180e-01   1.981930e-23   7.742251e-05   6.317105e-25   600
  2.412498e-01   2.048153e-23   1.079196e-04   6.335745e-25   876
  2.415741e-01   1.879551e-23   4.852393e-05   8.841005e-25   264
  2.420212e-01   1.662088e-23   9.415549e-05   5.474386e-25   560
  2.423806e-01   1.841685e-23   6.398069e-05   5.020292e-25   840
  2.428168e-01   1.720587e-23   9.863978e-05   4.314407e-25   1008
  2.432202e-01   1.519894e-23   4.412481e-05   4.806763e-25   456
  2.435886e-01   1.883245e-23   5.715745e-05   6.619479e-25   576
  2.439292e-01   1.919027e-23   8.782853e-05   6.160570e-25   612
  2.443783e-01   1.860632e-23   7.844513e-05   5.567775e-25   780
  2.447447e-01   1.907795e-23   8.989453e-05   6.392317e-25   648
  2.451197e-01   1.961657e-23   4.189201e-05   9.475659e-25   312
  2.453594e-01   1.608983e-23   1.064407e-04   5.792152e-25   528
  2.457747e-01   1.653685e-23   1.390063e-04   4.413698e-25   720
  2.461718e-01   1.614511e-23   1.394416e-04   5.766895e-25   576
  2.466533e-01   1.753870e-23   1.202863e-04   7.306934e-25   444
  2.469529e-01   1.907981e-23   1.179621e-04   4.852348e-25   996
  2.473200e-01   1.501505e-23   9.853387e-05   6.624716e-25   432
  2.476669e-01   1.916982e-23   1.078752e-04   6.849182e-25   504
  2.479666e-01   1.503823e-23   4.863583e-05   4.567708e-25   504
  2.483934e-01   1.727425e-23   9.571589e-05   4.023602e-25   876
  2.487796e-01   1.574240e-23   1.101599e-04   5.615484e-25   504
  2.491817e-01   1.524704e-23   7.025420e-05   4.462401e-25   696
  2.495140e-01   1.695696e-23   6.005997e-05   5.117385e-25   492
  2.499662e-01   1.673572e-23   8.597875e-05   7.189341e-25   432
  2.503011e-01   1.738913e-23   8.050968e-05   5.068252e-25   768
  2.506981e-01   1.610547e-23   1.002856e-04   5.116547e-25   648
  2.510772e-01   1.575545e-23   6.542561e-05   5.870962e-25   456
  2.515128e-01   1.823393e-23   8.997083e-05   5.876138e-25   552
  2.518153e-01   1.578326e-23   6.166608e-05   4.911819e-25   648
  2.522317e-01   1.567635e-23   1.005122e-04   4.174766e-25   840
  2.526384e-01   1.616241e-23   4.793217e-05   5.965577e-25   432
  2.530455e-01   1.680951e-23   5.870872e-05   5.982590e-25   600
  2.533287e-01   1.683025e-23   6.255029e-05   6.760544e-25   432
  2.538044e-01   1.671401e-23   6.227491e-05   4.977638e-25   560
  2.541265e-01   1.570868e-23   9.857465e-05   4.118018e-25   840
  2.545299e-01   1.498164e-23   5.838720e-05   5.256449e-25   504
  2.548502e-01   1.416355e-23   1.191648e-04   3.860254e-25   696
  2.553018e-01   1.725294e-23   6.508356e-05   6.491930e-25   384
  2.556535e-01   1.513600e-23   9.533975e-05   4.433017e-25   576
  2.560789e-01   1.470656e-23   5.883893e-05   6.023626e-25   360
  2.564218e-01   1.549730e-23   8.762544e-05   4.299848e-25   828
  2.567917e-01   1.425690e-23   7.804673e-05   5.308596e-25   372
  2.571307e-01   1.466577e-23   1.191923e-04   4.490974e-25   576
  2.575797e-01   1.634425e-23   4.991761e-05   4.689613e-25   636
  2.578996e-01   1.485131e-23   9.622826e-05   4.674744e-25   648
  2.583323e-01   1.552963e-23   7.822306e-05   5.118256e-25   576
  2.586430e-01   1.513534e-23   1.261820e-04   4.974892e-25   528
  2.590561e-01   1.499850e-23   5.394804e-05   7.749136e-25   360
  2.593981e-01   1.482280e-23   1.241007e-04   4.106075e-25   672
  2.598446e-01   1.570253e-23   6.356642e-05   4.581937e-25   804
  2.602163e-01   1.504441e-23   7.012137e-05   6.158599e-25   408
  2.606274e-01   1.616146e-23   4.334263e-05   6.385850e-25   384
  2.609042e-01   1.299275e-23   9.918459e-05   4.392303e-25   480
  2.612947e-01   1.442930e-23   6.408778e-05   4.996808e-25   432
  2.616692e-01   1.526216e-23   1.181001e-04   4.286709e-25   648
  2.621125e-01   1.422726e-23   7.328056e-05   4.258088e-25   624
  2.624367e-01   1.476038e-23   6.665485e-05   4.698012e-25   456
  2.628795e-01   1.493516e-23   9.105646e-05   4.799298e-25   588
  2.631762e-01   1.404684e-23   5.809364e-05   4.112400e-25   600
  2.636094e-01   1.371530e-23   9.061183e-05   3.836195e-25   708
  2.639516e-01   1.494610e-23   5.708370e-05   5.545262e-25   360
  2.643298e-01   1.534634e-23   6.561923e-05   4.771423e-25   552
  2.646923e-01   1.428340e-23   4.603344e-05   5.644976e-25   288
  2.650603e-01   1.426031e-23   8.655546e-05   5.018715e-25   528
  2.654060e-01   1.644763e-23   5.839431e-05   5.297568e-25   456
  2.657924e-01   1.437689e-23   1.035458e-04   4.496781e-25   608
  2.661809e-01   1.343624e-23   5.009661e-05   4.078218e-25   504
  2.666055e-01   1.169278e-23   1.075546e-04   3.846816e-25   540
  2.669384e-01   1.523512e-23   1.154568e-04   5.833174e-25   360
  2.672972e-01   1.491404e-23   5.228475e-05   4.873691e-25   540
  2.676146e-01   1.366570e-23   4.489266e-05   4.305619e-25   576
  2.680762e-01   1.291439e-23   1.040909e-04   3.401988e-25   588
  2.685150e-01   1.343790e-23   1.436140e-04   3.812666e-25   672
  2.688920e-01   1.386261e-23   1.097654e-04   4.375401e-25   552
  2.691959e-01   1.546748e-23   1.098209e-04   7.195101e-25   144
  2.695837e-01   1.455533e-23   9.330411e-05   4.510404e-25   600
  2.699514e-01   1.197929e-23   1.169304e-04   3.989276e-25   504
  2.703595e-01   1.554002e-23   1.201111e-04   6.609879e-25   336
  2.707887e-01   1.339961e-23   1.350054e-04   3.765449e-25   600
  2.711731e-01   1.430112e-23   8.712810e-05   4.167252e-25   636
  2.715880e-01   1.436138e-23   7.005178e-05   6.896740e-25   384
  2.718789e-01   1.361049e-23   9.771396e-05   4.359192e-25   504
  2.722982e-01   1.394923e-23   4.100918e-05   7.089279e-25   240
  2.726291e-01   1.402066e-23   9.633639e-05   3.890215e-25   744
  2.730261e-01   1.418130e-23   6.578310e-05   4.185694e-25   648
  2.733790e-01   1.740825e-23   4.366878e-05   1.093224e-24   120
  2.737925e-01   1.339978e-23   6.859799e-05   3.902846e-25   564
  2.741050e-01   1.368922e-23   1.077373e-04   5.226967e-25   432
  2.745220e-01   1.265402e-23   8.362543e-05   4.566292e-25   480
  2.748361e-01   1.180470e-23   6.155045e-05   4.074903e-25   456
  2.752067e-01   1.324567e-23   1.018569e-04   4.863863e-25   444
  2.756274e-01   1.235046e-23   1.558464e-04   4.147930e-25   528
  2.759969e-01   1.407651e-23   1.157439e-04   7.343129e-25   264
  2.763555e-01   1.206590e-23   1.186203e-04   4.227132e-25   444
  2.768379e-01   1.404632e-23   1.299311e-04   3.775516e-25   696
  2.772383e-01   1.373783e-23   6.949148e-05   5.021207e-25   384
  2.775311e-01   1.322984e-23   8.780831e-05   4.107216e-25   432
  2.779866e-01   1.303476e-23   6.067143e-05   4.086149e-25   488
  2.782823e-01   1.365803e-23   9.143939e-05   4.741177e-25   480
  2.787111e-01   1.186048e-23   1.019738e-04   4.601896e-25   480
  2.790432e-01   1.283579e-23   4.278510e-05   7.704145e-25   240
  2.794202e-01   1.255711e-23   9.994261e-05   4.008603e-25   600
  2.797758e-01   1.336017e-23   8.708975e-05   5.753757e-25   288
  2.801544e-01   1.299035e-23   8.377397e-05   4.579448e-25   480
  2.805379e-01   1.186789e-23   1.490189e-04   3.659260e-25   504
  2.809155e-01   1.228302e-23   6.393839e-05   5.053498e-25   216
  2.813970e-01   1.232789e-23   1.046773e-04   4.647095e-25   504
  2.817720e-01   1.227693e-23   8.419242e-05   4.168573e-25   456
  2.821825e-01   1.209487e-23   4.828579e-05   5.367124e-25   384
  2.824544e-01   1.410235e-23   9.800271e-05   4.836808e-25   480
  2.828408e-01   1.254267e-23   8.605736e-05   3.984194e-25   504
  2.831988e-01   1.215418e-23   5.458940e-05   4.983457e-25   312
  2.835845e-01   1.280404e-23   8.796897e-05   4.237307e-25   492
  2.839260e-01   1.264019e-23   8.245044e-05   4.991586e-25   312
  2.843655e-01   1.200185e-23   1.339342e-04   3.536006e-25   576
  2.847524e-01   1.272340e-23   1.236321e-04   4.703954e-25   336
  2.850738e-01   1.028988e-23   9.519099e-05   4.380910e-25   240
  2.855192e-01   1.193446e-23   1.261991e-04   3.965055e-25   468
  2.859039e-01   1.222133e-23   7.901891e-05   7.605993e-25   192
  2.863065e-01   1.144274e-23   7.925442e-05   4.758356e-25   324
  2.866016e-01   1.237228e-23   5.752155e-05   3.774181e-25   600
  2.870037e-01   1.402559e-23   9.332283e-05   5.767134e-25   456
  2.873023e-01   1.344816e-23   4.197661e-05   5.107553e-25   336
  2.877972e-01   1.357273e-23   1.256898e-04   4.264254e-25   612
  2.881573e-01   1.149209e-23   1.054844e-04   5.624593e-25   144
  2.884978e-01   1.417156e-23   1.231274e-04   4.300075e-25   552
  2.889609e-01   1.093618e-23   4.848907e-05   5.344575e-25   264
  2.892225e-01   1.307370e-23   1.122646e-04   4.498674e-25   336
  2.896353e-01   1.087749e-23   7.418058e-05   3.864226e-25   384
  2.899932e-01   1.308582e-23   4.175634e-05   6.707195e-25   216
  2.903894e-01   1.029145e-23   8.853205e-05   4.414036e-25   344
  2.907507e-01   1.094132e-23   1.320940e-04   3.930698e-25   408
  2.911910e-01   1.171909e-23   1.015056e-04   5.536848e-25   264
  2.915811e-01   1.222656e-23   1.415038e-04   4.073560e-25   612
  2.919709e-01   1.401118e-23   7.282870e-05   5.031180e-25   408
  2.923718e-01   1.244591e-23   7.293338e-05   5.030996e-25   444
  2.926663e-01   1.624625e-23   4.079109e-05   1.103642e-24   120
  2.930609e-01   1.370033e-23   1.126983e-04   6.114285e-25   336
  2.933538e-01   1.148201e-23   3.916222e-05   4.677535e-25   288
  2.937496e-01   1.243594e-23   1.218735e-04   4.284596e-25   552
  2.942938e-01   1.482511e-23   6.525678e-09   1.410778e-24   72
  2.945736e-01   1.088068e-23   1.210514e-04   3.592426e-25   504
  2.949004e-01   1.019012e-23   3.895317e-05   4.588507e-25   216
  2.953239e-01   1.200942e-23   6.954821e-05   5.630176e-25   312
  2.957040e-01   1.196013e-23   7.919158e-05   4.828560e-25   336
  2.960663e-01   1.205101e-23   1.097684e-04   6.108237e-25   204
  2.964271e-01   1.276779e-23   1.275676e-04   4.395926e-25   504
  2.968098e-01   1.235460e-23   1.214810e-04   4.894631e-25   396
  2.971778e-01   1.254077e-23   1.114044e-04   4.552739e-25   312
  2.976240e-01   1.415421e-23   6.808000e-05   6.518515e-25   216
  2.979383e-01   1.218074e-23   3.694832e-05   7.579955e-25   168
  2.983203e-01   1.092741e-23   9.329657e-05   3.429019e-25   588
  2.987563e-01   1.051268e-23   1.266392e-04   4.938521e-25   240
  2.990950e-01   1.080758e-23   1.118436e-04   5.490416e-25   264
  2.994922e-01   1.046984e-23   1.383176e-04   4.375454e-25   288
  2.998446e-01   1.042883e-23   6.907007e-05   5.310057e-25   288
  3.002913e-01   1.143954e-23   6.486779e-05   5.887873e-25   288
  3.005921e-01   1.111287e-23   7.514392e-05   6.101911e-25   192
  3.009705e-01   8.564304e-24   7.996067e-05   3.913914e-25   264
  3.013310e-01   1.469124e-23   1.315242e-04   5.535400e-25   372
  3.017189e-01   1.337756e-23   1.420518e-04   5.851595e-25   360
  3.021924e-01   1.222270e-23   6.011768e-05   6.592638e-25   144
  3.024371e-01   1.099530e-23   8.350082e-05   5.462980e-25   296
  3.028234e-01   1.189817e-23   8.996782e-05   6.006608e-25   288
  3.032657e-01   1.135826e-23   1.344546e-04   4.550495e-25   480
  3.036471e-01   1.064053e-23   1.117190e-04   5.500547e-25   192
  3.040181e-01   1.284906e-23   1.198338e-04   6.840284e-25   192
  3.043553e-01   1.028104e-23   7.637151e-05   6.464755e-25   288
  3.048242e-01   9.794486e-24   6.648036e-05   5.996459e-25   108
  3.050604e-01   1.120834e-23   6.391272e-05   5.186041e-25   240
  3.054775e-01   9.631639e-24   1.192307e-04   3.361459e-25   384
  3.059059e-01   1.187305e-23   1.454479e-04   6.896751e-25   108
  3.062848e-01   1.355579e-23   8.527881e-05   5.705529e-25   348
  3.066832e-01   1.024552e-23   8.900031e-05   5.057931e-25   312
  3.070391e-01   1.120959e-23   8.648246e-05   8.950001e-25   96
  3.073663e-01   1.112955e-23   1.151358e-04   4.119876e-25   384
  3.077328e-01   1.167228e-23   7.919012e-05   6.815962e-25   144
  3.080912e-01   1.139095e-23   1.216791e-04   4.587101e-25   408
  3.085368e-01   9.727399e-24   5.427748e-05   5.157156e-25   144
  3.089578e-01   1.107094e-23   1.043490e-04   8.301710e-25   192
  3.092074e-01   1.301401e-23   1.174468e-04   8.718374e-25   144
  3.096144e-01   1.002138e-23   9.548855e-05   5.727634e-25   144
  3.099983e-01   1.262034e-23   1.167025e-04   5.029928e-25   336
  3.104685e-01   9.506448e-24   8.634502e-05   5.017586e-25   240
  3.107666e-01   1.312183e-23   3.920851e-05   8.906191e-25   96
  3.111825e-01   1.145157e-23   1.149797e-04   4.097577e-25   372
  3.116031e-01   1.107957e-23   1.367659e-04   7.430565e-25   132
  3.119726e-01   9.673919e-24   8.462908e-05   4.324191e-25   264
  3.123032e-01   1.298483e-23   6.499128e-05   8.293499e-25   168
  3.126560e-01   1.021596e-23   1.039086e-04   4.604315e-25   216
  3.129676e-01   9.933147e-24   6.357256e-05   5.424220e-25   216
  3.134215e-01   9.828425e-24   1.166292e-04   7.560620e-25   96
  3.138333e-01   1.084462e-23   7.608990e-05   7.784770e-25   120
  3.142110e-01   1.054924e-23   9.673168e-05   5.145738e-25   216
  3.145221e-01   1.044287e-23   4.227207e-05   4.925294e-25   200
  3.149340e-01   1.010292e-23   1.094242e-04   4.507884e-25   288
  3.154623e-01   8.735838e-24   2.879164e-05   4.928947e-25   144
  3.156848e-01   9.613403e-24   8.959781e-05   5.280309e-25   168
  3.161391e-01   1.134423e-23   1.008340e-04   7.677026e-25   159
  3.164937e-01   1.015836e-23   1.057991e-04   5.230557e-25   174
  3.168369e-01   1.023643e-23   9.593494e-05   4.920961e-25   144
  3.172863e-01   1.058550e-23   5.539549e-05   5.137377e-25   222
  3.175869e-01   9.902658e-24   5.589895e-05   5.202634e-25   168
  3.181060e-01   1.186435e-23   1.226079e-04   1.524937e-24   30
  3.183205e-01   6.887379e-24   1.082537e-04   5.376817e-25   72
  3.187244e-01   9.888285e-24   9.661517e-05   5.718890e-25   258
  3.191684e-01   9.209308e-24   6.051257e-05   3.394837e-25   264
  3.193905e-01   1.140670e-23   0.000000e+00   1.375522e-24   72
  3.198532e-01   8.473697e-24   1.199385e-04   4.646365e-25   174
  3.202721e-01   9.969806e-24   1.277123e-04   6.014750e-25   168
  3.206090e-01   6.459860e-24   3.996146e-09   5.932922e-25   48
  3.209705e-01   7.623475e-24   7.212215e-05   4.839391e-25   150
  3.213898e-01   1.301388e-23   1.326739e-04   6.465366e-25   168
  3.218102e-01   8.925671e-24   8.081877e-05   6.559153e-25   144
  3.221967e-01   1.064841e-23   7.550312e-05   9.072642e-25   102
  3.224847e-01   8.782688e-24   1.117576e-04   5.449087e-25   96
  3.229415e-01   8.647323e-24   1.109119e-04   6.139827e-25   120
  3.232799e-01   8.242378e-24   1.189559e-04   4.811170e-25   168
  3.236458e-01   1.095867e-23   8.783953e-05   5.699282e-25   126
  3.239576e-01   9.053549e-24   6.624856e-05   5.040279e-25   168
  3.243872e-01   7.887945e-24   1.062297e-04   6.070385e-25   72
  3.247626e-01   8.267903e-24   1.330232e-04   4.376581e-25   168
  3.250914e-01   9.510456e-24   3.646820e-05   6.689992e-25   78
  3.255420e-01   8.595783e-24   5.987806e-05   6.137910e-25   60
  3.259049e-01   1.264340e-23   9.713191e-05   9.615677e-25   96
  3.262812e-01   8.831970e-24   1.178615e-04   4.236435e-25   168
  3.266349e-01   8.151376e-24   7.457817e-05   7.463649e-25   86
  3.270060e-01   7.700209e-24   6.665520e-05   3.592407e-25   120
  3.275378e-01   8.475759e-24   4.753401e-05   4.332910e-25   168
  3.278247e-01   7.926504e-24   0.000000e+00   5.865367e-25   48
  3.282110e-01   9.422608e-24   8.660181e-05   4.192293e-25   120
  3.284330e-01   7.319280e-24   6.317951e-05   4.219739e-25   126
  3.289749e-01   8.843449e-24   1.111151e-04   7.624175e-25   96
  3.293266e-01   7.940101e-24   3.204012e-05   5.948793e-25   96
  3.296039e-01   8.097606e-24   0.000000e+00   6.391368e-25   72
  3.301949e-01   7.181506e-24   3.996146e-09   1.131195e-24   24
  3.305637e-01   8.322842e-24   6.593782e-05   5.358575e-25   120
  3.308514e-01   7.657007e-24   9.618300e-05   4.377619e-25   126
  3.311713e-01   7.304460e-24   8.018157e-05   4.798107e-25   96
  3.315452e-01   7.499237e-24   1.385771e-04   5.783738e-25   72
  3.319614e-01   8.392763e-24   5.993927e-05   5.802608e-25   144
  3.323038e-01   6.712598e-24   3.457157e-05   4.599868e-25   72
  3.326459e-01   8.120698e-24   6.905176e-05   7.316218e-25   54
  3.329469e-01   1.032234e-23   6.085106e-05   4.776340e-25   108
  3.335726e-01   9.069089e-24   5.964977e-05   6.361932e-25   72
  3.337673e-01   9.263532e-24   3.441997e-05   6.902829e-25   72
  3.342294e-01   8.741863e-24   6.921527e-09   1.052968e-24   24
  3.346666e-01   8.668852e-24   7.281693e-05   6.165235e-25   48
  3.349321e-01   7.093485e-24   5.546771e-05   6.296706e-25   102
  3.353317e-01   8.219454e-24   1.254449e-04   3.593594e-25   168
  3.358538e-01   5.452446e-24   6.841470e-05   3.857116e-25   72
  3.360473e-01   6.400506e-24   0.000000e+00   9.990367e-25   48
  3.364531e-01   7.596674e-24   1.176775e-04   4.177186e-25   120
  3.369887e-01   7.990204e-24   7.231517e-05   5.132388e-25   96
  3.374945e-01   9.569401e-24   7.830814e-09   8.461098e-25   30
  3.380957e-01   9.821560e-24   3.397687e-05   7.284443e-25   72
  3.383599e-01   7.404767e-24   3.996146e-09   8.475329e-25   24
  3.386992e-01   8.103765e-24   5.036212e-05   5.976516e-25   56
  3.390793e-01   6.861719e-24   7.186930e-05   4.550082e-25   96
  3.395342e-01   7.069949e-24   7.936128e-05   4.995612e-25   144
  3.398849e-01   9.379389e-24   4.505822e-05   1.098704e-24   54
  3.403944e-01   6.823903e-24   6.750198e-05   3.857917e-25   108
  3.409071e-01   8.908979e-24   3.574199e-05   1.049769e-24   48
  3.413952e-01   6.524445e-24   1.345800e-04   3.519882e-25   72
  3.425664e-01   7.113432e-24   8.891744e-05   4.272408e-25   78
  3.428909e-01   6.356208e-24   6.701044e-05   6.689049e-25   72
  3.432698e-01   7.330914e-24   6.692725e-05   4.840348e-25   72
  3.436659e-01   7.517774e-24   1.615028e-04   5.960735e-25   96
  3.439790e-01   8.413791e-24   6.678928e-05   7.493001e-25   72
  3.443566e-01   4.941292e-24   0.000000e+00   9.738822e-25   24
  3.447338e-01   5.809553e-24   1.332770e-04   6.897633e-25   72
  3.455858e-01   7.013814e-24   8.463498e-05   1.291125e-24   30
  3.457691e-01   9.440477e-24   0.000000e+00   1.808102e-24   24
  3.467544e-01   8.167554e-24   7.027855e-05   7.291912e-25   48
  3.470634e-01   7.785787e-24   1.512394e-04   4.910753e-25   120
  3.474798e-01   7.832767e-24   6.612537e-05   6.877441e-25   72
  3.479003e-01   6.350849e-24   6.604543e-05   5.449603e-25   36
  3.481894e-01   7.497203e-24   1.305365e-04   4.985328e-25   78
  3.489960e-01   6.225050e-24   6.982714e-05   5.890641e-25   48
  3.500419e-01   7.762168e-24   5.651403e-09   9.079684e-25   24
  3.507870e-01   6.107645e-24   4.862619e-05   6.326647e-25   56
  3.511622e-01   7.143880e-24   7.482652e-05   4.841047e-25   102
  3.516395e-01   7.278884e-24   5.328194e-09   5.696317e-25   72
  3.519166e-01   4.297317e-24   0.000000e+00   3.122870e-25   24
  3.524009e-01   9.627738e-24   6.915246e-05   5.775936e-25   48
  3.532988e-01   6.898893e-24   0.000000e+00   9.528428e-25   24
  3.544007e-01   6.933491e-24   0.000000e+00   9.272693e-25   6
  3.547443e-01   5.887213e-24   0.000000e+00   6.760178e-25   24
  3.549732e-01   7.413603e-24   6.472929e-05   5.748686e-25   72
  3.553914e-01   8.210562e-24   1.207586e-04   5.602528e-25   84
  3.558418e-01   7.482827e-24   0.000000e+00   9.366482e-25   24
  3.559787e-01   7.541953e-24   5.651403e-09   1.326361e-24   24
  3.566626e-01   6.277462e-24   3.996146e-09   7.166629e-25   24
  3.576179e-01   1.519971e-23   0.000000e+00   5.744307e-24   6
  3.588424e-01   8.077482e-24   6.791113e-05   7.398879e-25   48
  3.591365e-01   8.270077e-24   1.279335e-04   6.269538e-25   72
  3.595209e-01   7.623577e-24   6.778297e-05   7.961542e-25   48
  3.601304e-01   7.269814e-24   0.000000e+00   1.378278e-24   24
  3.609415e-01   9.553676e-24   3.996146e-09   8.249874e-25   6
  3.627599e-01   1.085038e-23   0.000000e+00   2.852442e-24   8
  3.628942e-01   6.845048e-24   3.996146e-09   4.911945e-25   48
  3.632164e-01   8.094925e-24   6.573533e-05   8.627655e-25   60
  3.636991e-01   8.079616e-24   0.000000e+00   7.494244e-25   24
  3.643686e-01   3.970220e-24   0.000000e+00   2.772894e-25   6
  3.668348e-01   8.681123e-24   0.000000e+00   7.194413e-25   24
  3.670341e-01   8.993389e-24   6.639546e-05   9.125999e-25   48
  3.673659e-01   5.488877e-24   0.000000e+00   4.453588e-25   24
  3.678962e-01   1.045707e-23   3.996146e-09   1.943906e-24   6
  3.709088e-01   8.335594e-24   6.194064e-05   1.004437e-24   36
  3.711278e-01   7.003610e-24   0.000000e+00   8.608283e-25   24
  3.715215e-01   5.505599e-24   0.000000e+00   9.330352e-25   6
  3.749494e-01   9.373683e-24   5.629118e-05   9.700353e-25   32
  3.752417e-01   1.553805e-23   3.996146e-09   5.555507e-24   6
  3.789254e-01   9.841162e-24   0.000000e+00   6.755081e-25   12
  3.790540e-01   4.981302e-24   0.000000e+00   7.105567e-25   6
  3.829556e-01   8.685066e-24   5.651403e-09   1.217805e-24   6
