# power spectrum of phi
# redshift z=0.000000
# k              Pk             sigma(k)       sigma(Pk)      count
  6.981317e-03   2.251568e-10   0.000000e+00   8.364529e-11   6
  9.873073e-03   1.261483e-10   0.000000e+00   2.304594e-11   12
  1.209200e-02   8.989704e-11   1.324548e-10   1.720880e-11   8
  1.396263e-02   2.981999e-10   0.000000e+00   2.895184e-11   6
  1.561070e-02   1.976102e-10   0.000000e+00   5.730408e-11   24
  1.710066e-02   2.678320e-10   2.497591e-10   4.172968e-11   24
  1.974615e-02   1.105199e-10   0.000000e+00   4.500502e-11   12
  2.094395e-02   1.239115e-10   2.825702e-10   1.974857e-11   30
  2.207686e-02   1.602135e-10   0.000000e+00   3.155117e-11   24
  2.315441e-02   1.374373e-10   4.325955e-10   3.110471e-11   24
  2.418399e-02   1.491083e-10   2.649095e-10   2.706433e-11   8
  2.517150e-02   1.278183e-10   3.532127e-10   1.473124e-11   24
  2.612170e-02   1.154096e-10   0.000000e+00   1.493037e-11   48
  2.792527e-02   1.369043e-10   0.000000e+00   5.491230e-11   6
  2.878471e-02   1.025560e-10   4.995182e-10   1.329457e-11   48
  2.961922e-02   9.607099e-11   0.000000e+00   9.543899e-12   36
  3.043086e-02   1.293911e-10   3.532127e-10   2.510466e-11   24
  3.122140e-02   7.889178e-11   0.000000e+00   1.147451e-11   24
  3.199241e-02   6.797463e-11   0.000000e+00   8.032378e-12   48
  3.274528e-02   9.035082e-11   4.995182e-10   1.178562e-11   24
  3.420133e-02   7.913259e-11   4.995182e-10   1.070870e-11   24
  3.490659e-02   4.907380e-11   0.000000e+00   7.491772e-12   30
  3.559787e-02   5.647530e-11   0.000000e+00   5.482340e-12   72
  3.627599e-02   5.622481e-11   5.298191e-10   1.081003e-11   32
  3.759554e-02   6.564642e-11   0.000000e+00   6.865114e-12   72
  3.823825e-02   4.084653e-11   0.000000e+00   5.550572e-12   48
  3.949229e-02   2.068645e-11   0.000000e+00   5.825801e-12   12
  4.010461e-02   4.059977e-11   0.000000e+00   5.286734e-12   48
  4.070772e-02   3.513568e-11   0.000000e+00   2.951241e-12   48
  4.130203e-02   4.377054e-11   4.995182e-10   5.226683e-12   48
  4.188790e-02   5.353970e-11   5.651403e-10   8.596271e-12   30
  4.246569e-02   5.824904e-11   4.995182e-10   1.137636e-11   24
  4.303573e-02   5.478041e-11   1.053077e-09   5.523340e-12   72
  4.415373e-02   2.803606e-11   0.000000e+00   5.583859e-12   24
  4.470224e-02   4.134008e-11   0.000000e+00   3.538582e-12   96
  4.524411e-02   3.137420e-11   0.000000e+00   4.247450e-12   48
  4.577956e-02   2.467219e-11   8.651909e-10   4.954366e-12   24
  4.630882e-02   1.800558e-11   8.651909e-10   3.428991e-12   24
  4.683210e-02   4.396216e-11   0.000000e+00   4.673026e-12   72
  4.734960e-02   3.472049e-11   0.000000e+00   4.596543e-12   48
  4.836798e-02   2.497396e-11   5.298191e-10   5.842734e-12   8
  4.886922e-02   4.429775e-11   6.279337e-10   5.388288e-12   54
  4.936537e-02   2.614011e-11   0.000000e+00   3.629613e-12   84
  4.985658e-02   3.633941e-11   0.000000e+00   4.626616e-12   48
  5.034299e-02   2.052124e-11   7.064254e-10   3.104348e-12   24
  5.082475e-02   2.606079e-11   6.660243e-10   2.587917e-12   72
  5.130199e-02   3.332349e-11   0.000000e+00   3.523400e-12   96
  5.224339e-02   4.002120e-11   0.000000e+00   3.992552e-12   48
  5.270779e-02   2.456544e-11   0.000000e+00   2.496177e-12   48
  5.316813e-02   2.258282e-11   7.064254e-10   3.926627e-12   24
  5.362451e-02   2.391792e-11   0.000000e+00   2.373265e-12   72
  5.452583e-02   2.168999e-11   6.660243e-10   2.339901e-12   72
  5.497095e-02   2.213178e-11   0.000000e+00   2.195918e-12   96
  5.585054e-02   4.021244e-11   0.000000e+00   1.511915e-11   6
  5.628518e-02   2.601839e-11   0.000000e+00   2.704797e-12   96
  5.671649e-02   2.679944e-11   7.064254e-10   2.570706e-12   96
  5.714454e-02   1.385980e-11   0.000000e+00   3.126489e-12   24
  5.756941e-02   1.912896e-11   9.990364e-10   2.063592e-12   48
  5.799117e-02   1.985184e-11   0.000000e+00   1.779266e-12   96
  5.840989e-02   1.788329e-11   0.000000e+00   2.552093e-12   48
  5.923844e-02   1.848283e-11   0.000000e+00   2.722157e-12   36
  5.964840e-02   1.841817e-11   1.223565e-09   2.146856e-12   48
  6.005556e-02   2.037801e-11   1.384305e-09   1.671668e-12   120
  6.045998e-02   1.820222e-11   0.000000e+00   2.255371e-12   56
  6.086171e-02   9.453483e-12   7.064254e-10   1.564269e-12   24
  6.126081e-02   1.426175e-11   0.000000e+00   1.245763e-12   96
  6.165732e-02   1.442253e-11   0.000000e+00   1.512750e-12   48
  6.244280e-02   2.115706e-11   0.000000e+00   3.360544e-12   24
  6.283185e-02   2.029095e-11   0.000000e+00   2.011766e-12   102
  6.321851e-02   2.462159e-11   0.000000e+00   3.721893e-12   48
  6.360282e-02   1.954651e-11   0.000000e+00   1.824665e-12   72
  6.398483e-02   1.715300e-11   0.000000e+00   1.505618e-12   48
  6.436456e-02   2.056832e-11   0.000000e+00   3.445032e-12   48
  6.474207e-02   1.745950e-11   1.598458e-09   1.522497e-12   120
  6.549056e-02   1.780060e-11   9.990364e-10   2.112184e-12   24
  6.586161e-02   1.344016e-11   9.419006e-10   1.068703e-12   144
  6.623059e-02   1.309202e-11   1.130281e-09   1.373745e-12   120
  6.659752e-02   1.373229e-11   9.990364e-10   1.914734e-12   48
  6.732538e-02   1.552520e-11   9.990364e-10   1.968391e-12   48
  6.768638e-02   1.272537e-11   9.990364e-10   1.051221e-12   96
  6.863955e-02   1.353404e-11   1.675093e-04   1.391453e-12   72
  6.911151e-02   1.261158e-11   1.255867e-09   9.165041e-13   108
  6.946323e-02   1.297333e-11   0.000000e+00   1.219953e-12   72
  6.981317e-02   8.751003e-12   0.000000e+00   1.677842e-12   30
  7.016137e-02   1.389656e-11   0.000000e+00   8.994698e-13   168
  7.050785e-02   1.838335e-11   0.000000e+00   1.843112e-12   48
  7.119574e-02   1.004898e-11   0.000000e+00   1.152338e-12   72
  7.153721e-02   1.457653e-11   0.000000e+00   1.404124e-12   96
  7.187706e-02   1.167310e-11   1.883801e-09   1.440786e-12   72
  7.221530e-02   1.271254e-11   0.000000e+00   1.171072e-12   72
  7.278398e-02   1.393887e-11   1.546684e-04   1.051607e-12   104
  7.322067e-02   1.157099e-11   1.332049e-09   7.707010e-13   144
  7.421242e-02   7.822350e-12   2.233913e-09   7.099217e-13   96
  7.454007e-02   7.044696e-12   0.000000e+00   6.473999e-13   96
  7.506116e-02   1.099511e-11   1.591194e-04   9.074650e-13   120
  7.551449e-02   9.277210e-12   0.000000e+00   7.067641e-13   120
  7.583651e-02   1.211480e-11   0.000000e+00   1.186250e-12   72
  7.647650e-02   1.310849e-11   0.000000e+00   1.441715e-12   48
  7.679449e-02   1.165527e-11   1.505926e-09   1.463727e-12   78
  7.720128e-02   1.140826e-11   1.424762e-04   8.649881e-13   168
  7.805350e-02   1.057033e-11   1.332049e-09   7.643887e-13   144
  7.836509e-02   1.375246e-11   1.332049e-09   8.872147e-13   144
  7.926883e-02   9.762463e-12   8.205478e-05   8.141997e-13   156
  7.959926e-02   9.449435e-12   1.730382e-09   1.918012e-12   48
  7.990483e-02   9.123749e-12   1.130281e-09   7.581043e-13   120
  8.020923e-02   7.028678e-12   0.000000e+00   9.638970e-13   48
  8.074745e-02   9.370565e-12   1.255998e-04   6.599064e-13   216
  8.141545e-02   4.696585e-12   0.000000e+00   4.764115e-13   48
  8.171422e-02   6.487602e-12   9.990364e-10   4.710059e-13   96
  8.213902e-02   7.769553e-12   1.467830e-04   6.345500e-13   168
  8.260406e-02   5.587650e-12   9.990364e-10   6.969267e-13   48
  8.289855e-02   8.317082e-12   0.000000e+00   7.047697e-13   96
  8.319199e-02   6.866824e-12   0.000000e+00   1.025949e-12   48
  8.377580e-02   9.412871e-12   1.130281e-09   1.151569e-12   30
  8.406619e-02   7.129737e-12   9.990364e-10   5.417405e-13   96
  8.441325e-02   7.451891e-12   1.153584e-04   5.125767e-13   240
  8.485953e-02   1.395272e-11   1.244551e-04   1.928174e-12   32
  8.521783e-02   5.607211e-12   0.000000e+00   3.722150e-13   168
  8.550332e-02   5.575884e-12   0.000000e+00   5.073506e-13   120
  8.607146e-02   6.298859e-12   2.106154e-09   7.682829e-13   72
  8.635412e-02   8.078212e-12   1.332049e-09   7.399863e-13   144
  8.663587e-02   6.095964e-12   0.000000e+00   4.966693e-13   96
  8.691670e-02   6.805936e-12   0.000000e+00   4.567369e-13   96
  8.747565e-02   1.056339e-11   1.631420e-09   1.144381e-12   72
  8.775379e-02   5.364519e-12   1.412851e-09   5.122007e-13   96
  8.830745e-02   9.956579e-12   0.000000e+00   1.699785e-12   24
  8.858298e-02   6.473719e-12   0.000000e+00   4.101312e-13   192
  8.890745e-02   6.029328e-12   1.056148e-04   4.695412e-13   132
  8.940448e-02   6.035686e-12   0.000000e+00   4.843134e-13   96
  8.967664e-02   3.724930e-12   0.000000e+00   3.236218e-13   96
  8.994798e-02   5.190623e-12   1.130281e-09   3.757267e-13   120
  9.048821e-02   5.215806e-12   0.000000e+00   4.486838e-13   48
  9.093103e-02   5.166071e-12   1.279966e-04   2.808818e-13   222
  9.129257e-02   6.371919e-12   0.000000e+00   5.468317e-13   120
  9.155911e-02   3.224845e-12   1.730382e-09   6.923322e-13   24
  9.194720e-02   6.645959e-12   1.321111e-04   3.927735e-13   312
  9.279280e-02   6.942552e-12   1.238595e-04   6.647904e-13   72
  9.314239e-02   4.972050e-12   9.990364e-10   4.326249e-13   96
  9.350136e-02   5.722140e-12   1.261337e-04   4.572516e-13   192
  9.392401e-02   4.992825e-12   1.598458e-09   5.220940e-13   120
  9.418312e-02   4.506474e-12   0.000000e+00   3.233017e-13   144
  9.469919e-02   5.588458e-12   0.000000e+00   6.467540e-13   48
  9.506602e-02   4.353146e-12   1.268319e-04   2.693117e-13   336
  9.546807e-02   4.825596e-12   0.000000e+00   4.308506e-13   48
  9.597724e-02   4.478786e-12   0.000000e+00   3.605067e-13   192
  9.623081e-02   2.902040e-12   0.000000e+00   3.253885e-13   48
  9.695161e-02   2.771887e-12   8.803796e-05   2.484740e-13   56
  9.731001e-02   4.138971e-12   1.130706e-04   2.215962e-13   336
  9.773844e-02   3.407404e-12   1.255867e-09   5.430623e-13   54
  9.811165e-02   4.111929e-12   1.241922e-04   2.687770e-13   240
  9.888643e-02   4.267445e-12   1.189150e-04   3.341580e-13   228
  9.922316e-02   3.852884e-12   1.332049e-09   3.985693e-13   72
  9.955002e-02   4.163121e-12   1.153504e-04   3.176656e-13   144
  9.995725e-02   4.023745e-12   0.000000e+00   3.351148e-13   96
  1.002007e-01   3.808123e-12   1.598458e-09   2.715287e-13   240
  1.006860e-01   2.193053e-12   1.412851e-09   2.771976e-13   24
  1.009966e-01   3.967962e-12   1.089476e-04   2.074335e-13   336
  1.014095e-01   2.248751e-12   0.000000e+00   2.228281e-13   72
  1.017863e-01   4.587794e-12   1.185007e-04   3.784992e-13   168
  1.021279e-01   3.940932e-12   0.000000e+00   4.809645e-13   72
  1.026040e-01   5.551008e-12   0.000000e+00   5.476567e-13   96
  1.029727e-01   2.768250e-12   1.176117e-04   1.667995e-13   216
  1.033141e-01   2.543996e-12   1.412851e-09   1.850556e-13   96
  1.037847e-01   3.596244e-12   0.000000e+00   2.392815e-13   192
  1.040193e-01   3.193786e-12   1.332049e-09   1.810748e-13   144
  1.044868e-01   2.019253e-12   0.000000e+00   1.900749e-13   48
  1.048105e-01   3.493823e-12   1.133915e-04   2.618757e-13   246
  1.052503e-01   3.930129e-12   1.045488e-04   3.423109e-13   168
  1.056465e-01   3.301204e-12   1.957704e-09   4.574985e-13   120
  1.058769e-01   2.965077e-12   0.000000e+00   2.254510e-13   240
  1.063363e-01   3.602541e-12   1.412851e-09   7.836051e-13   24
  1.067022e-01   2.879660e-12   1.119102e-04   1.441883e-13   360
  1.071580e-01   4.254911e-12   1.114340e-04   3.916281e-13   120
  1.074760e-01   3.154395e-12   0.000000e+00   2.516794e-13   144
  1.077025e-01   4.454887e-12   0.000000e+00   4.173959e-13   96
  1.083792e-01   2.775953e-12   0.000000e+00   1.978240e-13   144
  1.086038e-01   4.184702e-12   0.000000e+00   4.121668e-13   132
  1.089195e-01   2.590766e-12   1.099837e-04   2.180166e-13   176
  1.093777e-01   2.697053e-12   1.110614e-04   1.474740e-13   312
  1.099419e-01   2.754860e-12   0.000000e+00   2.701980e-13   96
  1.101633e-01   1.934884e-12   0.000000e+00   1.529039e-13   144
  1.105031e-01   2.770802e-12   1.099474e-04   1.807888e-13   312
  1.110446e-01   2.476656e-12   0.000000e+00   3.032163e-13   48
  1.112639e-01   2.561093e-12   1.412851e-09   1.749670e-13   192
  1.117011e-01   2.057001e-12   0.000000e+00   3.572397e-13   6
  1.119915e-01   2.502196e-12   1.025446e-04   1.516477e-13   288
  1.124620e-01   2.701963e-12   1.083450e-04   2.086781e-13   192
  1.127866e-01   2.432693e-12   3.322713e-09   1.740781e-13   216
  1.130025e-01   3.037866e-12   0.000000e+00   3.729222e-13   72
  1.135403e-01   3.015984e-12   1.073161e-04   3.357374e-13   192
  1.138975e-01   2.896272e-12   7.968796e-05   2.187033e-13   288
  1.142891e-01   2.153807e-12   0.000000e+00   3.880112e-13   24
  1.145916e-01   2.324131e-12   1.049823e-04   1.323008e-13   456
  1.151388e-01   2.608250e-12   1.998073e-09   5.375237e-13   48
  1.154769e-01   2.866030e-12   1.034033e-04   1.842931e-13   240
  1.158655e-01   2.849501e-12   1.045007e-04   2.010051e-13   216
  1.161923e-01   2.157492e-12   0.000000e+00   2.239245e-13   72
  1.164018e-01   1.774203e-12   3.610549e-09   1.246335e-13   168
  1.169935e-01   2.320218e-12   7.767385e-05   1.520917e-13   288
  1.173253e-01   2.594008e-12   1.027758e-04   2.084492e-13   168
  1.178582e-01   2.274718e-12   0.000000e+00   1.806502e-13   192
  1.180648e-01   1.725614e-12   1.332049e-09   9.803177e-14   144
  1.184769e-01   3.406518e-12   0.000000e+00   4.005275e-13   36
  1.188264e-01   1.819022e-12   9.385617e-05   1.004293e-13   342
  1.191605e-01   2.142586e-12   9.637890e-05   2.560098e-13   144
  1.195900e-01   2.587344e-12   1.010773e-04   2.025792e-13   384
  1.201111e-01   2.393012e-12   2.768611e-09   2.311316e-13   120
  1.203690e-01   2.533326e-12   9.013158e-05   1.435099e-13   264
  1.207183e-01   2.105715e-12   4.467827e-09   1.579100e-13   192
  1.210471e-01   1.832200e-12   9.713401e-05   1.599693e-13   152
  1.213224e-01   2.055721e-12   2.664097e-09   2.104479e-13   144
  1.219012e-01   1.490478e-12   6.286607e-05   1.201625e-13   216
  1.221692e-01   2.354588e-12   8.400585e-05   1.533087e-13   312
  1.226409e-01   2.002184e-12   9.736112e-05   1.416578e-13   240
  1.229188e-01   1.679146e-12   1.412851e-09   1.156542e-13   96
  1.234463e-01   1.173131e-12   9.308426e-05   8.172298e-14   144
  1.237714e-01   1.888546e-12   9.149363e-05   1.018846e-13   456
  1.242988e-01   1.101455e-12   0.000000e+00   8.350470e-14   120
  1.244947e-01   1.608704e-12   0.000000e+00   1.277994e-13   144
  1.248856e-01   1.800592e-12   0.000000e+00   2.110329e-13   24
  1.251362e-01   1.435733e-12   8.794658e-05   8.070050e-14   336
  1.255696e-01   1.759853e-12   9.699311e-05   1.496108e-13   198
  1.259757e-01   2.116343e-12   9.432023e-05   1.591996e-13   432
  1.264370e-01   2.856294e-12   0.000000e+00   4.695942e-13   48
  1.266777e-01   2.373416e-12   8.326844e-05   1.564676e-13   384
  1.271098e-01   1.914932e-12   9.585962e-05   2.352415e-13   144
  1.275013e-01   2.730874e-12   9.517601e-05   2.580520e-13   264
  1.279697e-01   1.653392e-12   0.000000e+00   1.517864e-13   48
  1.282839e-01   1.597533e-12   9.049683e-05   1.177594e-13   276
  1.285870e-01   1.842770e-12   8.203293e-05   1.602121e-13   192
  1.289922e-01   1.523479e-12   9.218697e-05   7.385555e-14   552
  1.294841e-01   1.260173e-12   3.196917e-09   1.392594e-13   120
  1.297765e-01   1.127673e-12   9.331596e-05   7.898290e-14   216
  1.300475e-01   1.335536e-12   1.598458e-09   1.115372e-13   120
  1.305316e-01   1.875276e-12   9.189333e-05   1.065339e-13   408
  1.309811e-01   3.953010e-13   1.998073e-09   4.662965e-14   24
  1.312599e-01   1.570324e-12   9.282881e-05   1.101418e-13   384
  1.316492e-01   1.114710e-12   9.069708e-05   6.873869e-14   240
  1.319872e-01   1.380859e-12   9.136125e-05   9.509137e-14   168
  1.324612e-01   1.058570e-12   2.260561e-09   1.115567e-13   120
  1.327667e-01   1.863816e-12   9.523931e-05   1.615877e-13   350
  1.332635e-01   1.782310e-12   1.567823e-04   1.303943e-13   384
  1.335605e-01   2.328568e-12   0.000000e+00   2.944893e-13   144
  1.341067e-01   1.488097e-12   3.767602e-09   1.525845e-13   288
  1.343919e-01   1.637302e-12   8.974411e-05   1.334722e-13   336
  1.347800e-01   1.082756e-12   8.170456e-05   1.010712e-13   168
  1.350122e-01   1.945051e-12   1.614687e-09   1.392284e-13   336
  1.354927e-01   1.053653e-12   8.480446e-05   6.584346e-14   288
  1.357812e-01   1.443899e-12   7.990748e-05   1.015737e-13   264
  1.362699e-01   1.364702e-12   0.000000e+00   1.298971e-13   240
  1.364486e-01   1.082055e-12   2.825702e-09   1.225330e-13   96
  1.370900e-01   1.324413e-12   1.086688e-04   9.406412e-14   360
  1.373893e-01   1.231461e-12   8.010757e-05   1.545855e-13   168
  1.377676e-01   1.262856e-12   8.732558e-05   7.322018e-14   456
  1.382230e-01   1.020774e-12   2.511735e-09   1.126945e-13   108
  1.384792e-01   7.763810e-13   8.761995e-05   4.725958e-14   264
  1.387988e-01   1.139141e-12   7.817127e-05   9.514437e-14   264
  1.392364e-01   1.159883e-12   7.376599e-05   6.359218e-14   312
  1.397814e-01   1.403491e-12   5.481617e-05   1.582836e-13   270
  1.400098e-01   1.674768e-12   6.959603e-05   1.580544e-13   240
  1.404204e-01   1.454869e-12   8.609907e-05   1.194526e-13   384
  1.406696e-01   1.099209e-12   0.000000e+00   7.667506e-14   192
  1.411539e-01   1.397445e-12   6.908303e-05   1.246667e-13   240
  1.414347e-01   1.476142e-12   8.525963e-05   1.137221e-13   336
  1.419630e-01   1.254321e-12   8.583011e-05   7.088081e-14   480
  1.423915e-01   1.462383e-12   0.000000e+00   1.833311e-13   72
  1.426309e-01   1.424692e-12   8.369217e-05   1.437062e-13   240
  1.429564e-01   1.074312e-12   7.865917e-05   7.268986e-14   312
  1.433297e-01   9.288879e-13   8.501169e-05   6.707571e-14   240
  1.438936e-01   1.095855e-12   6.458688e-05   8.447535e-14   408
  1.441169e-01   1.033197e-12   5.914602e-05   7.605235e-14   336
  1.445532e-01   1.062491e-12   7.510087e-05   8.238815e-14   264
  1.447677e-01   6.150467e-13   0.000000e+00   3.943950e-14   144
  1.453643e-01   9.852536e-13   1.040943e-04   6.641407e-14   464
  1.456786e-01   7.809300e-13   8.277629e-05   6.181093e-14   168
  1.459889e-01   8.561158e-13   7.539115e-05   7.943737e-14   336
  1.465498e-01   9.987596e-13   7.921315e-05   7.762860e-14   414
  1.468660e-01   2.019160e-12   8.245619e-05   1.977320e-13   216
  1.472710e-01   2.037408e-12   1.998073e-09   2.376050e-13   96
  1.474364e-01   1.098544e-12   5.994218e-09   1.045472e-13   384
  1.480158e-01   1.020662e-12   8.229688e-05   7.596693e-14   492
  1.483263e-01   1.389974e-12   8.047930e-05   1.058707e-13   240
  1.486772e-01   9.555419e-13   8.171468e-05   7.117729e-14   312
  1.491618e-01   6.504407e-13   8.168777e-05   6.800962e-14   192
  1.494688e-01   9.397215e-13   7.916535e-05   7.349638e-14   504
  1.498761e-01   1.094190e-12   5.240881e-05   8.338545e-14   408
  1.501968e-01   6.964944e-13   1.605609e-04   5.698353e-14   168
  1.505981e-01   1.273951e-12   7.626782e-05   8.600556e-14   288
  1.509348e-01   8.391286e-13   7.959200e-05   6.586688e-14   288
  1.512797e-01   6.146403e-13   8.005014e-05   4.306622e-14   432
  1.517801e-01   8.776368e-13   7.570076e-05   6.527834e-14   216
  1.520474e-01   7.765166e-13   7.554106e-05   5.782101e-14   360
  1.525234e-01   8.445395e-13   7.372735e-05   6.377832e-14   312
  1.529530e-01   1.201360e-12   0.000000e+00   1.489021e-13   48
  1.532006e-01   6.915758e-13   7.904634e-05   4.346571e-14   432
  1.536441e-01   7.583572e-13   1.318501e-04   6.065737e-14   414
  1.539060e-01   9.166882e-13   6.955573e-09   8.056692e-14   312
  1.543946e-01   9.687848e-13   1.156911e-04   8.300788e-14   528
  1.547243e-01   9.995388e-13   6.072803e-05   1.065846e-13   264
  1.551204e-01   9.939146e-13   7.200680e-05   8.188902e-14   480
  1.556380e-01   8.869788e-13   0.000000e+00   7.946731e-14   288
  1.558615e-01   6.052897e-13   7.736908e-05   5.100648e-14   168
  1.562704e-01   1.016585e-12   1.224750e-04   6.157066e-14   504
  1.567302e-01   1.606551e-12   2.664097e-09   1.836100e-13   144
  1.570194e-01   5.432135e-13   7.865832e-05   3.025321e-14   464
  1.574541e-01   6.470973e-13   1.154355e-04   3.927605e-14   432
  1.576603e-01   8.534593e-13   1.998073e-09   9.384225e-14   192
  1.581934e-01   5.780539e-13   8.557628e-05   5.248950e-14   396
  1.585082e-01   5.559875e-13   7.687110e-05   4.133520e-14   288
  1.588263e-01   5.887409e-13   7.593549e-05   4.916146e-14   336
  1.593345e-01   6.509103e-13   4.808388e-05   3.906594e-14   432
  1.596570e-01   7.301331e-13   1.246267e-04   5.067385e-14   360
  1.600192e-01   5.764322e-13   7.371853e-05   3.153635e-14   384
  1.605335e-01   5.431495e-13   6.507077e-05   5.043367e-14   198
  1.607813e-01   7.526839e-13   7.396430e-05   6.630310e-14   552
  1.612434e-01   1.177730e-12   1.035450e-04   1.347952e-13   432
  1.616292e-01   5.756028e-13   0.000000e+00   5.083268e-14   168
  1.619530e-01   1.114251e-12   1.283579e-04   1.019319e-13   480
  1.623813e-01   4.740815e-13   0.000000e+00   3.877804e-14   120
  1.625741e-01   7.270819e-13   1.048372e-04   5.620433e-14   336
  1.630445e-01   7.031170e-13   7.396097e-05   4.738380e-14   672
  1.635097e-01   7.900312e-13   1.075863e-04   4.651706e-14   528
  1.637264e-01   3.638834e-13   3.229373e-09   2.885329e-14   168
  1.642270e-01   8.520222e-13   1.200118e-04   6.892450e-14   456
  1.645324e-01   1.048767e-12   7.329223e-05   1.345973e-13   168
  1.648495e-01   6.371959e-13   7.316065e-05   3.824574e-14   504
  1.653766e-01   4.620026e-13   9.414654e-05   4.627974e-14   336
  1.656953e-01   6.358446e-13   6.786851e-05   5.411782e-14   312
  1.660489e-01   6.298399e-13   6.631214e-05   4.971161e-14   504
  1.665141e-01   4.535415e-13   4.600920e-05   2.384242e-14   432
  1.667329e-01   4.870459e-13   7.109945e-05   3.046189e-14   312
  1.671876e-01   5.109915e-13   7.288039e-05   3.103533e-14   384
  1.676624e-01   1.020179e-12   6.192036e-05   1.788763e-13   126
  1.679555e-01   7.544739e-13   1.087174e-04   5.863249e-14   492
  1.683299e-01   7.589162e-13   6.963360e-05   6.042006e-14   528
  1.687978e-01   5.557151e-13   7.073279e-05   4.851430e-14   480
  1.690879e-01   7.769628e-13   9.771696e-05   6.461187e-14   432
  1.695076e-01   6.824513e-13   7.684145e-05   4.920185e-14   440
  1.699951e-01   8.178196e-13   3.821294e-05   8.452717e-14   312
  1.701781e-01   5.478249e-13   5.726529e-05   4.962630e-14   480
  1.705533e-01   5.592149e-13   1.121243e-04   4.647694e-14   408
  1.711016e-01   8.545868e-13   6.714979e-05   7.356940e-14   360
  1.713332e-01   5.714017e-13   6.479710e-05   4.382716e-14   408
  1.717625e-01   4.295287e-13   6.593925e-05   3.484526e-14   456
  1.722458e-01   6.076710e-13   6.302169e-05   4.229194e-14   264
  1.725141e-01   5.181578e-13   6.839435e-05   4.526898e-14   384
  1.729046e-01   4.565310e-13   1.151467e-04   2.722243e-14   672
  1.733561e-01   6.293347e-13   6.887260e-05   6.180062e-14   240
  1.736166e-01   3.748190e-13   6.988846e-05   2.427677e-14   264
  1.739843e-01   3.180652e-13   8.619588e-05   1.900440e-14   624
  1.745329e-01   4.385761e-13   0.000000e+00   7.441171e-14   150
  1.747283e-01   7.608785e-13   9.658929e-05   5.888348e-14   600
  1.751402e-01   6.084798e-13   6.666345e-05   3.873460e-14   672
  1.756067e-01   5.461499e-13   6.270167e-05   7.633776e-14   336
  1.758666e-01   8.163267e-13   6.820115e-05   6.913380e-14   408
  1.762818e-01   6.039790e-13   6.804049e-05   6.336177e-14   408
  1.767436e-01   5.199771e-13   3.440492e-05   3.305452e-14   360
  1.770283e-01   6.177636e-13   1.263238e-04   5.151429e-14   456
  1.773722e-01   5.134233e-13   6.869566e-05   4.831068e-14   384
  1.778099e-01   2.825617e-13   6.341480e-05   2.230394e-14   348
  1.780464e-01   6.354035e-13   7.817791e-05   5.176536e-14   576
  1.784907e-01   4.199266e-13   6.436923e-05   3.388599e-14   504
  1.789452e-01   4.304364e-13   9.078907e-05   3.422188e-14   432
  1.793419e-01   4.451414e-13   1.235181e-04   2.939687e-14   576
  1.796248e-01   4.260634e-13   0.000000e+00   4.655796e-14   264
  1.800736e-01   3.934166e-13   9.828954e-05   1.991600e-14   768
  1.804640e-01   1.514128e-13   1.323290e-04   9.195713e-15   240
  1.807743e-01   5.074684e-13   1.167016e-04   5.662429e-14   192
  1.812263e-01   3.065339e-13   8.590664e-05   1.716118e-14   504
  1.815615e-01   6.018318e-13   1.157624e-04   5.541391e-14   590
  1.818830e-01   6.429546e-13   1.297055e-04   6.179822e-14   384
  1.822861e-01   4.408712e-13   1.083956e-04   3.458139e-14   504
  1.827729e-01   6.895727e-13   1.043140e-04   5.164413e-14   648
  1.832449e-01   3.939588e-13   2.833030e-05   3.580803e-14   504
  1.834353e-01   3.774084e-13   6.462673e-05   3.425724e-14   312
  1.837714e-01   6.977953e-13   9.311123e-05   5.507469e-14   576
  1.842327e-01   7.444803e-13   6.479663e-05   7.895800e-14   240
  1.845017e-01   3.184174e-13   6.547387e-05   1.969949e-14   552
  1.848823e-01   6.271351e-13   6.147846e-05   5.200901e-14   600
  1.854246e-01   3.933583e-13   7.509108e-05   2.888887e-14   600
  1.857506e-01   3.550773e-13   1.202524e-04   3.306991e-14   312
  1.860753e-01   4.782954e-13   1.047280e-04   3.994245e-14   480
  1.864809e-01   3.468286e-13   6.534019e-05   2.920776e-14   576
  1.868380e-01   5.272661e-13   1.052119e-04   5.015105e-14   408
  1.871548e-01   1.209498e-13   1.227345e-04   7.772088e-15   216
  1.875642e-01   2.949209e-13   9.400084e-05   1.823128e-14   516
  1.880028e-01   3.437014e-13   8.968636e-05   1.910168e-14   744
  1.884552e-01   3.804638e-13   5.990257e-05   2.443386e-14   462
  1.887109e-01   5.645329e-13   6.088230e-05   7.040202e-14   432
  1.891075e-01   6.065707e-13   5.648168e-05   5.058949e-14   648
  1.895737e-01   5.262723e-13   8.264320e-05   5.462292e-14   528
  1.899483e-01   4.571967e-13   9.952305e-05   3.660859e-14   600
  1.903225e-01   9.622831e-13   1.254725e-04   1.187871e-13   240
  1.906850e-01   4.356390e-13   9.611075e-05   3.483049e-14   720
  1.911062e-01   3.836035e-13   7.604100e-05   2.944977e-14   720
  1.915732e-01   1.208468e-13   0.000000e+00   9.985822e-15   144
  1.918190e-01   4.754924e-13   9.803961e-05   3.217095e-14   720
  1.921686e-01   4.616689e-13   5.878648e-05   3.557975e-14   384
  1.926063e-01   3.205426e-13   6.516793e-05   1.862415e-14   672
  1.930215e-01   4.961690e-13   1.141019e-04   4.078519e-14   336
  1.932199e-01   4.370583e-13   0.000000e+00   4.507539e-14   288
  1.937055e-01   3.446101e-13   9.030399e-05   2.421440e-14   776
  1.941551e-01   2.753285e-13   7.726878e-05   1.601336e-14   720
  1.945327e-01   2.297488e-13   6.224567e-05   1.541303e-14   432
  1.948347e-01   4.346016e-13   8.873905e-05   3.489184e-14   504
  1.951706e-01   3.544369e-13   6.217429e-05   2.443216e-14   528
  1.956407e-01   4.602437e-13   8.470885e-05   5.014393e-14   438
  1.960275e-01   5.415106e-13   9.859335e-05   5.714493e-14   624
  1.963189e-01   5.501926e-13   1.207635e-04   7.870958e-14   312
  1.967196e-01   5.131995e-13   6.506437e-05   3.586753e-14   696
  1.971339e-01   3.835714e-13   5.887146e-05   3.319576e-14   552
  1.975648e-01   4.696556e-13   4.554687e-05   4.529010e-14   516
  1.978313e-01   5.586399e-13   9.097645e-05   4.978358e-14   528
  1.981558e-01   1.334339e-13   5.916447e-05   5.936516e-15   528
  1.986168e-01   3.880382e-13   7.802593e-05   2.755217e-14   864
  1.989297e-01   3.615619e-13   1.068795e-04   3.407328e-14   408
  1.992429e-01   6.547023e-13   1.058911e-04   7.070601e-14   192
  1.996868e-01   2.852084e-13   8.762994e-05   2.312822e-14   720
  2.000615e-01   3.344014e-13   8.079911e-05   2.757853e-14   696
  2.005068e-01   3.270124e-13   8.726379e-05   2.241039e-14   720
  2.009142e-01   3.189368e-13   1.182756e-04   2.456955e-14   432
  2.011518e-01   1.639426e-13   6.962164e-05   1.223571e-14   264
  2.015793e-01   2.782979e-13   9.614441e-05   1.575941e-14   672
  2.019616e-01   2.914364e-13   9.843711e-05   1.845592e-14   600
  2.024154e-01   1.521196e-13   5.763483e-05   2.117531e-14   270
  2.026441e-01   4.117266e-13   8.675648e-05   4.098923e-14   528
  2.030077e-01   3.982279e-13   5.940776e-05   3.551674e-14   840
  2.035062e-01   5.366705e-13   1.135983e-04   3.886488e-14   888
  2.039669e-01   3.141322e-13   8.463909e-05   2.569595e-14   744
  2.043562e-01   3.185308e-13   4.349214e-05   2.940461e-14   456
  2.045498e-01   6.761329e-13   5.943469e-05   6.173060e-14   360
  2.048811e-01   3.485569e-13   5.149682e-05   5.010465e-14   384
  2.053895e-01   2.836005e-13   8.260041e-05   1.722467e-14   816
  2.057710e-01   3.340003e-13   1.198416e-04   2.301025e-14   824
  2.062346e-01   2.703950e-13   5.570811e-05   3.032618e-14   360
  2.064829e-01   2.711210e-13   8.220424e-05   1.711383e-14   624
  2.068246e-01   4.074746e-13   5.554917e-05   5.035217e-14   360
  2.072798e-01   2.742250e-13   7.556319e-05   2.042233e-14   876
  2.076909e-01   2.204912e-13   8.974647e-05   1.552923e-14   696
  2.081055e-01   1.661174e-13   5.795238e-05   1.193323e-14   336
  2.083228e-01   3.627883e-13   5.788726e-05   3.342589e-14   504
  2.086818e-01   2.484711e-13   5.838888e-05   2.115067e-14   672
  2.092144e-01   1.785969e-13   1.162387e-04   1.090708e-14   720
  2.095838e-01   3.693858e-13   8.780591e-05   3.275789e-14   774
  2.099915e-01   6.600712e-13   5.025783e-05   7.429088e-14   384
  2.102050e-01   4.609518e-13   9.671763e-05   4.594962e-14   528
  2.105364e-01   3.763939e-13   9.217729e-05   3.098863e-14   744
  2.110694e-01   4.058990e-13   7.602671e-05   3.106943e-14   768
  2.114233e-01   4.243959e-13   8.534571e-05   4.489080e-14   552
  2.118649e-01   2.580954e-13   9.301717e-05   2.150615e-14   696
  2.121934e-01   4.408552e-13   1.130320e-04   4.389282e-14   408
  2.124541e-01   3.643976e-13   4.883074e-05   3.832825e-14   504
  2.128675e-01   2.613866e-13   8.772259e-05   1.892550e-14   888
  2.132743e-01   2.680844e-13   9.116913e-05   2.456520e-14   648
  2.136971e-01   2.474244e-13   9.038766e-05   2.021809e-14   648
  2.140948e-01   2.843907e-13   9.746006e-05   2.219725e-14   792
  2.145162e-01   2.077291e-13   1.425907e-04   1.872952e-14   600
  2.148267e-01   1.241556e-13   9.663487e-05   7.984651e-15   456
  2.151535e-01   2.441059e-13   4.709572e-05   1.760611e-14   648
  2.155732e-01   1.768896e-13   9.184351e-05   1.097569e-14   936
  2.160264e-01   2.752029e-13   5.640375e-05   2.018342e-14   384
  2.164208e-01   1.764109e-13   4.745948e-09   2.488115e-14   198
  2.167253e-01   1.432836e-13   1.431011e-04   9.387612e-15   1224
  2.170537e-01   2.257368e-13   1.042217e-04   2.035914e-14   420
  2.174420e-01   1.662373e-13   1.008648e-04   1.341061e-14   792
  2.178218e-01   1.576026e-13   8.340657e-05   1.302313e-14   680
  2.182552e-01   1.383976e-13   7.658783e-05   1.331005e-14   600
  2.186039e-01   1.273486e-13   1.110734e-04   7.666461e-15   840
  2.190695e-01   1.306496e-13   5.244369e-05   1.029840e-14   432
  2.192474e-01   1.751291e-13   4.914665e-05   1.306891e-14   720
  2.196343e-01   1.224024e-13   9.843213e-05   7.138309e-15   960
  2.201154e-01   1.102330e-13   8.774504e-05   1.014027e-14   528
  2.204670e-01   1.292539e-13   8.969217e-05   9.267686e-15   624
  2.208855e-01   1.417557e-13   7.049743e-05   8.876770e-15   816
  2.213008e-01   1.219615e-13   1.159345e-04   7.796417e-15   696
  2.217599e-01   8.429381e-14   7.830814e-09   7.627329e-15   240
  2.219325e-01   1.424245e-13   6.836935e-05   1.046904e-14   672
  2.223177e-01   1.281587e-13   1.221858e-04   9.411698e-15   864
  2.227499e-01   8.057432e-14   9.375778e-05   4.768532e-15   816
  2.231394e-01   9.473740e-14   5.366372e-05   7.079258e-15   648
  2.235589e-01   1.498463e-13   5.485410e-05   9.712815e-15   843
  2.239151e-01   1.099862e-13   9.869601e-05   8.444447e-15   780
  2.243395e-01   1.257130e-13   5.295844e-05   2.500434e-14   216
  2.246013e-01   1.077546e-13   1.277035e-04   6.207040e-15   1056
  2.250039e-01   8.329084e-14   1.044758e-04   9.283728e-15   228
  2.253767e-01   1.545784e-13   1.300750e-04   1.070171e-14   924
  2.257594e-01   1.093221e-13   4.825052e-05   6.440661e-15   696
  2.261647e-01   1.061673e-13   8.587211e-05   7.552676e-15   996
  2.265793e-01   7.500442e-14   5.069718e-05   6.166957e-15   576
  2.270107e-01   1.328280e-13   7.824775e-05   1.508617e-14   552
  2.273251e-01   1.323975e-13   9.342507e-05   1.101185e-14   516
  2.276442e-01   1.220357e-13   1.358594e-04   8.784400e-15   744
  2.280088e-01   6.810335e-14   6.664715e-05   5.134291e-15   576
  2.283260e-01   8.110015e-14   6.859680e-05   5.221724e-15   792
  2.287768e-01   8.774502e-14   7.841886e-05   7.452899e-15   792
  2.291071e-01   9.929152e-14   8.457391e-05   7.678396e-15   720
  2.295538e-01   9.488747e-14   9.639481e-05   7.090471e-15   656
  2.299724e-01   8.315561e-14   1.052581e-04   5.565433e-15   816
  2.304015e-01   9.262578e-14   5.675340e-05   9.246916e-15   492
  2.306454e-01   9.460829e-14   8.164378e-05   7.433758e-15   552
  2.311032e-01   6.677480e-14   1.419686e-04   5.014943e-15   780
  2.314005e-01   7.639027e-14   8.720963e-05   6.396189e-15   528
  2.317208e-01   5.411469e-14   1.018002e-04   3.927096e-15   600
  2.321929e-01   7.878809e-14   8.460399e-05   3.915220e-15   900
  2.325183e-01   7.625612e-14   4.683822e-05   5.472823e-15   696
  2.329660e-01   7.619898e-14   1.184322e-04   5.277910e-15   696
  2.333991e-01   4.713079e-14   4.804683e-05   2.739919e-15   552
  2.337633e-01   5.559498e-14   5.587403e-05   3.485491e-15   708
  2.341448e-01   5.930525e-14   9.225121e-05   3.405351e-15   876
  2.345418e-01   7.253541e-14   4.898356e-05   1.322090e-14   216
  2.348082e-01   7.423426e-14   1.339767e-04   3.402840e-15   1032
  2.352071e-01   5.480422e-14   1.491682e-04   4.362930e-15   600
  2.356212e-01   4.201011e-14   7.117755e-05   3.571211e-15   600
  2.359371e-01   5.287573e-14   1.256929e-04   3.412138e-15   528
  2.363105e-01   6.149241e-14   6.899988e-05   4.315678e-15   732
  2.367039e-01   7.064672e-14   5.095015e-05   7.242295e-15   336
  2.371566e-01   4.987163e-14   7.261407e-05   3.140957e-15   912
  2.374950e-01   4.014019e-14   7.288252e-05   2.175449e-15   624
  2.378647e-01   4.518098e-14   6.141657e-05   2.387630e-15   768
  2.382963e-01   4.937054e-14   1.108076e-04   2.406117e-15   792
  2.387198e-01   5.171409e-14   5.493383e-05   3.156449e-15   660
  2.390212e-01   5.164556e-14   8.095383e-05   4.958510e-15   504
  2.393329e-01   4.182393e-14   1.322631e-04   3.441908e-15   480
  2.398000e-01   3.748317e-14   1.223261e-04   1.709508e-15   912
  2.401658e-01   5.485718e-14   1.362291e-04   4.066654e-15   432
  2.405113e-01   4.577282e-14   8.088962e-05   2.793323e-15   564
  2.408180e-01   4.081927e-14   7.742251e-05   2.119499e-15   600
  2.412498e-01   5.036608e-14   1.079196e-04   2.672643e-15   876
  2.415741e-01   5.286693e-14   4.852393e-05   5.830736e-15   264
  2.420212e-01   3.444059e-14   9.415549e-05   2.494768e-15   560
  2.423806e-01   4.308198e-14   6.398069e-05   2.444878e-15   840
  2.428168e-01   3.347592e-14   9.863978e-05   1.570994e-15   1008
  2.432202e-01   2.989476e-14   4.412481e-05   1.922368e-15   456
  2.435886e-01   3.579439e-14   5.715745e-05   2.149765e-15   576
  2.439292e-01   3.856750e-14   8.782853e-05   2.344696e-15   612
  2.443783e-01   3.612162e-14   7.844513e-05   1.912363e-15   780
  2.447447e-01   4.051104e-14   8.989453e-05   2.109043e-15   648
  2.451197e-01   3.640816e-14   4.189201e-05   2.830764e-15   312
  2.453594e-01   2.997826e-14   1.064407e-04   1.926871e-15   528
  2.457747e-01   2.854196e-14   1.390063e-04   1.330638e-15   720
  2.461718e-01   3.145994e-14   1.394416e-04   2.296010e-15   576
  2.466533e-01   3.670879e-14   1.202863e-04   2.951758e-15   444
  2.469529e-01   3.783433e-14   1.179621e-04   1.779703e-15   996
  2.473200e-01   2.367763e-14   9.853387e-05   1.409589e-15   432
  2.476669e-01   3.824854e-14   1.078752e-04   2.153297e-15   504
  2.479666e-01   2.472821e-14   4.863583e-05   1.464428e-15   504
  2.483934e-01   3.487938e-14   9.571589e-05   1.490856e-15   876
  2.487796e-01   2.879730e-14   1.101599e-04   2.331169e-15   504
  2.491817e-01   2.341297e-14   7.025420e-05   1.251418e-15   696
  2.495140e-01   2.668701e-14   6.005997e-05   1.405013e-15   492
  2.499662e-01   3.091709e-14   8.597875e-05   2.213201e-15   432
  2.503011e-01   2.963694e-14   8.050968e-05   1.439296e-15   768
  2.506981e-01   2.412878e-14   1.002856e-04   1.292050e-15   648
  2.510772e-01   2.628534e-14   6.542561e-05   1.793540e-15   456
  2.515128e-01   2.825347e-14   8.997083e-05   1.467413e-15   552
  2.518153e-01   2.591946e-14   6.166608e-05   1.542077e-15   648
  2.522317e-01   2.270517e-14   1.005122e-04   1.081250e-15   840
  2.526384e-01   2.785646e-14   4.793217e-05   1.600236e-15   432
  2.530455e-01   2.487237e-14   5.870872e-05   1.429528e-15   600
  2.533287e-01   2.596217e-14   6.255029e-05   1.451680e-15   432
  2.538044e-01   2.585947e-14   6.227491e-05   1.444405e-15   560
  2.541265e-01   2.017559e-14   9.857465e-05   8.784333e-16   840
  2.545299e-01   2.496846e-14   5.838720e-05   1.463562e-15   504
  2.548502e-01   2.270767e-14   1.191648e-04   1.106211e-15   696
  2.553018e-01   2.832329e-14   6.508356e-05   1.990150e-15   384
  2.556535e-01   2.020644e-14   9.533975e-05   1.049902e-15   576
  2.560789e-01   1.873131e-14   5.883893e-05   9.962009e-16   360
  2.564218e-01   2.381135e-14   8.762544e-05   1.223410e-15   828
  2.567917e-01   2.070687e-14   7.804673e-05   1.379949e-15   372
  2.571307e-01   2.093978e-14   1.191923e-04   1.100216e-15   576
  2.575797e-01   2.242245e-14   4.991761e-05   1.000961e-15   636
  2.578996e-01   2.114556e-14   9.622826e-05   1.132528e-15   648
  2.583323e-01   1.800859e-14   7.822306e-05   9.372231e-16   576
  2.586430e-01   2.250010e-14   1.261820e-04   1.349940e-15   528
  2.590561e-01   2.370182e-14   5.394804e-05   1.735114e-15   360
  2.593981e-01   1.506432e-14   1.241007e-04   6.084556e-16   672
  2.598446e-01   2.051488e-14   6.356642e-05   9.083384e-16   804
  2.602163e-01   1.802875e-14   7.012137e-05   9.460055e-16   408
  2.606274e-01   2.367544e-14   4.334263e-05   1.805448e-15   384
  2.609042e-01   1.592114e-14   9.918459e-05   1.066533e-15   480
  2.612947e-01   1.821441e-14   6.408778e-05   1.172388e-15   432
  2.616692e-01   2.412784e-14   1.181001e-04   1.035623e-15   648
  2.621125e-01   1.626709e-14   7.328056e-05   7.579722e-16   624
  2.624367e-01   1.608598e-14   6.665485e-05   9.430325e-16   456
  2.628795e-01   1.759048e-14   9.105646e-05   9.049433e-16   588
  2.631762e-01   1.587028e-14   5.809364e-05   7.050230e-16   600
  2.636094e-01   1.860184e-14   9.061183e-05   1.012859e-15   708
  2.639516e-01   1.726269e-14   5.708370e-05   1.169246e-15   360
  2.643298e-01   1.815066e-14   6.561923e-05   9.324004e-16   552
  2.646923e-01   1.479162e-14   4.603344e-05   1.176454e-15   288
  2.650603e-01   1.376836e-14   8.655546e-05   7.616914e-16   528
  2.654060e-01   2.112475e-14   5.839431e-05   1.215891e-15   456
  2.657924e-01   1.722348e-14   1.035458e-04   9.795622e-16   608
  2.661809e-01   1.350398e-14   5.009661e-05   6.810732e-16   504
  2.666055e-01   1.366632e-14   1.075546e-04   7.558776e-16   540
  2.669384e-01   1.713887e-14   1.154568e-04   1.105393e-15   360
  2.672972e-01   1.694111e-14   5.228475e-05   7.893333e-16   540
  2.676146e-01   1.444925e-14   4.489266e-05   8.425305e-16   576
  2.680762e-01   1.765112e-14   1.040909e-04   1.038231e-15   588
  2.685150e-01   1.320625e-14   1.436140e-04   6.475542e-16   672
  2.688920e-01   1.654991e-14   1.097654e-04   7.805121e-16   552
  2.691959e-01   1.007001e-14   1.098209e-04   9.048032e-16   144
  2.695837e-01   1.719649e-14   9.330411e-05   9.055708e-16   600
  2.699514e-01   1.133238e-14   1.169304e-04   6.352471e-16   504
  2.703595e-01   1.453258e-14   1.201111e-04   1.058555e-15   336
  2.707887e-01   1.299927e-14   1.350054e-04   6.920862e-16   600
  2.711731e-01   1.116842e-14   8.712810e-05   5.343762e-16   636
  2.715880e-01   1.478945e-14   7.005178e-05   9.049223e-16   384
  2.718789e-01   1.681034e-14   9.771396e-05   1.000090e-15   504
  2.722982e-01   1.169633e-14   4.100918e-05   1.151298e-15   240
  2.726291e-01   1.259318e-14   9.633639e-05   5.591639e-16   744
  2.730261e-01   1.125673e-14   6.578310e-05   5.413253e-16   648
  2.733790e-01   2.394706e-14   4.366878e-05   2.180167e-15   120
  2.737925e-01   1.228187e-14   6.859799e-05   5.979693e-16   564
  2.741050e-01   1.425557e-14   1.077373e-04   8.172985e-16   432
  2.745220e-01   1.087337e-14   8.362543e-05   6.170053e-16   480
  2.748361e-01   9.879561e-15   6.155045e-05   5.940936e-16   456
  2.752067e-01   1.181799e-14   1.018569e-04   5.972942e-16   444
  2.756274e-01   9.596963e-15   1.558464e-04   4.824455e-16   528
  2.759969e-01   1.231137e-14   1.157439e-04   1.117715e-15   264
  2.763555e-01   1.195973e-14   1.186203e-04   6.982826e-16   444
  2.768379e-01   1.267043e-14   1.299311e-04   5.368414e-16   696
  2.772383e-01   1.292571e-14   6.949148e-05   8.460522e-16   384
  2.775311e-01   1.006774e-14   8.780831e-05   6.134436e-16   432
  2.779866e-01   1.013432e-14   6.067143e-05   5.245862e-16   488
  2.782823e-01   1.232306e-14   9.143939e-05   7.108336e-16   480
  2.787111e-01   1.068312e-14   1.019738e-04   6.438475e-16   480
  2.790432e-01   9.115298e-15   4.278510e-05   5.442729e-16   240
  2.794202e-01   1.116615e-14   9.994261e-05   5.867934e-16   600
  2.797758e-01   8.800879e-15   8.708975e-05   5.717424e-16   288
  2.801544e-01   1.018485e-14   8.377397e-05   5.080908e-16   480
  2.805379e-01   7.615857e-15   1.490189e-04   4.054854e-16   504
  2.809155e-01   1.129654e-14   6.393839e-05   8.999074e-16   216
  2.813970e-01   1.100490e-14   1.046773e-04   6.280011e-16   504
  2.817720e-01   1.056172e-14   8.419242e-05   6.619581e-16   456
  2.821825e-01   1.485473e-14   4.828579e-05   9.528616e-16   384
  2.824544e-01   1.272428e-14   9.800271e-05   9.717947e-16   480
  2.828408e-01   8.684215e-15   8.605736e-05   4.972498e-16   504
  2.831988e-01   9.049024e-15   5.458940e-05   6.431791e-16   312
  2.835845e-01   1.051173e-14   8.796897e-05   6.050096e-16   492
  2.839260e-01   1.241001e-14   8.245044e-05   9.197809e-16   312
  2.843655e-01   8.291957e-15   1.339342e-04   4.140992e-16   576
  2.847524e-01   9.751019e-15   1.236321e-04   6.494933e-16   336
  2.850738e-01   5.896700e-15   9.519099e-05   4.005892e-16   240
  2.855192e-01   8.785107e-15   1.261991e-04   4.571620e-16   468
  2.859039e-01   8.001028e-15   7.901891e-05   6.256857e-16   192
  2.863065e-01   9.011925e-15   7.925442e-05   8.333389e-16   324
  2.866016e-01   8.752868e-15   5.752155e-05   4.813421e-16   600
  2.870037e-01   9.212299e-15   9.332283e-05   6.266029e-16   456
  2.873023e-01   1.058177e-14   4.197661e-05   8.637042e-16   336
  2.877972e-01   1.020791e-14   1.256898e-04   5.846153e-16   612
  2.881573e-01   7.772344e-15   1.054844e-04   1.000563e-15   144
  2.884978e-01   7.892183e-15   1.231274e-04   4.118531e-16   552
  2.889609e-01   7.221289e-15   4.848907e-05   6.144552e-16   264
  2.892225e-01   9.738915e-15   1.122646e-04   7.552330e-16   336
  2.896353e-01   7.508285e-15   7.418058e-05   4.960997e-16   384
  2.899932e-01   8.983260e-15   4.175634e-05   6.521809e-16   216
  2.903894e-01   6.374784e-15   8.853205e-05   4.777806e-16   344
  2.907507e-01   8.023999e-15   1.320940e-04   4.846525e-16   408
  2.911910e-01   8.223348e-15   1.015056e-04   6.805578e-16   264
  2.915811e-01   9.316744e-15   1.415038e-04   5.758837e-16   612
  2.919709e-01   1.008383e-14   7.282870e-05   5.231890e-16   408
  2.923718e-01   7.825640e-15   7.293338e-05   5.295818e-16   444
  2.926663e-01   1.631154e-14   4.079109e-05   1.660695e-15   120
  2.930609e-01   8.819261e-15   1.126983e-04   6.364619e-16   336
  2.933538e-01   6.868748e-15   3.916222e-05   6.304803e-16   288
  2.937496e-01   7.667958e-15   1.218735e-04   3.741072e-16   552
  2.942938e-01   8.623566e-15   6.525678e-09   1.572636e-15   72
  2.945736e-01   6.908890e-15   1.210514e-04   3.996485e-16   504
  2.949004e-01   4.949747e-15   3.895317e-05   4.482870e-16   216
  2.953239e-01   6.876043e-15   6.954821e-05   5.376123e-16   312
  2.957040e-01   5.968558e-15   7.919158e-05   3.944917e-16   336
  2.960663e-01   6.161078e-15   1.097684e-04   4.477710e-16   204
  2.964271e-01   9.578950e-15   1.275676e-04   5.828384e-16   504
  2.968098e-01   9.688351e-15   1.214810e-04   6.014007e-16   396
  2.971778e-01   7.852989e-15   1.114044e-04   5.893654e-16   312
  2.976240e-01   1.136838e-14   6.808000e-05   7.478226e-16   216
  2.979383e-01   4.981553e-15   3.694832e-05   3.729176e-16   168
  2.983203e-01   7.014893e-15   9.329657e-05   4.244464e-16   588
  2.987563e-01   6.019708e-15   1.266392e-04   5.563379e-16   240
  2.990950e-01   5.827182e-15   1.118436e-04   5.455266e-16   264
  2.994922e-01   6.874698e-15   1.383176e-04   5.527757e-16   288
  2.998446e-01   5.955563e-15   6.907007e-05   4.414887e-16   288
  3.002913e-01   6.890750e-15   6.486779e-05   5.121919e-16   288
  3.005921e-01   5.580760e-15   7.514392e-05   4.360001e-16   192
  3.009705e-01   4.146820e-15   7.996067e-05   2.871489e-16   264
  3.013310e-01   1.016290e-14   1.315242e-04   8.293874e-16   372
  3.017189e-01   8.445373e-15   1.420518e-04   6.683386e-16   360
  3.021924e-01   6.256207e-15   6.011768e-05   7.842568e-16   144
  3.024371e-01   5.846259e-15   8.350082e-05   5.197618e-16   296
  3.028234e-01   6.269896e-15   8.996782e-05   5.798512e-16   288
  3.032657e-01   5.728125e-15   1.344546e-04   3.775469e-16   480
  3.036471e-01   5.040672e-15   1.117190e-04   5.259132e-16   192
  3.040181e-01   5.599224e-15   1.198338e-04   5.961882e-16   192
  3.043553e-01   4.886159e-15   7.637151e-05   3.579916e-16   288
  3.048242e-01   3.108448e-15   6.648036e-05   2.839612e-16   108
  3.050604e-01   7.570744e-15   6.391272e-05   6.802380e-16   240
  3.054775e-01   4.301772e-15   1.192307e-04   3.238795e-16   384
  3.059059e-01   6.249811e-15   1.454479e-04   7.130659e-16   108
  3.062848e-01   7.832751e-15   8.527881e-05   6.336611e-16   348
  3.066832e-01   6.499681e-15   8.900031e-05   5.773430e-16   312
  3.070391e-01   6.946011e-15   8.648246e-05   1.280831e-15   96
  3.073663e-01   5.854065e-15   1.151358e-04   4.489521e-16   384
  3.077328e-01   6.175798e-15   7.919012e-05   7.884836e-16   144
  3.080912e-01   6.635909e-15   1.216791e-04   5.288853e-16   408
  3.085368e-01   3.555042e-15   5.427748e-05   4.071359e-16   144
  3.089578e-01   6.479342e-15   1.043490e-04   8.197379e-16   192
  3.092074e-01   5.770916e-15   1.174468e-04   6.420703e-16   144
  3.096144e-01   3.334413e-15   9.548855e-05   3.431046e-16   144
  3.099983e-01   4.835285e-15   1.167025e-04   4.645188e-16   336
  3.104685e-01   3.205898e-15   8.634502e-05   2.139000e-16   240
  3.107666e-01   3.769594e-15   3.920851e-05   5.603973e-16   96
  3.111825e-01   5.797666e-15   1.149797e-04   4.928304e-16   372
  3.116031e-01   5.120065e-15   1.367659e-04   8.406409e-16   132
  3.119726e-01   3.527653e-15   8.462908e-05   2.294276e-16   264
  3.123032e-01   5.875881e-15   6.499128e-05   7.402213e-16   168
  3.126560e-01   5.103359e-15   1.039086e-04   3.732056e-16   216
  3.129676e-01   4.939791e-15   6.357256e-05   6.200381e-16   216
  3.134215e-01   2.494419e-15   1.166292e-04   2.997772e-16   96
  3.138333e-01   6.175677e-15   7.608990e-05   8.701876e-16   120
  3.142110e-01   3.860497e-15   9.673168e-05   4.175786e-16   216
  3.145221e-01   3.732472e-15   4.227207e-05   2.995642e-16   200
  3.149340e-01   4.708762e-15   1.094242e-04   4.630132e-16   288
  3.154623e-01   2.372630e-15   2.879164e-05   1.758434e-16   144
  3.156848e-01   3.642592e-15   8.959781e-05   3.885003e-16   168
  3.161391e-01   4.678837e-15   1.008340e-04   7.496255e-16   159
  3.164937e-01   4.443113e-15   1.057991e-04   5.115580e-16   174
  3.168369e-01   3.538201e-15   9.593494e-05   2.810670e-16   144
  3.172863e-01   4.502943e-15   5.539549e-05   5.923109e-16   222
  3.175869e-01   3.348076e-15   5.589895e-05   2.749107e-16   168
  3.181060e-01   6.585873e-15   1.226079e-04   1.681298e-15   30
  3.183205e-01   2.208166e-15   1.082537e-04   2.650454e-16   72
  3.187244e-01   3.730216e-15   9.661517e-05   2.926503e-16   258
  3.191684e-01   3.503319e-15   6.051257e-05   2.951525e-16   264
  3.193905e-01   4.353284e-15   0.000000e+00   7.705730e-16   72
  3.198532e-01   2.236604e-15   1.199385e-04   1.793880e-16   174
  3.202721e-01   2.735846e-15   1.277123e-04   2.271097e-16   168
  3.206090e-01   1.698570e-15   3.996146e-09   1.934159e-16   48
  3.209705e-01   2.702359e-15   7.212215e-05   3.209444e-16   150
  3.213898e-01   3.162056e-15   1.326739e-04   3.243969e-16   168
  3.218102e-01   2.284377e-15   8.081877e-05   1.935615e-16   144
  3.221967e-01   3.650736e-15   7.550312e-05   5.788613e-16   102
  3.224847e-01   2.280560e-15   1.117576e-04   2.337529e-16   96
  3.229415e-01   2.409283e-15   1.109119e-04   2.575608e-16   120
  3.232799e-01   2.009834e-15   1.189559e-04   1.919040e-16   168
  3.236458e-01   3.700716e-15   8.783953e-05   4.186388e-16   126
  3.239576e-01   2.695024e-15   6.624856e-05   2.400341e-16   168
  3.243872e-01   2.261274e-15   1.062297e-04   2.755557e-16   72
  3.247626e-01   2.093279e-15   1.330232e-04   1.651528e-16   168
  3.250914e-01   2.890576e-15   3.646820e-05   5.011343e-16   78
  3.255420e-01   2.519940e-15   5.987806e-05   2.437757e-16   60
  3.259049e-01   4.073581e-15   9.713191e-05   5.743377e-16   96
  3.262812e-01   2.420550e-15   1.178615e-04   2.035997e-16   168
  3.266349e-01   2.198917e-15   7.457817e-05   2.953971e-16   86
  3.270060e-01   1.653488e-15   6.665520e-05   1.775533e-16   120
  3.275378e-01   2.018461e-15   4.753401e-05   1.429938e-16   168
  3.278247e-01   1.422616e-15   0.000000e+00   2.065181e-16   48
  3.282110e-01   3.052704e-15   8.660181e-05   3.212829e-16   120
  3.284330e-01   2.301492e-15   6.317951e-05   1.909654e-16   126
  3.289749e-01   2.073736e-15   1.111151e-04   2.087045e-16   96
  3.293266e-01   2.117621e-15   3.204012e-05   2.238034e-16   96
  3.296039e-01   1.881116e-15   0.000000e+00   2.012782e-16   72
  3.301949e-01   2.305590e-15   3.996146e-09   4.395758e-16   24
  3.305637e-01   2.551886e-15   6.593782e-05   1.889519e-16   120
  3.308514e-01   2.728519e-15   9.618300e-05   4.201054e-16   126
  3.311713e-01   2.232831e-15   8.018157e-05   2.235767e-16   96
  3.315452e-01   1.359371e-15   1.385771e-04   1.670687e-16   72
  3.319614e-01   2.027656e-15   5.993927e-05   1.728460e-16   144
  3.323038e-01   1.682194e-15   3.457157e-05   2.066318e-16   72
  3.326459e-01   2.321659e-15   6.905176e-05   4.149886e-16   54
  3.329469e-01   2.506768e-15   6.085106e-05   2.205802e-16   108
  3.335726e-01   2.301527e-15   5.964977e-05   3.711303e-16   72
  3.337673e-01   2.153410e-15   3.441997e-05   2.809808e-16   72
  3.342294e-01   2.031456e-15   6.921527e-09   4.238775e-16   24
  3.346666e-01   1.775416e-15   7.281693e-05   2.397699e-16   48
  3.349321e-01   2.113573e-15   5.546771e-05   2.033289e-16   102
  3.353317e-01   1.692000e-15   1.254449e-04   1.456533e-16   168
  3.358538e-01   1.777782e-15   6.841470e-05   2.512836e-16   72
  3.360473e-01   1.972258e-15   0.000000e+00   3.324124e-16   48
  3.364531e-01   2.375835e-15   1.176775e-04   2.411584e-16   120
  3.369887e-01   2.241521e-15   7.231517e-05   2.542753e-16   96
  3.374945e-01   1.892840e-15   7.830814e-09   4.119201e-16   30
  3.380957e-01   1.850993e-15   3.397687e-05   2.637291e-16   72
  3.383599e-01   9.391579e-16   3.996146e-09   1.114504e-16   24
  3.386992e-01   1.513607e-15   5.036212e-05   2.164713e-16   56
  3.390793e-01   1.060666e-15   7.186930e-05   1.260965e-16   96
  3.395342e-01   1.759328e-15   7.936128e-05   1.446322e-16   144
  3.398849e-01   1.703116e-15   4.505822e-05   2.193191e-16   54
  3.403944e-01   1.377004e-15   6.750198e-05   1.262130e-16   108
  3.409071e-01   2.068208e-15   3.574199e-05   3.040108e-16   48
  3.413952e-01   1.671245e-15   1.345800e-04   1.653471e-16   72
  3.425664e-01   1.617273e-15   8.891744e-05   1.715811e-16   78
  3.428909e-01   1.538709e-15   6.701044e-05   2.442056e-16   72
  3.432698e-01   1.509207e-15   6.692725e-05   2.145247e-16   72
  3.436659e-01   1.779101e-15   1.615028e-04   2.075286e-16   96
  3.439790e-01   1.507026e-15   6.678928e-05   1.560154e-16   72
  3.443566e-01   1.469411e-15   0.000000e+00   3.309785e-16   24
  3.447338e-01   1.582976e-15   1.332770e-04   1.633841e-16   72
  3.455858e-01   2.161039e-15   8.463498e-05   4.316843e-16   30
  3.457691e-01   1.902030e-15   0.000000e+00   5.095261e-16   24
  3.467544e-01   1.582947e-15   7.027855e-05   1.765887e-16   48
  3.470634e-01   1.523859e-15   1.512394e-04   1.436521e-16   120
  3.474798e-01   1.924200e-15   6.612537e-05   2.022076e-16   72
  3.479003e-01   1.149860e-15   6.604543e-05   2.285901e-16   36
  3.481894e-01   1.871666e-15   1.305365e-04   2.552864e-16   78
  3.489960e-01   1.631082e-15   6.982714e-05   2.129732e-16   48
  3.500419e-01   1.132608e-15   5.651403e-09   1.816358e-16   24
  3.507870e-01   1.437793e-15   4.862619e-05   2.189225e-16   56
  3.511622e-01   1.530045e-15   7.482652e-05   1.377320e-16   102
  3.516395e-01   1.719542e-15   5.328194e-09   2.335065e-16   72
  3.519166e-01   1.683260e-15   0.000000e+00   3.170872e-16   24
  3.524009e-01   1.465175e-15   6.915246e-05   2.184957e-16   48
  3.532988e-01   2.126269e-15   0.000000e+00   2.991123e-16   24
  3.544007e-01   1.865261e-15   0.000000e+00   5.676041e-16   6
  3.547443e-01   1.299978e-15   0.000000e+00   2.572071e-16   24
  3.549732e-01   1.295760e-15   6.472929e-05   1.480162e-16   72
  3.553914e-01   1.144148e-15   1.207586e-04   1.279345e-16   84
  3.558418e-01   1.318690e-15   0.000000e+00   2.003194e-16   24
  3.559787e-01   1.640350e-15   5.651403e-09   2.590139e-16   24
  3.566626e-01   1.380747e-15   3.996146e-09   2.286430e-16   24
  3.576179e-01   1.458182e-15   0.000000e+00   2.006843e-16   6
  3.588424e-01   1.118085e-15   6.791113e-05   1.511335e-16   48
  3.591365e-01   1.510283e-15   1.279335e-04   1.521219e-16   72
  3.595209e-01   1.240211e-15   6.778297e-05   2.112316e-16   48
  3.601304e-01   2.537422e-15   0.000000e+00   4.759078e-16   24
  3.609415e-01   1.535744e-15   3.996146e-09   2.893315e-16   6
  3.627599e-01   8.361261e-16   0.000000e+00   2.253176e-16   8
  3.628942e-01   1.315319e-15   3.996146e-09   2.086946e-16   48
  3.632164e-01   1.133895e-15   6.573533e-05   1.366179e-16   60
  3.636991e-01   1.956001e-15   0.000000e+00   3.160882e-16   24
  3.643686e-01   1.544851e-15   0.000000e+00   8.385808e-16   6
  3.668348e-01   1.256428e-15   0.000000e+00   2.472386e-16   24
  3.670341e-01   1.338696e-15   6.639546e-05   1.548062e-16   48
  3.673659e-01   1.365366e-15   0.000000e+00   3.262316e-16   24
  3.678962e-01   9.945256e-16   3.996146e-09   3.072002e-16   6
  3.709088e-01   1.243350e-15   6.194064e-05   2.042652e-16   36
  3.711278e-01   1.517194e-15   0.000000e+00   3.397137e-16   24
  3.715215e-01   1.420107e-15   0.000000e+00   6.934700e-16   6
  3.749494e-01   1.683477e-15   5.629118e-05   3.125609e-16   32
  3.752417e-01   2.114212e-15   3.996146e-09   4.116348e-16   6
  3.789254e-01   1.072031e-15   0.000000e+00   1.998405e-16   12
  3.790540e-01   8.839171e-16   0.000000e+00   1.079730e-16   6
  3.829556e-01   9.748360e-16   5.651403e-09   1.996019e-16   6
