# power spectrum of delta for cdm
# redshift z=100.000000
# k              Pk             sigma(k)       sigma(Pk)      count
  6.981317e-03   4.655445e-08   0.000000e+00   2.005262e-08   6
  9.873073e-03   8.789434e-08   0.000000e+00   1.884280e-08   12
  1.209200e-02   1.347190e-07   1.324548e-10   2.951229e-08   8
  1.396263e-02   7.456533e-07   0.000000e+00   8.645955e-08   6
  1.561070e-02   7.707412e-07   0.000000e+00   2.648565e-07   24
  1.710066e-02   1.520914e-06   2.497591e-10   2.762870e-07   24
  1.974615e-02   1.121452e-06   0.000000e+00   5.444845e-07   12
  2.094395e-02   1.597169e-06   2.825702e-10   3.172179e-07   30
  2.207686e-02   2.393596e-06   0.000000e+00   5.693950e-07   24
  2.315441e-02   2.570551e-06   4.325955e-10   6.877829e-07   24
  2.418399e-02   3.481467e-06   2.649095e-10   7.610147e-07   8
  2.517150e-02   3.373037e-06   3.532127e-10   4.523416e-07   24
  2.612170e-02   3.593607e-06   0.000000e+00   5.449695e-07   48
  2.792527e-02   5.304005e-06   0.000000e+00   2.519902e-06   6
  2.878471e-02   4.696298e-06   4.995182e-10   7.119306e-07   48
  2.961922e-02   4.785060e-06   0.000000e+00   5.374398e-07   36
  3.043086e-02   7.527580e-06   3.532127e-10   1.698378e-06   24
  3.122140e-02   4.801962e-06   0.000000e+00   8.922064e-07   24
  3.199241e-02   4.658188e-06   0.000000e+00   6.835097e-07   48
  3.274528e-02   7.802073e-06   4.995182e-10   1.197648e-06   24
  3.420133e-02   7.165310e-06   4.995182e-10   1.215546e-06   24
  3.490659e-02   5.231025e-06   0.000000e+00   9.239213e-07   30
  3.559787e-02   5.959432e-06   0.000000e+00   7.101290e-07   72
  3.627599e-02   6.177302e-06   5.298191e-10   1.359293e-06   32
  3.759554e-02   9.294594e-06   0.000000e+00   1.162579e-06   72
  3.823825e-02   5.983045e-06   0.000000e+00   9.446387e-07   48
  3.949229e-02   3.546716e-06   0.000000e+00   1.137844e-06   12
  4.010461e-02   7.388739e-06   0.000000e+00   1.194731e-06   48
  4.070772e-02   6.868631e-06   0.000000e+00   7.363245e-07   48
  4.130203e-02   9.565514e-06   4.995182e-10   1.302494e-06   48
  4.188790e-02   1.207528e-05   5.651403e-10   2.282220e-06   30
  4.246569e-02   1.117867e-05   4.995182e-10   2.719142e-06   24
  4.303573e-02   1.209876e-05   1.053077e-09   1.314000e-06   72
  4.415373e-02   7.800867e-06   0.000000e+00   1.600024e-06   24
  4.470224e-02   1.249020e-05   0.000000e+00   1.333582e-06   96
  4.524411e-02   1.004208e-05   0.000000e+00   1.439010e-06   48
  4.577956e-02   8.748853e-06   8.651909e-10   2.313705e-06   24
  4.630882e-02   6.583986e-06   8.651909e-10   1.460182e-06   24
  4.683210e-02   1.642689e-05   0.000000e+00   2.160850e-06   72
  4.734960e-02   1.276166e-05   0.000000e+00   2.119339e-06   48
  4.836798e-02   1.201068e-05   5.298191e-10   3.854362e-06   8
  4.886922e-02   1.822773e-05   6.279337e-10   2.349180e-06   54
  4.936537e-02   1.275324e-05   0.000000e+00   2.400483e-06   84
  4.985658e-02   1.451128e-05   0.000000e+00   2.247445e-06   48
  5.034299e-02   9.337502e-06   7.064254e-10   1.794261e-06   24
  5.082475e-02   1.283028e-05   6.660243e-10   1.641047e-06   72
  5.130199e-02   1.745319e-05   0.000000e+00   2.143588e-06   96
  5.224339e-02   2.532673e-05   0.000000e+00   2.975471e-06   48
  5.270779e-02   1.429278e-05   0.000000e+00   1.444867e-06   48
  5.316813e-02   1.277331e-05   7.064254e-10   2.682905e-06   24
  5.362451e-02   1.497504e-05   0.000000e+00   1.739429e-06   72
  5.452583e-02   1.650424e-05   6.660243e-10   2.102819e-06   72
  5.497095e-02   1.652419e-05   0.000000e+00   2.029860e-06   96
  5.585054e-02   2.392514e-05   0.000000e+00   1.138583e-05   6
  5.628518e-02   2.027972e-05   0.000000e+00   2.118987e-06   96
  5.671649e-02   2.137610e-05   7.064254e-10   2.463213e-06   96
  5.714454e-02   1.471611e-05   0.000000e+00   3.771210e-06   24
  5.756941e-02   1.678220e-05   9.990364e-10   2.248607e-06   48
  5.799117e-02   1.733135e-05   0.000000e+00   1.890264e-06   96
  5.840989e-02   2.074181e-05   0.000000e+00   3.007008e-06   48
  5.923844e-02   1.923777e-05   0.000000e+00   3.879885e-06   36
  5.964840e-02   1.979771e-05   1.223565e-09   2.693243e-06   48
  6.005556e-02   2.241193e-05   1.384305e-09   2.166422e-06   120
  6.045998e-02   2.056649e-05   0.000000e+00   2.923355e-06   56
  6.086171e-02   1.179869e-05   7.064254e-10   2.222697e-06   24
  6.126081e-02   1.744936e-05   0.000000e+00   1.671149e-06   96
  6.165732e-02   1.889921e-05   0.000000e+00   2.621735e-06   48
  6.244280e-02   2.391074e-05   0.000000e+00   4.782020e-06   24
  6.283185e-02   2.660145e-05   0.000000e+00   2.866686e-06   102
  6.321851e-02   2.797766e-05   0.000000e+00   4.556892e-06   48
  6.360282e-02   2.621367e-05   0.000000e+00   2.812912e-06   72
  6.398483e-02   2.437828e-05   0.000000e+00   2.652243e-06   48
  6.436456e-02   2.663228e-05   0.000000e+00   5.326466e-06   48
  6.474207e-02   2.322220e-05   1.598458e-09   2.203036e-06   120
  6.549056e-02   3.825309e-05   9.990364e-10   6.859368e-06   24
  6.586161e-02   2.254605e-05   9.419006e-10   2.041810e-06   144
  6.623059e-02   2.358794e-05   1.130281e-09   2.443071e-06   120
  6.659752e-02   1.867585e-05   9.990364e-10   2.829165e-06   48
  6.732538e-02   2.910395e-05   9.990364e-10   4.177378e-06   48
  6.768638e-02   2.412927e-05   9.990364e-10   2.703945e-06   96
  6.863955e-02   3.351500e-05   1.675093e-04   4.416272e-06   72
  6.911151e-02   2.521088e-05   1.255867e-09   2.071542e-06   108
  6.946323e-02   3.037796e-05   0.000000e+00   3.493578e-06   72
  6.981317e-02   1.869073e-05   0.000000e+00   3.762024e-06   30
  7.016137e-02   3.197963e-05   0.000000e+00   2.729278e-06   168
  7.050785e-02   3.202059e-05   0.000000e+00   3.778971e-06   48
  7.119574e-02   2.273198e-05   0.000000e+00   2.868385e-06   72
  7.153721e-02   3.022166e-05   0.000000e+00   3.142126e-06   96
  7.187706e-02   3.008367e-05   1.883801e-09   4.974898e-06   72
  7.221530e-02   3.582480e-05   0.000000e+00   4.085714e-06   72
  7.278398e-02   3.280572e-05   1.546684e-04   2.597303e-06   104
  7.322067e-02   3.180894e-05   1.332049e-09   2.496950e-06   144
  7.421242e-02   2.304534e-05   2.233913e-09   2.333017e-06   96
  7.454007e-02   2.577875e-05   0.000000e+00   2.859201e-06   96
  7.506116e-02   3.573937e-05   1.591194e-04   3.558580e-06   120
  7.551449e-02   3.027918e-05   0.000000e+00   2.958101e-06   120
  7.583651e-02   3.676391e-05   0.000000e+00   4.289099e-06   72
  7.647650e-02   3.744159e-05   0.000000e+00   5.348269e-06   48
  7.679449e-02   4.054729e-05   1.505926e-09   4.978337e-06   78
  7.720128e-02   4.263833e-05   1.424762e-04   3.625938e-06   168
  7.805350e-02   4.047741e-05   1.332049e-09   3.755462e-06   144
  7.836509e-02   4.219902e-05   1.332049e-09   3.244450e-06   144
  7.926883e-02   3.924637e-05   8.205478e-05   3.596027e-06   156
  7.959926e-02   2.888484e-05   1.730382e-09   5.817481e-06   48
  7.990483e-02   3.620715e-05   1.130281e-09   3.812024e-06   120
  8.020923e-02   2.627655e-05   0.000000e+00   2.969948e-06   48
  8.074745e-02   3.974969e-05   1.255998e-04   2.905293e-06   216
  8.141545e-02   3.601929e-05   0.000000e+00   4.758879e-06   48
  8.171422e-02   3.347168e-05   9.990364e-10   3.157961e-06   96
  8.213902e-02   3.876343e-05   1.467830e-04   3.648823e-06   168
  8.260406e-02   3.150284e-05   9.990364e-10   4.840275e-06   48
  8.289855e-02   4.189512e-05   0.000000e+00   4.498807e-06   96
  8.319199e-02   4.094506e-05   0.000000e+00   7.976995e-06   48
  8.377580e-02   4.826825e-05   1.130281e-09   5.164340e-06   30
  8.406619e-02   3.087403e-05   9.990364e-10   2.695355e-06   96
  8.441325e-02   3.845829e-05   1.153584e-04   2.813981e-06   240
  8.485953e-02   5.372883e-05   1.244551e-04   8.009792e-06   32
  8.521783e-02   3.082554e-05   0.000000e+00   2.445759e-06   168
  8.550332e-02   3.686529e-05   0.000000e+00   3.880704e-06   120
  8.607146e-02   2.966436e-05   2.106154e-09   3.590116e-06   72
  8.635412e-02   4.886143e-05   1.332049e-09   4.810675e-06   144
  8.663587e-02   3.529129e-05   0.000000e+00   3.867981e-06   96
  8.691670e-02   4.706854e-05   0.000000e+00   4.036340e-06   96
  8.747565e-02   4.667514e-05   1.631420e-09   6.086238e-06   72
  8.775379e-02   3.956496e-05   1.412851e-09   4.119888e-06   96
  8.830745e-02   3.889472e-05   0.000000e+00   7.738613e-06   24
  8.858298e-02   4.559878e-05   0.000000e+00   3.604519e-06   192
  8.890745e-02   4.358320e-05   1.056148e-04   3.450971e-06   132
  8.940448e-02   4.723035e-05   0.000000e+00   4.568000e-06   96
  8.967664e-02   3.482725e-05   0.000000e+00   3.759911e-06   96
  8.994798e-02   4.606882e-05   1.130281e-09   4.187183e-06   120
  9.048821e-02   4.930092e-05   0.000000e+00   7.237947e-06   48
  9.093103e-02   3.216610e-05   1.279966e-04   2.258646e-06   222
  9.129257e-02   4.220599e-05   0.000000e+00   4.280051e-06   120
  9.155911e-02   4.755717e-05   1.730382e-09   1.025550e-05   24
  9.194720e-02   5.025242e-05   1.321111e-04   2.857024e-06   312
  9.279280e-02   5.660621e-05   1.238595e-04   6.756601e-06   72
  9.314239e-02   3.982932e-05   9.990364e-10   5.734025e-06   96
  9.350136e-02   4.885469e-05   1.261337e-04   3.969910e-06   192
  9.392401e-02   4.637392e-05   1.598458e-09   5.044998e-06   120
  9.418312e-02   4.642851e-05   0.000000e+00   5.102262e-06   144
  9.469919e-02   4.202185e-05   0.000000e+00   6.464527e-06   48
  9.506602e-02   4.205118e-05   1.268319e-04   2.632826e-06   336
  9.546807e-02   4.808516e-05   0.000000e+00   7.007249e-06   48
  9.597724e-02   4.408132e-05   0.000000e+00   4.143692e-06   192
  9.623081e-02   4.801969e-05   0.000000e+00   6.256053e-06   48
  9.695161e-02   4.884945e-05   8.803796e-05   6.330807e-06   56
  9.731001e-02   4.801244e-05   1.130706e-04   2.843246e-06   336
  9.773844e-02   4.817527e-05   1.255867e-09   7.374974e-06   54
  9.811165e-02   4.429875e-05   1.241922e-04   2.915669e-06   240
  9.888643e-02   4.550937e-05   1.189150e-04   3.630089e-06   228
  9.922316e-02   5.475860e-05   1.332049e-09   7.488041e-06   72
  9.955002e-02   5.461292e-05   1.153504e-04   4.346571e-06   144
  9.995725e-02   4.486117e-05   0.000000e+00   4.699955e-06   96
  1.002007e-01   4.668086e-05   1.598458e-09   3.141864e-06   240
  1.006860e-01   4.269555e-05   1.412851e-09   8.744060e-06   24
  1.009966e-01   5.070391e-05   1.089476e-04   3.229320e-06   336
  1.014095e-01   4.838812e-05   0.000000e+00   6.061597e-06   72
  1.017863e-01   5.816943e-05   1.185007e-04   4.498094e-06   168
  1.021279e-01   3.858006e-05   0.000000e+00   3.691921e-06   72
  1.026040e-01   6.039422e-05   0.000000e+00   5.962641e-06   96
  1.029727e-01   5.230984e-05   1.176117e-04   3.971491e-06   216
  1.033141e-01   3.979773e-05   1.412851e-09   3.174790e-06   96
  1.037847e-01   4.917647e-05   0.000000e+00   3.540396e-06   192
  1.040193e-01   4.851020e-05   1.332049e-09   4.053885e-06   144
  1.044868e-01   5.217579e-05   0.000000e+00   7.202683e-06   48
  1.048105e-01   5.446757e-05   1.133915e-04   3.959784e-06   246
  1.052503e-01   6.761377e-05   1.045488e-04   5.584905e-06   168
  1.056465e-01   5.351641e-05   1.957704e-09   5.741844e-06   120
  1.058769e-01   4.501451e-05   0.000000e+00   3.290581e-06   240
  1.063363e-01   3.243627e-05   1.412851e-09   7.094850e-06   24
  1.067022e-01   5.278988e-05   1.119102e-04   3.521384e-06   360
  1.071580e-01   4.980246e-05   1.114340e-04   3.992648e-06   120
  1.074760e-01   5.927947e-05   0.000000e+00   5.095219e-06   144
  1.077025e-01   5.853137e-05   0.000000e+00   5.516827e-06   96
  1.083792e-01   5.724056e-05   0.000000e+00   4.910224e-06   144
  1.086038e-01   6.189820e-05   0.000000e+00   5.661368e-06   132
  1.089195e-01   5.676030e-05   1.099837e-04   4.440891e-06   176
  1.093777e-01   5.698324e-05   1.110614e-04   3.097027e-06   312
  1.099419e-01   8.204674e-05   0.000000e+00   1.330590e-05   96
  1.101633e-01   5.588270e-05   0.000000e+00   5.205374e-06   144
  1.105031e-01   5.937185e-05   1.099474e-04   3.531873e-06   312
  1.110446e-01   7.113217e-05   0.000000e+00   7.519710e-06   48
  1.112639e-01   5.338297e-05   1.412851e-09   4.258262e-06   192
  1.117011e-01   1.800110e-05   0.000000e+00   6.046913e-06   6
  1.119915e-01   5.250627e-05   1.025446e-04   3.085511e-06   288
  1.124620e-01   5.157638e-05   1.083450e-04   3.924718e-06   192
  1.127866e-01   4.981756e-05   3.322713e-09   3.415108e-06   216
  1.130025e-01   6.313388e-05   0.000000e+00   9.147517e-06   72
  1.135403e-01   5.261513e-05   1.073161e-04   4.376995e-06   192
  1.138975e-01   6.960110e-05   7.968796e-05   4.397568e-06   288
  1.142891e-01   6.060399e-05   0.000000e+00   1.251675e-05   24
  1.145916e-01   6.584380e-05   1.049823e-04   3.050845e-06   456
  1.151388e-01   4.282226e-05   1.998073e-09   6.725030e-06   48
  1.154769e-01   6.183056e-05   1.034033e-04   4.831156e-06   240
  1.158655e-01   7.037739e-05   1.045007e-04   4.809628e-06   216
  1.161923e-01   5.610674e-05   0.000000e+00   7.366606e-06   72
  1.164018e-01   5.866626e-05   3.610549e-09   4.943662e-06   168
  1.169935e-01   6.974319e-05   7.767385e-05   4.510650e-06   288
  1.173253e-01   6.897350e-05   1.027758e-04   5.053899e-06   168
  1.178582e-01   7.970059e-05   0.000000e+00   5.896464e-06   192
  1.180648e-01   6.437604e-05   1.332049e-09   4.873158e-06   144
  1.184769e-01   8.050095e-05   0.000000e+00   1.072057e-05   36
  1.188264e-01   5.516520e-05   9.385617e-05   3.012066e-06   342
  1.191605e-01   6.615281e-05   9.637890e-05   5.352066e-06   144
  1.195900e-01   6.405489e-05   1.010773e-04   3.518541e-06   384
  1.201111e-01   7.664556e-05   2.768611e-09   7.480402e-06   120
  1.203690e-01   7.768502e-05   9.013158e-05   5.134777e-06   264
  1.207183e-01   6.728763e-05   4.467827e-09   5.228247e-06   192
  1.210471e-01   7.499616e-05   9.713401e-05   6.101835e-06   152
  1.213224e-01   6.905804e-05   2.664097e-09   6.635990e-06   144
  1.219012e-01   5.906756e-05   6.286607e-05   4.588285e-06   216
  1.221692e-01   7.701858e-05   8.400585e-05   4.483002e-06   312
  1.226409e-01   6.744261e-05   9.736112e-05   4.003203e-06   240
  1.229188e-01   8.230329e-05   1.412851e-09   9.060823e-06   96
  1.234463e-01   7.588217e-05   9.308426e-05   6.481721e-06   144
  1.237714e-01   7.335459e-05   9.149363e-05   3.771913e-06   456
  1.242988e-01   5.982300e-05   0.000000e+00   4.157634e-06   120
  1.244947e-01   6.565185e-05   0.000000e+00   6.436792e-06   144
  1.248856e-01   4.977342e-05   0.000000e+00   8.791428e-06   24
  1.251362e-01   7.755540e-05   8.794658e-05   4.168418e-06   336
  1.255696e-01   7.364312e-05   9.699311e-05   6.146065e-06   198
  1.259757e-01   7.374332e-05   9.432023e-05   4.128565e-06   432
  1.264370e-01   7.774541e-05   0.000000e+00   8.489988e-06   48
  1.266777e-01   8.765756e-05   8.326844e-05   4.834258e-06   384
  1.271098e-01   8.526216e-05   9.585962e-05   7.446920e-06   144
  1.275013e-01   8.410212e-05   9.517601e-05   5.210074e-06   264
  1.279697e-01   6.867400e-05   0.000000e+00   7.038973e-06   48
  1.282839e-01   8.099201e-05   9.049683e-05   5.212961e-06   276
  1.285870e-01   7.267030e-05   8.203293e-05   6.389894e-06   192
  1.289922e-01   7.772661e-05   9.218697e-05   3.474464e-06   552
  1.294841e-01   5.535863e-05   3.196917e-09   5.176285e-06   120
  1.297765e-01   8.741029e-05   9.331596e-05   6.247071e-06   216
  1.300475e-01   7.766130e-05   1.598458e-09   6.486153e-06   120
  1.305316e-01   9.092854e-05   9.189333e-05   4.938858e-06   408
  1.309811e-01   8.501870e-05   1.998073e-09   1.196647e-05   24
  1.312599e-01   7.529265e-05   9.282881e-05   4.525221e-06   384
  1.316492e-01   7.560622e-05   9.069708e-05   5.532681e-06   240
  1.319872e-01   7.442915e-05   9.136125e-05   5.402432e-06   168
  1.324612e-01   6.760370e-05   2.260561e-09   6.961043e-06   120
  1.327667e-01   8.270585e-05   9.523931e-05   4.466645e-06   350
  1.332635e-01   8.300783e-05   1.567823e-04   4.637796e-06   384
  1.335605e-01   9.019980e-05   0.000000e+00   8.652479e-06   144
  1.341067e-01   7.285219e-05   3.767602e-09   4.509207e-06   288
  1.343919e-01   7.622358e-05   8.974411e-05   3.894058e-06   336
  1.347800e-01   9.354706e-05   8.170456e-05   7.296632e-06   168
  1.350122e-01   8.306600e-05   1.614687e-09   5.255321e-06   336
  1.354927e-01   7.547396e-05   8.480446e-05   4.896906e-06   288
  1.357812e-01   7.741630e-05   7.990748e-05   5.031275e-06   264
  1.362699e-01   8.544171e-05   0.000000e+00   5.636173e-06   240
  1.364486e-01   8.427596e-05   2.825702e-09   7.464514e-06   96
  1.370900e-01   9.290647e-05   1.086688e-04   5.029995e-06   360
  1.373893e-01   9.109149e-05   8.010757e-05   8.151546e-06   168
  1.377676e-01   8.949225e-05   8.732558e-05   4.193782e-06   456
  1.382230e-01   8.292726e-05   2.511735e-09   7.934774e-06   108
  1.384792e-01   8.765260e-05   8.761995e-05   6.651804e-06   264
  1.387988e-01   8.281313e-05   7.817127e-05   5.601942e-06   264
  1.392364e-01   9.524695e-05   7.376599e-05   6.109519e-06   312
  1.397814e-01   9.439291e-05   5.481617e-05   6.395657e-06   270
  1.400098e-01   8.686165e-05   6.959603e-05   6.334096e-06   240
  1.404204e-01   8.946914e-05   8.609907e-05   4.627412e-06   384
  1.406696e-01   7.754679e-05   0.000000e+00   5.489783e-06   192
  1.411539e-01   9.496883e-05   6.908303e-05   7.146952e-06   240
  1.414347e-01   8.933874e-05   8.525963e-05   5.087154e-06   336
  1.419630e-01   9.385763e-05   8.583011e-05   4.432838e-06   480
  1.423915e-01   9.466015e-05   0.000000e+00   1.171365e-05   72
  1.426309e-01   9.717568e-05   8.369217e-05   6.487598e-06   240
  1.429564e-01   8.703912e-05   7.865917e-05   5.364573e-06   312
  1.433297e-01   8.374724e-05   8.501169e-05   6.150327e-06   240
  1.438936e-01   9.264898e-05   6.458688e-05   4.785869e-06   408
  1.441169e-01   8.750800e-05   5.914602e-05   5.331935e-06   336
  1.445532e-01   9.313473e-05   7.510087e-05   7.056204e-06   264
  1.447677e-01   1.131767e-04   0.000000e+00   9.931681e-06   144
  1.453643e-01   9.329151e-05   1.040943e-04   4.704476e-06   464
  1.456786e-01   7.258452e-05   8.277629e-05   5.505164e-06   168
  1.459889e-01   1.168354e-04   7.539115e-05   6.549094e-06   336
  1.465498e-01   9.177092e-05   7.921315e-05   4.943681e-06   414
  1.468660e-01   1.031797e-04   8.245619e-05   6.916043e-06   216
  1.472710e-01   9.278313e-05   1.998073e-09   9.979304e-06   96
  1.474364e-01   9.209112e-05   5.994218e-09   4.422079e-06   384
  1.480158e-01   9.890928e-05   8.229688e-05   5.194497e-06   492
  1.483263e-01   7.790942e-05   8.047930e-05   5.043622e-06   240
  1.486772e-01   7.961064e-05   8.171468e-05   4.809907e-06   312
  1.491618e-01   9.879878e-05   8.168777e-05   8.151979e-06   192
  1.494688e-01   9.776753e-05   7.916535e-05   4.705022e-06   504
  1.498761e-01   9.412041e-05   5.240881e-05   5.066825e-06   408
  1.501968e-01   1.086344e-04   1.605609e-04   8.989393e-06   168
  1.505981e-01   8.685794e-05   7.626782e-05   5.929256e-06   288
  1.509348e-01   9.021082e-05   7.959200e-05   6.398352e-06   288
  1.512797e-01   9.907305e-05   8.005014e-05   5.110242e-06   432
  1.517801e-01   1.048886e-04   7.570076e-05   7.432829e-06   216
  1.520474e-01   9.758763e-05   7.554106e-05   4.910676e-06   360
  1.525234e-01   1.048406e-04   7.372735e-05   6.264833e-06   312
  1.529530e-01   1.118833e-04   0.000000e+00   1.894945e-05   48
  1.532006e-01   9.726267e-05   7.904634e-05   5.108355e-06   432
  1.536441e-01   9.204203e-05   1.318501e-04   4.540600e-06   414
  1.539060e-01   9.405323e-05   6.955573e-09   5.548767e-06   312
  1.543946e-01   1.032311e-04   1.156911e-04   4.619298e-06   528
  1.547243e-01   1.034945e-04   6.072803e-05   6.878903e-06   264
  1.551204e-01   9.448935e-05   7.200680e-05   4.957925e-06   480
  1.556380e-01   9.815035e-05   0.000000e+00   5.510435e-06   288
  1.558615e-01   1.026691e-04   7.736908e-05   8.926829e-06   168
  1.562704e-01   1.006581e-04   1.224750e-04   4.466608e-06   504
  1.567302e-01   1.095807e-04   2.664097e-09   8.378440e-06   144
  1.570194e-01   9.589321e-05   7.865832e-05   4.657657e-06   464
  1.574541e-01   8.703241e-05   1.154355e-04   4.312994e-06   432
  1.576603e-01   1.140898e-04   1.998073e-09   8.393876e-06   192
  1.581934e-01   9.362375e-05   8.557628e-05   4.405352e-06   396
  1.585082e-01   1.002950e-04   7.687110e-05   6.340909e-06   288
  1.588263e-01   1.025727e-04   7.593549e-05   5.915060e-06   336
  1.593345e-01   9.600299e-05   4.808388e-05   4.410468e-06   432
  1.596570e-01   1.036072e-04   1.246267e-04   5.403525e-06   360
  1.600192e-01   1.031062e-04   7.371853e-05   5.215943e-06   384
  1.605335e-01   8.705785e-05   6.507077e-05   7.061854e-06   198
  1.607813e-01   1.013782e-04   7.396430e-05   4.108932e-06   552
  1.612434e-01   8.444137e-05   1.035450e-04   4.749537e-06   432
  1.616292e-01   1.114622e-04   0.000000e+00   8.867131e-06   168
  1.619530e-01   1.031058e-04   1.283579e-04   4.879765e-06   480
  1.623813e-01   7.775344e-05   0.000000e+00   7.499780e-06   120
  1.625741e-01   9.595180e-05   1.048372e-04   6.131206e-06   336
  1.630445e-01   1.055093e-04   7.396097e-05   3.912585e-06   672
  1.635097e-01   1.048825e-04   1.075863e-04   5.020488e-06   528
  1.637264e-01   9.974459e-05   3.229373e-09   6.678216e-06   168
  1.642270e-01   1.043652e-04   1.200118e-04   4.831376e-06   456
  1.645324e-01   1.163799e-04   7.329223e-05   1.112872e-05   168
  1.648495e-01   1.071966e-04   7.316065e-05   5.522679e-06   504
  1.653766e-01   1.023708e-04   9.414654e-05   5.999667e-06   336
  1.656953e-01   1.161864e-04   6.786851e-05   6.776767e-06   312
  1.660489e-01   1.102595e-04   6.631214e-05   5.135211e-06   504
  1.665141e-01   1.058425e-04   4.600920e-05   4.741255e-06   432
  1.667329e-01   9.686903e-05   7.109945e-05   5.870932e-06   312
  1.671876e-01   1.022593e-04   7.288039e-05   4.952617e-06   384
  1.676624e-01   1.173883e-04   6.192036e-05   1.147716e-05   126
  1.679555e-01   1.076984e-04   1.087174e-04   5.646908e-06   492
  1.683299e-01   1.103476e-04   6.963360e-05   4.819709e-06   528
  1.687978e-01   1.049898e-04   7.073279e-05   4.804069e-06   480
  1.690879e-01   1.115359e-04   9.771696e-05   5.510872e-06   432
  1.695076e-01   1.180742e-04   7.684145e-05   5.647352e-06   440
  1.699951e-01   1.051478e-04   3.821294e-05   6.406428e-06   312
  1.701781e-01   1.157401e-04   5.726529e-05   6.690546e-06   480
  1.705533e-01   1.063098e-04   1.121243e-04   5.823304e-06   408
  1.711016e-01   1.077301e-04   6.714979e-05   5.691418e-06   360
  1.713332e-01   1.055972e-04   6.479710e-05   5.546450e-06   408
  1.717625e-01   1.073225e-04   6.593925e-05   5.106208e-06   456
  1.722458e-01   1.150020e-04   6.302169e-05   7.172086e-06   264
  1.725141e-01   1.055207e-04   6.839435e-05   6.012751e-06   384
  1.729046e-01   1.124280e-04   1.151467e-04   4.679379e-06   672
  1.733561e-01   1.088979e-04   6.887260e-05   7.578540e-06   240
  1.736166e-01   1.150820e-04   6.988846e-05   7.014699e-06   264
  1.739843e-01   1.012457e-04   8.619588e-05   4.579299e-06   624
  1.745329e-01   1.259005e-04   0.000000e+00   1.015894e-05   150
  1.747283e-01   1.195435e-04   9.658929e-05   5.562911e-06   600
  1.751402e-01   1.035506e-04   6.666345e-05   4.579261e-06   672
  1.756067e-01   1.146201e-04   6.270167e-05   7.037505e-06   336
  1.758666e-01   1.162679e-04   6.820115e-05   6.195086e-06   408
  1.762818e-01   1.092749e-04   6.804049e-05   5.726774e-06   408
  1.767436e-01   1.048004e-04   3.440492e-05   5.677510e-06   360
  1.770283e-01   1.187786e-04   1.263238e-04   5.861783e-06   456
  1.773722e-01   1.100557e-04   6.869566e-05   5.274050e-06   384
  1.778099e-01   1.334071e-04   6.341480e-05   6.970109e-06   348
  1.780464e-01   1.145118e-04   7.817791e-05   5.055867e-06   576
  1.784907e-01   1.192072e-04   6.436923e-05   5.781773e-06   504
  1.789452e-01   1.167594e-04   9.078907e-05   5.650539e-06   432
  1.793419e-01   1.082018e-04   1.235181e-04   4.527044e-06   576
  1.796248e-01   1.168519e-04   0.000000e+00   7.089339e-06   264
  1.800736e-01   1.191072e-04   9.828954e-05   4.342327e-06   768
  1.804640e-01   1.417103e-04   1.323290e-04   9.927076e-06   240
  1.807743e-01   1.145388e-04   1.167016e-04   9.222314e-06   192
  1.812263e-01   1.155054e-04   8.590664e-05   5.066947e-06   504
  1.815615e-01   1.093915e-04   1.157624e-04   4.805081e-06   590
  1.818830e-01   1.138897e-04   1.297055e-04   5.957710e-06   384
  1.822861e-01   1.206968e-04   1.083956e-04   5.718915e-06   504
  1.827729e-01   1.282286e-04   1.043140e-04   4.976961e-06   648
  1.832449e-01   1.234142e-04   2.833030e-05   5.654239e-06   504
  1.834353e-01   1.276496e-04   6.462673e-05   6.885975e-06   312
  1.837714e-01   1.117924e-04   9.311123e-05   4.495462e-06   576
  1.842327e-01   1.192895e-04   6.479663e-05   7.982576e-06   240
  1.845017e-01   1.173607e-04   6.547387e-05   5.041895e-06   552
  1.848823e-01   1.289605e-04   6.147846e-05   5.445833e-06   600
  1.854246e-01   1.211846e-04   7.509108e-05   4.685363e-06   600
  1.857506e-01   1.340338e-04   1.202524e-04   8.298630e-06   312
  1.860753e-01   1.318533e-04   1.047280e-04   6.116426e-06   480
  1.864809e-01   1.366694e-04   6.534019e-05   5.852219e-06   576
  1.868380e-01   1.312881e-04   1.052119e-04   7.101402e-06   408
  1.871548e-01   1.333923e-04   1.227345e-04   8.551561e-06   216
  1.875642e-01   1.118190e-04   9.400084e-05   5.306836e-06   516
  1.880028e-01   1.354418e-04   8.968636e-05   5.572426e-06   744
  1.884552e-01   1.269628e-04   5.990257e-05   6.171718e-06   462
  1.887109e-01   1.371063e-04   6.088230e-05   6.993359e-06   432
  1.891075e-01   1.383608e-04   5.648168e-05   5.174517e-06   648
  1.895737e-01   1.412078e-04   8.264320e-05   6.149349e-06   528
  1.899483e-01   1.207972e-04   9.952305e-05   5.288502e-06   600
  1.903225e-01   1.213724e-04   1.254725e-04   9.967862e-06   240
  1.906850e-01   1.256629e-04   9.611075e-05   4.792173e-06   720
  1.911062e-01   1.433230e-04   7.604100e-05   5.315501e-06   720
  1.915732e-01   1.182362e-04   0.000000e+00   9.014158e-06   144
  1.918190e-01   1.248348e-04   9.803961e-05   4.710599e-06   720
  1.921686e-01   1.533783e-04   5.878648e-05   8.749833e-06   384
  1.926063e-01   1.329393e-04   6.516793e-05   5.396061e-06   672
  1.930215e-01   1.349826e-04   1.141019e-04   7.510110e-06   336
  1.932199e-01   1.519582e-04   0.000000e+00   9.798053e-06   288
  1.937055e-01   1.322420e-04   9.030399e-05   4.820460e-06   776
  1.941551e-01   1.464583e-04   7.726878e-05   5.805718e-06   720
  1.945327e-01   1.415859e-04   6.224567e-05   7.637855e-06   432
  1.948347e-01   1.373705e-04   8.873905e-05   7.810336e-06   504
  1.951706e-01   1.305651e-04   6.217429e-05   6.077328e-06   528
  1.956407e-01   1.396837e-04   8.470885e-05   6.794655e-06   438
  1.960275e-01   1.270665e-04   9.859335e-05   5.402675e-06   624
  1.963189e-01   1.496755e-04   1.207635e-04   8.506627e-06   312
  1.967196e-01   1.408739e-04   6.506437e-05   5.330089e-06   696
  1.971339e-01   1.367499e-04   5.887146e-05   6.125787e-06   552
  1.975648e-01   1.283129e-04   4.554687e-05   5.518356e-06   516
  1.978313e-01   1.345005e-04   9.097645e-05   5.847496e-06   528
  1.981558e-01   1.362341e-04   5.916447e-05   6.584976e-06   528
  1.986168e-01   1.379765e-04   7.802593e-05   5.127640e-06   864
  1.989297e-01   1.239167e-04   1.068795e-04   6.100632e-06   408
  1.992429e-01   1.367832e-04   1.058911e-04   9.633274e-06   192
  1.996868e-01   1.430783e-04   8.762994e-05   5.494345e-06   720
  2.000615e-01   1.263472e-04   8.079911e-05   4.707011e-06   696
  2.005068e-01   1.434228e-04   8.726379e-05   5.408661e-06   720
  2.009142e-01   1.355653e-04   1.182756e-04   6.788862e-06   432
  2.011518e-01   1.278347e-04   6.962164e-05   8.161617e-06   264
  2.015793e-01   1.443313e-04   9.614441e-05   5.553509e-06   672
  2.019616e-01   1.422951e-04   9.843711e-05   5.945361e-06   600
  2.024154e-01   1.407605e-04   5.763483e-05   9.342239e-06   270
  2.026441e-01   1.406877e-04   8.675648e-05   6.511863e-06   528
  2.030077e-01   1.555379e-04   5.940776e-05   6.166768e-06   840
  2.035062e-01   1.463941e-04   1.135983e-04   5.334572e-06   888
  2.039669e-01   1.433938e-04   8.463909e-05   5.805877e-06   744
  2.043562e-01   1.576068e-04   4.349214e-05   8.176339e-06   456
  2.045498e-01   1.365358e-04   5.943469e-05   6.868576e-06   360
  2.048811e-01   1.422991e-04   5.149682e-05   6.956984e-06   384
  2.053895e-01   1.517518e-04   8.260041e-05   5.633563e-06   816
  2.057710e-01   1.518022e-04   1.198416e-04   5.320366e-06   824
  2.062346e-01   1.485198e-04   5.570811e-05   8.456922e-06   360
  2.064829e-01   1.687087e-04   8.220424e-05   7.225314e-06   624
  2.068246e-01   1.316275e-04   5.554917e-05   6.787222e-06   360
  2.072798e-01   1.504117e-04   7.556319e-05   5.202585e-06   876
  2.076909e-01   1.417026e-04   8.974647e-05   6.119258e-06   696
  2.081055e-01   1.604323e-04   5.795238e-05   8.996702e-06   336
  2.083228e-01   1.599122e-04   5.788726e-05   7.846916e-06   504
  2.086818e-01   1.492905e-04   5.838888e-05   5.723428e-06   672
  2.092144e-01   1.407084e-04   1.162387e-04   5.440830e-06   720
  2.095838e-01   1.380111e-04   8.780591e-05   5.725616e-06   774
  2.099915e-01   1.508532e-04   5.025783e-05   7.642921e-06   384
  2.102050e-01   1.495304e-04   9.671763e-05   7.004858e-06   528
  2.105364e-01   1.529160e-04   9.217729e-05   5.752224e-06   744
  2.110694e-01   1.557282e-04   7.602671e-05   5.866274e-06   768
  2.114233e-01   1.521503e-04   8.534571e-05   6.587532e-06   552
  2.118649e-01   1.428708e-04   9.301717e-05   5.676705e-06   696
  2.121934e-01   1.593239e-04   1.130320e-04   8.791995e-06   408
  2.124541e-01   1.483344e-04   4.883074e-05   7.017409e-06   504
  2.128675e-01   1.448645e-04   8.772259e-05   5.426337e-06   888
  2.132743e-01   1.413073e-04   9.116913e-05   5.828036e-06   648
  2.136971e-01   1.457989e-04   9.038766e-05   6.272719e-06   648
  2.140948e-01   1.514376e-04   9.746006e-05   5.569707e-06   792
  2.145162e-01   1.469544e-04   1.425907e-04   6.221008e-06   600
  2.148267e-01   1.431920e-04   9.663487e-05   7.097187e-06   456
  2.151535e-01   1.553884e-04   4.709572e-05   6.261613e-06   648
  2.155732e-01   1.443031e-04   9.184351e-05   4.791717e-06   936
  2.160264e-01   1.471994e-04   5.640375e-05   7.376834e-06   384
  2.164208e-01   1.237287e-08   4.745948e-09   1.311405e-09   198
  2.167253e-01   1.143817e-08   1.431011e-04   4.853921e-10   1224
  2.170537e-01   8.339360e-09   1.042217e-04   6.280609e-10   420
  2.174420e-01   1.088519e-08   1.008648e-04   5.694631e-10   792
  2.178218e-01   1.160946e-08   8.340657e-05   6.037423e-10   680
  2.182552e-01   1.206302e-08   7.658783e-05   7.264165e-10   600
  2.186039e-01   1.176243e-08   1.110734e-04   5.679748e-10   840
  2.190695e-01   1.286313e-08   5.244369e-05   8.534362e-10   432
  2.192474e-01   1.157956e-08   4.914665e-05   5.822598e-10   720
  2.196343e-01   1.098509e-08   9.843213e-05   4.835214e-10   960
  2.201154e-01   1.324096e-08   8.774504e-05   8.594534e-10   528
  2.204670e-01   1.219463e-08   8.969217e-05   6.653921e-10   624
  2.208855e-01   1.144154e-08   7.049743e-05   5.859571e-10   816
  2.213008e-01   1.055616e-08   1.159345e-04   5.896618e-10   696
  2.217599e-01   1.178903e-08   7.830814e-09   1.197443e-09   240
  2.219325e-01   1.331413e-08   6.836935e-05   6.812800e-10   672
  2.223177e-01   1.111169e-08   1.221858e-04   5.004950e-10   864
  2.227499e-01   1.300559e-08   9.375778e-05   5.789551e-10   816
  2.231394e-01   1.232416e-08   5.366372e-05   6.541595e-10   648
  2.235589e-01   1.165600e-08   5.485410e-05   5.535505e-10   843
  2.239151e-01   1.325999e-08   9.869601e-05   7.075896e-10   780
  2.243395e-01   1.525856e-08   5.295844e-05   1.234367e-09   216
  2.246013e-01   1.130252e-08   1.277035e-04   4.773472e-10   1056
  2.250039e-01   1.575444e-08   1.044758e-04   1.264136e-09   228
  2.253767e-01   1.154644e-08   1.300750e-04   5.167514e-10   924
  2.257594e-01   1.039278e-08   4.825052e-05   5.162504e-10   696
  2.261647e-01   1.279414e-08   8.587211e-05   5.515471e-10   996
  2.265793e-01   1.283619e-08   5.069718e-05   6.928248e-10   576
  2.270107e-01   1.391584e-08   7.824775e-05   8.412275e-10   552
  2.273251e-01   1.216176e-08   9.342507e-05   7.736405e-10   516
  2.276442e-01   1.244313e-08   1.358594e-04   6.009551e-10   744
  2.280088e-01   1.610138e-08   6.664715e-05   1.002552e-09   576
  2.283260e-01   1.220565e-08   6.859680e-05   5.329283e-10   792
  2.287768e-01   1.168367e-08   7.841886e-05   5.264040e-10   792
  2.291071e-01   1.321663e-08   8.457391e-05   6.255407e-10   720
  2.295538e-01   1.184807e-08   9.639481e-05   5.794595e-10   656
  2.299724e-01   1.243582e-08   1.052581e-04   6.069108e-10   816
  2.304015e-01   1.328346e-08   5.675340e-05   7.429774e-10   492
  2.306454e-01   1.325743e-08   8.164378e-05   7.232760e-10   552
  2.311032e-01   1.419329e-08   1.419686e-04   7.834549e-10   780
  2.314005e-01   1.239221e-08   8.720963e-05   7.065014e-10   528
  2.317208e-01   1.297492e-08   1.018002e-04   6.371913e-10   600
  2.321929e-01   1.251086e-08   8.460399e-05   5.176526e-10   900
  2.325183e-01   1.401723e-08   4.683822e-05   6.411560e-10   696
  2.329660e-01   1.485734e-08   1.184322e-04   6.973758e-10   696
  2.333991e-01   1.533199e-08   4.804683e-05   7.763231e-10   552
  2.337633e-01   1.185842e-08   5.587403e-05   5.896067e-10   708
  2.341448e-01   1.494019e-08   9.225121e-05   6.782252e-10   876
  2.345418e-01   1.121310e-08   4.898356e-05   9.228963e-10   216
  2.348082e-01   1.190800e-08   1.339767e-04   4.810927e-10   1032
  2.352071e-01   1.482855e-08   1.491682e-04   7.851567e-10   600
  2.356212e-01   1.649465e-08   7.117755e-05   7.765107e-10   600
  2.359371e-01   1.324017e-08   1.256929e-04   8.326284e-10   528
  2.363105e-01   1.384154e-08   6.899988e-05   5.800439e-10   732
  2.367039e-01   1.083248e-08   5.095015e-05   6.335379e-10   336
  2.371566e-01   1.425890e-08   7.261407e-05   5.599495e-10   912
  2.374950e-01   1.408926e-08   7.288252e-05   6.466081e-10   624
  2.378647e-01   1.395713e-08   6.141657e-05   6.506673e-10   768
  2.382963e-01   1.533388e-08   1.108076e-04   6.915925e-10   792
  2.387198e-01   1.419999e-08   5.493383e-05   7.296433e-10   660
  2.390212e-01   1.384210e-08   8.095383e-05   7.441121e-10   504
  2.393329e-01   1.577835e-08   1.322631e-04   8.943367e-10   480
  2.398000e-01   1.292679e-08   1.223261e-04   5.319648e-10   912
  2.401658e-01   1.601159e-08   1.362291e-04   1.000004e-09   432
  2.405113e-01   1.268730e-08   8.088962e-05   6.732548e-10   564
  2.408180e-01   1.398856e-08   7.742251e-05   6.304113e-10   600
  2.412498e-01   1.336406e-08   1.079196e-04   5.255941e-10   876
  2.415741e-01   1.597565e-08   4.852393e-05   1.166375e-09   264
  2.420212e-01   1.703905e-08   9.415549e-05   8.944986e-10   560
  2.423806e-01   1.443978e-08   6.398069e-05   5.672614e-10   840
  2.428168e-01   1.604092e-08   9.863978e-05   6.492333e-10   1008
  2.432202e-01   1.902878e-08   4.412481e-05   9.322559e-10   456
  2.435886e-01   1.650217e-08   5.715745e-05   8.020871e-10   576
  2.439292e-01   1.601077e-08   8.782853e-05   7.979865e-10   612
  2.443783e-01   1.509851e-08   7.844513e-05   6.888720e-10   780
  2.447447e-01   1.516050e-08   8.989453e-05   6.949702e-10   648
  2.451197e-01   1.719458e-08   4.189201e-05   1.210664e-09   312
  2.453594e-01   1.718309e-08   1.064407e-04   9.326745e-10   528
  2.457747e-01   1.535341e-08   1.390063e-04   6.752235e-10   720
  2.461718e-01   1.500514e-08   1.394416e-04   6.688255e-10   576
  2.466533e-01   1.610083e-08   1.202863e-04   8.120959e-10   444
  2.469529e-01   1.634398e-08   1.179621e-04   6.009632e-10   996
  2.473200e-01   1.571268e-08   9.853387e-05   8.558319e-10   432
  2.476669e-01   1.601887e-08   1.078752e-04   8.434214e-10   504
  2.479666e-01   2.028439e-08   4.863583e-05   9.454909e-10   504
  2.483934e-01   1.706184e-08   9.571589e-05   7.271039e-10   876
  2.487796e-01   1.685197e-08   1.101599e-04   8.956967e-10   504
  2.491817e-01   1.565157e-08   7.025420e-05   6.424156e-10   696
  2.495140e-01   1.850200e-08   6.005997e-05   9.570975e-10   492
  2.499662e-01   1.654644e-08   8.597875e-05   9.073423e-10   432
  2.503011e-01   1.676327e-08   8.050968e-05   6.754043e-10   768
  2.506981e-01   1.603942e-08   1.002856e-04   7.853403e-10   648
  2.510772e-01   1.610484e-08   6.542561e-05   8.105821e-10   456
  2.515128e-01   1.587296e-08   8.997083e-05   7.739498e-10   552
  2.518153e-01   1.740190e-08   6.166608e-05   8.632170e-10   648
  2.522317e-01   1.687352e-08   1.005122e-04   6.445152e-10   840
  2.526384e-01   1.875514e-08   4.793217e-05   1.047593e-09   432
  2.530455e-01   1.606437e-08   5.870872e-05   7.020534e-10   600
  2.533287e-01   1.825168e-08   6.255029e-05   1.118304e-09   432
  2.538044e-01   1.677636e-08   6.227491e-05   8.753392e-10   560
  2.541265e-01   1.837260e-08   9.857465e-05   7.351834e-10   840
  2.545299e-01   1.897129e-08   5.838720e-05   8.804659e-10   504
  2.548502e-01   1.707458e-08   1.191648e-04   7.527789e-10   696
  2.553018e-01   1.868066e-08   6.508356e-05   1.070704e-09   384
  2.556535e-01   1.689654e-08   9.533975e-05   7.406963e-10   576
  2.560789e-01   1.665237e-08   5.883893e-05   1.110173e-09   360
  2.564218e-01   1.743731e-08   8.762544e-05   7.880438e-10   828
  2.567917e-01   1.842215e-08   7.804673e-05   1.023056e-09   372
  2.571307e-01   1.898754e-08   1.191923e-04   8.960230e-10   576
  2.575797e-01   1.868155e-08   4.991761e-05   8.436908e-10   636
  2.578996e-01   1.772563e-08   9.622826e-05   7.928807e-10   648
  2.583323e-01   2.129562e-08   7.822306e-05   1.054005e-09   576
  2.586430e-01   1.829256e-08   1.261820e-04   9.244268e-10   528
  2.590561e-01   1.706127e-08   5.394804e-05   9.853662e-10   360
  2.593981e-01   1.801361e-08   1.241007e-04   7.652008e-10   672
  2.598446e-01   1.738435e-08   6.356642e-05   6.800514e-10   804
  2.602163e-01   2.071199e-08   7.012137e-05   1.235391e-09   408
  2.606274e-01   1.631392e-08   4.334263e-05   8.181772e-10   384
  2.609042e-01   1.852086e-08   9.918459e-05   1.025481e-09   480
  2.612947e-01   1.919322e-08   6.408778e-05   9.614619e-10   432
  2.616692e-01   2.092557e-08   1.181001e-04   9.051361e-10   648
  2.621125e-01   1.968919e-08   7.328056e-05   9.528893e-10   624
  2.624367e-01   2.027846e-08   6.665485e-05   1.213043e-09   456
  2.628795e-01   1.832459e-08   9.105646e-05   9.834805e-10   588
  2.631762e-01   1.742605e-08   5.809364e-05   8.050802e-10   600
  2.636094e-01   1.874987e-08   9.061183e-05   7.715202e-10   708
  2.639516e-01   1.682561e-08   5.708370e-05   1.016910e-09   360
  2.643298e-01   1.979133e-08   6.561923e-05   1.015460e-09   552
  2.646923e-01   1.851887e-08   4.603344e-05   1.288740e-09   288
  2.650603e-01   1.734932e-08   8.655546e-05   8.010733e-10   528
  2.654060e-01   1.762977e-08   5.839431e-05   8.888333e-10   456
  2.657924e-01   1.888805e-08   1.035458e-04   8.169094e-10   608
  2.661809e-01   1.831165e-08   5.009661e-05   9.626862e-10   504
  2.666055e-01   1.921245e-08   1.075546e-04   1.073785e-09   540
  2.669384e-01   2.082681e-08   1.154568e-04   1.351521e-09   360
  2.672972e-01   2.161079e-08   5.228475e-05   1.026844e-09   540
  2.676146e-01   2.018118e-08   4.489266e-05   1.009920e-09   576
  2.680762e-01   1.916362e-08   1.040909e-04   8.520786e-10   588
  2.685150e-01   2.010776e-08   1.436140e-04   9.108870e-10   672
  2.688920e-01   2.153115e-08   1.097654e-04   1.144975e-09   552
  2.691959e-01   1.547014e-08   1.098209e-04   1.481954e-09   144
  2.695837e-01   1.995006e-08   9.330411e-05   9.347243e-10   600
  2.699514e-01   1.852268e-08   1.169304e-04   9.612944e-10   504
  2.703595e-01   2.032361e-08   1.201111e-04   1.371044e-09   336
  2.707887e-01   1.908352e-08   1.350054e-04   8.349319e-10   600
  2.711731e-01   1.987911e-08   8.712810e-05   9.286854e-10   636
  2.715880e-01   2.017885e-08   7.005178e-05   1.453875e-09   384
  2.718789e-01   2.047169e-08   9.771396e-05   1.233229e-09   504
  2.722982e-01   2.229079e-08   4.100918e-05   1.608560e-09   240
  2.726291e-01   2.121021e-08   9.633639e-05   8.443520e-10   744
  2.730261e-01   1.930776e-08   6.578310e-05   9.344671e-10   648
  2.733790e-01   2.751467e-08   4.366878e-05   2.597219e-09   120
  2.737925e-01   1.909639e-08   6.859799e-05   8.568032e-10   564
  2.741050e-01   2.285989e-08   1.077373e-04   1.276488e-09   432
  2.745220e-01   1.795913e-08   8.362543e-05   1.115263e-09   480
  2.748361e-01   1.772326e-08   6.155045e-05   1.039317e-09   456
  2.752067e-01   2.023143e-08   1.018569e-04   1.174658e-09   444
  2.756274e-01   2.038249e-08   1.558464e-04   9.841985e-10   528
  2.759969e-01   2.029385e-08   1.157439e-04   1.662641e-09   264
  2.763555e-01   1.996810e-08   1.186203e-04   1.110910e-09   444
  2.768379e-01   2.117080e-08   1.299311e-04   9.338034e-10   696
  2.772383e-01   2.110452e-08   6.949148e-05   1.195476e-09   384
  2.775311e-01   2.322728e-08   8.780831e-05   1.314552e-09   432
  2.779866e-01   2.661551e-08   6.067143e-05   1.815081e-09   488
  2.782823e-01   2.350250e-08   9.143939e-05   1.165800e-09   480
  2.787111e-01   2.040984e-08   1.019738e-04   1.164685e-09   480
  2.790432e-01   2.005087e-08   4.278510e-05   1.293399e-09   240
  2.794202e-01   2.148621e-08   9.994261e-05   1.071950e-09   600
  2.797758e-01   2.136814e-08   8.708975e-05   1.461339e-09   288
  2.801544e-01   2.175935e-08   8.377397e-05   1.289692e-09   480
  2.805379e-01   1.855502e-08   1.490189e-04   1.037690e-09   504
  2.809155e-01   2.597915e-08   6.393839e-05   1.847983e-09   216
  2.813970e-01   2.316223e-08   1.046773e-04   1.376675e-09   504
  2.817720e-01   2.119205e-08   8.419242e-05   1.248866e-09   456
  2.821825e-01   2.840597e-08   4.828579e-05   1.843755e-09   384
  2.824544e-01   2.606839e-08   9.800271e-05   1.489346e-09   480
  2.828408e-01   2.032814e-08   8.605736e-05   1.192083e-09   504
  2.831988e-01   2.384728e-08   5.458940e-05   1.719411e-09   312
  2.835845e-01   2.268958e-08   8.796897e-05   1.384211e-09   492
  2.839260e-01   2.297544e-08   8.245044e-05   1.335147e-09   312
  2.843655e-01   2.033320e-08   1.339342e-04   8.731933e-10   576
  2.847524e-01   2.518781e-08   1.236321e-04   1.907371e-09   336
  2.850738e-01   1.827936e-08   9.519099e-05   1.341686e-09   240
  2.855192e-01   2.174245e-08   1.261991e-04   1.253917e-09   468
  2.859039e-01   2.145300e-08   7.901891e-05   2.320891e-09   192
  2.863065e-01   1.841132e-08   7.925442e-05   1.326226e-09   324
  2.866016e-01   2.161414e-08   5.752155e-05   1.162005e-09   600
  2.870037e-01   2.149046e-08   9.332283e-05   1.187445e-09   456
  2.873023e-01   2.422381e-08   4.197661e-05   1.598226e-09   336
  2.877972e-01   2.146140e-08   1.256898e-04   1.065672e-09   612
  2.881573e-01   1.470074e-08   1.054844e-04   1.751726e-09   144
  2.884978e-01   2.375031e-08   1.231274e-04   1.304166e-09   552
  2.889609e-01   1.807559e-08   4.848907e-05   1.100281e-09   264
  2.892225e-01   2.070091e-08   1.122646e-04   1.434618e-09   336
  2.896353e-01   2.055590e-08   7.418058e-05   1.205062e-09   384
  2.899932e-01   1.950573e-08   4.175634e-05   1.814591e-09   216
  2.903894e-01   1.901313e-08   8.853205e-05   1.339780e-09   344
  2.907507e-01   1.760414e-08   1.320940e-04   1.094890e-09   408
  2.911910e-01   2.142341e-08   1.015056e-04   1.904147e-09   264
  2.915811e-01   2.059356e-08   1.415038e-04   1.052484e-09   612
  2.919709e-01   2.408001e-08   7.282870e-05   1.552509e-09   408
  2.923718e-01   1.966897e-08   7.293338e-05   1.454886e-09   444
  2.926663e-01   3.258307e-08   4.079109e-05   3.311507e-09   120
  2.930609e-01   2.340947e-08   1.126983e-04   1.683400e-09   336
  2.933538e-01   2.071097e-08   3.916222e-05   1.533350e-09   288
  2.937496e-01   2.063728e-08   1.218735e-04   1.078207e-09   552
  2.942938e-01   2.165707e-08   6.525678e-09   3.067487e-09   72
  2.945736e-01   2.100219e-08   1.210514e-04   1.214024e-09   504
  2.949004e-01   1.516609e-08   3.895317e-05   1.427646e-09   216
  2.953239e-01   1.979460e-08   6.954821e-05   1.456441e-09   312
  2.957040e-01   1.636711e-08   7.919158e-05   1.093575e-09   336
  2.960663e-01   1.985468e-08   1.097684e-04   1.765128e-09   204
  2.964271e-01   2.882712e-08   1.275676e-04   1.858800e-09   504
  2.968098e-01   2.660201e-08   1.214810e-04   1.727355e-09   396
  2.971778e-01   2.213947e-08   1.114044e-04   1.621325e-09   312
  2.976240e-01   2.782407e-08   6.808000e-05   2.463178e-09   216
  2.979383e-01   2.167606e-08   3.694832e-05   2.273450e-09   168
  2.983203e-01   2.226175e-08   9.329657e-05   1.124325e-09   588
  2.987563e-01   1.736702e-08   1.266392e-04   1.373888e-09   240
  2.990950e-01   1.770069e-08   1.118436e-04   1.605628e-09   264
  2.994922e-01   2.249111e-08   1.383176e-04   2.016335e-09   288
  2.998446e-01   2.407125e-08   6.907007e-05   2.097569e-09   288
  3.002913e-01   1.694549e-08   6.486779e-05   1.272134e-09   288
  3.005921e-01   2.091502e-08   7.514392e-05   1.634624e-09   192
  3.009705e-01   1.663489e-08   7.996067e-05   1.198648e-09   264
  3.013310e-01   3.192286e-08   1.315242e-04   2.286522e-09   372
  3.017189e-01   2.978713e-08   1.420518e-04   2.908892e-09   360
  3.021924e-01   2.700844e-08   6.011768e-05   3.990332e-09   144
  3.024371e-01   1.687246e-08   8.350082e-05   1.678651e-09   296
  3.028234e-01   2.032181e-08   8.996782e-05   1.902026e-09   288
  3.032657e-01   2.145869e-08   1.344546e-04   1.314694e-09   480
  3.036471e-01   1.985817e-08   1.117190e-04   3.243739e-09   192
  3.040181e-01   2.433369e-08   1.198338e-04   2.047669e-09   192
  3.043553e-01   1.776173e-08   7.637151e-05   1.365720e-09   288
  3.048242e-01   1.145243e-08   6.648036e-05   1.409118e-09   108
  3.050604e-01   1.909049e-08   6.391272e-05   1.707384e-09   240
  3.054775e-01   1.724930e-08   1.192307e-04   1.267943e-09   384
  3.059059e-01   2.389589e-08   1.454479e-04   2.621285e-09   108
  3.062848e-01   2.646560e-08   8.527881e-05   2.090311e-09   348
  3.066832e-01   1.721544e-08   8.900031e-05   1.667638e-09   312
  3.070391e-01   1.762548e-08   8.648246e-05   3.576335e-09   96
  3.073663e-01   2.226446e-08   1.151358e-04   1.689546e-09   384
  3.077328e-01   2.222495e-08   7.919012e-05   2.068794e-09   144
  3.080912e-01   2.243793e-08   1.216791e-04   1.597882e-09   408
  3.085368e-01   1.499221e-08   5.427748e-05   2.016930e-09   144
  3.089578e-01   2.148789e-08   1.043490e-04   2.503210e-09   192
  3.092074e-01   2.723095e-08   1.174468e-04   2.952682e-09   144
  3.096144e-01   1.754835e-08   9.548855e-05   1.728101e-09   144
  3.099983e-01   2.329453e-08   1.167025e-04   2.091036e-09   336
  3.104685e-01   1.358937e-08   8.634502e-05   1.030053e-09   240
  3.107666e-01   1.886204e-08   3.920851e-05   2.679912e-09   96
  3.111825e-01   2.257959e-08   1.149797e-04   1.834821e-09   372
  3.116031e-01   1.916481e-08   1.367659e-04   2.815894e-09   132
  3.119726e-01   1.513899e-08   8.462908e-05   1.170290e-09   264
  3.123032e-01   3.018567e-08   6.499128e-05   3.468696e-09   168
  3.126560e-01   2.296888e-08   1.039086e-04   1.935106e-09   216
  3.129676e-01   1.575340e-08   6.357256e-05   2.111450e-09   216
  3.134215e-01   1.190135e-08   1.166292e-04   1.411627e-09   96
  3.138333e-01   2.348129e-08   7.608990e-05   2.869023e-09   120
  3.142110e-01   1.811277e-08   9.673168e-05   1.831978e-09   216
  3.145221e-01   1.585472e-08   4.227207e-05   1.624868e-09   200
  3.149340e-01   2.022490e-08   1.094242e-04   2.616690e-09   288
  3.154623e-01   8.329996e-09   2.879164e-05   6.881613e-10   144
  3.156848e-01   2.111275e-08   8.959781e-05   3.714235e-09   168
  3.161391e-01   1.708300e-08   1.008340e-04   2.383068e-09   159
  3.164937e-01   1.524978e-08   1.057991e-04   1.165966e-09   174
  3.168369e-01   1.333835e-08   9.593494e-05   1.338019e-09   144
  3.172863e-01   1.983934e-08   5.539549e-05   1.775827e-09   222
  3.175869e-01   1.662220e-08   5.589895e-05   1.901410e-09   168
  3.181060e-01   2.222081e-08   1.226079e-04   4.906423e-09   30
  3.183205e-01   8.261156e-09   1.082537e-04   1.150182e-09   72
  3.187244e-01   1.708195e-08   9.661517e-05   1.729565e-09   258
  3.191684e-01   1.428213e-08   6.051257e-05   1.128529e-09   264
  3.193905e-01   1.646837e-08   0.000000e+00   2.631945e-09   72
  3.198532e-01   1.018056e-08   1.199385e-04   1.094148e-09   174
  3.202721e-01   1.858997e-08   1.277123e-04   2.683718e-09   168
  3.206090e-01   6.133373e-09   3.996146e-09   9.612151e-10   48
  3.209705e-01   1.058116e-08   7.212215e-05   1.147864e-09   150
  3.213898e-01   2.383207e-08   1.326739e-04   2.221002e-09   168
  3.218102e-01   1.189186e-08   8.081877e-05   1.319590e-09   144
  3.221967e-01   1.433154e-08   7.550312e-05   2.679130e-09   102
  3.224847e-01   7.218821e-09   1.117576e-04   6.219210e-10   96
  3.229415e-01   5.535752e-09   1.109119e-04   4.438367e-10   120
  3.232799e-01   5.723029e-09   1.189559e-04   4.503983e-10   168
  3.236458e-01   1.955682e-08   8.783953e-05   2.109412e-09   126
  3.239576e-01   1.184766e-08   6.624856e-05   1.589378e-09   168
  3.243872e-01   6.931660e-09   1.062297e-04   1.010271e-09   72
  3.247626e-01   8.232228e-09   1.330232e-04   7.570087e-10   168
  3.250914e-01   1.459603e-08   3.646820e-05   2.712478e-09   78
  3.255420e-01   7.912201e-09   5.987806e-05   1.062822e-09   60
  3.259049e-01   2.342462e-08   9.713191e-05   4.534277e-09   96
  3.262812e-01   9.404447e-09   1.178615e-04   8.076285e-10   168
  3.266349e-01   7.835312e-09   7.457817e-05   1.424228e-09   86
  3.270060e-01   6.769350e-09   6.665520e-05   9.963900e-10   120
  3.275378e-01   7.855471e-09   4.753401e-05   7.687907e-10   168
  3.278247e-01   5.200144e-09   0.000000e+00   6.411243e-10   48
  3.282110e-01   1.591744e-08   8.660181e-05   1.899274e-09   120
  3.284330e-01   1.046760e-08   6.317951e-05   1.472364e-09   126
  3.289749e-01   9.880281e-09   1.111151e-04   1.208293e-09   96
  3.293266e-01   9.542713e-09   3.204012e-05   1.024222e-09   96
  3.296039e-01   6.709994e-09   0.000000e+00   9.133623e-10   72
  3.301949e-01   7.899397e-09   3.996146e-09   1.501469e-09   24
  3.305637e-01   1.078790e-08   6.593782e-05   1.025162e-09   120
  3.308514e-01   7.968254e-09   9.618300e-05   1.054911e-09   126
  3.311713e-01   6.595149e-09   8.018157e-05   8.028157e-10   96
  3.315452e-01   4.232969e-09   1.385771e-04   5.047824e-10   72
  3.319614e-01   6.967855e-09   5.993927e-05   6.137629e-10   144
  3.323038e-01   7.654890e-09   3.457157e-05   1.052083e-09   72
  3.326459e-01   1.061650e-08   6.905176e-05   1.974654e-09   54
  3.329469e-01   9.540434e-09   6.085106e-05   1.094374e-09   108
  3.335726e-01   1.128792e-08   5.964977e-05   1.310414e-09   72
  3.337673e-01   8.699444e-09   3.441997e-05   1.053252e-09   72
  3.342294e-01   5.449128e-09   6.921527e-09   7.424272e-10   24
  3.346666e-01   3.519187e-09   7.281693e-05   5.437145e-10   48
  3.349321e-01   8.227476e-09   5.546771e-05   1.160974e-09   102
  3.353317e-01   5.779152e-09   1.254449e-04   4.531606e-10   168
  3.358538e-01   4.718957e-09   6.841470e-05   6.875306e-10   72
  3.360473e-01   5.424462e-09   0.000000e+00   9.603004e-10   48
  3.364531e-01   7.079196e-09   1.176775e-04   7.571756e-10   120
  3.369887e-01   7.147793e-09   7.231517e-05   6.260799e-10   96
  3.374945e-01   1.221608e-08   7.830814e-09   4.050219e-09   30
  3.380957e-01   9.294699e-09   3.397687e-05   1.384047e-09   72
  3.383599e-01   4.757733e-09   3.996146e-09   1.154534e-09   24
  3.386992e-01   2.601274e-09   5.036212e-05   4.826780e-10   56
  3.390793e-01   2.560006e-09   7.186930e-05   2.409076e-10   96
  3.395342e-01   5.512514e-09   7.936128e-05   5.095731e-10   144
  3.398849e-01   7.435945e-09   4.505822e-05   1.553847e-09   54
  3.403944e-01   5.551703e-09   6.750198e-05   5.885952e-10   108
  3.409071e-01   1.253849e-08   3.574199e-05   2.307909e-09   48
  3.413952e-01   5.917523e-09   1.345800e-04   5.693622e-10   72
  3.425664e-01   1.059746e-08   8.891744e-05   1.462969e-09   78
  3.428909e-01   2.755310e-09   6.701044e-05   3.474580e-10   72
  3.432698e-01   3.096614e-09   6.692725e-05   3.552394e-10   72
  3.436659e-01   5.821009e-09   1.615028e-04   5.517829e-10   96
  3.439790e-01   3.097607e-09   6.678928e-05   2.270080e-10   72
  3.443566e-01   4.114887e-09   0.000000e+00   7.101558e-10   24
  3.447338e-01   5.568758e-09   1.332770e-04   6.868725e-10   72
  3.455858e-01   6.558235e-09   8.463498e-05   1.436633e-09   30
  3.457691e-01   9.134307e-09   0.000000e+00   2.029519e-09   24
  3.467544e-01   2.493635e-09   7.027855e-05   3.794533e-10   48
  3.470634e-01   3.939533e-09   1.512394e-04   6.130932e-10   120
  3.474798e-01   2.367934e-09   6.612537e-05   3.563545e-10   72
  3.479003e-01   3.634018e-09   6.604543e-05   6.397547e-10   36
  3.481894e-01   4.074429e-09   1.305365e-04   5.007133e-10   78
  3.489960e-01   5.011333e-09   6.982714e-05   6.323034e-10   48
  3.500419e-01   6.428971e-09   5.651403e-09   8.917311e-10   24
  3.507870e-01   1.403578e-09   4.862619e-05   2.422775e-10   56
  3.511622e-01   1.776056e-09   7.482652e-05   2.048013e-10   102
  3.516395e-01   2.951189e-09   5.328194e-09   3.613465e-10   72
  3.519166e-01   3.579135e-09   0.000000e+00   6.723927e-10   24
  3.524009e-01   2.857293e-09   6.915246e-05   3.467369e-10   48
  3.532988e-01   3.209791e-09   0.000000e+00   8.529163e-10   24
  3.544007e-01   3.393866e-09   0.000000e+00   1.762058e-09   6
  3.547443e-01   9.303110e-10   0.000000e+00   2.052209e-10   24
  3.549732e-01   1.709743e-09   6.472929e-05   1.902280e-10   72
  3.553914e-01   1.476684e-09   1.207586e-04   1.422908e-10   84
  3.558418e-01   2.942157e-09   0.000000e+00   5.917569e-10   24
  3.559787e-01   2.779749e-09   5.651403e-09   3.922561e-10   24
  3.566626e-01   2.828714e-09   3.996146e-09   6.279031e-10   24
  3.576179e-01   2.467395e-09   0.000000e+00   6.968378e-10   6
  3.588424e-01   8.242220e-10   6.791113e-05   1.083162e-10   48
  3.591365e-01   1.338407e-09   1.279335e-04   1.505548e-10   72
  3.595209e-01   1.790244e-09   6.778297e-05   2.885498e-10   48
  3.601304e-01   3.802516e-09   0.000000e+00   6.186822e-10   24
  3.609415e-01   7.446573e-09   3.996146e-09   1.261869e-09   6
  3.627599e-01   4.244834e-10   0.000000e+00   1.209862e-10   8
  3.628942e-01   1.000250e-09   3.996146e-09   2.676475e-10   48
  3.632164e-01   1.385532e-09   6.573533e-05   2.184868e-10   60
  3.636991e-01   1.824184e-09   0.000000e+00   5.079721e-10   24
  3.643686e-01   2.298518e-09   0.000000e+00   7.754322e-10   6
  3.668348e-01   8.015141e-10   0.000000e+00   1.618930e-10   24
  3.670341e-01   8.482414e-10   6.639546e-05   9.795752e-11   48
  3.673659e-01   1.382132e-09   0.000000e+00   3.831115e-10   24
  3.678962e-01   2.968930e-10   3.996146e-09   1.265139e-10   6
  3.709088e-01   4.097414e-10   6.194064e-05   4.854457e-11   36
  3.711278e-01   8.588771e-10   0.000000e+00   2.112743e-10   24
  3.715215e-01   8.023968e-10   0.000000e+00   4.456396e-10   6
  3.749494e-01   4.739385e-10   5.629118e-05   8.800581e-11   32
  3.752417e-01   3.582672e-10   3.996146e-09   2.976783e-11   6
  3.789254e-01   8.120060e-11   0.000000e+00   2.063309e-11   12
  3.790540e-01   5.473637e-10   0.000000e+00   1.666482e-10   6
  3.829556e-01   9.201953e-11   5.651403e-09   2.400137e-11   6
