# power spectrum of pi_k
# redshift z=2.840847
# k              Pk             sigma(k)       sigma(Pk)      count
  3.141593e-02   1.220244e-03   0.000000e+00   4.918593e-04   6
  4.442883e-02   4.141022e-04   0.000000e+00   8.266421e-05   12
  5.441398e-02   2.336872e-04   5.960464e-10   4.755439e-05   8
  6.283185e-02   6.512238e-04   0.000000e+00   7.007640e-05   6
  7.024815e-02   3.914029e-04   1.123916e-09   1.247757e-04   24
  7.695299e-02   4.834490e-04   1.123916e-09   8.144938e-05   24
  8.885766e-02   1.599782e-04   0.000000e+00   7.200586e-05   12
  9.424778e-02   1.620256e-04   1.271566e-09   2.984715e-05   30
  9.934588e-02   1.798412e-04   0.000000e+00   3.963363e-05   24
  1.041948e-01   1.487594e-04   1.946680e-09   3.687496e-05   24
  1.088280e-01   1.606647e-04   1.192093e-09   3.256719e-05   8
  1.132717e-01   1.278063e-04   1.589457e-09   1.587800e-05   24
  1.175476e-01   1.142925e-04   0.000000e+00   1.606117e-05   48
  1.256637e-01   1.238071e-04   0.000000e+00   5.443545e-05   6
  1.295312e-01   9.491763e-05   1.589457e-09   1.332816e-05   48
  1.332865e-01   8.396747e-05   1.498555e-09   8.732453e-06   36
  1.369388e-01   1.148662e-04   1.589457e-09   2.401947e-05   24
  1.404963e-01   6.381012e-05   2.247832e-09   1.098518e-05   24
  1.439659e-01   5.396308e-05   0.000000e+00   7.338285e-06   48
  1.473538e-01   7.900007e-05   2.247832e-09   1.124493e-05   24
  1.539060e-01   5.595013e-05   2.247832e-09   8.800925e-06   24
  1.570796e-01   3.617355e-05   0.000000e+00   5.920943e-06   30
  1.601904e-01   3.666867e-05   0.000000e+00   4.049989e-06   72
  1.632419e-01   3.408596e-05   2.384186e-09   6.939460e-06   32
  1.691799e-01   4.199123e-05   0.000000e+00   4.870534e-06   72
  1.720721e-01   2.469867e-05   0.000000e+00   3.610867e-06   48
  1.777153e-01   1.240305e-05   0.000000e+00   3.689396e-06   12
  1.804708e-01   2.390246e-05   0.000000e+00   3.584973e-06   48
  1.831848e-01   2.062078e-05   0.000000e+00   2.052667e-06   48
  1.858591e-01   2.672203e-05   2.247832e-09   3.370912e-06   48
  1.884956e-01   3.137942e-05   2.543132e-09   5.500674e-06   30
  1.910956e-01   2.706971e-05   0.000000e+00   6.088576e-06   24
  1.936608e-01   2.726975e-05   4.738846e-09   2.741737e-06   72
  1.986918e-01   1.524918e-05   0.000000e+00   2.894605e-06   24
  2.011601e-01   2.269920e-05   0.000000e+00   2.249065e-06   96
  2.035985e-01   1.696329e-05   0.000000e+00   2.252574e-06   48
  2.060080e-01   1.373418e-05   3.893359e-09   3.373629e-06   24
  2.083897e-01   9.621279e-06   3.893359e-09   1.975722e-06   24
  2.107444e-01   2.228573e-05   0.000000e+00   2.720754e-06   72
  2.130732e-01   1.609861e-05   0.000000e+00   2.478220e-06   48
  2.176559e-01   1.313566e-05   2.384186e-09   3.921113e-06   8
  2.199115e-01   1.859595e-05   2.825702e-09   2.219227e-06   54
  2.221441e-01   1.215721e-05   0.000000e+00   2.126218e-06   84
  2.243546e-01   1.292626e-05   0.000000e+00   1.854382e-06   48
  2.265435e-01   7.794067e-06   3.178914e-09   1.390376e-06   24
  2.287114e-01   1.005988e-05   4.238553e-09   1.193736e-06   72
  2.308590e-01   1.286577e-05   0.000000e+00   1.464566e-06   96
  2.350953e-01   1.659630e-05   0.000000e+00   1.810129e-06   48
  2.371850e-01   8.844373e-06   0.000000e+00   8.287820e-07   48
  2.392566e-01   7.484560e-06   0.000000e+00   1.456223e-06   24
  2.413103e-01   8.315425e-06   0.000000e+00   8.953140e-07   72
  2.453662e-01   8.252974e-06   0.000000e+00   9.767277e-07   72
  2.473693e-01   7.856391e-06   0.000000e+00   8.955143e-07   96
  2.513274e-01   1.029586e-05   0.000000e+00   4.524849e-06   6
  2.532833e-01   8.304687e-06   0.000000e+00   8.040060e-07   96
  2.552242e-01   8.329524e-06   3.178914e-09   8.902260e-07   96
  2.571504e-01   5.475368e-06   0.000000e+00   1.301859e-06   24
  2.590624e-01   5.934191e-06   3.178914e-09   7.393468e-07   48
  2.609603e-01   5.835570e-06   0.000000e+00   5.898389e-07   96
  2.628445e-01   6.650788e-06   0.000000e+00   8.959157e-07   48
  2.665730e-01   5.594200e-06   2.997109e-09   1.049797e-06   36
  2.684178e-01   5.481889e-06   5.506041e-09   6.921393e-07   48
  2.702500e-01   5.908860e-06   6.229375e-09   5.304061e-07   120
  2.720699e-01   5.159620e-06   0.000000e+00   6.812607e-07   56
  2.738777e-01   2.820495e-06   3.178914e-09   4.935237e-07   24
  2.756736e-01   3.976328e-06   0.000000e+00   3.538096e-07   96
  2.774580e-01   4.101104e-06   0.000000e+00   5.292145e-07   48
  2.809926e-01   4.714358e-06   4.495664e-09   8.744840e-07   24
  2.827433e-01   5.008137e-06   0.000000e+00   5.010951e-07   102
  2.844833e-01   5.029124e-06   3.178914e-09   7.581278e-07   48
  2.862127e-01   4.500205e-06   0.000000e+00   4.483697e-07   72
  2.879317e-01   3.999979e-06   0.000000e+00   4.040475e-07   48
  2.896405e-01   4.180605e-06   0.000000e+00   7.745557e-07   48
  2.913393e-01   3.486692e-06   7.193062e-09   3.064346e-07   120
  2.947075e-01   5.275200e-06   4.495664e-09   8.830138e-07   24
  2.963773e-01   2.981290e-06   4.238553e-09   2.508308e-07   144
  2.980376e-01   2.994322e-06   5.086263e-09   2.878923e-07   120
  2.996888e-01   2.276718e-06   4.495664e-09   3.190126e-07   48
  3.029642e-01   3.278106e-06   4.495664e-09   4.371793e-07   48
  3.045887e-01   2.618039e-06   4.495664e-09   2.732018e-07   96
  3.088780e-01   3.285086e-06   7.537918e-04   4.032589e-07   72
  3.110018e-01   2.356515e-06   3.996146e-09   1.799362e-07   108
  3.125845e-01   2.740433e-06   0.000000e+00   2.936310e-07   72
  3.141593e-01   1.628988e-06   0.000000e+00   3.029892e-07   30
  3.157262e-01   2.687131e-06   0.000000e+00   2.135216e-07   168
  3.172853e-01   2.598143e-06   0.000000e+00   2.835645e-07   48
  3.203808e-01   1.721999e-06   0.000000e+00   2.017956e-07   72
  3.219175e-01   2.212764e-06   0.000000e+00   2.132692e-07   96
  3.234468e-01   2.128612e-06   8.477105e-09   3.269706e-07   72
  3.249689e-01   2.451539e-06   0.000000e+00   2.599323e-07   72
  3.275279e-01   2.120561e-06   6.960077e-04   1.552428e-07   104
  3.294930e-01   1.967589e-06   5.994218e-09   1.435012e-07   144
  3.339559e-01   1.290974e-06   1.005261e-08   1.212731e-07   96
  3.354303e-01   1.396680e-06   0.000000e+00   1.443307e-07   96
  3.377752e-01   1.844363e-06   7.160371e-04   1.720117e-07   120
  3.398152e-01   1.489177e-06   0.000000e+00   1.354644e-07   120
  3.412643e-01   1.749522e-06   0.000000e+00   1.896340e-07   72
  3.441442e-01   1.673380e-06   0.000000e+00   2.216406e-07   48
  3.455752e-01   1.754460e-06   7.825020e-09   2.001856e-07   78
  3.474057e-01   1.773521e-06   6.411427e-04   1.401280e-07   168
  3.512407e-01   1.549690e-06   7.341388e-09   1.338920e-07   144
  3.526429e-01   1.566757e-06   5.994218e-09   1.117802e-07   144
  3.567097e-01   1.335131e-06   3.692465e-04   1.134620e-07   156
  3.581967e-01   9.542596e-07   7.786718e-09   1.777887e-07   48
  3.595717e-01   1.161596e-06   5.086263e-09   1.139481e-07   120
  3.609415e-01   8.186063e-07   0.000000e+00   8.619494e-08   48
  3.633635e-01   1.178857e-06   5.651992e-04   7.995528e-08   216
  3.663695e-01   1.007442e-06   0.000000e+00   1.244059e-07   48
  3.677140e-01   9.109578e-07   4.495664e-09   8.013395e-08   96
  3.696256e-01   1.015541e-06   6.605235e-04   8.937801e-08   168
  3.717183e-01   7.926292e-07   4.495664e-09   1.133751e-07   48
  3.730435e-01   1.027130e-06   0.000000e+00   1.025001e-07   96
  3.743640e-01   9.762761e-07   0.000000e+00   1.777097e-07   48
  3.769911e-01   1.095561e-06   5.086263e-09   1.091621e-07   30
  3.782979e-01   6.829608e-07   0.000000e+00   5.545870e-08   96
  3.798596e-01   8.266272e-07   5.191127e-04   5.587683e-08   240
  3.818679e-01   1.111720e-06   5.600478e-04   1.530325e-07   32
  3.834803e-01   6.187712e-07   0.000000e+00   4.585576e-08   168
  3.847649e-01   7.229488e-07   0.000000e+00   7.086771e-08   120
  3.873216e-01   5.543007e-07   9.477692e-09   6.229411e-08   72
  3.885936e-01   8.906129e-07   4.238553e-09   8.181471e-08   144
  3.898614e-01   6.282233e-07   0.000000e+00   6.428480e-08   96
  3.911251e-01   8.174770e-07   0.000000e+00   6.544195e-08   96
  3.936404e-01   7.744345e-07   0.000000e+00   9.339029e-08   72
  3.948921e-01   6.414414e-07   6.357829e-09   6.215699e-08   96
  3.973835e-01   6.017175e-07   0.000000e+00   1.108080e-07   24
  3.986234e-01   6.890131e-07   0.000000e+00   5.086137e-08   192
  4.000835e-01   6.406613e-07   4.752666e-04   4.723062e-08   132
  4.023202e-01   6.670852e-07   0.000000e+00   6.030978e-08   96
  4.035449e-01   4.808004e-07   0.000000e+00   4.846463e-08   96
  4.047659e-01   6.204289e-07   5.086263e-09   5.288287e-08   120
  4.071969e-01   6.352494e-07   0.000000e+00   8.726318e-08   48
  4.091897e-01   4.001223e-07   5.759849e-04   2.620109e-08   222
  4.108165e-01   5.083631e-07   0.000000e+00   4.813326e-08   120
  4.120160e-01   5.612710e-07   7.786718e-09   1.130987e-07   24
  4.137624e-01   5.738812e-07   5.945000e-04   3.040883e-08   312
  4.175676e-01   6.013314e-07   5.573676e-04   6.688399e-08   72
  4.191407e-01   4.113126e-07   7.786718e-09   5.546151e-08   96
  4.207561e-01   4.913839e-07   5.676017e-04   3.716158e-08   192
  4.226581e-01   4.489912e-07   7.193062e-09   4.554265e-08   120
  4.238240e-01   4.408426e-07   0.000000e+00   4.528632e-08   144
  4.261464e-01   3.821655e-07   0.000000e+00   5.473652e-08   48
  4.277971e-01   3.712459e-07   5.707434e-04   2.160525e-08   336
  4.296063e-01   4.115558e-07   0.000000e+00   5.631084e-08   48
  4.318976e-01   3.615896e-07   0.000000e+00   3.162597e-08   192
  4.330387e-01   3.863496e-07   0.000000e+00   4.721353e-08   48
  4.362823e-01   3.708322e-07   3.961708e-04   4.486533e-08   56
  4.378950e-01   3.541170e-07   5.088179e-04   1.960061e-08   336
  4.398230e-01   3.442254e-07   5.651403e-09   4.901241e-08   54
  4.415024e-01   3.065837e-07   5.588647e-04   1.882340e-08   240
  4.449889e-01   2.960837e-07   5.351174e-04   2.189287e-08   228
  4.465042e-01   3.466547e-07   5.994218e-09   4.427637e-08   72
  4.479751e-01   3.372885e-07   5.190769e-04   2.502791e-08   144
  4.498076e-01   2.682522e-07   0.000000e+00   2.617821e-08   96
  4.509034e-01   2.736105e-07   7.193062e-09   1.715859e-08   240
  4.530869e-01   2.414018e-07   6.357829e-09   4.638844e-08   24
  4.544849e-01   2.789928e-07   4.902641e-04   1.661837e-08   336
  4.563427e-01   2.579363e-07   0.000000e+00   3.036052e-08   72
  4.580385e-01   3.012021e-07   5.332530e-04   2.174625e-08   168
  4.595754e-01   1.944468e-07   0.000000e+00   1.720849e-08   72
  4.617179e-01   2.926404e-07   0.000000e+00   2.682597e-08   96
  4.633772e-01   2.455300e-07   5.292526e-04   1.745733e-08   216
  4.649133e-01   1.821373e-07   0.000000e+00   1.355547e-08   96
  4.670313e-01   2.167961e-07   6.357829e-09   1.458779e-08   192
  4.680868e-01   2.100382e-07   5.994218e-09   1.638131e-08   144
  4.701905e-01   2.178896e-07   0.000000e+00   2.821678e-08   48
  4.716471e-01   2.210881e-07   5.102617e-04   1.501069e-08   246
  4.736262e-01   2.650627e-07   4.704694e-04   2.053048e-08   168
  4.754092e-01   2.034861e-07   1.245875e-08   2.031699e-08   120
  4.764461e-01   1.678720e-07   0.000000e+00   1.147242e-08   240
  4.785131e-01   1.165050e-07   0.000000e+00   2.366355e-08   24
  4.801601e-01   1.843568e-07   5.035960e-04   1.150084e-08   360
  4.822112e-01   1.676787e-07   5.014531e-04   1.249662e-08   120
  4.836420e-01   1.945462e-07   0.000000e+00   1.562431e-08   144
  4.846613e-01   1.886435e-07   0.000000e+00   1.664941e-08   96
  4.877063e-01   1.748293e-07   0.000000e+00   1.404113e-08   144
  4.887171e-01   1.854774e-07   0.000000e+00   1.583808e-08   132
  4.901376e-01   1.660970e-07   4.949267e-04   1.215612e-08   176
  4.921997e-01   1.606887e-07   4.997763e-04   8.178917e-09   312
  4.947385e-01   2.215144e-07   0.000000e+00   3.370397e-08   96
  4.957350e-01   1.480826e-07   0.000000e+00   1.292082e-08   144
  4.972638e-01   1.533428e-07   4.947633e-04   8.529179e-09   312
  4.997009e-01   1.755034e-07   0.000000e+00   1.739883e-08   48
  5.006875e-01   1.295788e-07   6.357829e-09   9.667039e-09   192
  5.026548e-01   4.224176e-08   0.000000e+00   1.301879e-08   6
  5.039619e-01   1.202930e-07   4.614506e-04   6.611375e-09   288
  5.060790e-01   1.140042e-07   4.875525e-04   8.100823e-09   192
  5.075398e-01   1.073341e-07   1.495221e-08   6.870165e-09   216
  5.085112e-01   1.337981e-07   0.000000e+00   1.815696e-08   72
  5.109313e-01   1.068382e-07   4.829223e-04   8.225272e-09   192
  5.125386e-01   1.374220e-07   3.585958e-04   8.117133e-09   288
  5.143009e-01   1.161453e-07   0.000000e+00   2.242182e-08   24
  5.156624e-01   1.233368e-07   4.724202e-04   5.341317e-09   456
  5.181247e-01   7.665974e-08   6.357829e-09   1.127134e-08   48
  5.196462e-01   1.080466e-07   4.653150e-04   7.923515e-09   240
  5.213948e-01   1.194466e-07   4.702532e-04   7.630622e-09   216
  5.228652e-01   9.271435e-08   0.000000e+00   1.137123e-08   72
  5.238082e-01   9.543888e-08   1.624747e-08   7.526373e-09   168
  5.264706e-01   1.083959e-07   3.495323e-04   6.560232e-09   288
  5.279636e-01   1.046669e-07   4.624911e-04   7.187669e-09   168
  5.303619e-01   1.159316e-07   0.000000e+00   8.014628e-09   192
  5.312915e-01   9.218882e-08   5.994218e-09   6.548070e-09   144
  5.331460e-01   1.117500e-07   5.994218e-09   1.387942e-08   36
  5.347186e-01   7.468294e-08   4.223528e-04   3.827897e-09   342
  5.362222e-01   8.735276e-08   4.337051e-04   6.622662e-09   144
  5.381552e-01   8.172037e-08   4.548480e-04   4.190358e-09   384
  5.405000e-01   9.406047e-08   1.245875e-08   8.558361e-09   120
  5.416606e-01   9.347063e-08   4.055921e-04   5.799008e-09   264
  5.432322e-01   7.882576e-08   2.010522e-08   5.743462e-09   192
  5.447121e-01   8.565531e-08   4.371030e-04   6.532880e-09   152
  5.459506e-01   7.732091e-08   1.198844e-08   6.978967e-09   144
  5.485556e-01   6.345233e-08   2.828973e-04   4.647804e-09   216
  5.497613e-01   8.107543e-08   3.780263e-04   4.423017e-09   312
  5.518839e-01   6.856820e-08   4.381250e-04   3.807869e-09   240
  5.531345e-01   8.185414e-08   6.357829e-09   8.470631e-09   96
  5.555083e-01   7.274603e-08   4.188792e-04   5.866598e-09   144
  5.569713e-01   6.866403e-08   4.117214e-04   3.309420e-09   456
  5.593447e-01   5.398792e-08   0.000000e+00   3.525157e-09   120
  5.602262e-01   5.825373e-08   0.000000e+00   5.349412e-09   144
  5.619852e-01   4.297216e-08   8.991328e-09   7.098986e-09   24
  5.631129e-01   6.575888e-08   3.957596e-04   3.317964e-09   336
  5.650632e-01   6.054154e-08   4.364690e-04   4.761283e-09   198
  5.668907e-01   5.891986e-08   4.244410e-04   3.082156e-09   432
  5.689666e-01   6.022868e-08   6.357829e-09   6.122130e-09   48
  5.700496e-01   6.673807e-08   3.747080e-04   3.444318e-09   384
  5.719941e-01   6.296896e-08   4.313683e-04   5.175234e-09   144
  5.737560e-01   6.042575e-08   4.282921e-04   3.465495e-09   264
  5.758634e-01   4.771829e-08   0.000000e+00   4.584754e-09   48
  5.772774e-01   5.520706e-08   4.072357e-04   3.326414e-09   276
  5.786417e-01   4.861022e-08   3.691482e-04   4.003740e-09   192
  5.804649e-01   5.050045e-08   4.148414e-04   2.121722e-09   552
  5.826786e-01   3.481539e-08   1.438612e-08   3.053109e-09   120
  5.839944e-01   5.384718e-08   4.199218e-04   3.629998e-09   216
  5.852139e-01   4.700175e-08   7.193062e-09   3.683862e-09   120
  5.873922e-01   5.330822e-08   4.135200e-04   2.725015e-09   408
  5.894150e-01   4.861149e-08   8.991328e-09   6.506525e-09   24
  5.906694e-01   4.208533e-08   4.177296e-04   2.360819e-09   384
  5.924213e-01   4.117730e-08   4.081368e-04   2.851580e-09   240
  5.939425e-01   3.966487e-08   4.111256e-04   2.697788e-09   168
  5.960753e-01   3.501755e-08   1.017253e-08   3.387136e-09   120
  5.974502e-01   4.191762e-08   4.285769e-04   2.121174e-09   350
  5.996859e-01   4.078393e-08   7.055203e-04   2.132115e-09   384
  6.010221e-01   4.352023e-08   0.000000e+00   3.908284e-09   144
  6.034802e-01   3.394692e-08   1.695421e-08   1.967425e-09   288
  6.047637e-01   3.492053e-08   4.038485e-04   1.671441e-09   336
  6.065098e-01   4.188468e-08   3.676705e-04   3.069818e-09   168
  6.075551e-01   3.659558e-08   7.266090e-09   2.160881e-09   336
  6.097171e-01   3.230126e-08   3.816201e-04   1.983192e-09   288
  6.110156e-01   3.260510e-08   3.595837e-04   1.991201e-09   264
  6.132144e-01   3.490227e-08   0.000000e+00   2.167390e-09   240
  6.140186e-01   3.406017e-08   1.271566e-08   2.836348e-09   96
  6.169049e-01   3.617496e-08   4.890096e-04   1.832673e-09   360
  6.182520e-01   3.489916e-08   3.604841e-04   2.924592e-09   168
  6.199540e-01   3.343222e-08   3.929651e-04   1.472636e-09   456
  6.220036e-01   3.013704e-08   7.992291e-09   2.714797e-09   108
  6.231564e-01   3.136937e-08   3.942898e-04   2.257595e-09   264
  6.245946e-01   2.911717e-08   3.517707e-04   1.843947e-09   264
  6.265640e-01   3.266388e-08   3.319469e-04   1.973794e-09   312
  6.290162e-01   3.140149e-08   2.466728e-04   1.999088e-09   270
  6.300440e-01   2.849458e-08   3.131822e-04   1.948228e-09   240
  6.318916e-01   2.870273e-08   3.874458e-04   1.388836e-09   384
  6.330134e-01   2.450250e-08   0.000000e+00   1.633974e-09   192
  6.351924e-01   2.926140e-08   3.108737e-04   2.065527e-09   240
  6.364563e-01   2.706300e-08   3.836683e-04   1.443920e-09   336
  6.388333e-01   2.760194e-08   3.862355e-04   1.229197e-09   480
  6.407617e-01   2.725498e-08   0.000000e+00   3.190287e-09   72
  6.418389e-01   2.757731e-08   3.766148e-04   1.725642e-09   240
  6.433040e-01   2.426197e-08   3.539663e-04   1.413328e-09   312
  6.449835e-01   2.286166e-08   3.825526e-04   1.585226e-09   240
  6.475214e-01   2.457607e-08   2.906410e-04   1.193072e-09   408
  6.485261e-01   2.295271e-08   2.661571e-04   1.318095e-09   336
  6.504896e-01   2.383307e-08   3.379539e-04   1.698501e-09   264
  6.514545e-01   2.863516e-08   0.000000e+00   2.380686e-09   144
  6.541393e-01   2.288724e-08   4.684242e-04   1.082677e-09   464
  6.555537e-01   1.750276e-08   3.724933e-04   1.250567e-09   168
  6.569502e-01   2.772771e-08   3.392602e-04   1.465648e-09   336
  6.594741e-01   2.121591e-08   3.564592e-04   1.069594e-09   414
  6.608969e-01   2.340255e-08   3.710529e-04   1.464485e-09   216
  6.627197e-01   2.065072e-08   8.991328e-09   2.049940e-09   96
  6.634639e-01   2.032014e-08   2.697398e-08   9.165299e-10   384
  6.660710e-01   2.117910e-08   3.703360e-04   1.049233e-09   492
  6.674682e-01   1.641931e-08   3.621568e-04   9.975969e-10   240
  6.690474e-01   1.647358e-08   3.677161e-04   9.401388e-10   312
  6.712282e-01   1.998078e-08   3.675950e-04   1.579437e-09   192
  6.726096e-01   1.946078e-08   3.562441e-04   8.807648e-10   504
  6.744424e-01   1.832750e-08   2.358397e-04   9.219597e-10   408
  6.758855e-01   2.087439e-08   7.225239e-04   1.634552e-09   168
  6.776913e-01   1.631888e-08   3.432052e-04   1.043588e-09   288
  6.792066e-01   1.668737e-08   3.581640e-04   1.113737e-09   288
  6.807589e-01   1.800061e-08   3.602256e-04   8.789334e-10   432
  6.830104e-01   1.858964e-08   3.406534e-04   1.243500e-09   216
  6.842135e-01   1.705508e-08   3.399348e-04   8.086951e-10   360
  6.863554e-01   1.791408e-08   3.317731e-04   1.008955e-09   312
  6.882885e-01   1.871267e-08   0.000000e+00   2.956598e-09   48
  6.894028e-01   1.610207e-08   3.557085e-04   7.990572e-10   432
  6.913984e-01   1.489981e-08   5.933254e-04   6.942682e-10   414
  6.925769e-01   1.503821e-08   3.130008e-08   8.370104e-10   312
  6.947756e-01   1.609912e-08   5.206101e-04   6.771893e-10   528
  6.962593e-01   1.589250e-08   2.732762e-04   9.892301e-10   264
  6.980417e-01   1.423739e-08   3.240306e-04   7.029525e-10   480
  7.003709e-01   1.440661e-08   0.000000e+00   7.622349e-10   288
  7.013766e-01   1.493917e-08   3.481608e-04   1.220322e-09   168
  7.032168e-01   1.433270e-08   5.511376e-04   5.975352e-10   504
  7.052858e-01   1.528710e-08   1.198844e-08   1.088574e-09   144
  7.065874e-01   1.319931e-08   3.539624e-04   6.060006e-10   464
  7.085433e-01   1.171659e-08   5.194598e-04   5.492323e-10   432
  7.094715e-01   1.520691e-08   0.000000e+00   1.058187e-09   192
  7.118702e-01   1.218111e-08   3.850933e-04   5.432183e-10   396
  7.132867e-01   1.282701e-08   3.459199e-04   7.676869e-10   288
  7.147184e-01   1.292337e-08   3.417097e-04   7.036489e-10   336
  7.170054e-01   1.179911e-08   2.163775e-04   5.108298e-10   432
  7.184567e-01   1.253343e-08   5.608202e-04   6.146815e-10   360
  7.200863e-01   1.227803e-08   3.317334e-04   5.896629e-10   384
  7.224007e-01   1.009983e-08   2.928185e-04   7.775004e-10   198
  7.235158e-01   1.162896e-08   3.328394e-04   4.451159e-10   552
  7.255952e-01   9.473263e-09   4.659523e-04   4.990475e-10   432
  7.273313e-01   1.228319e-08   0.000000e+00   9.239539e-10   168
  7.287883e-01   1.116625e-08   5.776104e-04   4.978399e-10   480
  7.307158e-01   8.249222e-09   0.000000e+00   7.488059e-10   120
  7.315834e-01   1.009831e-08   4.717672e-04   6.076444e-10   336
  7.337004e-01   1.084617e-08   3.328244e-04   3.792759e-10   672
  7.357937e-01   1.054435e-08   4.841385e-04   4.765618e-10   528
  7.367688e-01   9.911143e-09   1.453218e-08   6.306543e-10   168
  7.390213e-01   1.013127e-08   5.400533e-04   4.440966e-10   456
  7.403958e-01   1.115054e-08   3.298151e-04   9.954268e-10   168
  7.418226e-01   1.011093e-08   3.292229e-04   4.905481e-10   504
  7.441946e-01   9.396883e-09   4.236594e-04   5.213389e-10   336
  7.456288e-01   1.052087e-08   3.054083e-04   5.800300e-10   312
  7.472199e-01   9.808283e-09   2.984046e-04   4.299481e-10   504
  7.493135e-01   9.200692e-09   2.070414e-04   3.895238e-10   432
  7.502979e-01   8.331880e-09   3.199475e-04   4.795231e-10   312
  7.523441e-01   8.610979e-09   3.279618e-04   3.950188e-10   384
  7.544807e-01   9.667317e-09   2.786416e-04   8.935601e-10   126
  7.557997e-01   8.721156e-09   4.892282e-04   4.354767e-10   492
  7.574845e-01   8.783850e-09   3.133512e-04   3.603403e-10   528
  7.595900e-01   8.164407e-09   3.182975e-04   3.528819e-10   480
  7.608954e-01   8.539917e-09   4.397263e-04   3.946960e-10   432
  7.627844e-01   8.861959e-09   3.457865e-04   4.002948e-10   440
  7.649782e-01   7.703770e-09   1.719582e-04   4.441331e-10   312
  7.658014e-01   8.403266e-09   2.576938e-04   4.577839e-10   480
  7.674900e-01   7.574481e-09   5.045595e-04   3.907364e-10   408
  7.699572e-01   7.470095e-09   3.021740e-04   3.711134e-10   360
  7.709996e-01   7.248556e-09   2.915870e-04   3.613989e-10   408
  7.729312e-01   7.204806e-09   2.967266e-04   3.260363e-10   456
  7.751062e-01   7.536027e-09   2.835976e-04   4.449115e-10   264
  7.763135e-01   6.830630e-09   3.077746e-04   3.656700e-10   384
  7.780708e-01   7.129737e-09   5.181601e-04   2.801650e-10   672
  7.801024e-01   6.768817e-09   3.099267e-04   4.423527e-10   240
  7.812746e-01   7.048549e-09   3.144981e-04   4.080453e-10   264
  7.829292e-01   6.084513e-09   3.878815e-04   2.619818e-10   624
  7.853982e-01   7.379586e-09   0.000000e+00   5.684887e-10   150
  7.862772e-01   6.935996e-09   4.346518e-04   3.042795e-10   600
  7.881310e-01   5.883500e-09   2.999855e-04   2.455565e-10   672
  7.902303e-01   6.362203e-09   2.821575e-04   3.700927e-10   336
  7.913996e-01   6.378101e-09   3.069052e-04   3.190928e-10   408
  7.932681e-01   5.866676e-09   3.061822e-04   2.888956e-10   408
  7.953464e-01   5.498819e-09   1.548222e-04   2.811218e-10   360
  7.966274e-01   6.139801e-09   5.684571e-04   2.856103e-10   456
  7.981747e-01   5.604364e-09   3.091305e-04   2.531312e-10   384
  8.001443e-01   6.645528e-09   2.853666e-04   3.327124e-10   348
  8.012087e-01   5.633407e-09   3.518006e-04   2.342851e-10   576
  8.032080e-01   5.738012e-09   2.896616e-04   2.643150e-10   504
  8.052533e-01   5.499166e-09   4.085508e-04   2.517533e-10   432
  8.070386e-01   4.995117e-09   5.558314e-04   1.985784e-10   576
  8.083117e-01   5.316421e-09   0.000000e+00   3.075805e-10   264
  8.103314e-01   5.301711e-09   4.423029e-04   1.832644e-10   768
  8.120878e-01   6.195066e-09   5.954803e-04   4.152610e-10   240
  8.134843e-01   4.924909e-09   5.251573e-04   3.760735e-10   192
  8.155184e-01   4.859394e-09   3.865799e-04   2.023619e-10   504
  8.170269e-01   4.527715e-09   5.209309e-04   1.865573e-10   590
  8.184736e-01   4.639526e-09   5.836745e-04   2.293784e-10   384
  8.202876e-01   4.821802e-09   4.877800e-04   2.161678e-10   504
  8.224778e-01   5.001643e-09   4.694128e-04   1.836227e-10   648
  8.246022e-01   4.701388e-09   1.274863e-04   2.043861e-10   504
  8.254588e-01   4.827241e-09   2.908203e-04   2.476048e-10   312
  8.269711e-01   4.149774e-09   4.190005e-04   1.572165e-10   576
  8.290471e-01   4.339558e-09   2.915849e-04   2.718335e-10   240
  8.302574e-01   4.208698e-09   2.946324e-04   1.708745e-10   552
  8.319706e-01   4.544218e-09   2.766531e-04   1.804928e-10   600
  8.344107e-01   4.156344e-09   3.379098e-04   1.512661e-10   600
  8.358778e-01   4.532385e-09   5.411359e-04   2.674220e-10   312
  8.373389e-01   4.385357e-09   4.712758e-04   1.924035e-10   480
  8.391640e-01   4.454512e-09   2.940309e-04   1.802545e-10   576
  8.407709e-01   4.208716e-09   4.734535e-04   2.128122e-10   408
  8.421967e-01   4.217652e-09   5.523054e-04   2.604786e-10   216
  8.440389e-01   3.460000e-09   4.230038e-04   1.548660e-10   516
  8.460125e-01   4.107806e-09   4.035886e-04   1.609682e-10   744
  8.480486e-01   3.767692e-09   2.695616e-04   1.734611e-10   462
  8.491990e-01   4.020364e-09   2.739703e-04   1.960707e-10   432
  8.509836e-01   3.985164e-09   2.541675e-04   1.411296e-10   648
  8.530818e-01   3.975857e-09   3.718944e-04   1.640339e-10   528
  8.547671e-01   3.347085e-09   4.478537e-04   1.398101e-10   600
  8.564512e-01   3.307992e-09   5.646264e-04   2.512989e-10   240
  8.580823e-01   3.355767e-09   4.324984e-04   1.215745e-10   720
  8.599780e-01   3.759916e-09   3.421845e-04   1.327101e-10   720
  8.620796e-01   3.038319e-09   0.000000e+00   2.236628e-10   144
  8.631855e-01   3.166788e-09   4.411782e-04   1.131722e-10   720
  8.647586e-01   3.828752e-09   2.645391e-04   2.087005e-10   384
  8.667282e-01   3.255343e-09   2.932557e-04   1.255064e-10   672
  8.685969e-01   3.245618e-09   5.134584e-04   1.699267e-10   336
  8.694893e-01   3.618357e-09   0.000000e+00   2.205749e-10   288
  8.716748e-01   3.082515e-09   4.063680e-04   1.072679e-10   776
  8.736979e-01   3.347547e-09   3.477095e-04   1.269164e-10   720
  8.753970e-01   3.177967e-09   2.801055e-04   1.644023e-10   432
  8.767560e-01   3.045276e-09   3.993257e-04   1.623537e-10   504
  8.782678e-01   2.854597e-09   2.797843e-04   1.264606e-10   528
  8.803833e-01   2.985404e-09   3.811898e-04   1.383881e-10   438
  8.821237e-01   2.674574e-09   4.436701e-04   1.076135e-10   624
  8.834351e-01   3.104956e-09   5.434359e-04   1.686181e-10   312
  8.852381e-01   2.876311e-09   2.927896e-04   1.029773e-10   696
  8.871024e-01   2.743035e-09   2.649216e-04   1.163940e-10   552
  8.890414e-01   2.525448e-09   2.049609e-04   1.032831e-10   516
  8.902410e-01   2.621585e-09   4.093940e-04   1.071059e-10   528
  8.917013e-01   2.614318e-09   2.662401e-04   1.213220e-10   528
  8.937755e-01   2.599659e-09   3.511167e-04   9.173053e-11   864
  8.951836e-01   2.306663e-09   4.809576e-04   1.073776e-10   408
  8.965930e-01   2.511511e-09   4.765097e-04   1.683799e-10   192
  8.985906e-01   2.578205e-09   3.943347e-04   9.468421e-11   720
  9.002770e-01   2.243017e-09   3.635960e-04   7.950029e-11   696
  9.022808e-01   2.496017e-09   3.926871e-04   8.967508e-11   720
  9.041141e-01   2.324225e-09   5.322402e-04   1.107140e-10   432
  9.051831e-01   2.170685e-09   3.132974e-04   1.322246e-10   264
  9.071068e-01   2.405399e-09   4.326498e-04   8.808836e-11   672
  9.088274e-01   2.337172e-09   4.429670e-04   9.282189e-11   600
  9.108692e-01   2.270451e-09   2.593567e-04   1.450536e-10   270
  9.118985e-01   2.248437e-09   3.904042e-04   9.978283e-11   528
  9.135346e-01   2.449694e-09   2.673349e-04   9.260255e-11   840
  9.157780e-01   2.261984e-09   5.111923e-04   7.834744e-11   888
  9.178509e-01   2.174492e-09   3.808759e-04   8.464542e-11   744
  9.196028e-01   2.358474e-09   1.957146e-04   1.163082e-10   456
  9.204741e-01   2.025371e-09   2.674561e-04   9.605254e-11   360
  9.219651e-01   2.080039e-09   2.317357e-04   9.757448e-11   384
  9.242528e-01   2.179677e-09   3.717018e-04   7.766699e-11   816
  9.259693e-01   2.148555e-09   5.392874e-04   7.221770e-11   824
  9.280557e-01   2.064802e-09   2.506865e-04   1.125986e-10   360
  9.291730e-01   2.324796e-09   3.699191e-04   9.503513e-11   624
  9.307106e-01   1.791981e-09   2.499713e-04   8.755950e-11   360
  9.327590e-01   2.011698e-09   3.400343e-04   6.642612e-11   876
  9.346089e-01   1.866129e-09   4.038591e-04   7.684731e-11   696
  9.364747e-01   2.081065e-09   2.607857e-04   1.116094e-10   336
  9.374528e-01   2.054173e-09   2.604927e-04   9.533928e-11   504
  9.390682e-01   1.897921e-09   2.627499e-04   6.899419e-11   672
  9.414648e-01   1.751143e-09   5.230740e-04   6.488929e-11   720
  9.431269e-01   1.698341e-09   3.951266e-04   6.738281e-11   774
  9.449616e-01   1.825589e-09   2.261602e-04   8.716589e-11   384
  9.459224e-01   1.796105e-09   4.352293e-04   7.928645e-11   528
  9.474136e-01   1.812862e-09   4.147978e-04   6.498618e-11   744
  9.498123e-01   1.813541e-09   3.421202e-04   6.429126e-11   768
  9.514049e-01   1.748499e-09   3.840557e-04   7.240974e-11   552
  9.533920e-01   1.617568e-09   4.185773e-04   6.162981e-11   696
  9.548702e-01   1.784588e-09   5.086441e-04   9.364958e-11   408
  9.560436e-01   1.643649e-09   2.197383e-04   7.399650e-11   504
  9.579038e-01   1.583245e-09   3.947516e-04   5.621687e-11   888
  9.597342e-01   1.520169e-09   4.102611e-04   5.965628e-11   648
  9.616367e-01   1.547674e-09   4.067445e-04   6.420519e-11   648
  9.634268e-01   1.584329e-09   4.385703e-04   5.575204e-11   792
  9.653228e-01   1.514496e-09   6.416583e-04   6.152911e-11   600
  9.667199e-01   1.460388e-09   4.348569e-04   6.939095e-11   456
  9.681906e-01   1.567651e-09   2.119307e-04   6.034539e-11   648
  9.700794e-01   1.433787e-09   4.132958e-04   4.558436e-11   936
  9.721186e-01   1.438768e-09   2.538169e-04   6.839728e-11   384
  9.738937e-01   3.064398e-33   0.000000e+00   2.002586e-33   198
  9.752636e-01   2.973722e-34   6.439552e-04   4.547858e-35   1224
  9.767415e-01   3.172159e-34   4.689976e-04   8.073931e-35   420
  9.784892e-01   8.823557e-35   4.538916e-04   1.167940e-35   792
  9.801982e-01   5.025383e-35   3.753296e-04   4.115888e-36   680
  9.821484e-01   9.363016e-35   3.446453e-04   1.096687e-35   600
  9.837176e-01   8.513854e-35   4.998301e-04   7.984844e-36   840
  9.858129e-01   1.297240e-34   2.359966e-04   3.699630e-35   432
  9.866135e-01   1.109112e-34   2.211599e-04   1.419477e-35   720
  9.883541e-01   4.312425e-35   4.429446e-04   2.692048e-36   960
  9.905192e-01   3.073005e-35   3.948527e-04   1.475341e-36   528
  9.921014e-01   6.074747e-35   4.036147e-04   1.081684e-35   624
  9.939846e-01   5.710562e-35   3.172384e-04   5.840469e-36   816
  9.958538e-01   3.683671e-35   5.217054e-04   2.245762e-36   696
  9.979194e-01   6.672409e-35   3.523866e-08   1.571926e-35   240
  9.986961e-01   8.713142e-35   3.076621e-04   9.583879e-36   672
  1.000430e+00   5.528392e-35   5.498361e-04   4.703263e-36   864
  1.002374e+00   7.170809e-35   4.219100e-04   1.025374e-35   816
  1.004127e+00   5.502308e-35   2.414867e-04   3.531796e-36   648
  1.006015e+00   3.318939e-34   2.468434e-04   1.337120e-34   843
  1.007618e+00   1.327328e-34   4.441320e-04   3.749277e-35   780
  1.009528e+00   1.055015e-34   2.383130e-04   3.309540e-35   216
  1.010706e+00   6.264432e-35   5.746657e-04   7.336945e-36   1056
  1.012518e+00   4.110447e-34   4.701411e-04   1.353418e-34   228
  1.014195e+00   8.435855e-35   5.853373e-04   6.320753e-36   924
  1.015917e+00   3.824576e-35   2.171273e-04   2.359057e-36   696
  1.017741e+00   4.263211e-35   3.864245e-04   1.694577e-36   996
  1.019607e+00   4.746942e-35   2.281373e-04   4.786658e-36   576
  1.021548e+00   5.119358e-35   3.521149e-04   3.875937e-36   552
  1.022963e+00   1.470039e-34   4.204128e-04   2.345727e-35   516
  1.024399e+00   5.808136e-35   6.113675e-04   4.642948e-36   744
  1.026040e+00   5.995850e-35   2.999122e-04   5.784540e-36   576
  1.027467e+00   5.856368e-35   3.086856e-04   5.563922e-36   792
  1.029495e+00   9.596540e-35   3.528849e-04   1.629352e-35   792
  1.030982e+00   6.712225e-35   3.805826e-04   7.854499e-36   720
  1.032992e+00   6.105216e-35   4.337767e-04   1.408518e-35   656
  1.034876e+00   4.036786e-35   4.736616e-04   3.839387e-36   816
  1.036807e+00   7.049573e-35   2.553903e-04   1.274053e-35   492
  1.037904e+00   3.500849e-35   3.673970e-04   1.790597e-36   552
  1.039964e+00   9.375932e-35   6.388587e-04   2.370389e-35   780
  1.041302e+00   6.510881e-35   3.924433e-04   1.026126e-35   528
  1.042744e+00   4.747181e-35   4.581007e-04   2.569067e-36   600
  1.044868e+00   1.495352e-34   3.807180e-04   2.836259e-35   900
  1.046332e+00   7.082006e-35   2.107720e-04   7.785746e-36   696
  1.048347e+00   4.310129e-35   5.329451e-04   2.451533e-36   696
  1.050296e+00   4.244971e-35   2.162108e-04   3.964642e-36   552
  1.051935e+00   4.688853e-35   2.514331e-04   2.423306e-36   708
  1.053652e+00   6.544424e-35   4.151305e-04   7.154681e-36   876
  1.055438e+00   2.003907e-34   2.204260e-04   7.201448e-35   216
  1.056637e+00   7.761310e-35   6.028951e-04   7.563807e-36   1032
  1.058432e+00   5.954622e-35   6.712571e-04   5.310738e-36   600
  1.060296e+00   4.125106e-35   3.202990e-04   2.139811e-36   600
  1.061717e+00   3.688574e-35   5.656180e-04   1.553087e-36   528
  1.063397e+00   6.719546e-35   3.104995e-04   7.666711e-36   732
  1.065167e+00   4.938038e-35   2.292757e-04   3.888416e-36   336
  1.067205e+00   7.043276e-35   3.267633e-04   8.502972e-36   912
  1.068728e+00   2.124103e-34   3.279713e-04   4.715955e-35   624
  1.070391e+00   6.845439e-35   2.763746e-04   5.820462e-36   768
  1.072333e+00   5.218301e-35   4.986341e-04   3.544179e-36   792
  1.074239e+00   8.016542e-35   2.472022e-04   1.608883e-35   660
  1.075595e+00   4.634856e-35   3.642922e-04   3.567417e-36   504
  1.076998e+00   4.298594e-35   5.951837e-04   2.260779e-36   480
  1.079100e+00   4.217918e-35   5.504674e-04   1.738394e-36   912
  1.080746e+00   9.824607e-35   6.130308e-04   2.204248e-35   432
  1.082301e+00   8.011060e-35   3.640033e-04   9.731591e-36   564
  1.083681e+00   1.022431e-34   3.484013e-04   9.790271e-36   600
  1.085624e+00   5.782318e-35   4.856383e-04   5.222106e-36   876
  1.087083e+00   4.985326e-35   2.183577e-04   4.187469e-36   264
  1.089095e+00   9.061478e-35   4.236997e-04   1.116885e-35   560
  1.090713e+00   7.413195e-35   2.879131e-04   5.623539e-36   840
  1.092676e+00   3.934735e-35   4.438790e-04   1.638251e-36   1008
  1.094491e+00   5.969079e-35   1.985617e-04   7.391842e-36   456
  1.096149e+00   1.399415e-34   2.572085e-04   2.766808e-35   576
  1.097681e+00   8.936731e-35   3.952284e-04   1.376944e-35   612
  1.099702e+00   1.148751e-34   3.530031e-04   1.557330e-35   780
  1.101351e+00   4.382403e-35   4.045254e-04   2.647197e-36   648
  1.103039e+00   6.538613e-35   1.885140e-04   5.067994e-36   312
  1.104117e+00   4.590661e-35   4.789832e-04   2.114256e-36   528
  1.105986e+00   6.065113e-35   6.255282e-04   9.889860e-36   720
  1.107773e+00   6.893433e-35   6.274871e-04   6.069440e-36   576
  1.109940e+00   5.576904e-35   5.412886e-04   8.935977e-36   444
  1.111288e+00   1.185252e-34   5.308295e-04   1.227388e-35   996
  1.112940e+00   8.206546e-35   4.434024e-04   8.468170e-36   432
  1.114501e+00   7.596535e-35   4.854384e-04   9.745643e-36   504
  1.115850e+00   8.798610e-35   2.188612e-04   1.473358e-35   504
  1.117770e+00   7.166617e-35   4.307215e-04   9.344010e-36   876
  1.119508e+00   6.356117e-35   4.957194e-04   6.132084e-36   504
  1.121318e+00   4.749386e-35   3.161439e-04   2.295243e-36   696
  1.122813e+00   9.523268e-35   2.702699e-04   2.479148e-35   492
  1.124848e+00   1.051425e-34   3.869044e-04   1.479000e-35   432
  1.126355e+00   8.611101e-35   3.622936e-04   9.384990e-36   768
  1.128142e+00   5.551396e-35   4.512853e-04   4.156849e-36   648
  1.129847e+00   5.275860e-35   2.944152e-04   3.016561e-36   456
  1.131808e+00   5.163004e-35   4.048687e-04   2.400934e-36   552
  1.133169e+00   1.337922e-34   2.774973e-04   1.794246e-35   648
  1.135043e+00   7.288265e-35   4.523051e-04   7.059586e-36   840
  1.136873e+00   5.255115e-35   2.156948e-04   3.323143e-36   432
  1.138705e+00   1.274123e-34   2.641893e-04   1.933632e-35   600
  1.139979e+00   6.491236e-35   2.814763e-04   4.221333e-36   432
  1.142120e+00   1.176268e-34   2.802371e-04   1.933248e-35   560
  1.143569e+00   6.837138e-35   4.435859e-04   6.827112e-36   840
  1.145384e+00   5.607533e-35   2.627424e-04   3.345828e-36   504
  1.146826e+00   4.646500e-35   5.362415e-04   2.292447e-36   696
  1.148858e+00   5.358989e-35   2.928760e-04   3.463354e-36   384
  1.150441e+00   8.505088e-35   4.290289e-04   1.147996e-35   576
  1.152355e+00   6.278438e-35   2.647752e-04   5.082359e-36   360
  1.153898e+00   7.487048e-35   3.943145e-04   1.150033e-35   828
  1.155563e+00   1.022771e-34   3.512103e-04   1.594264e-35   372
  1.157088e+00   6.331465e-35   5.363655e-04   5.507417e-36   576
  1.159108e+00   1.199935e-34   2.246293e-04   1.510302e-35   636
  1.160548e+00   5.445048e-35   4.330272e-04   2.898140e-36   648
  1.162495e+00   6.035771e-35   3.520038e-04   5.652609e-36   576
  1.163893e+00   6.442884e-35   5.678192e-04   4.814842e-36   528
  1.165752e+00   5.792029e-35   2.427662e-04   3.423371e-36   360
  1.167291e+00   4.507569e-35   5.584532e-04   1.963250e-36   672
  1.169301e+00   1.077879e-34   2.860489e-04   1.478942e-35   804
  1.170973e+00   6.618757e-35   3.155462e-04   6.555429e-36   408
  1.172823e+00   5.341274e-35   1.950418e-04   2.826803e-36   384
  1.174069e+00   4.860206e-35   4.463307e-04   2.359100e-36   480
  1.175826e+00   8.223470e-35   2.883950e-04   1.438678e-35   432
  1.177511e+00   7.431233e-35   5.314505e-04   6.163267e-36   648
  1.179506e+00   1.018662e-34   3.297625e-04   1.360639e-35   624
  1.180965e+00   6.209873e-35   2.999468e-04   3.421633e-36   456
  1.182958e+00   9.318082e-35   4.097541e-04   1.284144e-35   588
  1.184293e+00   5.686204e-35   2.614214e-04   3.642506e-36   600
  1.186242e+00   8.750876e-35   4.077532e-04   1.458751e-35   708
  1.187782e+00   1.214795e-34   2.568767e-04   1.531189e-35   360
  1.189484e+00   5.787071e-35   2.952866e-04   4.802996e-36   552
  1.191115e+00   4.380265e-35   2.071505e-04   2.581926e-36   288
  1.192771e+00   6.058265e-35   3.894996e-04   3.552300e-36   528
  1.194327e+00   9.219828e-35   2.627744e-04   1.343191e-35   456
  1.196066e+00   5.896103e-35   4.659561e-04   3.526849e-36   608
  1.197814e+00   5.044093e-35   2.254347e-04   2.508794e-36   504
  1.199725e+00   8.604006e-35   4.839956e-04   8.041210e-36   540
  1.201223e+00   9.567011e-35   5.195556e-04   1.102552e-35   360
  1.202838e+00   9.835891e-35   2.352814e-04   1.519858e-35   540
  1.204266e+00   4.981397e-35   2.020170e-04   2.865971e-36   576
  1.206343e+00   1.022141e-34   4.684089e-04   2.515818e-35   588
  1.208318e+00   8.829881e-35   6.462628e-04   6.913433e-36   672
  1.210014e+00   4.872040e-35   4.939442e-04   2.065690e-36   552
  1.211382e+00   4.825156e-35   4.941939e-04   4.884614e-36   144
  1.213127e+00   1.500368e-34   4.198685e-04   3.060479e-35   600
  1.214781e+00   7.386208e-35   5.261868e-04   7.351759e-36   504
  1.216618e+00   5.843744e-35   5.405001e-04   3.475570e-36   336
  1.218549e+00   6.528245e-35   6.075245e-04   3.610142e-36   600
  1.220279e+00   7.978406e-35   3.920764e-04   1.118893e-35   636
  1.222146e+00   1.285836e-34   3.152330e-04   1.982428e-35   384
  1.223455e+00   8.460855e-35   4.397128e-04   9.279550e-36   504
  1.225342e+00   6.527997e-35   1.845413e-04   5.380452e-36   240
  1.226831e+00   8.644388e-35   4.335137e-04   8.925519e-36   744
  1.228618e+00   6.766417e-35   2.960240e-04   4.750588e-36   648
  1.230205e+00   7.150017e-35   1.965095e-04   7.167782e-36   120
  1.232066e+00   1.328322e-34   3.086910e-04   2.273575e-35   564
  1.233472e+00   8.668207e-35   4.848178e-04   8.457892e-36   432
  1.235349e+00   5.353419e-35   3.763145e-04   2.524405e-36   480
  1.236762e+00   4.795740e-35   2.769770e-04   2.322331e-36   456
  1.238430e+00   1.530313e-34   4.583559e-04   4.223243e-35   444
  1.240323e+00   7.597965e-35   7.013087e-04   5.136373e-36   528
  1.241986e+00   5.849053e-35   5.208476e-04   3.792124e-36   264
  1.243600e+00   9.282124e-35   5.337912e-04   1.189181e-35   444
  1.245770e+00   9.600688e-35   5.846898e-04   1.140256e-35   696
  1.247572e+00   1.416186e-34   3.127117e-04   2.111519e-35   384
  1.248890e+00   8.203562e-35   3.951374e-04   7.268847e-36   432
  1.250940e+00   7.758881e-35   2.730215e-04   7.361865e-36   488
  1.252270e+00   9.659631e-35   4.114773e-04   1.226006e-35   480
  1.254200e+00   6.500950e-35   4.588823e-04   2.845926e-36   480
  1.255694e+00   7.662475e-35   1.925330e-04   6.076321e-36   240
  1.257391e+00   1.171205e-34   4.497418e-04   2.848107e-35   600
  1.258991e+00   4.817088e-35   3.919039e-04   3.458186e-36   288
  1.260695e+00   7.352688e-35   3.769828e-04   3.768050e-36   480
  1.262421e+00   6.554416e-35   6.705851e-04   3.745706e-36   504
  1.264120e+00   6.421397e-35   2.877228e-04   4.895589e-36   216
  1.266287e+00   1.070496e-34   4.710480e-04   1.226626e-35   504
  1.267974e+00   1.065862e-34   3.788659e-04   1.346066e-35   456
  1.269821e+00   7.684893e-35   2.172861e-04   6.449150e-36   384
  1.271045e+00   1.301432e-34   4.410122e-04   1.930399e-35   480
  1.272784e+00   1.039261e-34   3.872581e-04   1.298065e-35   504
  1.274394e+00   6.439001e-35   2.456523e-04   3.797662e-36   312
  1.276130e+00   1.555886e-34   3.958603e-04   5.108466e-35   492
  1.277667e+00   6.876109e-35   3.710270e-04   4.981735e-36   312
  1.279645e+00   6.781542e-35   6.027038e-04   3.575417e-36   576
  1.281386e+00   7.679947e-35   5.563444e-04   5.466096e-36   336
  1.282832e+00   6.628450e-35   4.283594e-04   5.288616e-36   240
  1.284837e+00   6.959856e-35   5.678961e-04   3.747476e-36   468
  1.286567e+00   5.713023e-35   3.555851e-04   5.316020e-36   192
  1.288379e+00   1.325365e-34   3.566449e-04   2.970702e-35   324
  1.289707e+00   1.245596e-34   2.588470e-04   1.262138e-35   600
  1.291517e+00   1.750304e-34   4.199527e-04   2.882714e-35   456
  1.292860e+00   9.908462e-35   1.888947e-04   1.060863e-35   336
  1.295088e+00   9.278919e-35   5.656042e-04   6.742577e-36   612
  1.296708e+00   8.480034e-35   4.746798e-04   9.783848e-36   144
  1.298240e+00   7.049190e-35   5.540731e-04   3.334161e-36   552
  1.300324e+00   6.739126e-35   2.182008e-04   4.776378e-36   264
  1.301501e+00   6.527392e-35   5.051906e-04   4.032101e-36   336
  1.303359e+00   7.803991e-35   3.338126e-04   5.168777e-36   384
  1.304969e+00   6.396182e-35   1.879035e-04   4.690545e-36   216
  1.306752e+00   8.165454e-35   3.983942e-04   4.967160e-36   344
  1.308378e+00   7.676559e-35   5.944229e-04   4.156833e-36   408
  1.310359e+00   1.611939e-34   4.567753e-04   3.772574e-35   264
  1.312115e+00   1.944599e-34   6.367673e-04   3.044111e-35   612
  1.313869e+00   9.030089e-35   3.277292e-04   4.943557e-36   408
  1.315673e+00   1.038147e-34   3.282002e-04   1.874779e-35   444
  1.316998e+00   7.475306e-35   1.835599e-04   7.922673e-36   120
  1.318774e+00   7.517677e-35   5.071424e-04   5.176911e-36   336
  1.320092e+00   7.213013e-35   1.762300e-04   4.786136e-36   288
  1.321873e+00   7.531088e-35   5.484307e-04   3.448080e-36   552
  1.324322e+00   9.457658e-35   2.936555e-08   1.158037e-35   72
  1.325581e+00   7.755578e-35   5.447315e-04   3.608795e-36   504
  1.327052e+00   6.665141e-35   1.752893e-04   5.229428e-36   216
  1.328957e+00   6.645291e-35   3.129669e-04   3.946008e-36   312
  1.330668e+00   7.554744e-35   3.563621e-04   5.567245e-36   336
  1.332298e+00   1.295059e-34   4.939578e-04   3.469946e-35   204
  1.333922e+00   2.351265e-34   5.740541e-04   3.319489e-35   504
  1.335644e+00   1.788663e-34   5.466644e-04   2.645526e-35   396
  1.337300e+00   8.271563e-35   5.013198e-04   5.835769e-36   312
  1.339308e+00   9.050989e-35   3.063600e-04   6.250067e-36   216
  1.340723e+00   6.367721e-35   1.662675e-04   4.562500e-36   168
  1.342442e+00   8.515609e-35   4.198346e-04   4.075813e-36   588
  1.344403e+00   9.259973e-35   5.698763e-04   7.560831e-36   240
  1.345927e+00   7.295207e-35   5.032962e-04   5.156145e-36   264
  1.347715e+00   7.737517e-35   6.224294e-04   4.442391e-36   288
  1.349301e+00   7.765664e-35   3.108153e-04   4.202805e-36   288
  1.351311e+00   7.224361e-35   2.919050e-04   4.435024e-36   288
  1.352664e+00   8.344653e-35   3.381477e-04   8.204770e-36   192
  1.354367e+00   6.692323e-35   3.598230e-04   4.765658e-36   264
  1.355989e+00   3.135603e-34   5.918590e-04   6.070124e-35   372
  1.357735e+00   1.172408e-34   6.392333e-04   1.635401e-35   360
  1.359866e+00   6.601589e-35   2.705296e-04   5.294283e-36   144
  1.360967e+00   7.550120e-35   3.757537e-04   4.425669e-36   296
  1.362705e+00   9.073710e-35   4.048552e-04   6.335185e-36   288
  1.364696e+00   8.565658e-35   6.050459e-04   4.421953e-36   480
  1.366412e+00   8.653033e-35   5.027354e-04   9.553267e-36   192
  1.368081e+00   8.324875e-35   5.392523e-04   5.289972e-36   192
  1.369599e+00   7.091033e-35   3.436718e-04   4.799259e-36   288
  1.371709e+00   7.710360e-35   2.991616e-04   8.883030e-36   108
  1.372772e+00   1.086128e-34   2.876072e-04   7.597184e-36   240
  1.374649e+00   9.086390e-35   5.365380e-04   5.191790e-36   384
  1.376577e+00   2.044041e-34   6.545156e-04   7.928346e-35   108
  1.378282e+00   2.269506e-34   3.837546e-04   3.226037e-35   348
  1.380075e+00   9.958099e-35   4.005014e-04   6.593908e-36   312
  1.381676e+00   9.584203e-35   3.891711e-04   8.409644e-36   96
  1.383148e+00   1.060677e-34   5.181111e-04   7.796627e-36   384
  1.384797e+00   8.780270e-35   3.563555e-04   7.265136e-36   144
  1.386411e+00   8.142696e-35   5.475560e-04   4.417665e-36   408
  1.388416e+00   6.528990e-35   2.442487e-04   5.409670e-36   144
  1.390310e+00   1.022757e-34   4.695706e-04   9.158554e-36   192
  1.391433e+00   9.391468e-35   5.285104e-04   8.361129e-36   144
  1.393265e+00   8.228030e-35   4.296985e-04   6.685484e-36   144
  1.394992e+00   9.908679e-35   5.251611e-04   7.864945e-36   336
  1.397108e+00   9.397797e-35   3.885526e-04   7.317998e-36   240
  1.398450e+00   8.473259e-35   1.764383e-04   8.312412e-36   96
  1.400321e+00   3.017797e-34   5.174086e-04   9.680534e-35   372
  1.402214e+00   1.197186e-34   6.154464e-04   1.280201e-35   132
  1.403877e+00   9.278432e-35   3.808309e-04   7.689593e-36   264
  1.405364e+00   1.239254e-34   2.924607e-04   1.060617e-35   168
  1.406952e+00   9.153278e-35   4.675886e-04   7.277608e-36   216
  1.408354e+00   8.925109e-35   2.860765e-04   5.958013e-36   216
  1.410397e+00   6.792379e-35   5.248313e-04   7.422041e-36   96
  1.412250e+00   1.164315e-34   3.424046e-04   1.167201e-35   120
  1.413949e+00   9.615447e-35   4.352925e-04   7.757789e-36   216
  1.415349e+00   9.067565e-35   1.902243e-04   7.082103e-36   200
  1.417203e+00   1.093872e-34   4.924091e-04   9.293437e-36   288
  1.419580e+00   9.668837e-35   1.295624e-04   9.533507e-36   144
  1.420582e+00   8.034745e-35   4.031902e-04   4.925160e-36   168
  1.422626e+00   9.911225e-35   4.537530e-04   7.090989e-36   159
  1.424222e+00   1.125507e-34   4.760960e-04   1.265430e-35   174
  1.425766e+00   1.162313e-34   4.317072e-04   1.434806e-35   144
  1.427789e+00   1.232211e-34   2.492797e-04   8.461484e-36   222
  1.429141e+00   8.425583e-35   2.515453e-04   7.234718e-36   168
  1.431477e+00   7.894115e-35   5.517354e-04   1.316877e-35   30
  1.432442e+00   6.838687e-35   4.871418e-04   8.276961e-36   72
  1.434260e+00   1.065502e-34   4.347683e-04   6.063601e-36   258
  1.436258e+00   7.198602e-35   2.723066e-04   4.770803e-36   264
  1.437257e+00   9.852355e-35   0.000000e+00   1.136264e-35   72
  1.439339e+00   9.243738e-35   5.397231e-04   7.611059e-36   174
  1.441225e+00   7.937162e-35   5.747054e-04   6.933987e-36   168
  1.442740e+00   5.925049e-35   1.798266e-08   9.634262e-36   48
  1.444367e+00   1.035903e-34   3.245497e-04   8.792528e-36   150
  1.446254e+00   1.296879e-34   5.970324e-04   1.144385e-35   168
  1.448146e+00   1.231195e-34   3.636845e-04   1.091805e-35   144
  1.449885e+00   1.077365e-34   3.397640e-04   1.093484e-35   102
  1.451181e+00   9.762296e-35   5.029091e-04   1.081198e-35   96
  1.453237e+00   8.381888e-35   4.991035e-04   7.748002e-36   120
  1.454759e+00   8.681391e-35   5.353016e-04   7.223976e-36   168
  1.456406e+00   1.718719e-34   3.952779e-04   1.392787e-35   126
  1.457809e+00   1.076130e-34   2.981185e-04   8.006875e-36   168
  1.459742e+00   9.156890e-35   4.780335e-04   1.285324e-35   72
  1.461432e+00   1.174518e-34   5.986044e-04   7.825752e-36   168
  1.462911e+00   8.975107e-35   1.641069e-04   1.053252e-35   78
  1.464939e+00   1.051615e-34   2.694513e-04   1.084471e-35   60
  1.466572e+00   1.619219e-34   4.370936e-04   1.614101e-35   96
  1.468265e+00   9.312589e-35   5.303767e-04   8.728978e-36   168
  1.469857e+00   8.198911e-35   3.356018e-04   8.910240e-36   86
  1.471527e+00   6.864944e-35   2.999484e-04   5.913052e-36   120
  1.473920e+00   1.021591e-34   2.139030e-04   9.010398e-36   168
  1.475211e+00   1.261259e-34   0.000000e+00   2.210990e-35   48
  1.476949e+00   1.307899e-34   3.897081e-04   1.461680e-35   120
  1.477948e+00   1.336723e-34   2.843078e-04   1.358905e-35   126
  1.480387e+00   1.181522e-34   5.000182e-04   1.193087e-35   96
  1.481970e+00   1.177251e-34   1.441806e-04   1.259328e-35   96
  1.483218e+00   8.224259e-35   1.695421e-08   1.055112e-35   72
  1.485877e+00   9.066214e-35   1.798266e-08   9.770187e-36   24
  1.487537e+00   1.220666e-34   2.967202e-04   1.224129e-35   120
  1.488831e+00   7.791021e-35   4.328235e-04   7.511337e-36   126
  1.490271e+00   9.249484e-35   3.608170e-04   8.374352e-36   96
  1.491953e+00   7.794253e-35   6.235971e-04   9.269907e-36   72
  1.493826e+00   1.116816e-34   2.697267e-04   8.643774e-36   144
  1.495367e+00   1.378639e-34   1.555721e-04   1.987827e-35   72
  1.496907e+00   9.951153e-35   3.107329e-04   1.330424e-35   54
  1.498261e+00   1.377365e-34   2.738298e-04   1.228525e-35   108
  1.501076e+00   1.315584e-34   2.684240e-04   2.459102e-35   72
  1.501953e+00   1.262276e-34   1.548899e-04   1.460637e-35   72
  1.504032e+00   1.803184e-34   3.114687e-08   3.222044e-35   24
  1.506000e+00   6.154368e-35   3.276762e-04   8.005941e-36   48
  1.507194e+00   8.522004e-35   2.496047e-04   8.204497e-36   102
  1.508993e+00   9.304923e-35   5.645020e-04   8.402709e-36   168
  1.511342e+00   9.854685e-35   3.078662e-04   1.447170e-35   72
  1.512213e+00   1.142065e-34   0.000000e+00   1.786090e-35   48
  1.514039e+00   1.210268e-34   5.295485e-04   1.001097e-35   120
  1.516449e+00   1.047229e-34   3.254183e-04   1.104584e-35   96
  1.518725e+00   9.639797e-35   2.877225e-08   1.810531e-35   30
  1.521431e+00   1.266085e-34   1.528959e-04   1.280835e-35   72
  1.522619e+00   1.025927e-34   1.798266e-08   1.719858e-35   24
  1.524147e+00   7.434486e-35   2.266295e-04   8.633134e-36   56
  1.525857e+00   9.002424e-35   3.234118e-04   1.005321e-35   96
  1.527904e+00   1.067249e-34   3.571257e-04   8.188429e-36   144
  1.529482e+00   1.165061e-34   2.027620e-04   1.990151e-35   54
  1.531775e+00   1.554254e-34   3.037589e-04   1.893373e-35   108
  1.534082e+00   1.250148e-34   1.608389e-04   1.780555e-35   48
  1.536278e+00   1.080918e-34   6.056100e-04   1.157251e-35   72
  1.541549e+00   1.244756e-34   4.001285e-04   1.313785e-35   78
  1.543009e+00   1.120414e-34   3.015470e-04   1.448012e-35   72
  1.544714e+00   1.119247e-34   3.011726e-04   1.537136e-35   72
  1.546496e+00   1.064849e-34   7.267626e-04   1.287564e-35   96
  1.547905e+00   1.073481e-34   3.005518e-04   1.290372e-35   72
  1.549605e+00   8.678125e-35   0.000000e+00   1.659665e-35   24
  1.551302e+00   1.558052e-34   5.997465e-04   1.943422e-35   72
  1.555136e+00   1.182666e-34   3.808574e-04   2.082656e-35   30
  1.555961e+00   1.435590e-34   0.000000e+00   3.327534e-35   24
  1.560395e+00   1.390967e-34   3.162535e-04   2.696953e-35   48
  1.561785e+00   1.015242e-34   6.805772e-04   8.969417e-36   120
  1.563659e+00   1.185946e-34   2.975642e-04   1.659748e-35   72
  1.565552e+00   1.025764e-34   2.972044e-04   1.347253e-35   36
  1.566852e+00   1.352752e-34   5.874143e-04   1.425425e-35   78
  1.570482e+00   1.461899e-34   3.142221e-04   1.793520e-35   48
  1.575188e+00   1.193477e-34   2.543132e-08   2.100337e-35   24
  1.578541e+00   1.168407e-34   2.188179e-04   1.484915e-35   56
  1.580230e+00   9.081992e-35   3.367194e-04   1.515238e-35   102
  1.582378e+00   1.066961e-34   2.397687e-08   1.085088e-35   72
  1.583624e+00   9.855780e-35   1.798266e-08   2.012894e-35   24
  1.585804e+00   1.659748e-34   3.111861e-04   3.173349e-35   48
  1.589845e+00   1.043622e-34   0.000000e+00   1.218590e-35   24
  1.594803e+00   1.591313e-34   0.000000e+00   3.506149e-35   6
  1.596350e+00   7.394188e-35   0.000000e+00   1.734476e-35   24
  1.597380e+00   1.550772e-34   2.912818e-04   1.642692e-35   72
  1.599261e+00   1.052840e-34   5.434137e-04   8.817014e-36   84
  1.601288e+00   2.054422e-34   0.000000e+00   4.395506e-35   24
  1.601904e+00   1.529680e-34   2.543132e-08   1.765035e-35   24
  1.604982e+00   1.570760e-34   3.114687e-08   2.582468e-35   24
  1.609281e+00   1.505841e-34   0.000000e+00   5.704627e-35   6
  1.614791e+00   1.819834e-34   3.056001e-04   3.064508e-35   48
  1.616114e+00   1.877737e-34   5.757006e-04   2.547357e-35   72
  1.617844e+00   1.634220e-34   3.050234e-04   3.055878e-35   48
  1.620587e+00   1.215164e-34   0.000000e+00   2.363761e-35   24
  1.624237e+00   9.542824e-35   0.000000e+00   2.755286e-35   6
  1.632419e+00   1.441106e-34   0.000000e+00   1.302120e-35   8
  1.633024e+00   1.506174e-34   1.798266e-08   2.366132e-35   48
  1.634474e+00   1.448886e-34   2.958090e-04   1.791620e-35   60
  1.636646e+00   9.892264e-35   0.000000e+00   1.754389e-35   24
  1.639659e+00   8.964535e-35   0.000000e+00   2.110743e-35   6
  1.650757e+00   2.238628e-34   0.000000e+00   3.839536e-35   24
  1.651653e+00   1.101625e-34   2.987795e-04   1.622020e-35   48
  1.653147e+00   2.035082e-34   0.000000e+00   3.878393e-35   24
  1.655533e+00   1.381749e-34   0.000000e+00   2.070937e-35   6
  1.669090e+00   1.679862e-34   2.787329e-04   1.600007e-35   36
  1.670075e+00   1.792232e-34   0.000000e+00   2.720938e-35   24
  1.671847e+00   1.174751e-34   0.000000e+00   5.326754e-35   6
  1.687272e+00   1.409063e-34   2.533103e-04   2.536901e-35   32
  1.688588e+00   6.169074e-35   0.000000e+00   6.577801e-36   6
  1.705164e+00   1.405465e-34   0.000000e+00   2.270910e-35   12
  1.705743e+00   1.620852e-34   0.000000e+00   3.016141e-35   6
  1.723300e+00   1.851717e-34   0.000000e+00   3.535337e-35   6
