# power spectrum of chi
# redshift z=30.000000
# k              Pk             sigma(k)       sigma(Pk)      count
  6.981317e-03   1.449553e-19   0.000000e+00   1.389751e-20   6
  9.873073e-03   9.130157e-19   0.000000e+00   1.836058e-19   12
  1.209200e-02   5.334174e-19   1.324548e-10   2.082039e-19   8
  1.396263e-02   4.065877e-20   0.000000e+00   4.977303e-21   6
  1.561070e-02   3.601973e-19   0.000000e+00   5.971141e-20   24
  1.710066e-02   3.388481e-19   2.497591e-10   5.422132e-20   24
  1.974615e-02   5.255135e-19   0.000000e+00   1.846093e-19   12
  2.094395e-02   4.600814e-19   2.825702e-10   6.104997e-20   30
  2.207686e-02   2.861728e-19   0.000000e+00   4.016658e-20   24
  2.315441e-02   3.242015e-19   4.325955e-10   6.371047e-20   24
  2.418399e-02   2.036458e-19   2.649095e-10   7.826119e-20   8
  2.517150e-02   2.396820e-19   3.532127e-10   4.634130e-20   24
  2.612170e-02   2.746717e-19   0.000000e+00   4.509404e-20   48
  2.792527e-02   8.818628e-20   0.000000e+00   2.360367e-20   6
  2.878471e-02   1.810478e-19   4.995182e-10   2.796950e-20   48
  2.961922e-02   2.002283e-19   0.000000e+00   3.771220e-20   36
  3.043086e-02   1.590694e-19   3.532127e-10   2.749723e-20   24
  3.122140e-02   2.319494e-19   0.000000e+00   4.299056e-20   24
  3.199241e-02   1.803531e-19   0.000000e+00   2.220562e-20   48
  3.274528e-02   2.530750e-19   4.995182e-10   2.775718e-20   24
  3.420133e-02   1.358978e-19   4.995182e-10   1.838092e-20   24
  3.490659e-02   1.186723e-19   0.000000e+00   1.739459e-20   30
  3.559787e-02   1.779263e-19   0.000000e+00   2.002118e-20   72
  3.627599e-02   1.167623e-19   5.298191e-10   1.952054e-20   32
  3.759554e-02   1.286375e-19   0.000000e+00   1.325697e-20   72
  3.823825e-02   9.396784e-20   0.000000e+00   1.505429e-20   48
  3.949229e-02   1.508438e-19   0.000000e+00   5.441583e-20   12
  4.010461e-02   1.061764e-19   0.000000e+00   1.473915e-20   48
  4.070772e-02   1.219906e-19   0.000000e+00   1.626450e-20   48
  4.130203e-02   1.368547e-19   4.995182e-10   2.146974e-20   48
  4.188790e-02   1.473758e-19   5.651403e-10   3.258434e-20   30
  4.246569e-02   1.094077e-19   4.995182e-10   1.517112e-20   24
  4.303573e-02   1.093461e-19   1.053077e-09   1.224511e-20   72
  4.415373e-02   1.148149e-19   0.000000e+00   3.674659e-20   24
  4.470224e-02   7.522767e-20   0.000000e+00   8.933185e-21   96
  4.524411e-02   8.770043e-20   0.000000e+00   1.254602e-20   48
  4.577956e-02   6.435212e-20   8.651909e-10   7.665489e-21   24
  4.630882e-02   1.168072e-19   8.651909e-10   2.186941e-20   24
  4.683210e-02   8.093526e-20   0.000000e+00   7.991104e-21   72
  4.734960e-02   5.022921e-20   0.000000e+00   5.966679e-21   48
  4.836798e-02   1.003291e-19   5.298191e-10   2.376752e-20   8
  4.886922e-02   8.014802e-20   6.279337e-10   8.458427e-21   54
  4.936537e-02   8.357040e-20   0.000000e+00   7.746309e-21   84
  4.985658e-02   5.103103e-20   0.000000e+00   6.111988e-21   48
  5.034299e-02   5.968854e-20   7.064254e-10   7.108446e-21   24
  5.082475e-02   7.699248e-20   6.660243e-10   9.876207e-21   72
  5.130199e-02   5.236720e-20   0.000000e+00   5.166570e-21   96
  5.224339e-02   6.861460e-20   0.000000e+00   9.096500e-21   48
  5.270779e-02   3.998297e-20   0.000000e+00   5.795629e-21   48
  5.316813e-02   5.237361e-20   7.064254e-10   9.390928e-21   24
  5.362451e-02   5.744183e-20   0.000000e+00   5.793081e-21   72
  5.452583e-02   5.147369e-20   6.660243e-10   8.060220e-21   72
  5.497095e-02   4.580833e-20   0.000000e+00   5.121278e-21   96
  5.585054e-02   3.350278e-20   0.000000e+00   7.302098e-21   6
  5.628518e-02   4.756697e-20   0.000000e+00   5.677492e-21   96
  5.671649e-02   4.419244e-20   7.064254e-10   5.059867e-21   96
  5.714454e-02   6.104941e-20   0.000000e+00   1.787469e-20   24
  5.756941e-02   4.334316e-20   9.990364e-10   5.589125e-21   48
  5.799117e-02   3.605253e-20   0.000000e+00   3.090875e-21   96
  5.840989e-02   5.263732e-20   0.000000e+00   8.231684e-21   48
  5.923844e-02   3.946805e-20   0.000000e+00   1.109257e-20   36
  5.964840e-02   2.470068e-20   1.223565e-09   3.469068e-21   48
  6.005556e-02   2.866765e-20   1.384305e-09   2.126851e-21   120
  6.045998e-02   3.743054e-20   0.000000e+00   8.314695e-21   56
  6.086171e-02   3.233270e-20   7.064254e-10   8.225534e-21   24
  6.126081e-02   4.020636e-20   0.000000e+00   3.999331e-21   96
  6.165732e-02   3.938724e-20   0.000000e+00   6.882759e-21   48
  6.244280e-02   2.179690e-20   0.000000e+00   3.580006e-21   24
  6.283185e-02   3.284703e-20   0.000000e+00   3.183582e-21   102
  6.321851e-02   3.204016e-20   0.000000e+00   3.920007e-21   48
  6.360282e-02   3.673132e-20   0.000000e+00   4.495934e-21   72
  6.398483e-02   3.176655e-20   0.000000e+00   5.863963e-21   48
  6.436456e-02   3.284470e-20   0.000000e+00   4.132977e-21   48
  6.474207e-02   3.625061e-20   1.598458e-09   3.022885e-21   120
  6.549056e-02   4.524767e-20   9.990364e-10   8.318458e-21   24
  6.586161e-02   2.204850e-20   9.419006e-10   1.725589e-21   144
  6.623059e-02   1.986184e-20   1.130281e-09   1.713726e-21   120
  6.659752e-02   2.273754e-20   9.990364e-10   2.745579e-21   48
  6.732538e-02   2.352873e-20   9.990364e-10   2.226378e-21   48
  6.768638e-02   3.077663e-20   9.990364e-10   2.304560e-21   96
  6.863955e-02   2.877178e-20   1.675093e-04   2.767862e-21   72
  6.911151e-02   2.556376e-20   1.255867e-09   2.704433e-21   108
  6.946323e-02   2.014894e-20   0.000000e+00   1.875873e-21   72
  6.981317e-02   2.131241e-20   0.000000e+00   3.424620e-21   30
  7.016137e-02   1.929153e-20   0.000000e+00   1.403268e-21   168
  7.050785e-02   2.660528e-20   0.000000e+00   3.625824e-21   48
  7.119574e-02   1.866302e-20   0.000000e+00   1.797469e-21   72
  7.153721e-02   2.065220e-20   0.000000e+00   2.228501e-21   96
  7.187706e-02   2.107827e-20   1.883801e-09   2.502456e-21   72
  7.221530e-02   2.336639e-20   0.000000e+00   2.141379e-21   72
  7.278398e-02   2.116171e-20   1.546684e-04   2.078043e-21   104
  7.322067e-02   1.665835e-20   1.332049e-09   1.271351e-21   144
  7.421242e-02   1.343110e-20   2.233913e-09   1.347978e-21   96
  7.454007e-02   1.223510e-20   0.000000e+00   1.120653e-21   96
  7.506116e-02   2.006798e-20   1.591194e-04   1.668500e-21   120
  7.551449e-02   1.391092e-20   0.000000e+00   1.134930e-21   120
  7.583651e-02   1.228726e-20   0.000000e+00   1.447385e-21   72
  7.647650e-02   1.293747e-20   0.000000e+00   2.183737e-21   48
  7.679449e-02   1.769764e-20   1.505926e-09   1.646582e-21   78
  7.720128e-02   1.406502e-20   1.424762e-04   1.101255e-21   168
  7.805350e-02   1.482992e-20   1.332049e-09   1.571773e-21   144
  7.836509e-02   1.378268e-20   1.332049e-09   1.193585e-21   144
  7.926883e-02   1.603435e-20   8.205478e-05   1.188552e-21   156
  7.959926e-02   1.280965e-20   1.730382e-09   1.633102e-21   48
  7.990483e-02   1.458659e-20   1.130281e-09   1.393464e-21   120
  8.020923e-02   1.531439e-20   0.000000e+00   3.480839e-21   48
  8.074745e-02   1.303596e-20   1.255998e-04   8.458990e-22   216
  8.141545e-02   1.035029e-20   0.000000e+00   1.705422e-21   48
  8.171422e-02   1.368781e-20   9.990364e-10   1.256973e-21   96
  8.213902e-02   1.155742e-20   1.467830e-04   7.999810e-22   168
  8.260406e-02   1.277287e-20   9.990364e-10   1.152189e-21   48
  8.289855e-02   1.012062e-20   0.000000e+00   8.173161e-22   96
  8.319199e-02   1.454092e-20   0.000000e+00   2.642281e-21   48
  8.377580e-02   1.120803e-20   1.130281e-09   1.993413e-21   30
  8.406619e-02   9.950920e-21   9.990364e-10   9.810693e-22   96
  8.441325e-02   1.094011e-20   1.153584e-04   5.961592e-22   240
  8.485953e-02   1.176984e-20   1.244551e-04   1.956983e-21   32
  8.521783e-02   8.975164e-21   0.000000e+00   8.093858e-22   168
  8.550332e-02   1.076130e-20   0.000000e+00   8.894569e-22   120
  8.607146e-02   8.419651e-21   2.106154e-09   7.208795e-22   72
  8.635412e-02   7.749538e-21   1.332049e-09   6.513623e-22   144
  8.663587e-02   7.351732e-21   0.000000e+00   8.302597e-22   96
  8.691670e-02   7.141931e-21   0.000000e+00   6.574379e-22   96
  8.747565e-02   7.312117e-21   1.631420e-09   7.666000e-22   72
  8.775379e-02   8.085055e-21   1.412851e-09   9.141889e-22   96
  8.830745e-02   1.260644e-20   0.000000e+00   2.068642e-21   24
  8.858298e-02   9.299354e-21   0.000000e+00   6.364101e-22   192
  8.890745e-02   8.406155e-21   1.056148e-04   6.857035e-22   132
  8.940448e-02   8.898271e-21   0.000000e+00   1.186631e-21   96
  8.967664e-02   1.059202e-20   0.000000e+00   1.016439e-21   96
  8.994798e-02   9.442657e-21   1.130281e-09   7.698908e-22   120
  9.048821e-02   9.771832e-21   0.000000e+00   1.629335e-21   48
  9.093103e-02   8.464826e-21   1.279966e-04   5.160029e-22   222
  9.129257e-02   1.029349e-20   0.000000e+00   7.325380e-22   120
  9.155911e-02   5.126860e-21   1.730382e-09   8.405394e-22   24
  9.194720e-02   7.826240e-21   1.321111e-04   4.243122e-22   312
  9.279280e-02   6.091737e-21   1.238595e-04   6.186353e-22   72
  9.314239e-02   6.860513e-21   9.990364e-10   6.055539e-22   96
  9.350136e-02   6.518704e-21   1.261337e-04   4.407192e-22   192
  9.392401e-02   7.206675e-21   1.598458e-09   5.398536e-22   120
  9.418312e-02   6.442931e-21   0.000000e+00   5.008843e-22   144
  9.469919e-02   8.990833e-21   0.000000e+00   1.275925e-21   48
  9.506602e-02   6.112982e-21   1.268319e-04   3.317748e-22   336
  9.546807e-02   7.335678e-21   0.000000e+00   6.814805e-22   48
  9.597724e-02   6.548903e-21   0.000000e+00   4.475680e-22   192
  9.623081e-02   4.040845e-21   0.000000e+00   5.513479e-22   48
  9.695161e-02   5.953553e-21   8.803796e-05   9.235820e-22   56
  9.731001e-02   6.383017e-21   1.130706e-04   3.501611e-22   336
  9.773844e-02   6.247236e-21   1.255867e-09   8.162055e-22   54
  9.811165e-02   5.446528e-21   1.241922e-04   3.551580e-22   240
  9.888643e-02   5.722870e-21   1.189150e-04   3.628600e-22   228
  9.922316e-02   5.918234e-21   1.332049e-09   7.425574e-22   72
  9.955002e-02   6.619793e-21   1.153504e-04   5.454035e-22   144
  9.995725e-02   5.888404e-21   0.000000e+00   6.712716e-22   96
  1.002007e-01   4.916425e-21   1.598458e-09   3.187536e-22   240
  1.006860e-01   7.107959e-21   1.412851e-09   9.576800e-22   24
  1.009966e-01   5.788115e-21   1.089476e-04   3.268650e-22   336
  1.014095e-01   5.477030e-21   0.000000e+00   5.881040e-22   72
  1.017863e-01   5.777422e-21   1.185007e-04   4.844007e-22   168
  1.021279e-01   6.910645e-21   0.000000e+00   7.437738e-22   72
  1.026040e-01   5.384173e-21   0.000000e+00   4.805779e-22   96
  1.029727e-01   4.096767e-21   1.176117e-04   2.955065e-22   216
  1.033141e-01   3.791276e-21   1.412851e-09   3.575763e-22   96
  1.037847e-01   4.222727e-21   0.000000e+00   3.005759e-22   192
  1.040193e-01   4.000989e-21   1.332049e-09   3.063534e-22   144
  1.044868e-01   4.845545e-21   0.000000e+00   6.700146e-22   48
  1.048105e-01   4.210876e-21   1.133915e-04   2.797388e-22   246
  1.052503e-01   4.417262e-21   1.045488e-04   3.138970e-22   168
  1.056465e-01   4.975139e-21   1.957704e-09   4.535185e-22   120
  1.058769e-01   3.692176e-21   0.000000e+00   2.661840e-22   240
  1.063363e-01   5.428062e-21   1.412851e-09   1.161918e-21   24
  1.067022e-01   3.923761e-21   1.119102e-04   2.244286e-22   360
  1.071580e-01   3.685199e-21   1.114340e-04   3.076282e-22   120
  1.074760e-01   3.559886e-21   0.000000e+00   3.244937e-22   144
  1.077025e-01   4.205613e-21   0.000000e+00   4.136739e-22   96
  1.083792e-01   3.129234e-21   0.000000e+00   1.930206e-22   144
  1.086038e-01   3.198824e-21   0.000000e+00   2.663371e-22   132
  1.089195e-01   3.086854e-21   1.099837e-04   2.039933e-22   176
  1.093777e-01   3.244662e-21   1.110614e-04   1.740019e-22   312
  1.099419e-01   3.256261e-21   0.000000e+00   3.114972e-22   96
  1.101633e-01   2.907410e-21   0.000000e+00   2.232755e-22   144
  1.105031e-01   3.441397e-21   1.099474e-04   1.768471e-22   312
  1.110446e-01   3.791455e-21   0.000000e+00   4.984378e-22   48
  1.112639e-01   4.011834e-21   1.412851e-09   3.255869e-22   192
  1.117011e-01   3.895767e-21   0.000000e+00   6.887213e-22   6
  1.119915e-01   2.816072e-21   1.025446e-04   1.736823e-22   288
  1.124620e-01   2.886058e-21   1.083450e-04   2.009613e-22   192
  1.127866e-01   2.871350e-21   3.322713e-09   1.997873e-22   216
  1.130025e-01   4.336253e-21   0.000000e+00   5.416484e-22   72
  1.135403e-01   3.359312e-21   1.073161e-04   2.372355e-22   192
  1.138975e-01   2.962774e-21   7.968796e-05   1.796025e-22   288
  1.142891e-01   4.233142e-21   0.000000e+00   4.385850e-22   24
  1.145916e-01   2.910484e-21   1.049823e-04   1.318898e-22   456
  1.151388e-01   2.459659e-21   1.998073e-09   3.335184e-22   48
  1.154769e-01   2.966752e-21   1.034033e-04   1.574765e-22   240
  1.158655e-01   2.479696e-21   1.045007e-04   1.705843e-22   216
  1.161923e-01   2.376303e-21   0.000000e+00   2.326599e-22   72
  1.164018e-01   2.669948e-21   3.610549e-09   2.099937e-22   168
  1.169935e-01   2.844633e-21   7.767385e-05   1.656856e-22   288
  1.173253e-01   2.640068e-21   1.027758e-04   1.784925e-22   168
  1.178582e-01   2.198299e-21   0.000000e+00   1.401247e-22   192
  1.180648e-01   2.331314e-21   1.332049e-09   1.686486e-22   144
  1.184769e-01   3.497465e-21   0.000000e+00   3.982356e-22   36
  1.188264e-01   2.558470e-21   9.385617e-05   1.153964e-22   342
  1.191605e-01   2.444419e-21   9.637890e-05   2.142755e-22   144
  1.195900e-01   2.491501e-21   1.010773e-04   1.321825e-22   384
  1.201111e-01   2.761922e-21   2.768611e-09   2.281778e-22   120
  1.203690e-01   2.352946e-21   9.013158e-05   1.470505e-22   264
  1.207183e-01   2.382700e-21   4.467827e-09   1.559932e-22   192
  1.210471e-01   2.445243e-21   9.713401e-05   2.290602e-22   152
  1.213224e-01   2.582326e-21   2.664097e-09   1.881990e-22   144
  1.219012e-01   2.207356e-21   6.286607e-05   1.307246e-22   216
  1.221692e-01   2.236344e-21   8.400585e-05   1.254101e-22   312
  1.226409e-01   2.319335e-21   9.736112e-05   1.435132e-22   240
  1.229188e-01   2.033251e-21   1.412851e-09   2.222386e-22   96
  1.234463e-01   1.836017e-21   9.308426e-05   1.587311e-22   144
  1.237714e-01   1.926311e-21   9.149363e-05   8.860477e-23   456
  1.242988e-01   2.294200e-21   0.000000e+00   1.696052e-22   120
  1.244947e-01   1.929234e-21   0.000000e+00   1.439021e-22   144
  1.248856e-01   1.070272e-21   0.000000e+00   2.389110e-22   24
  1.251362e-01   1.867523e-21   8.794658e-05   9.413458e-23   336
  1.255696e-01   2.079302e-21   9.699311e-05   1.622752e-22   198
  1.259757e-01   1.660611e-21   9.432023e-05   8.347748e-23   432
  1.264370e-01   1.615422e-21   0.000000e+00   1.910111e-22   48
  1.266777e-01   1.702899e-21   8.326844e-05   8.931936e-23   384
  1.271098e-01   1.720899e-21   9.585962e-05   1.523781e-22   144
  1.275013e-01   1.581407e-21   9.517601e-05   1.064821e-22   264
  1.279697e-01   1.591255e-21   0.000000e+00   2.913953e-22   48
  1.282839e-01   1.633151e-21   9.049683e-05   9.506539e-23   276
  1.285870e-01   1.678146e-21   8.203293e-05   1.084288e-22   192
  1.289922e-01   1.492113e-21   9.218697e-05   6.481986e-23   552
  1.294841e-01   1.247187e-21   3.196917e-09   1.149929e-22   120
  1.297765e-01   1.255192e-21   9.331596e-05   8.689682e-23   216
  1.300475e-01   1.687569e-21   1.598458e-09   1.247098e-22   120
  1.305316e-01   1.604995e-21   9.189333e-05   9.406685e-23   408
  1.309811e-01   1.370543e-21   1.998073e-09   1.905641e-22   24
  1.312599e-01   1.703327e-21   9.282881e-05   9.415338e-23   384
  1.316492e-01   1.362713e-21   9.069708e-05   7.490959e-23   240
  1.319872e-01   1.626655e-21   9.136125e-05   1.393620e-22   168
  1.324612e-01   1.124997e-21   2.260561e-09   1.373440e-22   120
  1.327667e-01   1.400596e-21   9.523931e-05   7.181151e-23   350
  1.332635e-01   1.608461e-21   1.567823e-04   8.030085e-23   384
  1.335605e-01   1.394866e-21   0.000000e+00   1.120709e-22   144
  1.341067e-01   1.317313e-21   3.767602e-09   8.171062e-23   288
  1.343919e-01   1.224275e-21   8.974411e-05   6.070386e-23   336
  1.347800e-01   1.436771e-21   8.170456e-05   1.150724e-22   168
  1.350122e-01   1.293056e-21   1.614687e-09   6.003912e-23   336
  1.354927e-01   1.170721e-21   8.480446e-05   6.525118e-23   288
  1.357812e-01   1.368524e-21   7.990748e-05   8.131564e-23   264
  1.362699e-01   1.261017e-21   0.000000e+00   8.808477e-23   240
  1.364486e-01   1.317750e-21   2.825702e-09   9.828947e-23   96
  1.370900e-01   1.272235e-21   1.086688e-04   6.429629e-23   360
  1.373893e-01   1.119823e-21   8.010757e-05   8.707459e-23   168
  1.377676e-01   1.169700e-21   8.732558e-05   5.363736e-23   456
  1.382230e-01   1.028287e-21   2.511735e-09   1.126903e-22   108
  1.384792e-01   9.997385e-22   8.761995e-05   6.093290e-23   264
  1.387988e-01   1.160462e-21   7.817127e-05   7.064733e-23   264
  1.392364e-01   1.115848e-21   7.376599e-05   7.096557e-23   312
  1.397814e-01   9.790636e-22   5.481617e-05   5.731288e-23   270
  1.400098e-01   1.289501e-21   6.959603e-05   8.631055e-23   240
  1.404204e-01   9.821155e-22   8.609907e-05   4.879055e-23   384
  1.406696e-01   1.071486e-21   0.000000e+00   7.853712e-23   192
  1.411539e-01   1.062334e-21   6.908303e-05   6.751759e-23   240
  1.414347e-01   1.024449e-21   8.525963e-05   5.575588e-23   336
  1.419630e-01   1.163887e-21   8.583011e-05   5.485612e-23   480
  1.423915e-01   9.731015e-22   0.000000e+00   9.930672e-23   72
  1.426309e-01   9.150412e-22   8.369217e-05   5.257088e-23   240
  1.429564e-01   1.098086e-21   7.865917e-05   6.090229e-23   312
  1.433297e-01   1.098658e-21   8.501169e-05   7.836927e-23   240
  1.438936e-01   9.641752e-22   6.458688e-05   4.565083e-23   408
  1.441169e-01   8.110089e-22   5.914602e-05   4.398509e-23   336
  1.445532e-01   9.717734e-22   7.510087e-05   6.208449e-23   264
  1.447677e-01   8.334875e-22   0.000000e+00   6.173672e-23   144
  1.453643e-01   8.632606e-22   1.040943e-04   3.919570e-23   464
  1.456786e-01   9.714277e-22   8.277629e-05   8.390258e-23   168
  1.459889e-01   8.794170e-22   7.539115e-05   5.491602e-23   336
  1.465498e-01   9.325369e-22   7.921315e-05   5.155948e-23   414
  1.468660e-01   1.097495e-21   8.245619e-05   7.061311e-23   216
  1.472710e-01   1.020558e-21   1.998073e-09   1.065413e-22   96
  1.474364e-01   8.574852e-22   5.994218e-09   4.466029e-23   384
  1.480158e-01   8.429077e-22   8.229688e-05   3.698859e-23   492
  1.483263e-01   8.497570e-22   8.047930e-05   5.511887e-23   240
  1.486772e-01   8.680478e-22   8.171468e-05   5.371134e-23   312
  1.491618e-01   7.503066e-22   8.168777e-05   5.664222e-23   192
  1.494688e-01   8.228322e-22   7.916535e-05   3.335110e-23   504
  1.498761e-01   8.398318e-22   5.240881e-05   4.556153e-23   408
  1.501968e-01   7.423661e-22   1.605609e-04   5.630005e-23   168
  1.505981e-01   7.731825e-22   7.626782e-05   4.499504e-23   288
  1.509348e-01   7.765648e-22   7.959200e-05   4.748179e-23   288
  1.512797e-01   7.393581e-22   8.005014e-05   3.717722e-23   432
  1.517801e-01   7.049676e-22   7.570076e-05   5.378227e-23   216
  1.520474e-01   7.308372e-22   7.554106e-05   4.226631e-23   360
  1.525234e-01   8.328980e-22   7.372735e-05   5.162550e-23   312
  1.529530e-01   5.461876e-22   0.000000e+00   6.336930e-23   48
  1.532006e-01   7.000403e-22   7.904634e-05   3.405337e-23   432
  1.536441e-01   6.741945e-22   1.318501e-04   3.171980e-23   414
  1.539060e-01   7.572408e-22   6.955573e-09   4.184286e-23   312
  1.543946e-01   6.955412e-22   1.156911e-04   2.855811e-23   528
  1.547243e-01   6.577107e-22   6.072803e-05   4.712989e-23   264
  1.551204e-01   7.150806e-22   7.200680e-05   3.346668e-23   480
  1.556380e-01   6.590420e-22   0.000000e+00   3.732667e-23   288
  1.558615e-01   4.955175e-22   7.736908e-05   3.437441e-23   168
  1.562704e-01   6.344526e-22   1.224750e-04   2.530177e-23   504
  1.567302e-01   7.793600e-22   2.664097e-09   6.737133e-23   144
  1.570194e-01   5.740968e-22   7.865832e-05   2.769883e-23   464
  1.574541e-01   6.342498e-22   1.154355e-04   3.101342e-23   432
  1.576603e-01   6.022634e-22   1.998073e-09   4.157157e-23   192
  1.581934e-01   5.030800e-22   8.557628e-05   2.563713e-23   396
  1.585082e-01   5.535969e-22   7.687110e-05   2.953438e-23   288
  1.588263e-01   5.311505e-22   7.593549e-05   2.570100e-23   336
  1.593345e-01   4.856013e-22   4.808388e-05   3.114275e-23   432
  1.596570e-01   5.758308e-22   1.246267e-04   3.215993e-23   360
  1.600192e-01   5.608951e-22   7.371853e-05   2.527944e-23   384
  1.605335e-01   6.002484e-22   6.507077e-05   4.786598e-23   198
  1.607813e-01   5.256974e-22   7.396430e-05   1.983721e-23   552
  1.612434e-01   5.319446e-22   1.035450e-04   2.314783e-23   432
  1.616292e-01   5.435261e-22   0.000000e+00   4.648477e-23   168
  1.619530e-01   4.921069e-22   1.283579e-04   2.135249e-23   480
  1.623813e-01   7.090218e-22   0.000000e+00   6.094685e-23   120
  1.625741e-01   5.452914e-22   1.048372e-04   3.153846e-23   336
  1.630445e-01   5.117737e-22   7.396097e-05   1.998452e-23   672
  1.635097e-01   4.837493e-22   1.075863e-04   2.234142e-23   528
  1.637264e-01   5.563683e-22   3.229373e-09   3.801206e-23   168
  1.642270e-01   4.646112e-22   1.200118e-04   2.352924e-23   456
  1.645324e-01   5.346871e-22   7.329223e-05   4.702864e-23   168
  1.648495e-01   5.329517e-22   7.316065e-05   2.522076e-23   504
  1.653766e-01   4.346470e-22   9.414654e-05   2.462250e-23   336
  1.656953e-01   4.596167e-22   6.786851e-05   2.556411e-23   312
  1.660489e-01   4.296488e-22   6.631214e-05   1.936419e-23   504
  1.665141e-01   4.032268e-22   4.600920e-05   2.128221e-23   432
  1.667329e-01   4.556461e-22   7.109945e-05   2.308383e-23   312
  1.671876e-01   4.543584e-22   7.288039e-05   2.252204e-23   384
  1.676624e-01   4.045562e-22   6.192036e-05   3.434174e-23   126
  1.679555e-01   4.238275e-22   1.087174e-04   2.107499e-23   492
  1.683299e-01   4.350854e-22   6.963360e-05   1.819319e-23   528
  1.687978e-01   4.194896e-22   7.073279e-05   2.120444e-23   480
  1.690879e-01   4.421648e-22   9.771696e-05   1.987918e-23   432
  1.695076e-01   4.055591e-22   7.684145e-05   2.234474e-23   440
  1.699951e-01   4.497745e-22   3.821294e-05   2.514269e-23   312
  1.701781e-01   3.882330e-22   5.726529e-05   1.978020e-23   480
  1.705533e-01   3.801323e-22   1.121243e-04   2.203808e-23   408
  1.711016e-01   4.213924e-22   6.714979e-05   2.262447e-23   360
  1.713332e-01   3.908228e-22   6.479710e-05   1.862632e-23   408
  1.717625e-01   3.510727e-22   6.593925e-05   1.743233e-23   456
  1.722458e-01   4.101343e-22   6.302169e-05   2.330945e-23   264
  1.725141e-01   3.597445e-22   6.839435e-05   1.916586e-23   384
  1.729046e-01   3.619826e-22   1.151467e-04   1.381235e-23   672
  1.733561e-01   3.560448e-22   6.887260e-05   2.140334e-23   240
  1.736166e-01   3.621261e-22   6.988846e-05   2.173668e-23   264
  1.739843e-01   3.410049e-22   8.619588e-05   1.339594e-23   624
  1.745329e-01   2.499417e-22   0.000000e+00   1.986670e-23   150
  1.747283e-01   3.362364e-22   9.658929e-05   1.398231e-23   600
  1.751402e-01   3.732677e-22   6.666345e-05   1.391027e-23   672
  1.756067e-01   3.605734e-22   6.270167e-05   2.039590e-23   336
  1.758666e-01   2.959761e-22   6.820115e-05   1.548932e-23   408
  1.762818e-01   3.794916e-22   6.804049e-05   1.955173e-23   408
  1.767436e-01   3.748114e-22   3.440492e-05   2.045032e-23   360
  1.770283e-01   3.365873e-22   1.263238e-04   1.683952e-23   456
  1.773722e-01   3.301893e-22   6.869566e-05   1.803238e-23   384
  1.778099e-01   2.641672e-22   6.341480e-05   1.450888e-23   348
  1.780464e-01   3.092559e-22   7.817791e-05   1.289058e-23   576
  1.784907e-01   3.101670e-22   6.436923e-05   1.361707e-23   504
  1.789452e-01   3.022981e-22   9.078907e-05   1.558180e-23   432
  1.793419e-01   2.987461e-22   1.235181e-04   1.249751e-23   576
  1.796248e-01   2.697127e-22   0.000000e+00   1.701311e-23   264
  1.800736e-01   2.906677e-22   9.828954e-05   1.055910e-23   768
  1.804640e-01   2.501990e-22   1.323290e-04   1.768029e-23   240
  1.807743e-01   2.753594e-22   1.167016e-04   2.046609e-23   192
  1.812263e-01   2.862029e-22   8.590664e-05   1.346374e-23   504
  1.815615e-01   2.620387e-22   1.157624e-04   1.189326e-23   590
  1.818830e-01   2.676363e-22   1.297055e-04   1.309521e-23   384
  1.822861e-01   2.323905e-22   1.083956e-04   1.049930e-23   504
  1.827729e-01   2.495038e-22   1.043140e-04   1.058573e-23   648
  1.832449e-01   2.361693e-22   2.833030e-05   1.047794e-23   504
  1.834353e-01   2.306505e-22   6.462673e-05   1.267638e-23   312
  1.837714e-01   2.634884e-22   9.311123e-05   1.148116e-23   576
  1.842327e-01   3.078578e-22   6.479663e-05   2.123884e-23   240
  1.845017e-01   2.618316e-22   6.547387e-05   1.148185e-23   552
  1.848823e-01   2.559787e-22   6.147846e-05   1.072507e-23   600
  1.854246e-01   2.445474e-22   7.509108e-05   1.087983e-23   600
  1.857506e-01   2.552039e-22   1.202524e-04   1.383894e-23   312
  1.860753e-01   2.465180e-22   1.047280e-04   1.242918e-23   480
  1.864809e-01   2.375990e-22   6.534019e-05   1.086803e-23   576
  1.868380e-01   1.824897e-22   1.052119e-04   9.303761e-24   408
  1.871548e-01   1.815234e-22   1.227345e-04   1.611314e-23   216
  1.875642e-01   2.182530e-22   9.400084e-05   9.829163e-24   516
  1.880028e-01   2.411191e-22   8.968636e-05   9.727433e-24   744
  1.884552e-01   2.149495e-22   5.990257e-05   1.025164e-23   462
  1.887109e-01   1.876114e-22   6.088230e-05   9.352826e-24   432
  1.891075e-01   2.274116e-22   5.648168e-05   8.378292e-24   648
  1.895737e-01   1.947854e-22   8.264320e-05   8.713889e-24   528
  1.899483e-01   2.401197e-22   9.952305e-05   1.030086e-23   600
  1.903225e-01   2.129834e-22   1.254725e-04   1.385000e-23   240
  1.906850e-01   2.213041e-22   9.611075e-05   8.572380e-24   720
  1.911062e-01   1.850439e-22   7.604100e-05   7.662580e-24   720
  1.915732e-01   1.418936e-22   0.000000e+00   9.703220e-24   144
  1.918190e-01   2.077555e-22   9.803961e-05   7.463421e-24   720
  1.921686e-01   2.123088e-22   5.878648e-05   1.133034e-23   384
  1.926063e-01   1.991682e-22   6.516793e-05   8.409919e-24   672
  1.930215e-01   2.045250e-22   1.141019e-04   1.184017e-23   336
  1.932199e-01   1.568899e-22   0.000000e+00   9.101705e-24   288
  1.937055e-01   1.963747e-22   9.030399e-05   7.713074e-24   776
  1.941551e-01   2.111399e-22   7.726878e-05   7.335833e-24   720
  1.945327e-01   1.871350e-22   6.224567e-05   8.607979e-24   432
  1.948347e-01   2.152007e-22   8.873905e-05   9.341493e-24   504
  1.951706e-01   2.101419e-22   6.217429e-05   9.177915e-24   528
  1.956407e-01   1.846669e-22   8.470885e-05   9.806904e-24   438
  1.960275e-01   1.751895e-22   9.859335e-05   7.987602e-24   624
  1.963189e-01   1.831213e-22   1.207635e-04   1.057616e-23   312
  1.967196e-01   1.951256e-22   6.506437e-05   7.591521e-24   696
  1.971339e-01   1.507314e-22   5.887146e-05   6.658129e-24   552
  1.975648e-01   1.814737e-22   4.554687e-05   9.255259e-24   516
  1.978313e-01   1.715105e-22   9.097645e-05   7.800311e-24   528
  1.981558e-01   1.590203e-22   5.916447e-05   6.769198e-24   528
  1.986168e-01   1.516003e-22   7.802593e-05   5.016507e-24   864
  1.989297e-01   1.508042e-22   1.068795e-04   8.597014e-24   408
  1.992429e-01   1.946390e-22   1.058911e-04   1.333710e-23   192
  1.996868e-01   1.608340e-22   8.762994e-05   7.567695e-24   720
  2.000615e-01   1.694095e-22   8.079911e-05   7.185308e-24   696
  2.005068e-01   1.532257e-22   8.726379e-05   6.454112e-24   720
  2.009142e-01   1.854373e-22   1.182756e-04   9.814838e-24   432
  2.011518e-01   1.652350e-22   6.962164e-05   1.154021e-23   264
  2.015793e-01   1.610004e-22   9.614441e-05   6.267631e-24   672
  2.019616e-01   1.364261e-22   9.843711e-05   5.614978e-24   600
  2.024154e-01   1.151275e-22   5.763483e-05   6.381282e-24   270
  2.026441e-01   1.259129e-22   8.675648e-05   5.850125e-24   528
  2.030077e-01   1.460202e-22   5.940776e-05   5.522147e-24   840
  2.035062e-01   1.497715e-22   1.135983e-04   5.230530e-24   888
  2.039669e-01   1.448726e-22   8.463909e-05   5.585751e-24   744
  2.043562e-01   1.267076e-22   4.349214e-05   6.641780e-24   456
  2.045498e-01   1.703766e-22   5.943469e-05   9.714562e-24   360
  2.048811e-01   1.377772e-22   5.149682e-05   7.669401e-24   384
  2.053895e-01   1.510282e-22   8.260041e-05   5.307209e-24   816
  2.057710e-01   1.358145e-22   1.198416e-04   4.781518e-24   824
  2.062346e-01   1.399554e-22   5.570811e-05   7.197982e-24   360
  2.064829e-01   1.284136e-22   8.220424e-05   5.564290e-24   624
  2.068246e-01   1.550226e-22   5.554917e-05   9.636213e-24   360
  2.072798e-01   1.323086e-22   7.556319e-05   4.496728e-24   876
  2.076909e-01   1.405250e-22   8.974647e-05   5.955778e-24   696
  2.081055e-01   1.250894e-22   5.795238e-05   7.167286e-24   336
  2.083228e-01   1.195456e-22   5.788726e-05   5.439336e-24   504
  2.086818e-01   1.324812e-22   5.838888e-05   5.327844e-24   672
  2.092144e-01   1.311557e-22   1.162387e-04   5.058009e-24   720
  2.095838e-01   1.194440e-22   8.780591e-05   4.718450e-24   774
  2.099915e-01   1.138120e-22   5.025783e-05   6.058863e-24   384
  2.102050e-01   1.348988e-22   9.671763e-05   6.459227e-24   528
  2.105364e-01   1.232649e-22   9.217729e-05   4.948378e-24   744
  2.110694e-01   1.339337e-22   7.602671e-05   5.333766e-24   768
  2.114233e-01   1.055864e-22   8.534571e-05   4.926897e-24   552
  2.118649e-01   1.165076e-22   9.301717e-05   5.081092e-24   696
  2.121934e-01   1.267315e-22   1.130320e-04   7.440609e-24   408
  2.124541e-01   1.149081e-22   4.883074e-05   4.991108e-24   504
  2.128675e-01   1.202733e-22   8.772259e-05   4.594996e-24   888
  2.132743e-01   1.186213e-22   9.116913e-05   4.895171e-24   648
  2.136971e-01   1.165193e-22   9.038766e-05   4.751285e-24   648
  2.140948e-01   1.053808e-22   9.746006e-05   3.939191e-24   792
  2.145162e-01   9.853631e-23   1.425907e-04   4.858613e-24   600
  2.148267e-01   9.339214e-23   9.663487e-05   4.041801e-24   456
  2.151535e-01   1.159355e-22   4.709572e-05   4.930584e-24   648
  2.155732e-01   1.102730e-22   9.184351e-05   3.622915e-24   936
  2.160264e-01   1.345011e-22   5.640375e-05   7.936715e-24   384
  2.164208e-01   1.054526e-22   4.745948e-09   7.599423e-24   198
  2.167253e-01   9.908102e-23   1.431011e-04   3.158020e-24   1224
  2.170537e-01   1.161315e-22   1.042217e-04   5.987775e-24   420
  2.174420e-01   9.162635e-23   1.008648e-04   3.620533e-24   792
  2.178218e-01   9.850333e-23   8.340657e-05   3.808835e-24   680
  2.182552e-01   9.429500e-23   7.658783e-05   4.358689e-24   600
  2.186039e-01   9.497770e-23   1.110734e-04   3.299208e-24   840
  2.190695e-01   1.090872e-22   5.244369e-05   6.473310e-24   432
  2.192474e-01   1.001612e-22   4.914665e-05   4.120425e-24   720
  2.196343e-01   1.016974e-22   9.843213e-05   3.630357e-24   960
  2.201154e-01   9.174007e-23   8.774504e-05   4.410521e-24   528
  2.204670e-01   9.218941e-23   8.969217e-05   4.102006e-24   624
  2.208855e-01   1.031184e-22   7.049743e-05   3.990952e-24   816
  2.213008e-01   8.569671e-23   1.159345e-04   3.645388e-24   696
  2.217599e-01   9.761260e-23   7.830814e-09   6.486026e-24   240
  2.219325e-01   1.032288e-22   6.836935e-05   4.509830e-24   672
  2.223177e-01   8.836699e-23   1.221858e-04   3.751672e-24   864
  2.227499e-01   7.553911e-23   9.375778e-05   3.069437e-24   816
  2.231394e-01   8.256245e-23   5.366372e-05   3.893049e-24   648
  2.235589e-01   9.007088e-23   5.485410e-05   3.285570e-24   843
  2.239151e-01   7.383003e-23   9.869601e-05   2.855045e-24   780
  2.243395e-01   7.126731e-23   5.295844e-05   5.223434e-24   216
  2.246013e-01   8.186295e-23   1.277035e-04   2.758891e-24   1056
  2.250039e-01   8.018316e-23   1.044758e-04   4.913564e-24   228
  2.253767e-01   9.076065e-23   1.300750e-04   3.375528e-24   924
  2.257594e-01   9.546802e-23   4.825052e-05   3.675010e-24   696
  2.261647e-01   7.235208e-23   8.587211e-05   2.509847e-24   996
  2.265793e-01   7.411008e-23   5.069718e-05   3.517602e-24   576
  2.270107e-01   8.370625e-23   7.824775e-05   5.101186e-24   552
  2.273251e-01   9.189736e-23   9.342507e-05   5.092811e-24   516
  2.276442e-01   7.488363e-23   1.358594e-04   2.806255e-24   744
  2.280088e-01   6.852457e-23   6.664715e-05   3.295502e-24   576
  2.283260e-01   7.023629e-23   6.859680e-05   3.099760e-24   792
  2.287768e-01   7.360581e-23   7.841886e-05   2.721357e-24   792
  2.291071e-01   7.215905e-23   8.457391e-05   3.271671e-24   720
  2.295538e-01   6.506017e-23   9.639481e-05   2.485190e-24   656
  2.299724e-01   7.215156e-23   1.052581e-04   2.943442e-24   816
  2.304015e-01   6.623269e-23   5.675340e-05   3.263109e-24   492
  2.306454e-01   7.254006e-23   8.164378e-05   3.198198e-24   552
  2.311032e-01   6.024384e-23   1.419686e-04   2.899480e-24   780
  2.314005e-01   6.866264e-23   8.720963e-05   3.845727e-24   528
  2.317208e-01   6.170642e-23   1.018002e-04   2.805848e-24   600
  2.321929e-01   7.547650e-23   8.460399e-05   2.818228e-24   900
  2.325183e-01   6.541983e-23   4.683822e-05   3.425549e-24   696
  2.329660e-01   5.790109e-23   1.184322e-04   2.658000e-24   696
  2.333991e-01   5.710613e-23   4.804683e-05   2.294212e-24   552
  2.337633e-01   5.166727e-23   5.587403e-05   2.332785e-24   708
  2.341448e-01   6.094045e-23   9.225121e-05   2.399726e-24   876
  2.345418e-01   7.412986e-23   4.898356e-05   7.885961e-24   216
  2.348082e-01   6.026750e-23   1.339767e-04   2.169527e-24   1032
  2.352071e-01   5.401916e-23   1.491682e-04   2.477278e-24   600
  2.356212e-01   4.647891e-23   7.117755e-05   2.086982e-24   600
  2.359371e-01   5.900773e-23   1.256929e-04   3.076745e-24   528
  2.363105e-01   5.542002e-23   6.899988e-05   2.383092e-24   732
  2.367039e-01   5.747964e-23   5.095015e-05   3.541708e-24   336
  2.371566e-01   5.197334e-23   7.261407e-05   2.121926e-24   912
  2.374950e-01   4.375382e-23   7.288252e-05   1.907283e-24   624
  2.378647e-01   5.271866e-23   6.141657e-05   2.298195e-24   768
  2.382963e-01   5.656389e-23   1.108076e-04   2.226618e-24   792
  2.387198e-01   4.782579e-23   5.493383e-05   2.239314e-24   660
  2.390212e-01   4.593044e-23   8.095383e-05   2.816438e-24   504
  2.393329e-01   4.508289e-23   1.322631e-04   2.436387e-24   480
  2.398000e-01   3.516376e-23   1.223261e-04   1.329513e-24   912
  2.401658e-01   5.452792e-23   1.362291e-04   3.378356e-24   432
  2.405113e-01   4.836041e-23   8.088962e-05   2.700575e-24   564
  2.408180e-01   4.546450e-23   7.742251e-05   2.148386e-24   600
  2.412498e-01   5.187836e-23   1.079196e-04   2.046766e-24   876
  2.415741e-01   4.758892e-23   4.852393e-05   3.233450e-24   264
  2.420212e-01   4.273309e-23   9.415549e-05   1.935624e-24   560
  2.423806e-01   3.974917e-23   6.398069e-05   1.461452e-24   840
  2.428168e-01   3.724187e-23   9.863978e-05   1.537228e-24   1008
  2.432202e-01   3.754910e-23   4.412481e-05   1.868521e-24   456
  2.435886e-01   4.731380e-23   5.715745e-05   2.402989e-24   576
  2.439292e-01   4.244961e-23   8.782853e-05   2.096455e-24   612
  2.443783e-01   4.123320e-23   7.844513e-05   1.910116e-24   780
  2.447447e-01   4.124953e-23   8.989453e-05   1.837329e-24   648
  2.451197e-01   4.912808e-23   4.189201e-05   3.688244e-24   312
  2.453594e-01   3.405793e-23   1.064407e-04   1.437682e-24   528
  2.457747e-01   3.349878e-23   1.390063e-04   1.437389e-24   720
  2.461718e-01   3.939374e-23   1.394416e-04   2.384923e-24   576
  2.466533e-01   3.645737e-23   1.202863e-04   1.998984e-24   444
  2.469529e-01   3.825931e-23   1.179621e-04   1.385489e-24   996
  2.473200e-01   3.098642e-23   9.853387e-05   1.899650e-24   432
  2.476669e-01   3.729272e-23   1.078752e-04   2.021048e-24   504
  2.479666e-01   2.987919e-23   4.863583e-05   1.546619e-24   504
  2.483934e-01   3.993777e-23   9.571589e-05   1.804228e-24   876
  2.487796e-01   3.130735e-23   1.101599e-04   1.605933e-24   504
  2.491817e-01   3.052768e-23   7.025420e-05   1.574405e-24   696
  2.495140e-01   3.690004e-23   6.005997e-05   1.821805e-24   492
  2.499662e-01   2.916348e-23   8.597875e-05   1.668188e-24   432
  2.503011e-01   3.516086e-23   8.050968e-05   1.500849e-24   768
  2.506981e-01   2.977646e-23   1.002856e-04   1.549727e-24   648
  2.510772e-01   2.751059e-23   6.542561e-05   1.531806e-24   456
  2.515128e-01   2.949788e-23   8.997083e-05   1.518660e-24   552
  2.518153e-01   2.761969e-23   6.166608e-05   1.415898e-24   648
  2.522317e-01   2.554019e-23   1.005122e-04   9.115401e-25   840
  2.526384e-01   3.131404e-23   4.793217e-05   1.641953e-24   432
  2.530455e-01   2.786875e-23   5.870872e-05   1.531171e-24   600
  2.533287e-01   2.917902e-23   6.255029e-05   1.755037e-24   432
  2.538044e-01   2.825717e-23   6.227491e-05   1.293619e-24   560
  2.541265e-01   2.493246e-23   9.857465e-05   1.038098e-24   840
  2.545299e-01   3.081363e-23   5.838720e-05   1.887029e-24   504
  2.548502e-01   2.403811e-23   1.191648e-04   1.082389e-24   696
  2.553018e-01   3.015886e-23   6.508356e-05   1.709424e-24   384
  2.556535e-01   2.142771e-23   9.533975e-05   1.057757e-24   576
  2.560789e-01   2.343056e-23   5.883893e-05   1.574646e-24   360
  2.564218e-01   2.331234e-23   8.762544e-05   1.046645e-24   828
  2.567917e-01   2.262104e-23   7.804673e-05   1.277880e-24   372
  2.571307e-01   2.285927e-23   1.191923e-04   1.006018e-24   576
  2.575797e-01   2.419129e-23   4.991761e-05   1.067653e-24   636
  2.578996e-01   2.240777e-23   9.622826e-05   1.000737e-24   648
  2.583323e-01   2.126244e-23   7.822306e-05   9.809205e-25   576
  2.586430e-01   2.144719e-23   1.261820e-04   1.083453e-24   528
  2.590561e-01   2.081930e-23   5.394804e-05   1.309524e-24   360
  2.593981e-01   1.965164e-23   1.241007e-04   8.068658e-25   672
  2.598446e-01   2.221856e-23   6.356642e-05   9.324627e-25   804
  2.602163e-01   2.195948e-23   7.012137e-05   1.182428e-24   408
  2.606274e-01   2.208018e-23   4.334263e-05   1.194121e-24   384
  2.609042e-01   1.668213e-23   9.918459e-05   1.012356e-24   480
  2.612947e-01   1.901359e-23   6.408778e-05   1.079926e-24   432
  2.616692e-01   2.232046e-23   1.181001e-04   9.987792e-25   648
  2.621125e-01   1.950384e-23   7.328056e-05   8.933814e-25   624
  2.624367e-01   2.041632e-23   6.665485e-05   1.214539e-24   456
  2.628795e-01   1.722334e-23   9.105646e-05   9.826619e-25   588
  2.631762e-01   1.667198e-23   5.809364e-05   8.150143e-25   600
  2.636094e-01   1.709663e-23   9.061183e-05   6.793904e-25   708
  2.639516e-01   1.598311e-23   5.708370e-05   8.694382e-25   360
  2.643298e-01   1.879590e-23   6.561923e-05   9.990489e-25   552
  2.646923e-01   1.676938e-23   4.603344e-05   1.325132e-24   288
  2.650603e-01   1.503722e-23   8.655546e-05   7.383675e-25   528
  2.654060e-01   1.663377e-23   5.839431e-05   8.103045e-25   456
  2.657924e-01   1.795110e-23   1.035458e-04   8.763939e-25   608
  2.661809e-01   1.433589e-23   5.009661e-05   6.455811e-25   504
  2.666055e-01   1.204214e-23   1.075546e-04   5.979002e-25   540
  2.669384e-01   1.706302e-23   1.154568e-04   9.962410e-25   360
  2.672972e-01   1.847631e-23   5.228475e-05   8.887851e-25   540
  2.676146e-01   1.482534e-23   4.489266e-05   7.197817e-25   576
  2.680762e-01   1.536771e-23   1.040909e-04   7.216946e-25   588
  2.685150e-01   1.547382e-23   1.436140e-04   7.294511e-25   672
  2.688920e-01   1.729640e-23   1.097654e-04   8.195420e-25   552
  2.691959e-01   1.193491e-23   1.098209e-04   9.368370e-25   144
  2.695837e-01   1.578924e-23   9.330411e-05   7.721023e-25   600
  2.699514e-01   1.215064e-23   1.169304e-04   6.032362e-25   504
  2.703595e-01   1.278141e-23   1.201111e-04   8.644746e-25   336
  2.707887e-01   1.423078e-23   1.350054e-04   6.464787e-25   600
  2.711731e-01   1.301860e-23   8.712810e-05   6.578899e-25   636
  2.715880e-01   1.407841e-23   7.005178e-05   1.065813e-24   384
  2.718789e-01   1.373971e-23   9.771396e-05   8.131494e-25   504
  2.722982e-01   1.094252e-23   4.100918e-05   7.193783e-25   240
  2.726291e-01   1.276347e-23   9.633639e-05   5.029926e-25   744
  2.730261e-01   1.190455e-23   6.578310e-05   5.452578e-25   648
  2.733790e-01   1.804563e-23   4.366878e-05   1.544842e-24   120
  2.737925e-01   1.075394e-23   6.859799e-05   4.311961e-25   564
  2.741050e-01   1.421125e-23   1.077373e-04   7.712740e-25   432
  2.745220e-01   1.124514e-23   8.362543e-05   6.682344e-25   480
  2.748361e-01   8.693494e-24   6.155045e-05   4.780803e-25   456
  2.752067e-01   1.167231e-23   1.018569e-04   6.750348e-25   444
  2.756274e-01   1.071457e-23   1.558464e-04   6.158271e-25   528
  2.759969e-01   1.241925e-23   1.157439e-04   1.041523e-24   264
  2.763555e-01   1.067034e-23   1.186203e-04   5.527871e-25   444
  2.768379e-01   1.116825e-23   1.299311e-04   4.489762e-25   696
  2.772383e-01   1.127282e-23   6.949148e-05   7.249971e-25   384
  2.775311e-01   9.594750e-24   8.780831e-05   4.610289e-25   432
  2.779866e-01   1.253490e-23   6.067143e-05   6.423566e-25   488
  2.782823e-01   1.174098e-23   9.143939e-05   5.766414e-25   480
  2.787111e-01   9.436711e-24   1.019738e-04   5.388326e-25   480
  2.790432e-01   9.107529e-24   4.278510e-05   5.411856e-25   240
  2.794202e-01   1.048684e-23   9.994261e-05   5.158354e-25   600
  2.797758e-01   8.271527e-24   8.708975e-05   5.212165e-25   288
  2.801544e-01   1.013489e-23   8.377397e-05   5.587324e-25   480
  2.805379e-01   8.387864e-24   1.490189e-04   4.605115e-25   504
  2.809155e-01   1.025853e-23   6.393839e-05   6.948044e-25   216
  2.813970e-01   9.281970e-24   1.046773e-04   5.275895e-25   504
  2.817720e-01   7.596408e-24   8.419242e-05   4.104874e-25   456
  2.821825e-01   1.127470e-23   4.828579e-05   6.370173e-25   384
  2.824544e-01   1.152591e-23   9.800271e-05   6.694091e-25   480
  2.828408e-01   7.537568e-24   8.605736e-05   4.193640e-25   504
  2.831988e-01   8.876130e-24   5.458940e-05   5.057259e-25   312
  2.835845e-01   9.096048e-24   8.796897e-05   5.122801e-25   492
  2.839260e-01   1.025509e-23   8.245044e-05   6.713921e-25   312
  2.843655e-01   8.155721e-24   1.339342e-04   3.698382e-25   576
  2.847524e-01   9.465662e-24   1.236321e-04   7.025127e-25   336
  2.850738e-01   6.078401e-24   9.519099e-05   4.388636e-25   240
  2.855192e-01   8.648886e-24   1.261991e-04   4.818524e-25   468
  2.859039e-01   7.830333e-24   7.901891e-05   6.600977e-25   192
  2.863065e-01   6.872395e-24   7.925442e-05   4.709798e-25   324
  2.866016e-01   7.788180e-24   5.752155e-05   3.510619e-25   600
  2.870037e-01   7.192574e-24   9.332283e-05   3.829499e-25   456
  2.873023e-01   7.604613e-24   4.197661e-05   5.180197e-25   336
  2.877972e-01   8.198404e-24   1.256898e-04   4.365803e-25   612
  2.881573e-01   6.657688e-24   1.054844e-04   9.443601e-25   144
  2.884978e-01   8.094552e-24   1.231274e-04   4.029519e-25   552
  2.889609e-01   4.845121e-24   4.848907e-05   2.866155e-25   264
  2.892225e-01   6.601496e-24   1.122646e-04   5.230615e-25   336
  2.896353e-01   6.260979e-24   7.418058e-05   3.297982e-25   384
  2.899932e-01   6.344035e-24   4.175634e-05   4.701911e-25   216
  2.903894e-01   5.291059e-24   8.853205e-05   3.244745e-25   344
  2.907507e-01   5.595410e-24   1.320940e-04   3.291930e-25   408
  2.911910e-01   5.911763e-24   1.015056e-04   4.897931e-25   264
  2.915811e-01   6.042901e-24   1.415038e-04   3.264866e-25   612
  2.919709e-01   8.175626e-24   7.282870e-05   5.223448e-25   408
  2.923718e-01   5.976301e-24   7.293338e-05   4.151686e-25   444
  2.926663e-01   9.782860e-24   4.079109e-05   8.482139e-25   120
  2.930609e-01   6.878478e-24   1.126983e-04   5.198110e-25   336
  2.933538e-01   5.470643e-24   3.916222e-05   3.526034e-25   288
  2.937496e-01   5.952223e-24   1.218735e-04   3.115114e-25   552
  2.942938e-01   7.041414e-24   6.525678e-09   8.880846e-25   72
  2.945736e-01   5.950417e-24   1.210514e-04   3.273831e-25   504
  2.949004e-01   3.472449e-24   3.895317e-05   2.246984e-25   216
  2.953239e-01   4.585679e-24   6.954821e-05   2.980487e-25   312
  2.957040e-01   4.072571e-24   7.919158e-05   2.779678e-25   336
  2.960663e-01   3.925254e-24   1.097684e-04   2.938548e-25   204
  2.964271e-01   7.311766e-24   1.275676e-04   5.213147e-25   504
  2.968098e-01   6.519302e-24   1.214810e-04   3.904379e-25   396
  2.971778e-01   5.135474e-24   1.114044e-04   3.900915e-25   312
  2.976240e-01   7.145741e-24   6.808000e-05   6.432605e-25   216
  2.979383e-01   4.849341e-24   3.694832e-05   4.869657e-25   168
  2.983203e-01   4.920373e-24   9.329657e-05   2.573460e-25   588
  2.987563e-01   4.063467e-24   1.266392e-04   3.763820e-25   240
  2.990950e-01   3.617746e-24   1.118436e-04   2.651612e-25   264
  2.994922e-01   4.367738e-24   1.383176e-04   3.163436e-25   288
  2.998446e-01   4.980133e-24   6.907007e-05   4.023572e-25   288
  3.002913e-01   3.523904e-24   6.486779e-05   2.415167e-25   288
  3.005921e-01   4.113137e-24   7.514392e-05   3.399905e-25   192
  3.009705e-01   2.972427e-24   7.996067e-05   2.191331e-25   264
  3.013310e-01   6.459934e-24   1.315242e-04   4.124103e-25   372
  3.017189e-01   6.837695e-24   1.420518e-04   5.381401e-25   360
  3.021924e-01   6.126905e-24   6.011768e-05   8.035708e-25   144
  3.024371e-01   3.814507e-24   8.350082e-05   3.177577e-25   296
  3.028234e-01   3.834271e-24   8.996782e-05   3.091988e-25   288
  3.032657e-01   4.465489e-24   1.344546e-04   2.799015e-25   480
  3.036471e-01   3.633360e-24   1.117190e-04   4.779191e-25   192
  3.040181e-01   4.811615e-24   1.198338e-04   4.130551e-25   192
  3.043553e-01   3.537852e-24   7.637151e-05   2.753178e-25   288
  3.048242e-01   2.233721e-24   6.648036e-05   2.412976e-25   108
  3.050604e-01   3.359777e-24   6.391272e-05   2.829348e-25   240
  3.054775e-01   2.962837e-24   1.192307e-04   2.302193e-25   384
  3.059059e-01   3.810789e-24   1.454479e-04   3.969544e-25   108
  3.062848e-01   4.616741e-24   8.527881e-05   2.918013e-25   348
  3.066832e-01   3.328847e-24   8.900031e-05   3.285185e-25   312
  3.070391e-01   3.262432e-24   8.648246e-05   6.118378e-25   96
  3.073663e-01   3.376884e-24   1.151358e-04   2.319475e-25   384
  3.077328e-01   3.677338e-24   7.919012e-05   3.037406e-25   144
  3.080912e-01   3.631482e-24   1.216791e-04   2.369861e-25   408
  3.085368e-01   2.118571e-24   5.427748e-05   2.725808e-25   144
  3.089578e-01   3.247291e-24   1.043490e-04   3.250434e-25   192
  3.092074e-01   4.130088e-24   1.174468e-04   3.457324e-25   144
  3.096144e-01   2.389234e-24   9.548855e-05   2.493363e-25   144
  3.099983e-01   3.334455e-24   1.167025e-04   2.741124e-25   336
  3.104685e-01   2.116937e-24   8.634502e-05   1.539528e-25   240
  3.107666e-01   2.192732e-24   3.920851e-05   2.650350e-25   96
  3.111825e-01   3.804258e-24   1.149797e-04   3.134571e-25   372
  3.116031e-01   2.900790e-24   1.367659e-04   3.675007e-25   132
  3.119726e-01   2.120888e-24   8.462908e-05   1.475013e-25   264
  3.123032e-01   4.137102e-24   6.499128e-05   4.307474e-25   168
  3.126560e-01   3.226109e-24   1.039086e-04   2.465865e-25   216
  3.129676e-01   2.603670e-24   6.357256e-05   2.846086e-25   216
  3.134215e-01   1.484112e-24   1.166292e-04   1.452241e-25   96
  3.138333e-01   3.513221e-24   7.608990e-05   4.766704e-25   120
  3.142110e-01   2.269700e-24   9.673168e-05   2.122880e-25   216
  3.145221e-01   1.923990e-24   4.227207e-05   1.732652e-25   200
  3.149340e-01   2.695628e-24   1.094242e-04   2.829900e-25   288
  3.154623e-01   1.087051e-24   2.879164e-05   8.719349e-26   144
  3.156848e-01   2.658574e-24   8.959781e-05   3.706816e-25   168
  3.161391e-01   2.879485e-24   1.008340e-04   4.357894e-25   159
  3.164937e-01   1.736568e-24   1.057991e-04   1.273503e-25   174
  3.168369e-01   1.692987e-24   9.593494e-05   1.456946e-25   144
  3.172863e-01   2.622153e-24   5.539549e-05   2.239551e-25   222
  3.175869e-01   1.700034e-24   5.589895e-05   1.546127e-25   168
  3.181060e-01   3.075435e-24   1.226079e-04   6.197757e-25   30
  3.183205e-01   9.540913e-25   1.082537e-04   1.199860e-25   72
  3.187244e-01   1.698047e-24   9.661517e-05   1.546476e-25   258
  3.191684e-01   1.550126e-24   6.051257e-05   1.228995e-25   264
  3.193905e-01   1.964261e-24   0.000000e+00   2.704394e-25   72
  3.198532e-01   1.085131e-24   1.199385e-04   9.520002e-26   174
  3.202721e-01   1.826318e-24   1.277123e-04   2.076668e-25   168
  3.206090e-01   6.555511e-25   3.996146e-09   9.606310e-26   48
  3.209705e-01   1.278615e-24   7.212215e-05   1.247630e-25   150
  3.213898e-01   2.092999e-24   1.326739e-04   1.637130e-25   168
  3.218102e-01   1.142539e-24   8.081877e-05   1.140293e-25   144
  3.221967e-01   2.029728e-24   7.550312e-05   2.959072e-25   102
  3.224847e-01   7.262905e-25   1.117576e-04   6.129953e-26   96
  3.229415e-01   5.434121e-25   1.109119e-04   4.055919e-26   120
  3.232799e-01   5.718804e-25   1.189559e-04   4.316216e-26   168
  3.236458e-01   1.994347e-24   8.783953e-05   1.642805e-25   126
  3.239576e-01   1.306694e-24   6.624856e-05   1.580460e-25   168
  3.243872e-01   8.789013e-25   1.062297e-04   1.126116e-25   72
  3.247626e-01   8.425668e-25   1.330232e-04   7.026721e-26   168
  3.250914e-01   1.846093e-24   3.646820e-05   3.439671e-25   78
  3.255420e-01   8.307406e-25   5.987806e-05   1.089513e-25   60
  3.259049e-01   1.958938e-24   9.713191e-05   3.441110e-25   96
  3.262812e-01   9.427841e-25   1.178615e-04   7.568269e-26   168
  3.266349e-01   7.431476e-25   7.457817e-05   1.034582e-25   86
  3.270060e-01   6.593206e-25   6.665520e-05   7.567655e-26   120
  3.275378e-01   6.570201e-25   4.753401e-05   6.009465e-26   168
  3.278247e-01   4.698568e-25   0.000000e+00   5.178413e-26   48
  3.282110e-01   1.288765e-24   8.660181e-05   1.238340e-25   120
  3.284330e-01   8.834594e-25   6.317951e-05   1.057446e-25   126
  3.289749e-01   8.288099e-25   1.111151e-04   9.877993e-26   96
  3.293266e-01   9.242403e-25   3.204012e-05   8.748751e-26   96
  3.296039e-01   6.040803e-25   0.000000e+00   7.059225e-26   72
  3.301949e-01   6.092099e-25   3.996146e-09   1.186119e-25   24
  3.305637e-01   8.232021e-25   6.593782e-05   8.668747e-26   120
  3.308514e-01   7.062630e-25   9.618300e-05   8.055199e-26   126
  3.311713e-01   6.614849e-25   8.018157e-05   6.675332e-26   96
  3.315452e-01   4.131159e-25   1.385771e-04   4.337605e-26   72
  3.319614e-01   5.658329e-25   5.993927e-05   4.589390e-26   144
  3.323038e-01   4.708984e-25   3.457157e-05   5.766016e-26   72
  3.326459e-01   7.771909e-25   6.905176e-05   1.306425e-25   54
  3.329469e-01   8.416378e-25   6.085106e-05   8.639868e-26   108
  3.335726e-01   9.041066e-25   5.964977e-05   8.507869e-26   72
  3.337673e-01   5.732086e-25   3.441997e-05   5.949389e-26   72
  3.342294e-01   3.829154e-25   6.921527e-09   6.139055e-26   24
  3.346666e-01   3.099355e-25   7.281693e-05   4.616007e-26   48
  3.349321e-01   6.893038e-25   5.546771e-05   8.100164e-26   102
  3.353317e-01   4.592388e-25   1.254449e-04   3.588572e-26   168
  3.358538e-01   3.956852e-25   6.841470e-05   5.293800e-26   72
  3.360473e-01   4.568568e-25   0.000000e+00   6.505396e-26   48
  3.364531e-01   5.081347e-25   1.176775e-04   5.240825e-26   120
  3.369887e-01   4.996001e-25   7.231517e-05   4.791078e-26   96
  3.374945e-01   1.202922e-24   7.830814e-09   3.765543e-25   30
  3.380957e-01   5.542327e-25   3.397687e-05   7.589760e-26   72
  3.383599e-01   3.659401e-25   3.996146e-09   9.883480e-26   24
  3.386992e-01   2.621945e-25   5.036212e-05   4.216454e-26   56
  3.390793e-01   2.606511e-25   7.186930e-05   2.510450e-26   96
  3.395342e-01   4.132830e-25   7.936128e-05   3.340507e-26   144
  3.398849e-01   5.790361e-25   4.505822e-05   1.027078e-25   54
  3.403944e-01   4.477945e-25   6.750198e-05   4.504768e-26   108
  3.409071e-01   8.202655e-25   3.574199e-05   1.244187e-25   48
  3.413952e-01   3.699802e-25   1.345800e-04   3.500160e-26   72
  3.425664e-01   6.739059e-25   8.891744e-05   6.722262e-26   78
  3.428909e-01   2.454931e-25   6.701044e-05   2.311845e-26   72
  3.432698e-01   2.592322e-25   6.692725e-05   2.952536e-26   72
  3.436659e-01   4.129800e-25   1.615028e-04   2.849789e-26   96
  3.439790e-01   2.922784e-25   6.678928e-05   2.287593e-26   72
  3.443566e-01   3.942373e-25   0.000000e+00   6.279642e-26   24
  3.447338e-01   4.035610e-25   1.332770e-04   4.334503e-26   72
  3.455858e-01   3.595310e-25   8.463498e-05   4.480711e-26   30
  3.457691e-01   5.463248e-25   0.000000e+00   8.998179e-26   24
  3.467544e-01   2.682207e-25   7.027855e-05   3.621165e-26   48
  3.470634e-01   2.639850e-25   1.512394e-04   2.914571e-26   120
  3.474798e-01   2.536799e-25   6.612537e-05   3.143973e-26   72
  3.479003e-01   2.812938e-25   6.604543e-05   3.639382e-26   36
  3.481894e-01   3.041414e-25   1.305365e-04   3.318521e-26   78
  3.489960e-01   3.062730e-25   6.982714e-05   3.488974e-26   48
  3.500419e-01   4.363733e-25   5.651403e-09   4.345026e-26   24
  3.507870e-01   1.285437e-25   4.862619e-05   1.992548e-26   56
  3.511622e-01   1.842178e-25   7.482652e-05   2.142672e-26   102
  3.516395e-01   2.181990e-25   5.328194e-09   2.186076e-26   72
  3.519166e-01   3.127768e-25   0.000000e+00   4.772535e-26   24
  3.524009e-01   1.965758e-25   6.915246e-05   2.537685e-26   48
  3.532988e-01   2.850823e-25   0.000000e+00   5.976071e-26   24
  3.544007e-01   1.443091e-25   0.000000e+00   6.181261e-26   6
  3.547443e-01   1.357503e-25   0.000000e+00   2.062946e-26   24
  3.549732e-01   1.425150e-25   6.472929e-05   1.324708e-26   72
  3.553914e-01   1.531095e-25   1.207586e-04   1.617328e-26   84
  3.558418e-01   1.790952e-25   0.000000e+00   4.961880e-26   24
  3.559787e-01   1.533362e-25   5.651403e-09   1.904979e-26   24
  3.566626e-01   2.283039e-25   3.996146e-09   2.577520e-26   24
  3.576179e-01   1.420942e-25   0.000000e+00   5.224088e-26   6
  3.588424e-01   1.208417e-25   6.791113e-05   2.008717e-26   48
  3.591365e-01   1.323774e-25   1.279335e-04   1.319411e-26   72
  3.595209e-01   1.340672e-25   6.778297e-05   1.604324e-26   48
  3.601304e-01   2.461113e-25   0.000000e+00   5.344942e-26   24
  3.609415e-01   3.529297e-25   3.996146e-09   6.310908e-26   6
  3.627599e-01   1.049625e-25   0.000000e+00   2.494055e-26   8
  3.628942e-01   1.472381e-25   3.996146e-09   2.691814e-26   48
  3.632164e-01   1.133916e-25   6.573533e-05   1.208489e-26   60
  3.636991e-01   1.570551e-25   0.000000e+00   2.494112e-26   24
  3.643686e-01   3.809436e-26   0.000000e+00   1.372009e-26   6
  3.668348e-01   8.413666e-26   0.000000e+00   1.937169e-26   24
  3.670341e-01   1.444282e-25   6.639546e-05   1.421581e-26   48
  3.673659e-01   1.054657e-25   0.000000e+00   2.453151e-26   24
  3.678962e-01   5.656209e-26   3.996146e-09   6.788515e-27   6
  3.709088e-01   1.053838e-25   6.194064e-05   1.982521e-26   36
  3.711278e-01   1.407178e-25   0.000000e+00   2.262097e-26   24
  3.715215e-01   1.365310e-25   0.000000e+00   6.309381e-26   6
  3.749494e-01   7.817026e-26   5.629118e-05   9.406796e-27   32
  3.752417e-01   5.424306e-26   3.996146e-09   1.387593e-26   6
  3.789254e-01   5.248185e-26   0.000000e+00   1.156268e-26   12
  3.790540e-01   2.004340e-25   0.000000e+00   6.100608e-26   6
  3.829556e-01   9.891605e-26   5.651403e-09   2.806875e-26   6
