# power spectrum of phi
# redshift z=50.000000
# k              Pk             sigma(k)       sigma(Pk)      count
  6.981317e-03   3.641728e-10   0.000000e+00   1.467417e-10   6
  9.873073e-03   2.055295e-10   0.000000e+00   4.100531e-11   12
  1.209200e-02   1.488580e-10   1.324548e-10   3.028609e-11   8
  1.396263e-02   4.832789e-10   0.000000e+00   5.197242e-11   6
  1.561070e-02   3.244341e-10   0.000000e+00   1.033570e-10   24
  1.710066e-02   4.484914e-10   2.497591e-10   7.552618e-11   24
  1.974615e-02   1.888098e-10   0.000000e+00   8.489006e-11   12
  2.094395e-02   2.131454e-10   2.825702e-10   3.907897e-11   30
  2.207686e-02   2.633946e-10   0.000000e+00   5.800028e-11   24
  2.315441e-02   2.332237e-10   4.325955e-10   5.778253e-11   24
  2.418399e-02   2.617501e-10   2.649095e-10   5.297395e-11   8
  2.517150e-02   2.189903e-10   3.532127e-10   2.720205e-11   24
  2.612170e-02   2.006535e-10   0.000000e+00   2.817451e-11   48
  2.792527e-02   2.345233e-10   0.000000e+00   1.030753e-10   6
  2.878471e-02   1.800442e-10   4.995182e-10   2.517173e-11   48
  2.961922e-02   1.646181e-10   0.000000e+00   1.719072e-11   36
  3.043086e-02   2.279669e-10   3.532127e-10   4.762751e-11   24
  3.122140e-02   1.336717e-10   0.000000e+00   2.295482e-11   24
  3.199241e-02   1.170860e-10   0.000000e+00   1.589001e-11   48
  3.274528e-02   1.746613e-10   4.995182e-10   2.481609e-11   24
  3.420133e-02   1.364894e-10   4.995182e-10   2.142354e-11   24
  3.490659e-02   9.212201e-11   0.000000e+00   1.504322e-11   30
  3.559787e-02   9.761684e-11   0.000000e+00   1.068324e-11   72
  3.627599e-02   9.615251e-11   5.298191e-10   1.967158e-11   32
  3.759554e-02   1.207712e-10   0.000000e+00   1.387799e-11   72
  3.823825e-02   7.464424e-11   0.000000e+00   1.090394e-11   48
  3.949229e-02   3.782315e-11   0.000000e+00   1.122271e-11   12
  4.010461e-02   7.435775e-11   0.000000e+00   1.112084e-11   48
  4.070772e-02   6.465890e-11   0.000000e+00   6.383542e-12   48
  4.130203e-02   8.602609e-11   4.995182e-10   1.084130e-11   48
  4.188790e-02   1.018282e-10   5.651403e-10   1.778304e-11   30
  4.246569e-02   9.520874e-11   4.995182e-10   2.139498e-11   24
  4.303573e-02   9.374227e-11   1.053077e-09   9.628743e-12   72
  4.415373e-02   5.578053e-11   0.000000e+00   1.058086e-11   24
  4.470224e-02   8.134771e-11   0.000000e+00   7.919815e-12   96
  4.524411e-02   6.174178e-11   0.000000e+00   8.197117e-12   48
  4.577956e-02   5.064725e-11   8.651909e-10   1.239516e-11   24
  4.630882e-02   3.808375e-11   8.651909e-10   7.813211e-12   24
  4.683210e-02   8.820673e-11   0.000000e+00   1.074024e-11   72
  4.734960e-02   6.711733e-11   0.000000e+00   1.031125e-11   48
  4.836798e-02   5.450817e-11   5.298191e-10   1.617289e-11   8
  4.886922e-02   8.444958e-11   6.279337e-10   1.025728e-11   54
  4.936537e-02   5.499509e-11   0.000000e+00   9.395564e-12   84
  4.985658e-02   6.245957e-11   0.000000e+00   8.999317e-12   48
  5.034299e-02   3.775683e-11   7.064254e-10   6.710079e-12   24
  5.082475e-02   5.081838e-11   6.660243e-10   5.976829e-12   72
  5.130199e-02   6.600118e-11   0.000000e+00   7.435010e-12   96
  5.224339e-02   8.656996e-11   0.000000e+00   9.417389e-12   48
  5.270779e-02   4.779459e-11   0.000000e+00   4.473914e-12   48
  5.316813e-02   4.298250e-11   7.064254e-10   8.350055e-12   24
  5.362451e-02   4.721066e-11   0.000000e+00   5.116317e-12   72
  5.452583e-02   4.687214e-11   6.660243e-10   5.504292e-12   72
  5.497095e-02   4.672297e-11   0.000000e+00   5.314379e-12   96
  5.585054e-02   7.104520e-11   0.000000e+00   3.118269e-11   6
  5.628518e-02   5.277174e-11   0.000000e+00   5.217269e-12   96
  5.671649e-02   5.394184e-11   7.064254e-10   5.734654e-12   96
  5.714454e-02   3.543082e-11   0.000000e+00   8.403894e-12   24
  5.756941e-02   3.984465e-11   9.990364e-10   4.697661e-12   48
  5.799117e-02   4.079167e-11   0.000000e+00   4.085487e-12   96
  5.840989e-02   4.365578e-11   0.000000e+00   5.868826e-12   48
  5.923844e-02   4.063672e-11   0.000000e+00   7.380991e-12   36
  5.964840e-02   4.073957e-11   1.223565e-09   5.041664e-12   48
  6.005556e-02   4.449805e-11   1.384305e-09   3.961371e-12   120
  6.045998e-02   3.857375e-11   0.000000e+00   5.040412e-12   56
  6.086171e-02   2.121021e-11   7.064254e-10   3.701207e-12   24
  6.126081e-02   3.139226e-11   0.000000e+00   2.789255e-12   96
  6.165732e-02   3.265121e-11   0.000000e+00   4.191929e-12   48
  6.244280e-02   4.163957e-11   0.000000e+00   7.705736e-12   24
  6.283185e-02   4.340964e-11   0.000000e+00   4.313821e-12   102
  6.321851e-02   4.814504e-11   0.000000e+00   7.275725e-12   48
  6.360282e-02   4.161560e-11   0.000000e+00   4.204891e-12   72
  6.398483e-02   3.762058e-11   0.000000e+00   3.783954e-12   48
  6.436456e-02   4.249307e-11   0.000000e+00   7.756762e-12   48
  6.474207e-02   3.465123e-11   1.598458e-09   3.160155e-12   120
  6.549056e-02   4.904845e-11   9.990364e-10   8.143468e-12   24
  6.586161e-02   3.047802e-11   9.419006e-10   2.555524e-12   144
  6.623059e-02   3.080192e-11   1.130281e-09   2.990744e-12   120
  6.659752e-02   2.625202e-11   9.990364e-10   3.675184e-12   48
  6.732538e-02   3.553504e-11   9.990364e-10   4.722673e-12   48
  6.768638e-02   2.919611e-11   9.990364e-10   2.946551e-12   96
  6.863955e-02   3.666769e-11   1.675093e-04   4.322663e-12   72
  6.911151e-02   2.806163e-11   1.255867e-09   2.106004e-12   108
  6.946323e-02   3.211382e-11   0.000000e+00   3.426002e-12   72
  6.981317e-02   2.092854e-11   0.000000e+00   4.217369e-12   30
  7.016137e-02   3.309608e-11   0.000000e+00   2.544881e-12   168
  7.050785e-02   3.547695e-11   0.000000e+00   4.130883e-12   48
  7.119574e-02   2.284910e-11   0.000000e+00   2.705375e-12   72
  7.153721e-02   3.076888e-11   0.000000e+00   2.932389e-12   96
  7.187706e-02   2.890272e-11   1.883801e-09   4.423380e-12   72
  7.221530e-02   3.304706e-11   0.000000e+00   3.526945e-12   72
  7.278398e-02   3.038014e-11   1.546684e-04   2.340352e-12   104
  7.322067e-02   2.807370e-11   1.332049e-09   2.074713e-12   144
  7.421242e-02   1.967972e-11   2.233913e-09   1.867980e-12   96
  7.454007e-02   1.973063e-11   0.000000e+00   2.031917e-12   96
  7.506116e-02   2.771037e-11   1.591194e-04   2.557354e-12   120
  7.551449e-02   2.339967e-11   0.000000e+00   2.093694e-12   120
  7.583651e-02   2.818445e-11   0.000000e+00   3.039522e-12   72
  7.647650e-02   2.918326e-11   0.000000e+00   3.855849e-12   48
  7.679449e-02   2.868042e-11   1.505926e-09   3.365614e-12   78
  7.720128e-02   3.020114e-11   1.424762e-04   2.367724e-12   168
  7.805350e-02   2.732058e-11   1.332049e-09   2.326200e-12   144
  7.836509e-02   2.976678e-11   1.332049e-09   2.132575e-12   144
  7.926883e-02   2.503588e-11   8.205478e-05   2.205452e-12   156
  7.959926e-02   1.958370e-11   1.730382e-09   3.798251e-12   48
  7.990483e-02   2.253195e-11   1.130281e-09   2.115033e-12   120
  8.020923e-02   1.531195e-11   0.000000e+00   1.576470e-12   48
  8.074745e-02   2.340585e-11   1.255998e-04   1.644565e-12   216
  8.141545e-02   1.874143e-11   0.000000e+00   2.203344e-12   48
  8.171422e-02   1.855030e-11   9.990364e-10   1.594129e-12   96
  8.213902e-02   2.092397e-11   1.467830e-04   1.827114e-12   168
  8.260406e-02   1.661976e-11   9.990364e-10   2.367062e-12   48
  8.289855e-02   2.291140e-11   0.000000e+00   2.289285e-12   96
  8.319199e-02   1.926031e-11   0.000000e+00   3.479530e-12   48
  8.377580e-02   2.382820e-11   1.130281e-09   2.427494e-12   30
  8.406619e-02   1.574902e-11   9.990364e-10   1.291348e-12   96
  8.441325e-02   1.938551e-11   1.153584e-04   1.336525e-12   240
  8.485953e-02   2.939154e-11   1.244551e-04   4.244632e-12   32
  8.521783e-02   1.434077e-11   0.000000e+00   1.044633e-12   168
  8.550332e-02   1.694224e-11   0.000000e+00   1.630247e-12   120
  8.607146e-02   1.413670e-11   2.106154e-09   1.689157e-12   72
  8.635412e-02   2.111189e-11   1.332049e-09   1.942821e-12   144
  8.663587e-02   1.564394e-11   0.000000e+00   1.515844e-12   96
  8.691670e-02   1.933804e-11   0.000000e+00   1.550101e-12   96
  8.747565e-02   2.257879e-11   1.631420e-09   2.781119e-12   72
  8.775379e-02   1.622255e-11   1.412851e-09   1.583318e-12   96
  8.830745e-02   1.826635e-11   0.000000e+00   3.352124e-12   24
  8.858298e-02   1.794594e-11   0.000000e+00   1.258550e-12   192
  8.890745e-02   1.680657e-11   1.056148e-04   1.266064e-12   132
  8.940448e-02   1.841197e-11   0.000000e+00   1.593306e-12   96
  8.967664e-02   1.232742e-11   0.000000e+00   1.238717e-12   96
  8.994798e-02   1.571205e-11   1.130281e-09   1.289694e-12   120
  9.048821e-02   1.684330e-11   0.000000e+00   2.290709e-12   48
  9.093103e-02   1.221049e-11   1.279966e-04   7.617028e-13   222
  9.129257e-02   1.525866e-11   0.000000e+00   1.417899e-12   120
  9.155911e-02   1.466698e-11   1.730382e-09   2.938883e-12   24
  9.194720e-02   1.786886e-11   1.321111e-04   9.909386e-13   312
  9.279280e-02   1.912093e-11   1.238595e-04   2.010773e-12   72
  9.314239e-02   1.302488e-11   9.990364e-10   1.609451e-12   96
  9.350136e-02   1.617965e-11   1.261337e-04   1.279939e-12   192
  9.392401e-02   1.400150e-11   1.598458e-09   1.476567e-12   120
  9.418312e-02   1.434703e-11   0.000000e+00   1.400090e-12   144
  9.469919e-02   1.319507e-11   0.000000e+00   1.877213e-12   48
  9.506602e-02   1.252425e-11   1.268319e-04   7.499851e-13   336
  9.546807e-02   1.384565e-11   0.000000e+00   1.767925e-12   48
  9.597724e-02   1.283731e-11   0.000000e+00   1.187381e-12   192
  9.623081e-02   1.219259e-11   0.000000e+00   1.472649e-12   48
  9.695161e-02   1.261497e-11   8.803796e-05   1.522479e-12   56
  9.731001e-02   1.279273e-11   1.130706e-04   6.977781e-13   336
  9.773844e-02   1.304761e-11   1.255867e-09   1.914192e-12   54
  9.811165e-02   1.177184e-11   1.241922e-04   7.328520e-13   240
  9.888643e-02   1.193633e-11   1.189150e-04   9.372987e-13   228
  9.922316e-02   1.310705e-11   1.332049e-09   1.676586e-12   72
  9.955002e-02   1.373842e-11   1.153504e-04   1.012128e-12   144
  9.995725e-02   1.159314e-11   0.000000e+00   1.106325e-12   96
  1.002007e-01   1.127421e-11   1.598458e-09   7.429613e-13   240
  1.006860e-01   9.705174e-12   1.412851e-09   1.831206e-12   24
  1.009966e-01   1.166567e-11   1.089476e-04   6.683090e-13   336
  1.014095e-01   9.606705e-12   0.000000e+00   1.119262e-12   72
  1.017863e-01   1.334362e-11   1.185007e-04   9.697945e-13   168
  1.021279e-01   9.628398e-12   0.000000e+00   9.077927e-13   72
  1.026040e-01   1.430327e-11   0.000000e+00   1.391009e-12   96
  1.029727e-01   1.006629e-11   1.176117e-04   7.099829e-13   216
  1.033141e-01   8.305580e-12   1.412851e-09   6.282557e-13   96
  1.037847e-01   1.013813e-11   0.000000e+00   6.473651e-13   192
  1.040193e-01   1.026392e-11   1.332049e-09   8.042569e-13   144
  1.044868e-01   9.505648e-12   0.000000e+00   1.215768e-12   48
  1.048105e-01   1.078772e-11   1.133915e-04   7.528978e-13   246
  1.052503e-01   1.298007e-11   1.045488e-04   9.881784e-13   168
  1.056465e-01   1.052783e-11   1.957704e-09   1.174572e-12   120
  1.058769e-01   8.658079e-12   0.000000e+00   5.964617e-13   240
  1.063363e-01   6.852923e-12   1.412851e-09   1.386603e-12   24
  1.067022e-01   9.625547e-12   1.119102e-04   5.719029e-13   360
  1.071580e-01   1.040422e-11   1.114340e-04   8.106762e-13   120
  1.074760e-01   1.034268e-11   0.000000e+00   8.516147e-13   144
  1.077025e-01   1.132882e-11   0.000000e+00   9.773776e-13   96
  1.083792e-01   1.008355e-11   0.000000e+00   7.660498e-13   144
  1.086038e-01   1.110456e-11   0.000000e+00   9.658254e-13   132
  1.089195e-01   9.169958e-12   1.099837e-04   6.745089e-13   176
  1.093777e-01   9.333862e-12   1.110614e-04   4.944214e-13   312
  1.099419e-01   1.253065e-11   0.000000e+00   1.807619e-12   96
  1.101633e-01   8.281056e-12   0.000000e+00   7.313882e-13   144
  1.105031e-01   9.583010e-12   1.099474e-04   5.600466e-13   312
  1.110446e-01   9.721993e-12   0.000000e+00   9.552357e-13   48
  1.112639e-01   8.209848e-12   1.412851e-09   5.855545e-13   192
  1.117011e-01   4.137409e-12   0.000000e+00   1.274763e-12   6
  1.119915e-01   7.763467e-12   1.025446e-04   4.172969e-13   288
  1.124620e-01   8.081580e-12   1.083450e-04   5.946545e-13   192
  1.127866e-01   7.580532e-12   3.322713e-09   4.825947e-13   216
  1.130025e-01   9.114706e-12   0.000000e+00   1.209801e-12   72
  1.135403e-01   8.187477e-12   1.073161e-04   6.914581e-13   192
  1.138975e-01   9.759633e-12   7.968796e-05   5.991309e-13   288
  1.142891e-01   7.996935e-12   0.000000e+00   1.536026e-12   24
  1.145916e-01   8.882456e-12   1.049823e-04   4.289808e-13   456
  1.151388e-01   6.010844e-12   1.998073e-09   9.080635e-13   48
  1.154769e-01   8.317099e-12   1.034033e-04   5.865846e-13   240
  1.158655e-01   9.748268e-12   1.045007e-04   6.391254e-13   216
  1.161923e-01   7.449156e-12   0.000000e+00   8.910917e-13   72
  1.164018e-01   7.146063e-12   3.610549e-09   5.805049e-13   168
  1.169935e-01   8.462013e-12   7.767385e-05   5.344859e-13   288
  1.173253e-01   8.685931e-12   1.027758e-04   6.200906e-13   168
  1.178582e-01   9.294450e-12   0.000000e+00   7.021755e-13   192
  1.180648e-01   7.272654e-12   1.332049e-09   5.182693e-13   144
  1.184769e-01   1.074867e-11   0.000000e+00   1.383020e-12   36
  1.188264e-01   6.512672e-12   9.385617e-05   3.400076e-13   342
  1.191605e-01   7.665931e-12   9.637890e-05   6.424937e-13   144
  1.195900e-01   7.612530e-12   1.010773e-04   4.119605e-13   384
  1.201111e-01   9.018305e-12   2.768611e-09   8.572899e-13   120
  1.203690e-01   8.848743e-12   9.013158e-05   5.269193e-13   264
  1.207183e-01   7.318647e-12   4.467827e-09   5.269003e-13   192
  1.210471e-01   7.594856e-12   9.713401e-05   5.716118e-13   152
  1.213224e-01   7.130081e-12   2.664097e-09   6.505472e-13   144
  1.219012e-01   5.939178e-12   6.286607e-05   4.323544e-13   216
  1.221692e-01   8.355506e-12   8.400585e-05   4.503968e-13   312
  1.226409e-01   7.125175e-12   9.736112e-05   4.041806e-13   240
  1.229188e-01   7.949385e-12   1.412851e-09   8.075662e-13   96
  1.234463e-01   6.396817e-12   9.308426e-05   5.115965e-13   144
  1.237714e-01   7.231851e-12   9.149363e-05   3.579987e-13   456
  1.242988e-01   5.455080e-12   0.000000e+00   3.544431e-13   120
  1.244947e-01   6.244671e-12   0.000000e+00   5.666700e-13   144
  1.248856e-01   5.105274e-12   0.000000e+00   8.336454e-13   24
  1.251362e-01   6.848791e-12   8.794658e-05   3.455857e-13   336
  1.255696e-01   6.533311e-12   9.699311e-05   4.850580e-13   198
  1.259757e-01   7.057475e-12   9.432023e-05   4.051752e-13   432
  1.264370e-01   8.963428e-12   0.000000e+00   9.182325e-13   48
  1.266777e-01   8.323100e-12   8.326844e-05   4.390530e-13   384
  1.271098e-01   7.123634e-12   9.585962e-05   6.022338e-13   144
  1.275013e-01   8.415084e-12   9.517601e-05   5.906164e-13   264
  1.279697e-01   5.880739e-12   0.000000e+00   5.588689e-13   48
  1.282839e-01   6.913356e-12   9.049683e-05   4.218727e-13   276
  1.285870e-01   6.430207e-12   8.203293e-05   5.558348e-13   192
  1.289922e-01   6.481064e-12   9.218697e-05   2.738950e-13   552
  1.294841e-01   4.665946e-12   3.196917e-09   4.429967e-13   120
  1.297765e-01   6.044814e-12   9.331596e-05   4.106292e-13   216
  1.300475e-01   6.044034e-12   1.598458e-09   4.707290e-13   120
  1.305316e-01   7.300483e-12   9.189333e-05   3.629504e-13   408
  1.309811e-01   4.696913e-12   1.998073e-09   6.150015e-13   24
  1.312599e-01   5.954538e-12   9.282881e-05   3.751409e-13   384
  1.316492e-01   5.116727e-12   9.069708e-05   3.386133e-13   240
  1.319872e-01   5.941002e-12   9.136125e-05   4.148805e-13   168
  1.324612e-01   4.674873e-12   2.260561e-09   4.612007e-13   120
  1.327667e-01   6.227998e-12   9.523931e-05   3.457906e-13   350
  1.332635e-01   6.473887e-12   1.567823e-04   3.719053e-13   384
  1.335605e-01   7.081251e-12   0.000000e+00   7.218365e-13   144
  1.341067e-01   5.294406e-12   3.767602e-09   3.427081e-13   288
  1.343919e-01   5.530962e-12   8.974411e-05   3.038064e-13   336
  1.347800e-01   5.980118e-12   8.170456e-05   4.550641e-13   168
  1.350122e-01   6.211820e-12   1.614687e-09   4.123325e-13   336
  1.354927e-01   4.830225e-12   8.480446e-05   2.810616e-13   288
  1.357812e-01   5.507816e-12   7.990748e-05   3.269302e-13   264
  1.362699e-01   5.442808e-12   0.000000e+00   3.490873e-13   240
  1.364486e-01   5.370210e-12   2.825702e-09   4.586565e-13   96
  1.370900e-01   6.187850e-12   1.086688e-04   3.575047e-13   360
  1.373893e-01   5.730995e-12   8.010757e-05   5.510747e-13   168
  1.377676e-01   5.488029e-12   8.732558e-05   2.593100e-13   456
  1.382230e-01   4.944276e-12   2.511735e-09   4.321338e-13   108
  1.384792e-01   4.470125e-12   8.761995e-05   2.968340e-13   264
  1.387988e-01   4.861199e-12   7.817127e-05   3.434518e-13   264
  1.392364e-01   5.664308e-12   7.376599e-05   3.097017e-13   312
  1.397814e-01   5.660883e-12   5.481617e-05   4.026013e-13   270
  1.400098e-01   5.349524e-12   6.959603e-05   4.151696e-13   240
  1.404204e-01   5.529427e-12   8.609907e-05   3.186611e-13   384
  1.406696e-01   4.343941e-12   0.000000e+00   2.915011e-13   192
  1.411539e-01   5.715896e-12   6.908303e-05   4.380495e-13   240
  1.414347e-01   5.431301e-12   8.525963e-05   3.162730e-13   336
  1.419630e-01   5.198970e-12   8.583011e-05   2.313551e-13   480
  1.423915e-01   5.418012e-12   0.000000e+00   6.020384e-13   72
  1.426309e-01   5.314041e-12   8.369217e-05   4.150503e-13   240
  1.429564e-01   4.448398e-12   7.865917e-05   2.455491e-13   312
  1.433297e-01   4.047156e-12   8.501169e-05   2.635887e-13   240
  1.438936e-01   4.870784e-12   6.458688e-05   2.532779e-13   408
  1.441169e-01   4.519509e-12   5.914602e-05   2.627002e-13   336
  1.445532e-01   4.727033e-12   7.510087e-05   3.582468e-13   264
  1.447677e-01   4.659524e-12   0.000000e+00   3.825688e-13   144
  1.453643e-01   4.583170e-12   1.040943e-04   2.473059e-13   464
  1.456786e-01   3.516407e-12   8.277629e-05   2.515494e-13   168
  1.459889e-01   5.044517e-12   7.539115e-05   2.954482e-13   336
  1.465498e-01   4.548287e-12   7.921315e-05   2.665570e-13   414
  1.468660e-01   5.799842e-12   8.245619e-05   4.341110e-13   216
  1.472710e-01   6.394078e-12   1.998073e-09   6.753883e-13   96
  1.474364e-01   4.341192e-12   5.994218e-09   2.435218e-13   384
  1.480158e-01   4.677526e-12   8.229688e-05   2.330032e-13   492
  1.483263e-01   4.149888e-12   8.047930e-05   2.581865e-13   240
  1.486772e-01   3.778315e-12   8.171468e-05   2.118338e-13   312
  1.491618e-01   3.440735e-12   8.168777e-05   2.504294e-13   192
  1.494688e-01   4.374039e-12   7.916535e-05   2.147319e-13   504
  1.498761e-01   4.257326e-12   5.240881e-05   2.668814e-13   408
  1.501968e-01   4.361198e-12   1.605609e-04   3.565584e-13   168
  1.505981e-01   4.355028e-12   7.626782e-05   2.912445e-13   288
  1.509348e-01   3.807319e-12   7.959200e-05   2.603611e-13   288
  1.512797e-01   3.679332e-12   8.005014e-05   1.908957e-13   432
  1.517801e-01   4.327077e-12   7.570076e-05   2.895381e-13   216
  1.520474e-01   3.790246e-12   7.554106e-05   2.079968e-13   360
  1.525234e-01   4.249171e-12   7.372735e-05   2.583343e-13   312
  1.529530e-01   5.257624e-12   0.000000e+00   8.245978e-13   48
  1.532006e-01   3.765887e-12   7.904634e-05   1.958210e-13   432
  1.536441e-01   3.449408e-12   1.318501e-04   1.766241e-13   414
  1.539060e-01   3.727253e-12   6.955573e-09   2.375456e-13   312
  1.543946e-01   3.976772e-12   1.156911e-04   2.116476e-13   528
  1.547243e-01   4.210942e-12   6.072803e-05   3.349893e-13   264
  1.551204e-01   3.799235e-12   7.200680e-05   2.160675e-13   480
  1.556380e-01   3.696882e-12   0.000000e+00   2.148101e-13   288
  1.558615e-01   3.874740e-12   7.736908e-05   3.427680e-13   168
  1.562704e-01   3.943444e-12   1.224750e-04   1.854757e-13   504
  1.567302e-01   5.050287e-12   2.664097e-09   4.298639e-13   144
  1.570194e-01   3.221910e-12   7.865832e-05   1.539534e-13   464
  1.574541e-01   2.992138e-12   1.154355e-04   1.531042e-13   432
  1.576603e-01   3.962339e-12   1.998073e-09   2.860076e-13   192
  1.581934e-01   3.127941e-12   8.557628e-05   1.512093e-13   396
  1.585082e-01   3.212765e-12   7.687110e-05   2.017726e-13   288
  1.588263e-01   3.223750e-12   7.593549e-05   1.912845e-13   336
  1.593345e-01   3.101673e-12   4.808388e-05   1.581254e-13   432
  1.596570e-01   3.466067e-12   1.246267e-04   1.965139e-13   360
  1.600192e-01   3.273929e-12   7.371853e-05   1.552513e-13   384
  1.605335e-01   2.801660e-12   6.507077e-05   2.082786e-13   198
  1.607813e-01   3.267288e-12   7.396430e-05   1.526226e-13   552
  1.612434e-01   3.190902e-12   1.035450e-04   2.296885e-13   432
  1.616292e-01   3.522594e-12   0.000000e+00   2.805294e-13   168
  1.619530e-01   3.586623e-12   1.283579e-04   1.952279e-13   480
  1.623813e-01   2.388265e-12   0.000000e+00   2.269565e-13   120
  1.625741e-01   3.179658e-12   1.048372e-04   2.193829e-13   336
  1.630445e-01   3.144635e-12   7.396097e-05   1.346262e-13   672
  1.635097e-01   3.420161e-12   1.075863e-04   1.635021e-13   528
  1.637264e-01   2.473837e-12   3.229373e-09   1.627994e-13   168
  1.642270e-01   3.177392e-12   1.200118e-04   1.590469e-13   456
  1.645324e-01   3.895523e-12   7.329223e-05   4.742697e-13   168
  1.648495e-01   3.196938e-12   7.316065e-05   1.782521e-13   504
  1.653766e-01   2.581142e-12   9.414654e-05   1.731994e-13   336
  1.656953e-01   3.439563e-12   6.786851e-05   2.071911e-13   312
  1.660489e-01   3.137815e-12   6.631214e-05   1.717282e-13   504
  1.665141e-01   2.807175e-12   4.600920e-05   1.264412e-13   432
  1.667329e-01   2.462505e-12   7.109945e-05   1.335997e-13   312
  1.671876e-01   2.645883e-12   7.288039e-05   1.346814e-13   384
  1.676624e-01   3.376663e-12   6.192036e-05   3.977156e-13   126
  1.679555e-01   2.901011e-12   1.087174e-04   1.493561e-13   492
  1.683299e-01   3.161467e-12   6.963360e-05   1.660430e-13   528
  1.687978e-01   2.766008e-12   7.073279e-05   1.476729e-13   480
  1.690879e-01   3.283505e-12   9.771696e-05   1.900615e-13   432
  1.695076e-01   3.119151e-12   7.684145e-05   1.755637e-13   440
  1.699951e-01   3.036720e-12   3.821294e-05   1.861480e-13   312
  1.701781e-01   2.804068e-12   5.726529e-05   2.032912e-13   480
  1.705533e-01   2.810518e-12   1.121243e-04   1.789385e-13   408
  1.711016e-01   3.115674e-12   6.714979e-05   1.842480e-13   360
  1.713332e-01   2.643628e-12   6.479710e-05   1.536390e-13   408
  1.717625e-01   2.317241e-12   6.593925e-05   1.221251e-13   456
  1.722458e-01   2.869668e-12   6.302169e-05   1.727307e-13   264
  1.725141e-01   2.735831e-12   6.839435e-05   1.763174e-13   384
  1.729046e-01   2.626580e-12   1.151467e-04   1.237328e-13   672
  1.733561e-01   2.979690e-12   6.887260e-05   2.606112e-13   240
  1.736166e-01   2.500868e-12   6.988846e-05   1.436356e-13   264
  1.739843e-01   1.932597e-12   8.619588e-05   8.995405e-14   624
  1.745329e-01   2.347384e-12   0.000000e+00   2.229615e-13   150
  1.747283e-01   3.089614e-12   9.658929e-05   1.606806e-13   600
  1.751402e-01   2.499864e-12   6.666345e-05   1.207756e-13   672
  1.756067e-01   2.473463e-12   6.270167e-05   1.821538e-13   336
  1.758666e-01   3.099086e-12   6.820115e-05   1.958394e-13   408
  1.762818e-01   2.653401e-12   6.804049e-05   1.831638e-13   408
  1.767436e-01   2.459064e-12   3.440492e-05   1.434677e-13   360
  1.770283e-01   2.781675e-12   1.263238e-04   1.669638e-13   456
  1.773722e-01   2.466337e-12   6.869566e-05   1.493429e-13   384
  1.778099e-01   2.296632e-12   6.341480e-05   1.135993e-13   348
  1.780464e-01   2.727577e-12   7.817791e-05   1.441972e-13   576
  1.784907e-01   2.359035e-12   6.436923e-05   1.156923e-13   504
  1.789452e-01   2.410608e-12   9.078907e-05   1.359352e-13   432
  1.793419e-01   2.186326e-12   1.235181e-04   9.295859e-14   576
  1.796248e-01   2.218223e-12   0.000000e+00   1.652326e-13   264
  1.800736e-01   2.342400e-12   9.828954e-05   9.627537e-14   768
  1.804640e-01   2.083620e-12   1.323290e-04   1.410491e-13   240
  1.807743e-01   2.152346e-12   1.167016e-04   2.058729e-13   192
  1.812263e-01   2.084861e-12   8.590664e-05   9.491874e-14   504
  1.815615e-01   2.395426e-12   1.157624e-04   1.507592e-13   590
  1.818830e-01   2.446746e-12   1.297055e-04   1.634299e-13   384
  1.822861e-01   2.284719e-12   1.083956e-04   1.306859e-13   504
  1.827729e-01   2.706726e-12   1.043140e-04   1.330380e-13   648
  1.832449e-01   2.170728e-12   2.833030e-05   1.255387e-13   504
  1.834353e-01   2.263582e-12   6.462673e-05   1.320101e-13   312
  1.837714e-01   2.345644e-12   9.311123e-05   1.179959e-13   576
  1.842327e-01   2.552703e-12   6.479663e-05   2.248885e-13   240
  1.845017e-01   2.036967e-12   6.547387e-05   1.008216e-13   552
  1.848823e-01   2.576448e-12   6.147846e-05   1.523211e-13   600
  1.854246e-01   2.227917e-12   7.509108e-05   1.124375e-13   600
  1.857506e-01   2.216764e-12   1.202524e-04   1.416416e-13   312
  1.860753e-01   2.472813e-12   1.047280e-04   1.341423e-13   480
  1.864809e-01   2.200287e-12   6.534019e-05   1.259684e-13   576
  1.868380e-01   2.631983e-12   1.052119e-04   1.894671e-13   408
  1.871548e-01   1.468936e-12   1.227345e-04   8.887606e-14   216
  1.875642e-01   1.939342e-12   9.400084e-05   1.054292e-13   516
  1.880028e-01   2.204656e-12   8.968636e-05   9.722767e-14   744
  1.884552e-01   2.233405e-12   5.990257e-05   1.211976e-13   462
  1.887109e-01   2.161344e-12   6.088230e-05   1.435397e-13   432
  1.891075e-01   2.472348e-12   5.648168e-05   1.155159e-13   648
  1.895737e-01   2.332218e-12   8.264320e-05   1.410255e-13   528
  1.899483e-01   2.051147e-12   9.952305e-05   9.959489e-14   600
  1.903225e-01   2.968326e-12   1.254725e-04   3.388798e-13   240
  1.906850e-01   1.994216e-12   9.611075e-05   9.718734e-14   720
  1.911062e-01   2.208430e-12   7.604100e-05   9.819624e-14   720
  1.915732e-01   1.209207e-12   0.000000e+00   8.923983e-14   144
  1.918190e-01   2.121680e-12   9.803961e-05   9.577803e-14   720
  1.921686e-01   2.377863e-12   5.878648e-05   1.376625e-13   384
  1.926063e-01   1.943294e-12   6.516793e-05   9.020184e-14   672
  1.930215e-01   2.407632e-12   1.141019e-04   1.827027e-13   336
  1.932199e-01   2.377134e-12   0.000000e+00   1.951515e-13   288
  1.937055e-01   1.826596e-12   9.030399e-05   7.856907e-14   776
  1.941551e-01   1.896361e-12   7.726878e-05   7.868456e-14   720
  1.945327e-01   1.737622e-12   6.224567e-05   9.901594e-14   432
  1.948347e-01   2.201720e-12   8.873905e-05   1.704471e-13   504
  1.951706e-01   1.806795e-12   6.217429e-05   1.007963e-13   528
  1.956407e-01   1.969557e-12   8.470885e-05   1.235771e-13   438
  1.960275e-01   2.053364e-12   9.859335e-05   1.238788e-13   624
  1.963189e-01   2.197518e-12   1.207635e-04   1.555560e-13   312
  1.967196e-01   2.353109e-12   6.506437e-05   1.051710e-13   696
  1.971339e-01   2.033887e-12   5.887146e-05   1.199003e-13   552
  1.975648e-01   1.831742e-12   4.554687e-05   1.020377e-13   516
  1.978313e-01   2.228054e-12   9.097645e-05   1.381553e-13   528
  1.981558e-01   1.377346e-12   5.916447e-05   6.822116e-14   528
  1.986168e-01   1.964644e-12   7.802593e-05   9.787197e-14   864
  1.989297e-01   1.862874e-12   1.068795e-04   1.225691e-13   408
  1.992429e-01   2.349040e-12   1.058911e-04   1.612146e-13   192
  1.996868e-01   1.711272e-12   8.762994e-05   8.241916e-14   720
  2.000615e-01   1.600509e-12   8.079911e-05   7.588860e-14   696
  2.005068e-01   1.793170e-12   8.726379e-05   7.909742e-14   720
  2.009142e-01   1.744305e-12   1.182756e-04   9.961502e-14   432
  2.011518e-01   1.441150e-12   6.962164e-05   1.034911e-13   264
  2.015793e-01   1.721006e-12   9.614441e-05   7.736611e-14   672
  2.019616e-01   1.838299e-12   9.843711e-05   9.274960e-14   600
  2.024154e-01   1.298564e-12   5.763483e-05   9.184714e-14   270
  2.026441e-01   1.769083e-12   8.675648e-05   1.141638e-13   528
  2.030077e-01   2.009928e-12   5.940776e-05   8.757031e-14   840
  2.035062e-01   2.064814e-12   1.135983e-04   9.595227e-14   888
  2.039669e-01   1.591586e-12   8.463909e-05   7.250923e-14   744
  2.043562e-01   1.983013e-12   4.349214e-05   1.162009e-13   456
  2.045498e-01   2.341250e-12   5.943469e-05   1.348209e-13   360
  2.048811e-01   1.552494e-12   5.149682e-05   1.185274e-13   384
  2.053895e-01   1.711499e-12   8.260041e-05   7.168792e-14   816
  2.057710e-01   1.755957e-12   1.198416e-04   7.422457e-14   824
  2.062346e-01   1.599735e-12   5.570811e-05   1.209563e-13   360
  2.064829e-01   1.981309e-12   8.220424e-05   9.211288e-14   624
  2.068246e-01   1.743531e-12   5.554917e-05   1.162794e-13   360
  2.072798e-01   1.611366e-12   7.556319e-05   7.305487e-14   876
  2.076909e-01   1.511920e-12   8.974647e-05   7.812299e-14   696
  2.081055e-01   1.500198e-12   5.795238e-05   9.896242e-14   336
  2.083228e-01   1.897743e-12   5.788726e-05   1.350855e-13   504
  2.086818e-01   1.549168e-12   5.838888e-05   9.300248e-14   672
  2.092144e-01   1.351349e-12   1.162387e-04   6.023754e-14   720
  2.095838e-01   1.582525e-12   8.780591e-05   8.227850e-14   774
  2.099915e-01   2.187737e-12   5.025783e-05   1.871589e-13   384
  2.102050e-01   1.983469e-12   9.671763e-05   1.301871e-13   528
  2.105364e-01   1.706865e-12   9.217729e-05   8.237023e-14   744
  2.110694e-01   1.944594e-12   7.602671e-05   9.781361e-14   768
  2.114233e-01   1.684127e-12   8.534571e-05   1.154566e-13   552
  2.118649e-01   1.438324e-12   9.301717e-05   6.972971e-14   696
  2.121934e-01   1.953942e-12   1.130320e-04   1.339846e-13   408
  2.124541e-01   1.749857e-12   4.883074e-05   1.023260e-13   504
  2.128675e-01   1.511261e-12   8.772259e-05   7.391659e-14   888
  2.132743e-01   1.388146e-12   9.116913e-05   8.128281e-14   648
  2.136971e-01   1.389842e-12   9.038766e-05   6.934279e-14   648
  2.140948e-01   1.442088e-12   9.746006e-05   7.089350e-14   792
  2.145162e-01   1.301352e-12   1.425907e-04   6.992634e-14   600
  2.148267e-01   1.138899e-12   9.663487e-05   6.229889e-14   456
  2.151535e-01   1.474708e-12   4.709572e-05   7.619552e-14   648
  2.155732e-01   1.277760e-12   9.184351e-05   5.336824e-14   936
  2.160264e-01   1.659729e-12   5.640375e-05   9.436577e-14   384
  2.164208e-01   3.079287e-16   4.745948e-09   2.572328e-17   198
  2.167253e-01   2.994958e-16   1.431011e-04   9.926504e-18   1224
  2.170537e-01   2.703160e-16   1.042217e-04   1.480255e-17   420
  2.174420e-01   2.815556e-16   1.008648e-04   1.171333e-17   792
  2.178218e-01   2.886375e-16   8.340657e-05   1.226682e-17   680
  2.182552e-01   3.002980e-16   7.658783e-05   1.470529e-17   600
  2.186039e-01   2.941178e-16   1.110734e-04   1.067298e-17   840
  2.190695e-01   3.351221e-16   5.244369e-05   1.781814e-17   432
  2.192474e-01   2.926268e-16   4.914665e-05   1.222105e-17   720
  2.196343e-01   3.005063e-16   9.843213e-05   1.065542e-17   960
  2.201154e-01   3.238648e-16   8.774504e-05   1.736835e-17   528
  2.204670e-01   2.861062e-16   8.969217e-05   1.176625e-17   624
  2.208855e-01   3.073800e-16   7.049743e-05   1.206278e-17   816
  2.213008e-01   2.596835e-16   1.159345e-04   1.109670e-17   696
  2.217599e-01   3.059063e-16   7.830814e-09   2.086611e-17   240
  2.219325e-01   3.215578e-16   6.836935e-05   1.284555e-17   672
  2.223177e-01   2.754476e-16   1.221858e-04   9.619444e-18   864
  2.227499e-01   2.943145e-16   9.375778e-05   1.091865e-17   816
  2.231394e-01   2.881392e-16   5.366372e-05   1.251070e-17   648
  2.235589e-01   2.922651e-16   5.485410e-05   1.019507e-17   843
  2.239151e-01   2.769344e-16   9.869601e-05   1.170084e-17   780
  2.243395e-01   2.867150e-16   5.295844e-05   1.943692e-17   216
  2.246013e-01   2.689377e-16   1.277035e-04   8.579710e-18   1056
  2.250039e-01   3.519382e-16   1.044758e-04   2.263954e-17   228
  2.253767e-01   2.814648e-16   1.300750e-04   1.024845e-17   924
  2.257594e-01   2.688031e-16   4.825052e-05   9.782451e-18   696
  2.261647e-01   2.666592e-16   8.587211e-05   9.179952e-18   996
  2.265793e-01   2.823663e-16   5.069718e-05   1.252533e-17   576
  2.270107e-01   2.820398e-16   7.824775e-05   1.333721e-17   552
  2.273251e-01   2.953239e-16   9.342507e-05   1.410346e-17   516
  2.276442e-01   2.772242e-16   1.358594e-04   1.029255e-17   744
  2.280088e-01   3.122167e-16   6.664715e-05   1.533099e-17   576
  2.283260e-01   2.553021e-16   6.859680e-05   8.864157e-18   792
  2.287768e-01   2.691698e-16   7.841886e-05   9.994657e-18   792
  2.291071e-01   2.764661e-16   8.457391e-05   1.044072e-17   720
  2.295538e-01   2.521272e-16   9.639481e-05   9.627766e-18   656
  2.299724e-01   2.635888e-16   1.052581e-04   9.646435e-18   816
  2.304015e-01   2.658199e-16   5.675340e-05   1.232402e-17   492
  2.306454e-01   2.771849e-16   8.164378e-05   1.176091e-17   552
  2.311032e-01   2.577075e-16   1.419686e-04   1.191562e-17   780
  2.314005e-01   2.612911e-16   8.720963e-05   1.238187e-17   528
  2.317208e-01   2.646719e-16   1.018002e-04   1.133739e-17   600
  2.321929e-01   2.708624e-16   8.460399e-05   8.680516e-18   900
  2.325183e-01   2.708727e-16   4.683822e-05   1.075596e-17   696
  2.329660e-01   2.696854e-16   1.184322e-04   1.066385e-17   696
  2.333991e-01   2.847691e-16   4.804683e-05   1.256646e-17   552
  2.337633e-01   2.187498e-16   5.587403e-05   8.622804e-18   708
  2.341448e-01   2.671406e-16   9.225121e-05   1.034149e-17   876
  2.345418e-01   2.601436e-16   4.898356e-05   1.982900e-17   216
  2.348082e-01   2.429326e-16   1.339767e-04   7.993832e-18   1032
  2.352071e-01   2.606312e-16   1.491682e-04   1.143826e-17   600
  2.356212e-01   2.590963e-16   7.117755e-05   1.049671e-17   600
  2.359371e-01   2.535397e-16   1.256929e-04   1.285660e-17   528
  2.363105e-01   2.520335e-16   6.899988e-05   9.170656e-18   732
  2.367039e-01   2.172091e-16   5.095015e-05   1.032874e-17   336
  2.371566e-01   2.461332e-16   7.261407e-05   8.495814e-18   912
  2.374950e-01   2.320531e-16   7.288252e-05   9.779722e-18   624
  2.378647e-01   2.471832e-16   6.141657e-05   9.411694e-18   768
  2.382963e-01   2.718247e-16   1.108076e-04   1.067114e-17   792
  2.387198e-01   2.369612e-16   5.493383e-05   1.092359e-17   660
  2.390212e-01   2.287289e-16   8.095383e-05   1.117191e-17   504
  2.393329e-01   2.580738e-16   1.322631e-04   1.317156e-17   480
  2.398000e-01   1.951542e-16   1.223261e-04   6.887349e-18   912
  2.401658e-01   2.683730e-16   1.362291e-04   1.555808e-17   432
  2.405113e-01   2.176132e-16   8.088962e-05   1.013372e-17   564
  2.408180e-01   2.390164e-16   7.742251e-05   1.050833e-17   600
  2.412498e-01   2.400062e-16   1.079196e-04   8.943369e-18   876
  2.415741e-01   2.529922e-16   4.852393e-05   1.535021e-17   264
  2.420212e-01   2.562950e-16   9.415549e-05   1.158709e-17   560
  2.423806e-01   2.225515e-16   6.398069e-05   7.564682e-18   840
  2.428168e-01   2.296342e-16   9.863978e-05   8.385665e-18   1008
  2.432202e-01   2.533689e-16   4.412481e-05   1.224385e-17   456
  2.435886e-01   2.550612e-16   5.715745e-05   1.074177e-17   576
  2.439292e-01   2.443234e-16   8.782853e-05   1.054323e-17   612
  2.443783e-01   2.251647e-16   7.844513e-05   8.987392e-18   780
  2.447447e-01   2.316575e-16   8.989453e-05   9.667972e-18   648
  2.451197e-01   2.607495e-16   4.189201e-05   1.781517e-17   312
  2.453594e-01   2.268478e-16   1.064407e-04   1.039462e-17   528
  2.457747e-01   2.161583e-16   1.390063e-04   9.276888e-18   720
  2.461718e-01   2.139266e-16   1.394416e-04   1.055445e-17   576
  2.466533e-01   2.190830e-16   1.202863e-04   1.021058e-17   444
  2.469529e-01   2.309537e-16   1.179621e-04   7.874073e-18   996
  2.473200e-01   2.040967e-16   9.853387e-05   1.097870e-17   432
  2.476669e-01   2.345276e-16   1.078752e-04   1.173257e-17   504
  2.479666e-01   2.390899e-16   4.863583e-05   1.120095e-17   504
  2.483934e-01   2.450059e-16   9.571589e-05   1.011532e-17   876
  2.487796e-01   2.141564e-16   1.101599e-04   1.040663e-17   504
  2.491817e-01   1.925778e-16   7.025420e-05   8.048385e-18   696
  2.495140e-01   2.434242e-16   6.005997e-05   1.196285e-17   492
  2.499662e-01   2.027704e-16   8.597875e-05   1.071233e-17   432
  2.503011e-01   2.209179e-16   8.050968e-05   8.354191e-18   768
  2.506981e-01   2.020216e-16   1.002856e-04   1.017810e-17   648
  2.510772e-01   1.884549e-16   6.542561e-05   9.189711e-18   456
  2.515128e-01   1.958731e-16   8.997083e-05   8.852490e-18   552
  2.518153e-01   2.053283e-16   6.166608e-05   1.054541e-17   648
  2.522317e-01   1.955813e-16   1.005122e-04   7.032011e-18   840
  2.526384e-01   2.294865e-16   4.793217e-05   1.220778e-17   432
  2.530455e-01   1.907346e-16   5.870872e-05   8.677132e-18   600
  2.533287e-01   2.222741e-16   6.255029e-05   1.270640e-17   432
  2.538044e-01   2.017344e-16   6.227491e-05   9.694176e-18   560
  2.541265e-01   1.999042e-16   9.857465e-05   7.980532e-18   840
  2.545299e-01   2.169120e-16   5.838720e-05   1.095024e-17   504
  2.548502e-01   1.874764e-16   1.191648e-04   8.333476e-18   696
  2.553018e-01   2.177799e-16   6.508356e-05   1.201372e-17   384
  2.556535e-01   1.769208e-16   9.533975e-05   8.063548e-18   576
  2.560789e-01   1.830362e-16   5.883893e-05   1.216182e-17   360
  2.564218e-01   1.873474e-16   8.762544e-05   8.296493e-18   828
  2.567917e-01   1.873074e-16   7.804673e-05   9.734500e-18   372
  2.571307e-01   1.971081e-16   1.191923e-04   9.214401e-18   576
  2.575797e-01   2.015986e-16   4.991761e-05   8.919501e-18   636
  2.578996e-01   1.848545e-16   9.622826e-05   8.220457e-18   648
  2.583323e-01   2.027559e-16   7.822306e-05   9.949981e-18   576
  2.586430e-01   1.838659e-16   1.261820e-04   9.242169e-18   528
  2.590561e-01   1.747564e-16   5.394804e-05   1.058563e-17   360
  2.593981e-01   1.684746e-16   1.241007e-04   6.931966e-18   672
  2.598446e-01   1.805356e-16   6.356642e-05   7.344256e-18   804
  2.602163e-01   2.051915e-16   7.012137e-05   1.153538e-17   408
  2.606274e-01   1.659118e-16   4.334263e-05   8.365789e-18   384
  2.609042e-01   1.594727e-16   9.918459e-05   9.035391e-18   480
  2.612947e-01   1.730277e-16   6.408778e-05   8.906356e-18   432
  2.616692e-01   2.069747e-16   1.181001e-04   8.784573e-18   648
  2.621125e-01   1.854096e-16   7.328056e-05   9.131943e-18   624
  2.624367e-01   1.814030e-16   6.665485e-05   1.073873e-17   456
  2.628795e-01   1.651333e-16   9.105646e-05   9.577575e-18   588
  2.631762e-01   1.573294e-16   5.809364e-05   7.378331e-18   600
  2.636094e-01   1.613948e-16   9.061183e-05   6.438895e-18   708
  2.639516e-01   1.512534e-16   5.708370e-05   8.702529e-18   360
  2.643298e-01   1.769239e-16   6.561923e-05   9.206699e-18   552
  2.646923e-01   1.580458e-16   4.603344e-05   1.201171e-17   288
  2.650603e-01   1.475798e-16   8.655546e-05   6.823697e-18   528
  2.654060e-01   1.561474e-16   5.839431e-05   7.539643e-18   456
  2.657924e-01   1.666883e-16   1.035458e-04   7.740193e-18   608
  2.661809e-01   1.433085e-16   5.009661e-05   6.961564e-18   504
  2.666055e-01   1.370041e-16   1.075546e-04   7.623678e-18   540
  2.669384e-01   1.834426e-16   1.154568e-04   1.191672e-17   360
  2.672972e-01   1.870734e-16   5.228475e-05   8.738122e-18   540
  2.676146e-01   1.601193e-16   4.489266e-05   8.087771e-18   576
  2.680762e-01   1.524960e-16   1.040909e-04   6.932072e-18   588
  2.685150e-01   1.585258e-16   1.436140e-04   7.581223e-18   672
  2.688920e-01   1.758019e-16   1.097654e-04   8.831934e-18   552
  2.691959e-01   1.166678e-16   1.098209e-04   1.019757e-17   144
  2.695837e-01   1.610986e-16   9.330411e-05   7.694554e-18   600
  2.699514e-01   1.358204e-16   1.169304e-04   7.415664e-18   504
  2.703595e-01   1.509846e-16   1.201111e-04   1.088706e-17   336
  2.707887e-01   1.452156e-16   1.350054e-04   6.302632e-18   600
  2.711731e-01   1.407948e-16   8.712810e-05   6.870874e-18   636
  2.715880e-01   1.561240e-16   7.005178e-05   1.195379e-17   384
  2.718789e-01   1.567300e-16   9.771396e-05   9.596149e-18   504
  2.722982e-01   1.498434e-16   4.100918e-05   1.086335e-17   240
  2.726291e-01   1.517140e-16   9.633639e-05   6.101348e-18   744
  2.730261e-01   1.318206e-16   6.578310e-05   6.311349e-18   648
  2.733790e-01   2.270769e-16   4.366878e-05   1.977698e-17   120
  2.737925e-01   1.287997e-16   6.859799e-05   5.791567e-18   564
  2.741050e-01   1.671298e-16   1.077373e-04   9.179323e-18   432
  2.745220e-01   1.239562e-16   8.362543e-05   8.242961e-18   480
  2.748361e-01   1.077267e-16   6.155045e-05   6.522451e-18   456
  2.752067e-01   1.366012e-16   1.018569e-04   7.871898e-18   444
  2.756274e-01   1.272826e-16   1.558464e-04   6.855376e-18   528
  2.759969e-01   1.422275e-16   1.157439e-04   1.223512e-17   264
  2.763555e-01   1.274373e-16   1.186203e-04   7.130582e-18   444
  2.768379e-01   1.375387e-16   1.299311e-04   6.093775e-18   696
  2.772383e-01   1.409735e-16   6.949148e-05   8.412855e-18   384
  2.775311e-01   1.374760e-16   8.780831e-05   7.691984e-18   432
  2.779866e-01   1.714812e-16   6.067143e-05   1.154111e-17   488
  2.782823e-01   1.527882e-16   9.143939e-05   7.468697e-18   480
  2.787111e-01   1.270612e-16   1.019738e-04   7.912378e-18   480
  2.790432e-01   1.162309e-16   4.278510e-05   7.184991e-18   240
  2.794202e-01   1.340311e-16   9.994261e-05   6.948384e-18   600
  2.797758e-01   1.161886e-16   8.708975e-05   8.082179e-18   288
  2.801544e-01   1.305556e-16   8.377397e-05   7.890311e-18   480
  2.805379e-01   1.037688e-16   1.490189e-04   6.130313e-18   504
  2.809155e-01   1.508214e-16   6.393839e-05   1.045652e-17   216
  2.813970e-01   1.346419e-16   1.046773e-04   8.357517e-18   504
  2.817720e-01   1.180316e-16   8.419242e-05   7.250260e-18   456
  2.821825e-01   1.718153e-16   4.828579e-05   1.129877e-17   384
  2.824544e-01   1.598530e-16   9.800271e-05   9.564733e-18   480
  2.828408e-01   1.098180e-16   8.605736e-05   6.897014e-18   504
  2.831988e-01   1.351091e-16   5.458940e-05   9.529726e-18   312
  2.835845e-01   1.264671e-16   8.796897e-05   7.771382e-18   492
  2.839260e-01   1.343416e-16   8.245044e-05   8.132925e-18   312
  2.843655e-01   1.079667e-16   1.339342e-04   4.938101e-18   576
  2.847524e-01   1.446550e-16   1.236321e-04   1.153865e-17   336
  2.850738e-01   8.548652e-17   9.519099e-05   6.569799e-18   240
  2.855192e-01   1.152078e-16   1.261991e-04   6.723845e-18   468
  2.859039e-01   1.124932e-16   7.901891e-05   1.176143e-17   192
  2.863065e-01   9.196139e-17   7.925442e-05   6.622993e-18   324
  2.866016e-01   1.121825e-16   5.752155e-05   6.325686e-18   600
  2.870037e-01   1.155111e-16   9.332283e-05   6.629950e-18   456
  2.873023e-01   1.274109e-16   4.197661e-05   9.009240e-18   336
  2.877972e-01   1.179240e-16   1.256898e-04   6.505813e-18   612
  2.881573e-01   7.357518e-17   1.054844e-04   1.110086e-17   144
  2.884978e-01   1.250609e-16   1.231274e-04   7.042879e-18   552
  2.889609e-01   7.571438e-17   4.848907e-05   4.429577e-18   264
  2.892225e-01   1.020625e-16   1.122646e-04   7.545569e-18   336
  2.896353e-01   9.177430e-17   7.418058e-05   5.452810e-18   384
  2.899932e-01   9.738290e-17   4.175634e-05   8.928580e-18   216
  2.903894e-01   8.272375e-17   8.853205e-05   5.938954e-18   344
  2.907507e-01   7.766182e-17   1.320940e-04   5.046461e-18   408
  2.911910e-01   1.016217e-16   1.015056e-04   9.853932e-18   264
  2.915811e-01   9.889993e-17   1.415038e-04   5.348016e-18   612
  2.919709e-01   1.210456e-16   7.282870e-05   8.037470e-18   408
  2.923718e-01   9.356640e-17   7.293338e-05   7.383414e-18   444
  2.926663e-01   1.696389e-16   4.079109e-05   1.561238e-17   120
  2.930609e-01   1.087962e-16   1.126983e-04   8.244259e-18   336
  2.933538e-01   8.952662e-17   3.916222e-05   7.012809e-18   288
  2.937496e-01   9.188581e-17   1.218735e-04   5.023073e-18   552
  2.942938e-01   1.107490e-16   6.525678e-09   1.567162e-17   72
  2.945736e-01   9.003518e-17   1.210514e-04   5.289128e-18   504
  2.949004e-01   5.481897e-17   3.895317e-05   5.347173e-18   216
  2.953239e-01   7.864355e-17   6.954821e-05   5.969918e-18   312
  2.957040e-01   6.334447e-17   7.919158e-05   4.395092e-18   336
  2.960663e-01   7.394808e-17   1.097684e-04   6.413674e-18   204
  2.964271e-01   1.323719e-16   1.275676e-04   9.202288e-18   504
  2.968098e-01   1.195001e-16   1.214810e-04   7.857047e-18   396
  2.971778e-01   8.980458e-17   1.114044e-04   6.855149e-18   312
  2.976240e-01   1.299845e-16   6.808000e-05   1.202164e-17   216
  2.979383e-01   8.589503e-17   3.694832e-05   9.277800e-18   168
  2.983203e-01   8.840706e-17   9.329657e-05   5.051548e-18   588
  2.987563e-01   6.228481e-17   1.266392e-04   5.749891e-18   240
  2.990950e-01   6.530229e-17   1.118436e-04   6.387056e-18   264
  2.994922e-01   8.294905e-17   1.383176e-04   7.548145e-18   288
  2.998446e-01   8.975237e-17   6.907007e-05   8.018841e-18   288
  3.002913e-01   6.236792e-17   6.486779e-05   5.118816e-18   288
  3.005921e-01   7.225218e-17   7.514392e-05   5.719352e-18   192
  3.009705e-01   5.348666e-17   7.996067e-05   4.351308e-18   264
  3.013310e-01   1.340092e-16   1.315242e-04   9.643950e-18   372
  3.017189e-01   1.293122e-16   1.420518e-04   1.257256e-17   360
  3.021924e-01   1.108603e-16   6.011768e-05   1.590591e-17   144
  3.024371e-01   6.225880e-17   8.350082e-05   6.809117e-18   296
  3.028234e-01   7.388221e-17   8.996782e-05   7.184035e-18   288
  3.032657e-01   7.815534e-17   1.344546e-04   5.161629e-18   480
  3.036471e-01   7.165893e-17   1.117190e-04   1.277740e-17   192
  3.040181e-01   9.000689e-17   1.198338e-04   7.886223e-18   192
  3.043553e-01   6.123254e-17   7.637151e-05   5.424563e-18   288
  3.048242e-01   3.258555e-17   6.648036e-05   3.903006e-18   108
  3.050604e-01   6.725688e-17   6.391272e-05   6.503648e-18   240
  3.054775e-01   5.368883e-17   1.192307e-04   4.748537e-18   384
  3.059059e-01   7.999727e-17   1.454479e-04   8.970866e-18   108
  3.062848e-01   9.977829e-17   8.527881e-05   7.873621e-18   348
  3.066832e-01   5.954368e-17   8.900031e-05   7.045915e-18   312
  3.070391e-01   6.522887e-17   8.648246e-05   1.475138e-17   96
  3.073663e-01   6.999372e-17   1.151358e-04   5.800060e-18   384
  3.077328e-01   7.319608e-17   7.919012e-05   6.900270e-18   144
  3.080912e-01   7.305707e-17   1.216791e-04   5.769222e-18   408
  3.085368e-01   3.874693e-17   5.427748e-05   5.818864e-18   144
  3.089578e-01   7.124654e-17   1.043490e-04   8.608725e-18   192
  3.092074e-01   8.407795e-17   1.174468e-04   9.219617e-18   144
  3.096144e-01   4.613241e-17   9.548855e-05   4.570895e-18   144
  3.099983e-01   7.232196e-17   1.167025e-04   7.136916e-18   336
  3.104685e-01   3.458453e-17   8.634502e-05   2.596900e-18   240
  3.107666e-01   5.180478e-17   3.920851e-05   7.322471e-18   96
  3.111825e-01   7.597025e-17   1.149797e-04   6.691741e-18   372
  3.116031e-01   5.711846e-17   1.367659e-04   9.878570e-18   132
  3.119726e-01   3.883181e-17   8.462908e-05   2.982450e-18   264
  3.123032e-01   9.883639e-17   6.499128e-05   1.248209e-17   168
  3.126560e-01   6.526964e-17   1.039086e-04   5.623161e-18   216
  3.129676e-01   4.568161e-17   6.357256e-05   6.270641e-18   216
  3.134215e-01   2.512241e-17   1.166292e-04   2.691964e-18   96
  3.138333e-01   7.491377e-17   7.608990e-05   9.469738e-18   120
  3.142110e-01   4.727070e-17   9.673168e-05   5.234564e-18   216
  3.145221e-01   3.866427e-17   4.227207e-05   4.113544e-18   200
  3.149340e-01   5.540507e-17   1.094242e-04   7.948581e-18   288
  3.154623e-01   1.672029e-17   2.879164e-05   1.345204e-18   144
  3.156848e-01   5.686224e-17   8.959781e-05   1.013186e-17   168
  3.161391e-01   5.166828e-17   1.008340e-04   8.360294e-18   159
  3.164937e-01   3.562388e-17   1.057991e-04   2.971594e-18   174
  3.168369e-01   3.095945e-17   9.593494e-05   3.050509e-18   144
  3.172863e-01   5.383168e-17   5.539549e-05   5.213005e-18   222
  3.175869e-01   3.763269e-17   5.589895e-05   4.521040e-18   168
  3.181060e-01   5.662389e-17   1.226079e-04   1.460278e-17   30
  3.183205e-01   1.483992e-17   1.082537e-04   1.983295e-18   72
  3.187244e-01   3.819456e-17   9.661517e-05   4.427359e-18   258
  3.191684e-01   3.054832e-17   6.051257e-05   2.525529e-18   264
  3.193905e-01   3.918000e-17   0.000000e+00   6.597480e-18   72
  3.198532e-01   2.101579e-17   1.199385e-04   2.651807e-18   174
  3.202721e-01   4.163662e-17   1.277123e-04   6.357198e-18   168
  3.206090e-01   1.003896e-17   3.996146e-09   1.464193e-18   48
  3.209705e-01   2.174106e-17   7.212215e-05   2.875655e-18   150
  3.213898e-01   5.168456e-17   1.326739e-04   4.690938e-18   168
  3.218102e-01   2.270768e-17   8.081877e-05   2.437669e-18   144
  3.221967e-01   3.711659e-17   7.550312e-05   7.527214e-18   102
  3.224847e-01   1.178887e-17   1.117576e-04   9.800176e-19   96
  3.229415e-01   8.994794e-18   1.109119e-04   6.841798e-19   120
  3.232799e-01   8.959270e-18   1.189559e-04   6.940834e-19   168
  3.236458e-01   4.229654e-17   8.783953e-05   4.255734e-18   126
  3.239576e-01   2.462197e-17   6.624856e-05   3.637733e-18   168
  3.243872e-01   1.256242e-17   1.062297e-04   1.809546e-18   72
  3.247626e-01   1.370235e-17   1.330232e-04   1.224959e-18   168
  3.250914e-01   3.360166e-17   3.646820e-05   7.266425e-18   78
  3.255420e-01   1.252736e-17   5.987806e-05   1.580704e-18   60
  3.259049e-01   4.790110e-17   9.713191e-05   9.297535e-18   96
  3.262812e-01   1.619762e-17   1.178615e-04   1.343255e-18   168
  3.266349e-01   1.467869e-17   7.457817e-05   2.885503e-18   86
  3.270060e-01   9.975007e-18   6.665520e-05   1.427721e-18   120
  3.275378e-01   1.222656e-17   4.753401e-05   1.176496e-18   168
  3.278247e-01   7.086540e-18   0.000000e+00   8.061250e-19   48
  3.282110e-01   2.830837e-17   8.660181e-05   3.275061e-18   120
  3.284330e-01   1.788105e-17   6.317951e-05   2.568428e-18   126
  3.289749e-01   1.562623e-17   1.111151e-04   1.867229e-18   96
  3.293266e-01   1.483938e-17   3.204012e-05   1.468137e-18   96
  3.296039e-01   9.682468e-18   0.000000e+00   1.191219e-18   72
  3.301949e-01   1.118432e-17   3.996146e-09   2.087660e-18   24
  3.305637e-01   1.667234e-17   6.593782e-05   1.567144e-18   120
  3.308514e-01   1.323280e-17   9.618300e-05   1.813497e-18   126
  3.311713e-01   9.039584e-18   8.018157e-05   1.088855e-18   96
  3.315452e-01   5.351079e-18   1.385771e-04   5.888213e-19   72
  3.319614e-01   9.448509e-18   5.993927e-05   8.020214e-19   144
  3.323038e-01   1.003394e-17   3.457157e-05   1.327792e-18   72
  3.326459e-01   1.546328e-17   6.905176e-05   3.370964e-18   54
  3.329469e-01   1.480710e-17   6.085106e-05   1.761553e-18   108
  3.335726e-01   1.639109e-17   5.964977e-05   1.816440e-18   72
  3.337673e-01   1.232690e-17   3.441997e-05   1.456646e-18   72
  3.342294e-01   7.019864e-18   6.921527e-09   9.188846e-19   24
  3.346666e-01   3.877011e-18   7.281693e-05   5.774901e-19   48
  3.349321e-01   1.161450e-17   5.546771e-05   1.640200e-18   102
  3.353317e-01   7.651038e-18   1.254449e-04   6.461910e-19   168
  3.358538e-01   5.468005e-18   6.841470e-05   7.480625e-19   72
  3.360473e-01   6.480955e-18   0.000000e+00   1.035616e-18   48
  3.364531e-01   9.028774e-18   1.176775e-04   9.208403e-19   120
  3.369887e-01   8.243322e-18   7.231517e-05   6.824802e-19   96
  3.374945e-01   1.974862e-17   7.830814e-09   6.947298e-18   30
  3.380957e-01   1.223133e-17   3.397687e-05   1.771165e-18   72
  3.383599e-01   5.891118e-18   3.996146e-09   1.337321e-18   24
  3.386992e-01   2.719874e-18   5.036212e-05   4.712466e-19   56
  3.390793e-01   2.739179e-18   7.186930e-05   2.467017e-19   96
  3.395342e-01   6.460600e-18   7.936128e-05   5.950072e-19   144
  3.398849e-01   9.503397e-18   4.505822e-05   2.244731e-18   54
  3.403944e-01   6.101245e-18   6.750198e-05   6.174080e-19   108
  3.409071e-01   1.570829e-17   3.574199e-05   2.783382e-18   48
  3.413952e-01   6.373114e-18   1.345800e-04   5.922935e-19   72
  3.425664e-01   1.217426e-17   8.891744e-05   1.607155e-18   78
  3.428909e-01   2.669864e-18   6.701044e-05   3.082975e-19   72
  3.432698e-01   3.036001e-18   6.692725e-05   3.315708e-19   72
  3.436659e-01   6.177846e-18   1.615028e-04   5.627040e-19   96
  3.439790e-01   3.175148e-18   6.678928e-05   2.108691e-19   72
  3.443566e-01   4.409939e-18   0.000000e+00   6.999641e-19   24
  3.447338e-01   5.672279e-18   1.332770e-04   6.416531e-19   72
  3.455858e-01   7.029112e-18   8.463498e-05   1.376604e-18   30
  3.457691e-01   9.532479e-18   0.000000e+00   1.906574e-18   24
  3.467544e-01   2.256089e-18   7.027855e-05   3.116886e-19   48
  3.470634e-01   3.781861e-18   1.512394e-04   5.653270e-19   120
  3.474798e-01   2.249686e-18   6.612537e-05   3.168763e-19   72
  3.479003e-01   3.327132e-18   6.604543e-05   5.337406e-19   36
  3.481894e-01   3.892265e-18   1.305365e-04   4.950211e-19   78
  3.489960e-01   4.626398e-18   6.982714e-05   5.193947e-19   48
  3.500419e-01   6.498723e-18   5.651403e-09   7.963095e-19   24
  3.507870e-01   1.131871e-18   4.862619e-05   1.801890e-19   56
  3.511622e-01   1.509183e-18   7.482652e-05   1.666512e-19   102
  3.516395e-01   2.429782e-18   5.328194e-09   2.761981e-19   72
  3.519166e-01   3.062708e-18   0.000000e+00   5.030542e-19   24
  3.524009e-01   2.402376e-18   6.915246e-05   2.833465e-19   48
  3.532988e-01   3.099313e-18   0.000000e+00   7.361334e-19   24
  3.544007e-01   2.989562e-18   0.000000e+00   1.511786e-18   6
  3.547443e-01   7.101108e-19   0.000000e+00   1.467286e-19   24
  3.549732e-01   1.259885e-18   6.472929e-05   1.295824e-19   72
  3.553914e-01   1.158967e-18   1.207586e-04   1.016924e-19   84
  3.558418e-01   2.112036e-18   0.000000e+00   4.569512e-19   24
  3.559787e-01   2.138976e-18   5.651403e-09   2.787566e-19   24
  3.566626e-01   2.342482e-18   3.996146e-09   4.422784e-19   24
  3.576179e-01   2.033387e-18   0.000000e+00   5.238801e-19   6
  3.588424e-01   6.101506e-19   6.791113e-05   7.524738e-20   48
  3.591365e-01   9.372063e-19   1.279335e-04   9.541643e-20   72
  3.595209e-01   1.262301e-18   6.778297e-05   1.833605e-19   48
  3.601304e-01   2.657328e-18   0.000000e+00   4.125081e-19   24
  3.609415e-01   5.498728e-18   3.996146e-09   8.954842e-19   6
  3.627599e-01   2.821453e-19   0.000000e+00   5.900015e-20   8
  3.628942e-01   6.718478e-19   3.996146e-09   1.742234e-19   48
  3.632164e-01   8.624044e-19   6.573533e-05   1.282514e-19   60
  3.636991e-01   1.282172e-18   0.000000e+00   3.090978e-19   24
  3.643686e-01   1.297321e-18   0.000000e+00   3.679401e-19   6
  3.668348e-01   4.475087e-19   0.000000e+00   8.564715e-20   24
  3.670341e-01   5.101406e-19   6.639546e-05   5.145496e-20   48
  3.673659e-01   7.502522e-19   0.000000e+00   2.048812e-19   24
  3.678962e-01   1.923400e-19   3.996146e-09   6.535685e-20   6
  3.709088e-01   2.238374e-19   6.194064e-05   3.013126e-20   36
  3.711278e-01   4.721558e-19   0.000000e+00   1.126742e-19   24
  3.715215e-01   4.907116e-19   0.000000e+00   2.553279e-19   6
  3.749494e-01   2.674562e-19   5.629118e-05   4.360165e-20   32
  3.752417e-01   1.507395e-19   3.996146e-09   4.120383e-20   6
  3.789254e-01   7.927191e-20   0.000000e+00   1.701298e-20   12
  3.790540e-01   2.842589e-19   0.000000e+00   5.104460e-20   6
  3.829556e-01   6.424653e-20   5.651403e-09   1.373911e-20   6
