# power spectrum of hij
# redshift z=10.000000
# k              Pk             sigma(k)       sigma(Pk)      count
  6.981317e-03   5.621919e-18   0.000000e+00   1.424784e-18   6
  9.873073e-03   3.124290e-18   0.000000e+00   5.227068e-19   12
  1.209200e-02   3.006627e-18   1.324548e-10   7.831671e-19   8
  1.396263e-02   1.027318e-18   0.000000e+00   2.015606e-19   6
  1.561070e-02   1.747890e-18   0.000000e+00   2.499876e-19   24
  1.710066e-02   1.291589e-18   2.497591e-10   2.547192e-19   24
  1.974615e-02   7.983527e-19   0.000000e+00   1.282543e-19   12
  2.094395e-02   7.675328e-19   2.825702e-10   8.623256e-20   30
  2.207686e-02   5.122653e-19   0.000000e+00   4.268763e-20   24
  2.315441e-02   3.504674e-19   4.325955e-10   4.521167e-20   24
  2.418399e-02   4.525443e-19   2.649095e-10   9.269393e-20   8
  2.517150e-02   5.292885e-19   3.532127e-10   5.379659e-20   24
  2.612170e-02   3.922144e-19   0.000000e+00   2.837612e-20   48
  2.792527e-02   3.506942e-19   0.000000e+00   2.850033e-20   6
  2.878471e-02   2.568905e-19   4.995182e-10   2.449919e-20   48
  2.961922e-02   3.941273e-19   0.000000e+00   3.755361e-20   36
  3.043086e-02   3.425144e-19   3.532127e-10   2.987457e-20   24
  3.122140e-02   1.769151e-19   0.000000e+00   2.264869e-20   24
  3.199241e-02   2.266663e-19   0.000000e+00   2.213223e-20   48
  3.274528e-02   1.267778e-19   4.995182e-10   1.228557e-20   24
  3.420133e-02   1.669951e-19   4.995182e-10   2.553986e-20   24
  3.490659e-02   1.311341e-19   0.000000e+00   1.553597e-20   30
  3.559787e-02   1.535605e-19   0.000000e+00   1.414434e-20   72
  3.627599e-02   1.425571e-19   5.298191e-10   2.215356e-20   32
  3.759554e-02   1.370390e-19   0.000000e+00   1.061950e-20   72
  3.823825e-02   1.191776e-19   0.000000e+00   9.446363e-21   48
  3.949229e-02   1.141406e-19   0.000000e+00   2.344652e-20   12
  4.010461e-02   7.554956e-20   0.000000e+00   6.792771e-21   48
  4.070772e-02   6.003576e-20   0.000000e+00   5.993890e-21   48
  4.130203e-02   7.750998e-20   4.995182e-10   7.333623e-21   48
  4.188790e-02   9.787634e-20   5.651403e-10   1.920494e-20   30
  4.246569e-02   7.856822e-20   4.995182e-10   1.394018e-20   24
  4.303573e-02   7.862503e-20   1.053077e-09   6.287895e-21   72
  4.415373e-02   6.410986e-20   0.000000e+00   8.792347e-21   24
  4.470224e-02   5.808536e-20   0.000000e+00   4.583079e-21   96
  4.524411e-02   4.960253e-20   0.000000e+00   3.844357e-21   48
  4.577956e-02   5.769679e-20   8.651909e-10   7.337826e-21   24
  4.630882e-02   3.886122e-20   8.651909e-10   7.419582e-21   24
  4.683210e-02   4.767300e-20   0.000000e+00   3.318197e-21   72
  4.734960e-02   3.734090e-20   0.000000e+00   2.954901e-21   48
  4.836798e-02   4.513107e-20   5.298191e-10   1.131720e-20   8
  4.886922e-02   3.521059e-20   6.279337e-10   3.422380e-21   54
  4.936537e-02   3.647945e-20   0.000000e+00   3.326767e-21   84
  4.985658e-02   4.048037e-20   0.000000e+00   4.860223e-21   48
  5.034299e-02   4.648433e-20   7.064254e-10   6.327890e-21   24
  5.082475e-02   3.408085e-20   6.660243e-10   2.402398e-21   72
  5.130199e-02   3.488734e-20   0.000000e+00   2.407019e-21   96
  5.224339e-02   2.582410e-20   0.000000e+00   2.537941e-21   48
  5.270779e-02   2.578014e-20   0.000000e+00   2.154769e-21   48
  5.316813e-02   3.594846e-20   7.064254e-10   4.521340e-21   24
  5.362451e-02   2.572476e-20   0.000000e+00   1.953998e-21   72
  5.452583e-02   2.330457e-20   6.660243e-10   1.837458e-21   72
  5.497095e-02   2.842257e-20   0.000000e+00   1.905415e-21   96
  5.585054e-02   1.799741e-20   0.000000e+00   5.248088e-21   6
  5.628518e-02   2.745123e-20   0.000000e+00   1.927213e-21   96
  5.671649e-02   2.486745e-20   7.064254e-10   1.837482e-21   96
  5.714454e-02   1.835314e-20   0.000000e+00   2.360482e-21   24
  5.756941e-02   2.727428e-20   9.990364e-10   1.931288e-21   48
  5.799117e-02   2.381532e-20   0.000000e+00   1.637191e-21   96
  5.840989e-02   1.676500e-20   0.000000e+00   1.544686e-21   48
  5.923844e-02   1.977389e-20   0.000000e+00   2.174232e-21   36
  5.964840e-02   1.730390e-20   1.223565e-09   2.113836e-21   48
  6.005556e-02   1.574831e-20   1.384305e-09   9.942135e-22   120
  6.045998e-02   1.708886e-20   0.000000e+00   1.674315e-21   56
  6.086171e-02   1.973649e-20   7.064254e-10   2.026150e-21   24
  6.126081e-02   1.663272e-20   0.000000e+00   1.085796e-21   96
  6.165732e-02   2.428928e-20   0.000000e+00   2.825530e-21   48
  6.244280e-02   1.584958e-20   0.000000e+00   2.030046e-21   24
  6.283185e-02   1.306546e-20   0.000000e+00   1.017906e-21   102
  6.321851e-02   1.332074e-20   0.000000e+00   1.031801e-21   48
  6.360282e-02   1.361730e-20   0.000000e+00   1.321947e-21   72
  6.398483e-02   1.286119e-20   0.000000e+00   1.161344e-21   48
  6.436456e-02   1.261492e-20   0.000000e+00   1.446847e-21   48
  6.474207e-02   1.121923e-20   1.598458e-09   8.372541e-22   120
  6.549056e-02   1.050758e-20   9.990364e-10   1.166590e-21   24
  6.586161e-02   1.059281e-20   9.419006e-10   5.871918e-22   144
  6.623059e-02   1.067494e-20   1.130281e-09   6.875720e-22   120
  6.659752e-02   8.250778e-21   9.990364e-10   7.614687e-22   48
  6.732538e-02   1.270842e-20   9.990364e-10   1.396825e-21   48
  6.768638e-02   8.989070e-21   9.990364e-10   6.231193e-22   96
  6.863955e-02   1.000676e-20   1.675093e-04   8.438377e-22   72
  6.911151e-02   9.937310e-21   1.255867e-09   4.870056e-22   108
  6.946323e-02   8.829504e-21   0.000000e+00   5.995034e-22   72
  6.981317e-02   1.392078e-20   0.000000e+00   1.758393e-21   30
  7.016137e-02   7.938234e-21   0.000000e+00   5.008369e-22   168
  7.050785e-02   8.243727e-21   0.000000e+00   9.015325e-22   48
  7.119574e-02   7.600300e-21   0.000000e+00   6.944559e-22   72
  7.153721e-02   7.497310e-21   0.000000e+00   5.270038e-22   96
  7.187706e-02   6.239642e-21   1.883801e-09   5.314949e-22   72
  7.221530e-02   8.209737e-21   0.000000e+00   6.230292e-22   72
  7.278398e-02   8.470667e-21   1.546684e-04   6.999022e-22   104
  7.322067e-02   7.069823e-21   1.332049e-09   3.929007e-22   144
  7.421242e-02   5.565527e-21   2.233913e-09   3.629395e-22   96
  7.454007e-02   6.426644e-21   0.000000e+00   5.521739e-22   96
  7.506116e-02   5.506692e-21   1.591194e-04   3.039412e-22   120
  7.551449e-02   6.291365e-21   0.000000e+00   3.554315e-22   120
  7.583651e-02   6.661759e-21   0.000000e+00   5.326107e-22   72
  7.647650e-02   6.782335e-21   0.000000e+00   7.527105e-22   48
  7.679449e-02   5.250568e-21   1.505926e-09   4.926845e-22   78
  7.720128e-02   5.752471e-21   1.424762e-04   2.757567e-22   168
  7.805350e-02   5.936052e-21   1.332049e-09   3.528957e-22   144
  7.836509e-02   4.836735e-21   1.332049e-09   2.847397e-22   144
  7.926883e-02   4.628282e-21   8.205478e-05   2.982430e-22   156
  7.959926e-02   5.962674e-21   1.730382e-09   5.460871e-22   48
  7.990483e-02   3.984830e-21   1.130281e-09   2.615245e-22   120
  8.020923e-02   3.399067e-21   0.000000e+00   3.584510e-22   48
  8.074745e-02   4.550711e-21   1.255998e-04   1.925677e-22   216
  8.141545e-02   3.759631e-21   0.000000e+00   3.739697e-22   48
  8.171422e-02   3.582721e-21   9.990364e-10   2.946482e-22   96
  8.213902e-02   4.805714e-21   1.467830e-04   2.923902e-22   168
  8.260406e-02   3.715767e-21   9.990364e-10   3.493298e-22   48
  8.289855e-02   3.920712e-21   0.000000e+00   2.734755e-22   96
  8.319199e-02   3.726417e-21   0.000000e+00   3.161242e-22   48
  8.377580e-02   3.903048e-21   1.130281e-09   3.427784e-22   30
  8.406619e-02   3.379517e-21   9.990364e-10   2.142188e-22   96
  8.441325e-02   3.375036e-21   1.153584e-04   1.712005e-22   240
  8.485953e-02   4.370033e-21   1.244551e-04   3.930558e-22   32
  8.521783e-02   3.233873e-21   0.000000e+00   1.550985e-22   168
  8.550332e-02   3.292421e-21   0.000000e+00   1.765975e-22   120
  8.607146e-02   3.469157e-21   2.106154e-09   2.780683e-22   72
  8.635412e-02   3.159740e-21   1.332049e-09   1.746594e-22   144
  8.663587e-02   3.563847e-21   0.000000e+00   2.344737e-22   96
  8.691670e-02   2.919946e-21   0.000000e+00   2.027994e-22   96
  8.747565e-02   3.384653e-21   1.631420e-09   2.473207e-22   72
  8.775379e-02   2.746485e-21   1.412851e-09   2.237884e-22   96
  8.830745e-02   3.337633e-21   0.000000e+00   4.393044e-22   24
  8.858298e-02   2.756418e-21   0.000000e+00   1.430070e-22   192
  8.890745e-02   2.391911e-21   1.056148e-04   1.224240e-22   132
  8.940448e-02   2.518166e-21   0.000000e+00   1.892878e-22   96
  8.967664e-02   2.421404e-21   0.000000e+00   1.896147e-22   96
  8.994798e-02   2.240679e-21   1.130281e-09   1.304928e-22   120
  9.048821e-02   2.971782e-21   0.000000e+00   2.484004e-22   48
  9.093103e-02   2.366079e-21   1.279966e-04   1.039777e-22   222
  9.129257e-02   2.757106e-21   0.000000e+00   1.709257e-22   120
  9.155911e-02   1.807470e-21   1.730382e-09   2.552490e-22   24
  9.194720e-02   2.011769e-21   1.321111e-04   7.408337e-23   312
  9.279280e-02   2.471819e-21   1.238595e-04   1.974509e-22   72
  9.314239e-02   1.927530e-21   9.990364e-10   1.526266e-22   96
  9.350136e-02   1.976956e-21   1.261337e-04   9.875951e-23   192
  9.392401e-02   2.178177e-21   1.598458e-09   1.384734e-22   120
  9.418312e-02   2.068245e-21   0.000000e+00   1.274362e-22   144
  9.469919e-02   1.802608e-21   0.000000e+00   1.513415e-22   48
  9.506602e-02   1.788047e-21   1.268319e-04   6.980853e-23   336
  9.546807e-02   2.000787e-21   0.000000e+00   2.264922e-22   48
  9.597724e-02   1.784727e-21   0.000000e+00   8.607732e-23   192
  9.623081e-02   1.792171e-21   0.000000e+00   1.612344e-22   48
  9.695161e-02   1.664307e-21   8.803796e-05   1.228292e-22   56
  9.731001e-02   1.868716e-21   1.130706e-04   6.993740e-23   336
  9.773844e-02   1.570210e-21   1.255867e-09   1.816334e-22   54
  9.811165e-02   1.587509e-21   1.241922e-04   7.231350e-23   240
  9.888643e-02   1.509932e-21   1.189150e-04   5.730586e-23   228
  9.922316e-02   1.594513e-21   1.332049e-09   1.161582e-22   72
  9.955002e-02   1.587472e-21   1.153504e-04   8.995738e-23   144
  9.995725e-02   1.077513e-21   0.000000e+00   7.474767e-23   96
  1.002007e-01   1.438792e-21   1.598458e-09   6.968136e-23   240
  1.006860e-01   1.674978e-21   1.412851e-09   2.530433e-22   24
  1.009966e-01   1.364846e-21   1.089476e-04   5.979839e-23   336
  1.014095e-01   1.170901e-21   0.000000e+00   8.697243e-23   72
  1.017863e-01   1.492446e-21   1.185007e-04   9.223445e-23   168
  1.021279e-01   1.399486e-21   0.000000e+00   1.661326e-22   72
  1.026040e-01   1.580323e-21   0.000000e+00   1.096994e-22   96
  1.029727e-01   1.132143e-21   1.176117e-04   5.667214e-23   216
  1.033141e-01   1.144288e-21   1.412851e-09   8.141057e-23   96
  1.037847e-01   1.181831e-21   0.000000e+00   5.614655e-23   192
  1.040193e-01   1.168257e-21   1.332049e-09   7.636359e-23   144
  1.044868e-01   1.020808e-21   0.000000e+00   1.031786e-22   48
  1.048105e-01   1.048186e-21   1.133915e-04   4.653481e-23   246
  1.052503e-01   1.027609e-21   1.045488e-04   5.180419e-23   168
  1.056465e-01   9.983325e-22   1.957704e-09   6.929943e-23   120
  1.058769e-01   1.031672e-21   0.000000e+00   5.025254e-23   240
  1.063363e-01   1.157268e-21   1.412851e-09   1.419809e-22   24
  1.067022e-01   1.034412e-21   1.119102e-04   3.734586e-23   360
  1.071580e-01   9.220134e-22   1.114340e-04   6.307184e-23   120
  1.074760e-01   1.051645e-21   0.000000e+00   5.584253e-23   144
  1.077025e-01   1.080730e-21   0.000000e+00   8.252277e-23   96
  1.083792e-01   8.587598e-22   0.000000e+00   5.325756e-23   144
  1.086038e-01   1.061105e-21   0.000000e+00   6.817022e-23   132
  1.089195e-01   8.402867e-22   1.099837e-04   3.537979e-23   176
  1.093777e-01   9.061736e-22   1.110614e-04   3.885610e-23   312
  1.099419e-01   8.900292e-22   0.000000e+00   6.079287e-23   96
  1.101633e-01   7.128610e-22   0.000000e+00   3.999844e-23   144
  1.105031e-01   8.631330e-22   1.099474e-04   3.751999e-23   312
  1.110446e-01   7.484635e-22   0.000000e+00   7.626126e-23   48
  1.112639e-01   7.754616e-22   1.412851e-09   4.581522e-23   192
  1.117011e-01   7.560222e-22   0.000000e+00   1.362452e-22   6
  1.119915e-01   7.005528e-22   1.025446e-04   2.918422e-23   288
  1.124620e-01   7.579752e-22   1.083450e-04   4.151314e-23   192
  1.127866e-01   7.815964e-22   3.322713e-09   3.994332e-23   216
  1.130025e-01   7.013891e-22   0.000000e+00   5.664693e-23   72
  1.135403e-01   7.659221e-22   1.073161e-04   3.911071e-23   192
  1.138975e-01   6.624798e-22   7.968796e-05   2.841692e-23   288
  1.142891e-01   7.453131e-22   0.000000e+00   7.112972e-23   24
  1.145916e-01   6.996317e-22   1.049823e-04   2.330338e-23   456
  1.151388e-01   6.574499e-22   1.998073e-09   7.532273e-23   48
  1.154769e-01   6.197025e-22   1.034033e-04   2.480257e-23   240
  1.158655e-01   6.204191e-22   1.045007e-04   3.599162e-23   216
  1.161923e-01   6.627492e-22   0.000000e+00   5.448165e-23   72
  1.164018e-01   6.584547e-22   3.610549e-09   4.174846e-23   168
  1.169935e-01   5.478372e-22   7.767385e-05   2.370459e-23   288
  1.173253e-01   5.124551e-22   1.027758e-04   2.614852e-23   168
  1.178582e-01   5.761488e-22   0.000000e+00   3.118833e-23   192
  1.180648e-01   5.302710e-22   1.332049e-09   3.466475e-23   144
  1.184769e-01   6.131435e-22   0.000000e+00   8.508374e-23   36
  1.188264e-01   5.481865e-22   9.385617e-05   2.258761e-23   342
  1.191605e-01   5.536574e-22   9.637890e-05   3.258012e-23   144
  1.195900e-01   5.168952e-22   1.010773e-04   1.824648e-23   384
  1.201111e-01   5.710607e-22   2.768611e-09   3.380220e-23   120
  1.203690e-01   5.222744e-22   9.013158e-05   2.385098e-23   264
  1.207183e-01   5.123034e-22   4.467827e-09   3.377147e-23   192
  1.210471e-01   4.331518e-22   9.713401e-05   2.758672e-23   152
  1.213224e-01   5.128913e-22   2.664097e-09   3.062332e-23   144
  1.219012e-01   5.126596e-22   6.286607e-05   2.485118e-23   216
  1.221692e-01   4.934935e-22   8.400585e-05   1.883995e-23   312
  1.226409e-01   4.990937e-22   9.736112e-05   1.970098e-23   240
  1.229188e-01   3.973752e-22   1.412851e-09   3.444702e-23   96
  1.234463e-01   4.051126e-22   9.308426e-05   2.285165e-23   144
  1.237714e-01   4.416074e-22   9.149363e-05   1.416430e-23   456
  1.242988e-01   4.281789e-22   0.000000e+00   2.739998e-23   120
  1.244947e-01   4.193154e-22   0.000000e+00   2.480371e-23   144
  1.248856e-01   3.362049e-22   0.000000e+00   4.119059e-23   24
  1.251362e-01   4.099933e-22   8.794658e-05   1.673920e-23   336
  1.255696e-01   4.245936e-22   9.699311e-05   2.242276e-23   198
  1.259757e-01   4.021783e-22   9.432023e-05   1.547326e-23   432
  1.264370e-01   4.126477e-22   0.000000e+00   5.288726e-23   48
  1.266777e-01   3.955265e-22   8.326844e-05   1.419768e-23   384
  1.271098e-01   3.086490e-22   9.585962e-05   1.768267e-23   144
  1.275013e-01   4.246866e-22   9.517601e-05   2.314187e-23   264
  1.279697e-01   3.349111e-22   0.000000e+00   2.654750e-23   48
  1.282839e-01   3.447906e-22   9.049683e-05   1.446194e-23   276
  1.285870e-01   3.633506e-22   8.203293e-05   1.852264e-23   192
  1.289922e-01   3.364338e-22   9.218697e-05   1.114782e-23   552
  1.294841e-01   3.110133e-22   3.196917e-09   1.842428e-23   120
  1.297765e-01   2.725245e-22   9.331596e-05   1.190143e-23   216
  1.300475e-01   3.047867e-22   1.598458e-09   2.401019e-23   120
  1.305316e-01   3.370825e-22   9.189333e-05   1.300936e-23   408
  1.309811e-01   2.775965e-22   1.998073e-09   2.490947e-23   24
  1.312599e-01   3.297728e-22   9.282881e-05   1.311140e-23   384
  1.316492e-01   3.102433e-22   9.069708e-05   1.376419e-23   240
  1.319872e-01   3.236176e-22   9.136125e-05   1.931950e-23   168
  1.324612e-01   2.788499e-22   2.260561e-09   2.194542e-23   120
  1.327667e-01   3.072536e-22   9.523931e-05   1.378505e-23   350
  1.332635e-01   3.201197e-22   1.567823e-04   1.120241e-23   384
  1.335605e-01   2.988030e-22   0.000000e+00   1.648443e-23   144
  1.341067e-01   2.766499e-22   3.767602e-09   1.113618e-23   288
  1.343919e-01   2.653661e-22   8.974411e-05   1.047486e-23   336
  1.347800e-01   2.673203e-22   8.170456e-05   1.436926e-23   168
  1.350122e-01   2.711998e-22   1.614687e-09   1.071217e-23   336
  1.354927e-01   2.943518e-22   8.480446e-05   1.283457e-23   288
  1.357812e-01   2.662239e-22   7.990748e-05   1.104237e-23   264
  1.362699e-01   2.419927e-22   0.000000e+00   1.100237e-23   240
  1.364486e-01   2.508460e-22   2.825702e-09   1.806343e-23   96
  1.370900e-01   2.535060e-22   1.086688e-04   9.344052e-24   360
  1.373893e-01   2.879024e-22   8.010757e-05   1.855464e-23   168
  1.377676e-01   2.258232e-22   8.732558e-05   7.904570e-24   456
  1.382230e-01   2.403287e-22   2.511735e-09   1.325615e-23   108
  1.384792e-01   2.110464e-22   8.761995e-05   1.000276e-23   264
  1.387988e-01   2.273562e-22   7.817127e-05   9.081677e-24   264
  1.392364e-01   2.440088e-22   7.376599e-05   9.404530e-24   312
  1.397814e-01   2.159179e-22   5.481617e-05   1.010377e-23   270
  1.400098e-01   1.897739e-22   6.959603e-05   9.985678e-24   240
  1.404204e-01   2.178972e-22   8.609907e-05   8.302926e-24   384
  1.406696e-01   2.219528e-22   0.000000e+00   1.390496e-23   192
  1.411539e-01   2.444883e-22   6.908303e-05   1.135276e-23   240
  1.414347e-01   2.134247e-22   8.525963e-05   9.292684e-24   336
  1.419630e-01   2.137607e-22   8.583011e-05   6.298049e-24   480
  1.423915e-01   2.455706e-22   0.000000e+00   2.238088e-23   72
  1.426309e-01   1.877334e-22   8.369217e-05   1.107296e-23   240
  1.429564e-01   2.004952e-22   7.865917e-05   7.987851e-24   312
  1.433297e-01   1.956868e-22   8.501169e-05   9.431578e-24   240
  1.438936e-01   1.878710e-22   6.458688e-05   7.030140e-24   408
  1.441169e-01   1.974835e-22   5.914602e-05   7.667113e-24   336
  1.445532e-01   2.183996e-22   7.510087e-05   1.136458e-23   264
  1.447677e-01   1.506621e-22   0.000000e+00   7.963004e-24   144
  1.453643e-01   1.663283e-22   1.040943e-04   5.807108e-24   464
  1.456786e-01   1.707830e-22   8.277629e-05   8.087683e-24   168
  1.459889e-01   1.530414e-22   7.539115e-05   7.129010e-24   336
  1.465498e-01   1.880638e-22   7.921315e-05   7.070801e-24   414
  1.468660e-01   1.832246e-22   8.245619e-05   9.955230e-24   216
  1.472710e-01   1.783383e-22   1.998073e-09   1.143370e-23   96
  1.474364e-01   1.551694e-22   5.994218e-09   6.385919e-24   384
  1.480158e-01   1.628745e-22   8.229688e-05   5.553344e-24   492
  1.483263e-01   1.912275e-22   8.047930e-05   9.408117e-24   240
  1.486772e-01   1.590178e-22   8.171468e-05   6.567041e-24   312
  1.491618e-01   1.406090e-22   8.168777e-05   7.908316e-24   192
  1.494688e-01   1.436517e-22   7.916535e-05   4.962733e-24   504
  1.498761e-01   1.466640e-22   5.240881e-05   5.295982e-24   408
  1.501968e-01   1.382080e-22   1.605609e-04   7.803353e-24   168
  1.505981e-01   1.552427e-22   7.626782e-05   7.196193e-24   288
  1.509348e-01   1.373010e-22   7.959200e-05   5.745413e-24   288
  1.512797e-01   1.261755e-22   8.005014e-05   4.900321e-24   432
  1.517801e-01   1.415097e-22   7.570076e-05   7.115655e-24   216
  1.520474e-01   1.271062e-22   7.554106e-05   4.855534e-24   360
  1.525234e-01   1.351101e-22   7.372735e-05   5.572857e-24   312
  1.529530e-01   1.858902e-22   0.000000e+00   1.806927e-23   48
  1.532006e-01   1.332211e-22   7.904634e-05   4.827952e-24   432
  1.536441e-01   1.244672e-22   1.318501e-04   4.768880e-24   414
  1.539060e-01   1.440047e-22   6.955573e-09   6.108763e-24   312
  1.543946e-01   1.239636e-22   1.156911e-04   4.043718e-24   528
  1.547243e-01   1.315731e-22   6.072803e-05   6.164972e-24   264
  1.551204e-01   1.268481e-22   7.200680e-05   4.388669e-24   480
  1.556380e-01   1.269413e-22   0.000000e+00   5.379497e-24   288
  1.558615e-01   1.363714e-22   7.736908e-05   7.291287e-24   168
  1.562704e-01   1.128963e-22   1.224750e-04   4.368349e-24   504
  1.567302e-01   1.370869e-22   2.664097e-09   8.804312e-24   144
  1.570194e-01   1.191708e-22   7.865832e-05   4.292485e-24   464
  1.574541e-01   1.252366e-22   1.154355e-04   4.759264e-24   432
  1.576603e-01   1.252423e-22   1.998073e-09   6.445887e-24   192
  1.581934e-01   1.041531e-22   8.557628e-05   4.083391e-24   396
  1.585082e-01   9.581491e-23   7.687110e-05   4.903463e-24   288
  1.588263e-01   1.092217e-22   7.593549e-05   5.476889e-24   336
  1.593345e-01   1.014057e-22   4.808388e-05   4.334135e-24   432
  1.596570e-01   1.058586e-22   1.246267e-04   4.302763e-24   360
  1.600192e-01   1.083350e-22   7.371853e-05   4.224368e-24   384
  1.605335e-01   1.009724e-22   6.507077e-05   5.729130e-24   198
  1.607813e-01   1.028676e-22   7.396430e-05   3.322555e-24   552
  1.612434e-01   9.653618e-23   1.035450e-04   3.826221e-24   432
  1.616292e-01   1.058650e-22   0.000000e+00   7.061644e-24   168
  1.619530e-01   9.081347e-23   1.283579e-04   3.333546e-24   480
  1.623813e-01   9.318970e-23   0.000000e+00   5.602071e-24   120
  1.625741e-01   1.048096e-22   1.048372e-04   5.950637e-24   336
  1.630445e-01   9.249677e-23   7.396097e-05   2.974705e-24   672
  1.635097e-01   1.108608e-22   1.075863e-04   3.622800e-24   528
  1.637264e-01   8.508680e-23   3.229373e-09   5.549136e-24   168
  1.642270e-01   9.318530e-23   1.200118e-04   3.465902e-24   456
  1.645324e-01   1.058098e-22   7.329223e-05   6.236375e-24   168
  1.648495e-01   9.874539e-23   7.316065e-05   3.770578e-24   504
  1.653766e-01   7.682234e-23   9.414654e-05   3.706305e-24   336
  1.656953e-01   8.899087e-23   6.786851e-05   3.808493e-24   312
  1.660489e-01   8.841301e-23   6.631214e-05   3.515021e-24   504
  1.665141e-01   8.009652e-23   4.600920e-05   3.327203e-24   432
  1.667329e-01   9.948936e-23   7.109945e-05   4.503015e-24   312
  1.671876e-01   8.601384e-23   7.288039e-05   3.557264e-24   384
  1.676624e-01   8.206106e-23   6.192036e-05   4.729493e-24   126
  1.679555e-01   8.539583e-23   1.087174e-04   3.159715e-24   492
  1.683299e-01   8.018338e-23   6.963360e-05   2.780041e-24   528
  1.687978e-01   7.449141e-23   7.073279e-05   2.584285e-24   480
  1.690879e-01   8.847831e-23   9.771696e-05   3.489180e-24   432
  1.695076e-01   7.842731e-23   7.684145e-05   3.202671e-24   440
  1.699951e-01   8.731790e-23   3.821294e-05   4.261100e-24   312
  1.701781e-01   6.695699e-23   5.726529e-05   2.514967e-24   480
  1.705533e-01   7.331995e-23   1.121243e-04   2.983504e-24   408
  1.711016e-01   8.430835e-23   6.714979e-05   3.551346e-24   360
  1.713332e-01   7.266064e-23   6.479710e-05   3.330714e-24   408
  1.717625e-01   6.646215e-23   6.593925e-05   2.433176e-24   456
  1.722458e-01   7.123145e-23   6.302169e-05   3.412340e-24   264
  1.725141e-01   7.948761e-23   6.839435e-05   3.678414e-24   384
  1.729046e-01   7.705235e-23   1.151467e-04   2.519240e-24   672
  1.733561e-01   7.841785e-23   6.887260e-05   4.575339e-24   240
  1.736166e-01   6.678498e-23   6.988846e-05   3.169954e-24   264
  1.739843e-01   5.902872e-23   8.619588e-05   1.789259e-24   624
  1.745329e-01   5.181953e-23   0.000000e+00   3.705630e-24   150
  1.747283e-01   6.668145e-23   9.658929e-05   2.399233e-24   600
  1.751402e-01   7.173867e-23   6.666345e-05   2.315240e-24   672
  1.756067e-01   6.235395e-23   6.270167e-05   2.821073e-24   336
  1.758666e-01   6.057826e-23   6.820115e-05   2.495435e-24   408
  1.762818e-01   7.228575e-23   6.804049e-05   3.285661e-24   408
  1.767436e-01   7.585482e-23   3.440492e-05   3.475110e-24   360
  1.770283e-01   6.660972e-23   1.263238e-04   2.794683e-24   456
  1.773722e-01   5.479320e-23   6.869566e-05   2.071646e-24   384
  1.778099e-01   5.077176e-23   6.341480e-05   2.500906e-24   348
  1.780464e-01   5.956543e-23   7.817791e-05   2.357645e-24   576
  1.784907e-01   6.141024e-23   6.436923e-05   2.111805e-24   504
  1.789452e-01   6.241335e-23   9.078907e-05   2.767193e-24   432
  1.793419e-01   6.153897e-23   1.235181e-04   2.157144e-24   576
  1.796248e-01   5.806800e-23   0.000000e+00   3.269798e-24   264
  1.800736e-01   5.913240e-23   9.828954e-05   1.912250e-24   768
  1.804640e-01   4.812355e-23   1.323290e-04   2.037917e-24   240
  1.807743e-01   5.510312e-23   1.167016e-04   4.593741e-24   192
  1.812263e-01   5.800784e-23   8.590664e-05   2.146695e-24   504
  1.815615e-01   5.997891e-23   1.157624e-04   1.988648e-24   590
  1.818830e-01   5.487384e-23   1.297055e-04   2.561876e-24   384
  1.822861e-01   4.871235e-23   1.083956e-04   2.064110e-24   504
  1.827729e-01   5.038675e-23   1.043140e-04   1.677589e-24   648
  1.832449e-01   4.652795e-23   2.833030e-05   1.798989e-24   504
  1.834353e-01   5.245171e-23   6.462673e-05   2.433358e-24   312
  1.837714e-01   5.862055e-23   9.311123e-05   2.395479e-24   576
  1.842327e-01   6.100764e-23   6.479663e-05   3.250238e-24   240
  1.845017e-01   5.171825e-23   6.547387e-05   1.979316e-24   552
  1.848823e-01   5.056355e-23   6.147846e-05   1.811498e-24   600
  1.854246e-01   5.084762e-23   7.509108e-05   1.908373e-24   600
  1.857506e-01   5.032274e-23   1.202524e-04   2.634906e-24   312
  1.860753e-01   5.416461e-23   1.047280e-04   2.526078e-24   480
  1.864809e-01   4.747663e-23   6.534019e-05   1.877548e-24   576
  1.868380e-01   4.593900e-23   1.052119e-04   2.147449e-24   408
  1.871548e-01   2.867489e-23   1.227345e-04   1.998521e-24   216
  1.875642e-01   5.074523e-23   9.400084e-05   1.901277e-24   516
  1.880028e-01   4.884875e-23   8.968636e-05   1.564297e-24   744
  1.884552e-01   4.914347e-23   5.990257e-05   2.083327e-24   462
  1.887109e-01   3.858720e-23   6.088230e-05   1.736259e-24   432
  1.891075e-01   4.532230e-23   5.648168e-05   1.666598e-24   648
  1.895737e-01   4.008252e-23   8.264320e-05   1.635370e-24   528
  1.899483e-01   5.035168e-23   9.952305e-05   1.869312e-24   600
  1.903225e-01   5.132697e-23   1.254725e-04   2.662800e-24   240
  1.906850e-01   4.084375e-23   9.611075e-05   1.366757e-24   720
  1.911062e-01   4.299995e-23   7.604100e-05   1.529076e-24   720
  1.915732e-01   2.373118e-23   0.000000e+00   1.475915e-24   144
  1.918190e-01   4.781233e-23   9.803961e-05   1.673627e-24   720
  1.921686e-01   4.447267e-23   5.878648e-05   2.312770e-24   384
  1.926063e-01   4.035672e-23   6.516793e-05   1.483898e-24   672
  1.930215e-01   4.651728e-23   1.141019e-04   2.793734e-24   336
  1.932199e-01   3.693886e-23   0.000000e+00   2.503121e-24   288
  1.937055e-01   3.557300e-23   9.030399e-05   1.320161e-24   776
  1.941551e-01   3.900237e-23   7.726878e-05   1.451701e-24   720
  1.945327e-01   3.715342e-23   6.224567e-05   1.675847e-24   432
  1.948347e-01   4.455861e-23   8.873905e-05   1.919565e-24   504
  1.951706e-01   4.571952e-23   6.217429e-05   2.240409e-24   528
  1.956407e-01   3.490189e-23   8.470885e-05   1.680293e-24   438
  1.960275e-01   3.720581e-23   9.859335e-05   1.463352e-24   624
  1.963189e-01   3.576977e-23   1.207635e-04   2.010687e-24   312
  1.967196e-01   4.365428e-23   6.506437e-05   1.407013e-24   696
  1.971339e-01   3.575817e-23   5.887146e-05   1.438038e-24   552
  1.975648e-01   3.943324e-23   4.554687e-05   1.925720e-24   516
  1.978313e-01   3.954998e-23   9.097645e-05   1.670801e-24   528
  1.981558e-01   3.009770e-23   5.916447e-05   1.287643e-24   528
  1.986168e-01   3.437699e-23   7.802593e-05   1.147463e-24   864
  1.989297e-01   3.550884e-23   1.068795e-04   1.719960e-24   408
  1.992429e-01   5.276723e-23   1.058911e-04   3.705515e-24   192
  1.996868e-01   3.072489e-23   8.762994e-05   1.235491e-24   720
  2.000615e-01   3.555101e-23   8.079911e-05   1.458141e-24   696
  2.005068e-01   3.277965e-23   8.726379e-05   1.165425e-24   720
  2.009142e-01   4.121714e-23   1.182756e-04   1.804344e-24   432
  2.011518e-01   3.001476e-23   6.962164e-05   1.762244e-24   264
  2.015793e-01   3.390369e-23   9.614441e-05   1.382584e-24   672
  2.019616e-01   3.178417e-23   9.843711e-05   1.215755e-24   600
  2.024154e-01   2.069615e-23   5.763483e-05   9.277863e-25   270
  2.026441e-01   2.885226e-23   8.675648e-05   1.503508e-24   528
  2.030077e-01   3.256149e-23   5.940776e-05   1.119910e-24   840
  2.035062e-01   3.452420e-23   1.135983e-04   1.091555e-24   888
  2.039669e-01   2.928927e-23   8.463909e-05   1.034134e-24   744
  2.043562e-01   3.206001e-23   4.349214e-05   1.295641e-24   456
  2.045498e-01   3.945429e-23   5.943469e-05   1.701099e-24   360
  2.048811e-01   2.426897e-23   5.149682e-05   1.260215e-24   384
  2.053895e-01   3.037270e-23   8.260041e-05   1.068207e-24   816
  2.057710e-01   2.854422e-23   1.198416e-04   1.079475e-24   824
  2.062346e-01   2.663599e-23   5.570811e-05   1.583991e-24   360
  2.064829e-01   2.854095e-23   8.220424e-05   1.060773e-24   624
  2.068246e-01   3.515533e-23   5.554917e-05   2.038808e-24   360
  2.072798e-01   2.816217e-23   7.556319e-05   1.031068e-24   876
  2.076909e-01   2.972836e-23   8.974647e-05   1.260328e-24   696
  2.081055e-01   2.668008e-23   5.795238e-05   1.437584e-24   336
  2.083228e-01   3.032696e-23   5.788726e-05   1.552593e-24   504
  2.086818e-01   2.567939e-23   5.838888e-05   1.148534e-24   672
  2.092144e-01   2.624657e-23   1.162387e-04   9.225950e-25   720
  2.095838e-01   2.736604e-23   8.780591e-05   1.057841e-24   774
  2.099915e-01   2.417531e-23   5.025783e-05   1.443012e-24   384
  2.102050e-01   3.088004e-23   9.671763e-05   1.400390e-24   528
  2.105364e-01   2.887315e-23   9.217729e-05   1.181115e-24   744
  2.110694e-01   3.069033e-23   7.602671e-05   1.095969e-24   768
  2.114233e-01   2.209528e-23   8.534571e-05   9.813736e-25   552
  2.118649e-01   2.674319e-23   9.301717e-05   1.240825e-24   696
  2.121934e-01   2.811985e-23   1.130320e-04   1.263386e-24   408
  2.124541e-01   2.747571e-23   4.883074e-05   1.174159e-24   504
  2.128675e-01   2.630002e-23   8.772259e-05   9.705246e-25   888
  2.132743e-01   2.652733e-23   9.116913e-05   1.194575e-24   648
  2.136971e-01   2.464176e-23   9.038766e-05   1.215911e-24   648
  2.140948e-01   2.347650e-23   9.746006e-05   9.334469e-25   792
  2.145162e-01   2.257512e-23   1.425907e-04   1.134812e-24   600
  2.148267e-01   1.926682e-23   9.663487e-05   9.862573e-25   456
  2.151535e-01   2.405172e-23   4.709572e-05   9.704348e-25   648
  2.155732e-01   2.150574e-23   9.184351e-05   7.229496e-25   936
  2.160264e-01   3.207482e-23   5.640375e-05   1.589405e-24   384
  2.164208e-01   2.252200e-23   4.745948e-09   1.781022e-24   198
  2.167253e-01   2.185971e-23   1.431011e-04   6.779137e-25   1224
  2.170537e-01   2.911899e-23   1.042217e-04   1.404530e-24   420
  2.174420e-01   2.241415e-23   1.008648e-04   8.158254e-25   792
  2.178218e-01   2.233304e-23   8.340657e-05   9.717045e-25   680
  2.182552e-01   1.996527e-23   7.658783e-05   8.042496e-25   600
  2.186039e-01   2.148632e-23   1.110734e-04   8.385761e-25   840
  2.190695e-01   2.416515e-23   5.244369e-05   1.292816e-24   432
  2.192474e-01   2.366279e-23   4.914665e-05   1.038916e-24   720
  2.196343e-01   2.265485e-23   9.843213e-05   8.190066e-25   960
  2.201154e-01   2.113201e-23   8.774504e-05   1.091234e-24   528
  2.204670e-01   2.194321e-23   8.969217e-05   1.296479e-24   624
  2.208855e-01   2.316182e-23   7.049743e-05   8.874732e-25   816
  2.213008e-01   1.968535e-23   1.159345e-04   8.830629e-25   696
  2.217599e-01   1.869910e-23   7.830814e-09   1.239001e-24   240
  2.219325e-01   2.338241e-23   6.836935e-05   1.165332e-24   672
  2.223177e-01   2.021971e-23   1.221858e-04   8.719387e-25   864
  2.227499e-01   1.573251e-23   9.375778e-05   6.011558e-25   816
  2.231394e-01   1.834076e-23   5.366372e-05   9.693106e-25   648
  2.235589e-01   2.250992e-23   5.485410e-05   8.908857e-25   843
  2.239151e-01   1.850978e-23   9.869601e-05   7.744036e-25   780
  2.243395e-01   1.669414e-23   5.295844e-05   1.584678e-24   216
  2.246013e-01   1.890620e-23   1.277035e-04   6.542997e-25   1056
  2.250039e-01   1.933113e-23   1.044758e-04   1.550106e-24   228
  2.253767e-01   2.064054e-23   1.300750e-04   7.973824e-25   924
  2.257594e-01   2.097950e-23   4.825052e-05   8.798780e-25   696
  2.261647e-01   1.623344e-23   8.587211e-05   6.724069e-25   996
  2.265793e-01   1.390833e-23   5.069718e-05   6.832997e-25   576
  2.270107e-01   1.623424e-23   7.824775e-05   1.016964e-24   552
  2.273251e-01   2.063967e-23   9.342507e-05   1.035244e-24   516
  2.276442e-01   1.725418e-23   1.358594e-04   7.808533e-25   744
  2.280088e-01   1.273062e-23   6.664715e-05   6.260637e-25   576
  2.283260e-01   1.468106e-23   6.859680e-05   6.189574e-25   792
  2.287768e-01   1.740043e-23   7.841886e-05   6.787317e-25   792
  2.291071e-01   1.582159e-23   8.457391e-05   7.202066e-25   720
  2.295538e-01   1.469797e-23   9.639481e-05   5.986409e-25   656
  2.299724e-01   1.493769e-23   1.052581e-04   6.256117e-25   816
  2.304015e-01   1.374338e-23   5.675340e-05   8.617828e-25   492
  2.306454e-01   1.646882e-23   8.164378e-05   7.514390e-25   552
  2.311032e-01   1.248444e-23   1.419686e-04   6.715109e-25   780
  2.314005e-01   1.437809e-23   8.720963e-05   7.675276e-25   528
  2.317208e-01   1.138816e-23   1.018002e-04   4.665613e-25   600
  2.321929e-01   1.673948e-23   8.460399e-05   6.046619e-25   900
  2.325183e-01   1.390683e-23   4.683822e-05   7.031599e-25   696
  2.329660e-01   1.256078e-23   1.184322e-04   5.724187e-25   696
  2.333991e-01   1.092546e-23   4.804683e-05   4.174680e-25   552
  2.337633e-01   1.112715e-23   5.587403e-05   5.316106e-25   708
  2.341448e-01   1.221306e-23   9.225121e-05   5.106259e-25   876
  2.345418e-01   1.561801e-23   4.898356e-05   1.826676e-24   216
  2.348082e-01   1.288029e-23   1.339767e-04   4.939072e-25   1032
  2.352071e-01   1.022379e-23   1.491682e-04   5.574439e-25   600
  2.356212e-01   8.993559e-24   7.117755e-05   5.189171e-25   600
  2.359371e-01   1.174563e-23   1.256929e-04   5.664364e-25   528
  2.363105e-01   1.146078e-23   6.899988e-05   5.349308e-25   732
  2.367039e-01   1.202059e-23   5.095015e-05   7.483788e-25   336
  2.371566e-01   1.037878e-23   7.261407e-05   4.715174e-25   912
  2.374950e-01   8.567930e-24   7.288252e-05   3.553334e-25   624
  2.378647e-01   1.118546e-23   6.141657e-05   4.802555e-25   768
  2.382963e-01   1.070029e-23   1.108076e-04   4.198512e-25   792
  2.387198e-01   1.007066e-23   5.493383e-05   5.872731e-25   660
  2.390212e-01   1.036233e-23   8.095383e-05   6.574002e-25   504
  2.393329e-01   8.128647e-24   1.322631e-04   4.142972e-25   480
  2.398000e-01   7.082814e-24   1.223261e-04   2.914392e-25   912
  2.401658e-01   9.670196e-24   1.362291e-04   5.600529e-25   432
  2.405113e-01   9.710839e-24   8.088962e-05   5.603535e-25   564
  2.408180e-01   8.405747e-24   7.742251e-05   3.599698e-25   600
  2.412498e-01   1.014037e-23   1.079196e-04   4.025645e-25   876
  2.415741e-01   8.605304e-24   4.852393e-05   6.687316e-25   264
  2.420212e-01   8.591757e-24   9.415549e-05   4.808481e-25   560
  2.423806e-01   7.692179e-24   6.398069e-05   2.961459e-25   840
  2.428168e-01   6.596456e-24   9.863978e-05   2.844140e-25   1008
  2.432202e-01   6.014037e-24   4.412481e-05   2.862744e-25   456
  2.435886e-01   8.983315e-24   5.715745e-05   4.935194e-25   576
  2.439292e-01   8.350637e-24   8.782853e-05   4.420763e-25   612
  2.443783e-01   8.009424e-24   7.844513e-05   3.736492e-25   780
  2.447447e-01   8.029835e-24   8.989453e-05   3.463513e-25   648
  2.451197e-01   7.900561e-24   4.189201e-05   5.954954e-25   312
  2.453594e-01   5.591063e-24   1.064407e-04   2.563042e-25   528
  2.457747e-01   5.793641e-24   1.390063e-04   2.331126e-25   720
  2.461718e-01   7.476643e-24   1.394416e-04   4.606291e-25   576
  2.466533e-01   6.321911e-24   1.202863e-04   3.834780e-25   444
  2.469529e-01   7.373308e-24   1.179621e-04   2.739094e-25   996
  2.473200e-01   5.884523e-24   9.853387e-05   4.050757e-25   432
  2.476669e-01   7.154874e-24   1.078752e-04   3.373284e-25   504
  2.479666e-01   4.962422e-24   4.863583e-05   3.050806e-25   504
  2.483934e-01   7.265932e-24   9.571589e-05   2.829794e-25   876
  2.487796e-01   5.931985e-24   1.101599e-04   3.226151e-25   504
  2.491817e-01   5.309432e-24   7.025420e-05   2.678684e-25   696
  2.495140e-01   6.276414e-24   6.005997e-05   3.050103e-25   492
  2.499662e-01   4.933992e-24   8.597875e-05   2.758071e-25   432
  2.503011e-01   6.623005e-24   8.050968e-05   2.855139e-25   768
  2.506981e-01   4.996679e-24   1.002856e-04   2.295896e-25   648
  2.510772e-01   4.319956e-24   6.542561e-05   2.466766e-25   456
  2.515128e-01   5.198303e-24   8.997083e-05   2.771097e-25   552
  2.518153e-01   4.847760e-24   6.166608e-05   2.441337e-25   648
  2.522317e-01   4.793760e-24   1.005122e-04   1.701395e-25   840
  2.526384e-01   5.188054e-24   4.793217e-05   2.789395e-25   432
  2.530455e-01   5.132153e-24   5.870872e-05   2.962304e-25   600
  2.533287e-01   6.396699e-24   6.255029e-05   3.448403e-25   432
  2.538044e-01   5.634193e-24   6.227491e-05   2.667305e-25   560
  2.541265e-01   3.991447e-24   9.857465e-05   1.689468e-25   840
  2.545299e-01   4.855027e-24   5.838720e-05   2.559920e-25   504
  2.548502e-01   3.876486e-24   1.191648e-04   1.643522e-25   696
  2.553018e-01   5.325910e-24   6.508356e-05   3.081508e-25   384
  2.556535e-01   3.656462e-24   9.533975e-05   1.712060e-25   576
  2.560789e-01   3.793573e-24   5.883893e-05   2.337597e-25   360
  2.564218e-01   4.312820e-24   8.762544e-05   1.829233e-25   828
  2.567917e-01   3.767049e-24   7.804673e-05   2.342637e-25   372
  2.571307e-01   3.781379e-24   1.191923e-04   1.640489e-25   576
  2.575797e-01   4.509299e-24   4.991761e-05   2.012250e-25   636
  2.578996e-01   4.021145e-24   9.622826e-05   1.840153e-25   648
  2.583323e-01   3.440542e-24   7.822306e-05   1.637089e-25   576
  2.586430e-01   3.777042e-24   1.261820e-04   1.867400e-25   528
  2.590561e-01   4.079799e-24   5.394804e-05   2.665931e-25   360
  2.593981e-01   3.010365e-24   1.241007e-04   1.155746e-25   672
  2.598446e-01   4.082984e-24   6.356642e-05   1.664760e-25   804
  2.602163e-01   3.557603e-24   7.012137e-05   1.978801e-25   408
  2.606274e-01   4.040272e-24   4.334263e-05   2.358814e-25   384
  2.609042e-01   2.484715e-24   9.918459e-05   1.618200e-25   480
  2.612947e-01   2.749305e-24   6.408778e-05   1.363271e-25   432
  2.616692e-01   4.005720e-24   1.181001e-04   1.721711e-25   648
  2.621125e-01   3.545929e-24   7.328056e-05   1.584452e-25   624
  2.624367e-01   2.945419e-24   6.665485e-05   1.674893e-25   456
  2.628795e-01   3.061128e-24   9.105646e-05   1.568826e-25   588
  2.631762e-01   2.857388e-24   5.809364e-05   1.250313e-25   600
  2.636094e-01   2.767139e-24   9.061183e-05   1.351230e-25   708
  2.639516e-01   2.976922e-24   5.708370e-05   1.787320e-25   360
  2.643298e-01   3.538257e-24   6.561923e-05   1.920931e-25   552
  2.646923e-01   2.730030e-24   4.603344e-05   2.229513e-25   288
  2.650603e-01   2.576907e-24   8.655546e-05   1.341529e-25   528
  2.654060e-01   3.129173e-24   5.839431e-05   1.418948e-25   456
  2.657924e-01   2.827160e-24   1.035458e-04   1.490211e-25   608
  2.661809e-01   2.543946e-24   5.009661e-05   1.291347e-25   504
  2.666055e-01   1.801373e-24   1.075546e-04   9.170660e-26   540
  2.669384e-01   3.313578e-24   1.154568e-04   1.752562e-25   360
  2.672972e-01   3.441061e-24   5.228475e-05   1.757744e-25   540
  2.676146e-01   2.504212e-24   4.489266e-05   1.286386e-25   576
  2.680762e-01   2.878898e-24   1.040909e-04   1.520280e-25   588
  2.685150e-01   2.566286e-24   1.436140e-04   1.381173e-25   672
  2.688920e-01   3.011107e-24   1.097654e-04   1.297716e-25   552
  2.691959e-01   2.093553e-24   1.098209e-04   1.933206e-25   144
  2.695837e-01   2.866212e-24   9.330411e-05   1.461357e-25   600
  2.699514e-01   1.855099e-24   1.169304e-04   1.067615e-25   504
  2.703595e-01   2.277721e-24   1.201111e-04   1.475672e-25   336
  2.707887e-01   2.121861e-24   1.350054e-04   9.595721e-26   600
  2.711731e-01   2.079509e-24   8.712810e-05   1.262647e-25   636
  2.715880e-01   2.386692e-24   7.005178e-05   1.906966e-25   384
  2.718789e-01   2.487726e-24   9.771396e-05   1.245539e-25   504
  2.722982e-01   1.964933e-24   4.100918e-05   1.523898e-25   240
  2.726291e-01   2.121877e-24   9.633639e-05   8.936649e-26   744
  2.730261e-01   1.923761e-24   6.578310e-05   9.077705e-26   648
  2.733790e-01   3.756223e-24   4.366878e-05   2.848276e-25   120
  2.737925e-01   1.688042e-24   6.859799e-05   7.973661e-26   564
  2.741050e-01   2.376850e-24   1.077373e-04   1.516478e-25   432
  2.745220e-01   1.667990e-24   8.362543e-05   8.922112e-26   480
  2.748361e-01   1.385406e-24   6.155045e-05   8.607056e-26   456
  2.752067e-01   2.064149e-24   1.018569e-04   1.192578e-25   444
  2.756274e-01   1.734552e-24   1.558464e-04   1.186683e-25   528
  2.759969e-01   2.360895e-24   1.157439e-04   1.970901e-25   264
  2.763555e-01   1.815706e-24   1.186203e-04   1.148417e-25   444
  2.768379e-01   2.009164e-24   1.299311e-04   8.854753e-26   696
  2.772383e-01   2.200360e-24   6.949148e-05   1.576471e-25   384
  2.775311e-01   1.457497e-24   8.780831e-05   8.133773e-26   432
  2.779866e-01   2.068108e-24   6.067143e-05   1.117382e-25   488
  2.782823e-01   2.042860e-24   9.143939e-05   1.174545e-25   480
  2.787111e-01   1.549079e-24   1.019738e-04   9.659076e-26   480
  2.790432e-01   1.272277e-24   4.278510e-05   8.135608e-26   240
  2.794202e-01   1.863118e-24   9.994261e-05   1.054840e-25   600
  2.797758e-01   1.176037e-24   8.708975e-05   9.093886e-26   288
  2.801544e-01   1.539667e-24   8.377397e-05   8.776226e-26   480
  2.805379e-01   1.253157e-24   1.490189e-04   8.274542e-26   504
  2.809155e-01   1.503096e-24   6.393839e-05   9.497093e-26   216
  2.813970e-01   1.476334e-24   1.046773e-04   8.987742e-26   504
  2.817720e-01   1.167743e-24   8.419242e-05   6.874758e-26   456
  2.821825e-01   1.856843e-24   4.828579e-05   1.007345e-25   384
  2.824544e-01   1.932986e-24   9.800271e-05   1.276169e-25   480
  2.828408e-01   1.099797e-24   8.605736e-05   8.109969e-26   504
  2.831988e-01   1.387454e-24   5.458940e-05   1.107425e-25   312
  2.835845e-01   1.550441e-24   8.796897e-05   9.902159e-26   492
  2.839260e-01   1.901395e-24   8.245044e-05   1.435934e-25   312
  2.843655e-01   1.182817e-24   1.339342e-04   6.906225e-26   576
  2.847524e-01   1.591841e-24   1.236321e-04   1.204217e-25   336
  2.850738e-01   8.371311e-25   9.519099e-05   7.596533e-26   240
  2.855192e-01   1.394259e-24   1.261991e-04   8.291277e-26   468
  2.859039e-01   1.348150e-24   7.901891e-05   1.195392e-25   192
  2.863065e-01   1.115951e-24   7.925442e-05   9.786684e-26   324
  2.866016e-01   1.239145e-24   5.752155e-05   6.364728e-26   600
  2.870037e-01   1.391724e-24   9.332283e-05   7.548684e-26   456
  2.873023e-01   1.364308e-24   4.197661e-05   1.040962e-25   336
  2.877972e-01   1.463236e-24   1.256898e-04   8.993280e-26   612
  2.881573e-01   1.250264e-24   1.054844e-04   2.085926e-25   144
  2.884978e-01   1.349442e-24   1.231274e-04   6.979758e-26   552
  2.889609e-01   6.680160e-25   4.848907e-05   5.039894e-26   264
  2.892225e-01   1.155040e-24   1.122646e-04   9.470285e-26   336
  2.896353e-01   8.194993e-25   7.418058e-05   5.989268e-26   384
  2.899932e-01   1.246795e-24   4.175634e-05   1.030954e-25   216
  2.903894e-01   7.015978e-25   8.853205e-05   4.979745e-26   344
  2.907507e-01   8.862093e-25   1.320940e-04   6.539179e-26   408
  2.911910e-01   8.189177e-25   1.015056e-04   7.440655e-26   264
  2.915811e-01   1.134645e-24   1.415038e-04   7.681417e-26   612
  2.919709e-01   1.629871e-24   7.282870e-05   1.169290e-25   408
  2.923718e-01   9.662497e-25   7.293338e-05   8.808625e-26   444
  2.926663e-01   2.112949e-24   4.079109e-05   1.927275e-25   120
  2.930609e-01   1.198059e-24   1.126983e-04   1.057398e-25   336
  2.933538e-01   9.298109e-25   3.916222e-05   8.132660e-26   288
  2.937496e-01   9.085470e-25   1.218735e-04   5.516556e-26   552
  2.942938e-01   1.319508e-24   6.525678e-09   1.690060e-25   72
  2.945736e-01   9.177361e-25   1.210514e-04   6.768096e-26   504
  2.949004e-01   4.026631e-25   3.895317e-05   3.367050e-26   216
  2.953239e-01   6.533488e-25   6.954821e-05   5.702721e-26   312
  2.957040e-01   6.889937e-25   7.919158e-05   5.915026e-26   336
  2.960663e-01   5.412301e-25   1.097684e-04   6.428123e-26   204
  2.964271e-01   1.343644e-24   1.275676e-04   1.022455e-25   504
  2.968098e-01   1.139292e-24   1.214810e-04   9.113275e-26   396
  2.971778e-01   9.389470e-25   1.114044e-04   8.978613e-26   312
  2.976240e-01   1.399394e-24   6.808000e-05   1.406184e-25   216
  2.979383e-01   7.305380e-25   3.694832e-05   7.043934e-26   168
  2.983203e-01   7.316231e-25   9.329657e-05   4.639642e-26   588
  2.987563e-01   5.123008e-25   1.266392e-04   6.992949e-26   240
  2.990950e-01   4.828148e-25   1.118436e-04   4.417662e-26   264
  2.994922e-01   6.225470e-25   1.383176e-04   5.448017e-26   288
  2.998446e-01   6.479368e-25   6.907007e-05   7.060402e-26   288
  3.002913e-01   5.366477e-25   6.486779e-05   5.083963e-26   288
  3.005921e-01   4.577945e-25   7.514392e-05   4.364551e-26   192
  3.009705e-01   3.168677e-25   7.996067e-05   2.479233e-26   264
  3.013310e-01   1.278624e-24   1.315242e-04   9.144374e-26   372
  3.017189e-01   1.296266e-24   1.420518e-04   1.042028e-25   360
  3.021924e-01   1.121834e-24   6.011768e-05   1.494288e-25   144
  3.024371e-01   6.559840e-25   8.350082e-05   7.772589e-26   296
  3.028234e-01   6.604700e-25   8.996782e-05   5.664833e-26   288
  3.032657e-01   6.246477e-25   1.344546e-04   4.611770e-26   480
  3.036471e-01   4.092326e-25   1.117190e-04   7.163272e-26   192
  3.040181e-01   8.270309e-25   1.198338e-04   9.904373e-26   192
  3.043553e-01   5.386234e-25   7.637151e-05   5.582603e-26   288
  3.048242e-01   2.043573e-25   6.648036e-05   1.982527e-26   108
  3.050604e-01   5.687238e-25   6.391272e-05   5.296052e-26   240
  3.054775e-01   3.601500e-25   1.192307e-04   3.812489e-26   384
  3.059059e-01   6.098387e-25   1.454479e-04   8.182004e-26   108
  3.062848e-01   8.655465e-25   8.527881e-05   5.961633e-26   348
  3.066832e-01   5.631342e-25   8.900031e-05   5.899593e-26   312
  3.070391e-01   6.046684e-25   8.648246e-05   1.357377e-25   96
  3.073663e-01   4.682153e-25   1.151358e-04   4.343548e-26   384
  3.077328e-01   5.167165e-25   7.919012e-05   6.242243e-26   144
  3.080912e-01   5.124129e-25   1.216791e-04   4.446845e-26   408
  3.085368e-01   1.879346e-25   5.427748e-05   1.842879e-26   144
  3.089578e-01   5.504787e-25   1.043490e-04   6.725581e-26   192
  3.092074e-01   6.548629e-25   1.174468e-04   6.073467e-26   144
  3.096144e-01   2.193058e-25   9.548855e-05   2.583550e-26   144
  3.099983e-01   4.301259e-25   1.167025e-04   3.838466e-26   336
  3.104685e-01   2.026626e-25   8.634502e-05   1.802927e-26   240
  3.107666e-01   2.807659e-25   3.920851e-05   5.025191e-26   96
  3.111825e-01   6.353760e-25   1.149797e-04   6.072854e-26   372
  3.116031e-01   4.770112e-25   1.367659e-04   9.378481e-26   132
  3.119726e-01   2.028419e-25   8.462908e-05   1.478294e-26   264
  3.123032e-01   5.129182e-25   6.499128e-05   7.189146e-26   168
  3.126560e-01   4.253439e-25   1.039086e-04   4.115670e-26   216
  3.129676e-01   4.229739e-25   6.357256e-05   8.993894e-26   216
  3.134215e-01   1.091855e-25   1.166292e-04   1.028777e-26   96
  3.138333e-01   6.142531e-25   7.608990e-05   9.914157e-26   120
  3.142110e-01   2.566760e-25   9.673168e-05   2.744860e-26   216
  3.145221e-01   2.028892e-25   4.227207e-05   2.104695e-26   200
  3.149340e-01   2.936946e-25   1.094242e-04   3.934701e-26   288
  3.154623e-01   7.233824e-26   2.879164e-05   6.105211e-27   144
  3.156848e-01   3.392172e-25   8.959781e-05   4.977253e-26   168
  3.161391e-01   6.069133e-25   1.008340e-04   1.059802e-25   159
  3.164937e-01   1.772144e-25   1.057991e-04   1.893918e-26   174
  3.168369e-01   1.925616e-25   9.593494e-05   1.991278e-26   144
  3.172863e-01   3.434804e-25   5.539549e-05   4.008249e-26   222
  3.175869e-01   1.477027e-25   5.589895e-05   1.805509e-26   168
  3.181060e-01   4.171442e-25   1.226079e-04   7.486426e-26   30
  3.183205e-01   4.724376e-26   1.082537e-04   4.194424e-27   72
  3.187244e-01   1.819757e-25   9.661517e-05   2.646351e-26   258
  3.191684e-01   1.342623e-25   6.051257e-05   1.177575e-26   264
  3.193905e-01   2.311360e-25   0.000000e+00   3.860729e-26   72
  3.198532e-01   8.760732e-26   1.199385e-04   1.242767e-26   174
  3.202721e-01   1.584316e-25   1.277123e-04   2.151920e-26   168
  3.206090e-01   3.272780e-26   3.996146e-09   2.380360e-27   48
  3.209705e-01   8.969025e-26   7.212215e-05   1.744353e-26   150
  3.213898e-01   2.066477e-25   1.326739e-04   1.679067e-26   168
  3.218102e-01   8.187258e-26   8.081877e-05   6.490434e-27   144
  3.221967e-01   2.736103e-25   7.550312e-05   4.736796e-26   102
  3.224847e-01   4.362232e-26   1.117576e-04   4.251916e-27   96
  3.229415e-01   3.766292e-26   1.109119e-04   3.342071e-27   120
  3.232799e-01   2.674459e-26   1.189559e-04   1.572686e-27   168
  3.236458e-01   2.165887e-25   8.783953e-05   2.044852e-26   126
  3.239576e-01   1.436857e-25   6.624856e-05   2.036248e-26   168
  3.243872e-01   5.585868e-26   1.062297e-04   5.652597e-27   72
  3.247626e-01   4.828889e-26   1.330232e-04   3.259315e-27   168
  3.250914e-01   1.855433e-25   3.646820e-05   5.154191e-26   78
  3.255420e-01   4.340158e-26   5.987806e-05   3.627007e-27   60
  3.259049e-01   2.301982e-25   9.713191e-05   2.868035e-26   96
  3.262812e-01   6.850534e-26   1.178615e-04   6.137500e-27   168
  3.266349e-01   8.584943e-26   7.457817e-05   2.173194e-26   86
  3.270060e-01   2.494262e-26   6.665520e-05   2.638558e-27   120
  3.275378e-01   4.007430e-26   4.753401e-05   3.210232e-27   168
  3.278247e-01   2.693966e-26   0.000000e+00   3.291790e-27   48
  3.282110e-01   1.042287e-25   8.660181e-05   1.034851e-26   120
  3.284330e-01   5.740460e-26   6.317951e-05   1.064621e-26   126
  3.289749e-01   6.055547e-26   1.111151e-04   6.266150e-27   96
  3.293266e-01   5.571781e-26   3.204012e-05   5.496459e-27   96
  3.296039e-01   3.438559e-26   0.000000e+00   2.966419e-27   72
  3.301949e-01   3.361166e-26   3.996146e-09   5.284196e-27   24
  3.305637e-01   7.130119e-26   6.593782e-05   1.181881e-26   120
  3.308514e-01   6.682158e-26   9.618300e-05   8.790762e-27   126
  3.311713e-01   2.614904e-26   8.018157e-05   3.182703e-27   96
  3.315452e-01   1.527858e-26   1.385771e-04   8.832271e-28   72
  3.319614e-01   2.412502e-26   5.993927e-05   1.771036e-27   144
  3.323038e-01   3.144741e-26   3.457157e-05   3.462452e-27   72
  3.326459e-01   5.490119e-26   6.905176e-05   1.587214e-26   54
  3.329469e-01   5.626487e-26   6.085106e-05   9.625860e-27   108
  3.335726e-01   5.965879e-26   5.964977e-05   7.120402e-27   72
  3.337673e-01   4.268043e-26   3.441997e-05   5.284097e-27   72
  3.342294e-01   3.531972e-26   6.921527e-09   4.796818e-27   24
  3.346666e-01   1.003366e-26   7.281693e-05   1.081056e-27   48
  3.349321e-01   3.982281e-26   5.546771e-05   8.631086e-27   102
  3.353317e-01   2.766537e-26   1.254449e-04   2.904544e-27   168
  3.358538e-01   1.360254e-26   6.841470e-05   1.293683e-27   72
  3.360473e-01   1.718166e-26   0.000000e+00   2.367091e-27   48
  3.364531e-01   2.579759e-26   1.176775e-04   1.705904e-27   120
  3.369887e-01   1.815616e-26   7.231517e-05   1.215221e-27   96
  3.374945e-01   9.659293e-26   7.830814e-09   3.440756e-26   30
  3.380957e-01   4.500440e-26   3.397687e-05   4.622729e-27   72
  3.383599e-01   2.470742e-26   3.996146e-09   4.680411e-27   24
  3.386992e-01   9.198537e-27   5.036212e-05   7.836369e-28   56
  3.390793e-01   6.968605e-27   7.186930e-05   4.963995e-28   96
  3.395342e-01   1.753330e-26   7.936128e-05   1.306363e-27   144
  3.398849e-01   3.265755e-26   4.505822e-05   9.409732e-27   54
  3.403944e-01   1.574375e-26   6.750198e-05   1.026379e-27   108
  3.409071e-01   3.857374e-26   3.574199e-05   5.919208e-27   48
  3.413952e-01   1.811897e-26   1.345800e-04   1.530934e-27   72
  3.425664e-01   2.417116e-26   8.891744e-05   2.847024e-27   78
  3.428909e-01   5.892591e-27   6.701044e-05   5.557180e-28   72
  3.432698e-01   7.724255e-27   6.692725e-05   5.769450e-28   72
  3.436659e-01   1.591751e-26   1.615028e-04   1.995572e-27   96
  3.439790e-01   9.589988e-27   6.678928e-05   7.649743e-28   72
  3.443566e-01   1.217964e-26   0.000000e+00   1.764257e-27   24
  3.447338e-01   1.324146e-26   1.332770e-04   1.083095e-27   72
  3.455858e-01   1.517270e-26   8.463498e-05   1.105751e-27   30
  3.457691e-01   1.923403e-26   0.000000e+00   2.086452e-27   24
  3.467544e-01   4.508291e-27   7.027855e-05   4.921181e-28   48
  3.470634e-01   8.565059e-27   1.512394e-04   7.515215e-28   120
  3.474798e-01   6.001950e-27   6.612537e-05   4.548297e-28   72
  3.479003e-01   7.470319e-27   6.604543e-05   8.135799e-28   36
  3.481894e-01   1.035882e-26   1.305365e-04   1.867222e-27   78
  3.489960e-01   9.893059e-27   6.982714e-05   1.223369e-27   48
  3.500419e-01   2.062180e-26   5.651403e-09   2.471840e-27   24
  3.507870e-01   3.494497e-27   4.862619e-05   2.896239e-28   56
  3.511622e-01   5.413894e-27   7.482652e-05   5.660793e-28   102
  3.516395e-01   6.557366e-27   5.328194e-09   5.550165e-28   72
  3.519166e-01   7.498210e-27   0.000000e+00   1.226146e-27   24
  3.524009e-01   6.015012e-27   6.915246e-05   5.903583e-28   48
  3.532988e-01   1.115420e-26   0.000000e+00   1.968591e-27   24
  3.544007e-01   1.632534e-26   0.000000e+00   3.675133e-27   6
  3.547443e-01   2.498271e-27   0.000000e+00   3.817649e-28   24
  3.549732e-01   3.966803e-27   6.472929e-05   2.746247e-28   72
  3.553914e-01   4.145233e-27   1.207586e-04   2.766327e-28   84
  3.558418e-01   6.151636e-27   0.000000e+00   1.099117e-27   24
  3.559787e-01   3.986802e-27   5.651403e-09   4.180074e-28   24
  3.566626e-01   7.067412e-27   3.996146e-09   1.005929e-27   24
  3.576179e-01   1.125276e-26   0.000000e+00   3.780953e-27   6
  3.588424e-01   3.125741e-27   6.791113e-05   3.268360e-28   48
  3.591365e-01   2.882212e-27   1.279335e-04   2.128313e-28   72
  3.595209e-01   3.912091e-27   6.778297e-05   3.932978e-28   48
  3.601304e-01   4.489115e-27   0.000000e+00   7.600244e-28   24
  3.609415e-01   9.838371e-27   3.996146e-09   3.016544e-27   6
  3.627599e-01   1.702580e-27   0.000000e+00   4.153603e-28   8
  3.628942e-01   2.543542e-27   3.996146e-09   2.176975e-28   48
  3.632164e-01   2.698162e-27   6.573533e-05   2.209314e-28   60
  3.636991e-01   3.370331e-27   0.000000e+00   5.014831e-28   24
  3.643686e-01   3.545466e-27   0.000000e+00   2.797667e-28   6
  3.668348e-01   2.405309e-27   0.000000e+00   3.196715e-28   24
  3.670341e-01   2.362456e-27   6.639546e-05   2.626208e-28   48
  3.673659e-01   2.886754e-27   0.000000e+00   3.774031e-28   24
  3.678962e-01   2.715600e-27   3.996146e-09   4.985442e-28   6
  3.709088e-01   1.807290e-27   6.194064e-05   2.222059e-28   36
  3.711278e-01   1.899730e-27   0.000000e+00   1.913160e-28   24
  3.715215e-01   3.360448e-27   0.000000e+00   7.039300e-28   6
  3.749494e-01   1.613095e-27   5.629118e-05   1.688148e-28   32
  3.752417e-01   2.066857e-27   3.996146e-09   5.297882e-28   6
  3.789254e-01   3.209143e-27   0.000000e+00   6.030003e-28   12
  3.790540e-01   8.079125e-28   0.000000e+00   2.841527e-28   6
  3.829556e-01   1.226004e-27   5.651403e-09   2.832884e-28   6
