# power spectrum of B
# redshift z=0.000000
# k              Pk             sigma(k)       sigma(Pk)      count
  6.981317e-03   1.686057e-16   0.000000e+00   2.195198e-17   6
  9.873073e-03   2.289710e-16   0.000000e+00   4.192006e-17   12
  1.209200e-02   1.580394e-16   1.324548e-10   2.759581e-17   8
  1.396263e-02   5.029733e-16   0.000000e+00   1.175882e-16   6
  1.561070e-02   4.054197e-16   0.000000e+00   5.200135e-17   24
  1.710066e-02   3.489677e-16   2.497591e-10   5.790619e-17   24
  1.974615e-02   3.615006e-16   0.000000e+00   7.208788e-17   12
  2.094395e-02   4.019370e-16   2.825702e-10   5.383388e-17   30
  2.207686e-02   4.532968e-16   0.000000e+00   4.530272e-17   24
  2.315441e-02   3.518439e-16   4.325955e-10   5.233544e-17   24
  2.418399e-02   3.113115e-16   2.649095e-10   3.571833e-17   8
  2.517150e-02   3.148212e-16   3.532127e-10   3.732403e-17   24
  2.612170e-02   3.239466e-16   0.000000e+00   3.695098e-17   48
  2.792527e-02   5.433074e-16   0.000000e+00   4.809735e-17   6
  2.878471e-02   3.548455e-16   4.995182e-10   3.228159e-17   48
  2.961922e-02   3.050416e-16   0.000000e+00   4.503071e-17   36
  3.043086e-02   3.438036e-16   3.532127e-10   4.706905e-17   24
  3.122140e-02   2.387548e-16   0.000000e+00   1.616229e-17   24
  3.199241e-02   2.988146e-16   0.000000e+00   3.291450e-17   48
  3.274528e-02   2.723478e-16   4.995182e-10   5.449992e-17   24
  3.420133e-02   2.748290e-16   4.995182e-10   4.807518e-17   24
  3.490659e-02   2.905803e-16   0.000000e+00   3.127035e-17   30
  3.559787e-02   2.590679e-16   0.000000e+00   2.421916e-17   72
  3.627599e-02   2.190317e-16   5.298191e-10   2.314621e-17   32
  3.759554e-02   2.414247e-16   0.000000e+00   1.561627e-17   72
  3.823825e-02   2.596691e-16   0.000000e+00   2.409102e-17   48
  3.949229e-02   2.629014e-16   0.000000e+00   5.874764e-17   12
  4.010461e-02   2.747659e-16   0.000000e+00   2.331876e-17   48
  4.070772e-02   2.349760e-16   0.000000e+00   2.970194e-17   48
  4.130203e-02   2.358027e-16   4.995182e-10   2.182591e-17   48
  4.188790e-02   2.721212e-16   5.651403e-10   2.715458e-17   30
  4.246569e-02   1.782194e-16   4.995182e-10   1.412300e-17   24
  4.303573e-02   3.006555e-16   1.053077e-09   2.364184e-17   72
  4.415373e-02   1.726161e-16   0.000000e+00   1.823386e-17   24
  4.470224e-02   2.378629e-16   0.000000e+00   1.860418e-17   96
  4.524411e-02   2.028332e-16   0.000000e+00   2.498574e-17   48
  4.577956e-02   1.393484e-16   8.651909e-10   1.363642e-17   24
  4.630882e-02   2.966050e-16   8.651909e-10   2.715474e-17   24
  4.683210e-02   1.728167e-16   0.000000e+00   1.456719e-17   72
  4.734960e-02   1.745101e-16   0.000000e+00   1.813363e-17   48
  4.836798e-02   1.272947e-16   5.298191e-10   2.896884e-17   8
  4.886922e-02   2.092934e-16   6.279337e-10   1.830013e-17   54
  4.936537e-02   1.893672e-16   0.000000e+00   1.368083e-17   84
  4.985658e-02   1.850898e-16   0.000000e+00   1.465484e-17   48
  5.034299e-02   2.415069e-16   7.064254e-10   3.310398e-17   24
  5.082475e-02   2.139124e-16   6.660243e-10   1.433384e-17   72
  5.130199e-02   1.713432e-16   0.000000e+00   8.916229e-18   96
  5.224339e-02   1.683523e-16   0.000000e+00   1.435187e-17   48
  5.270779e-02   1.613432e-16   0.000000e+00   1.644105e-17   48
  5.316813e-02   1.546347e-16   7.064254e-10   1.818123e-17   24
  5.362451e-02   1.837021e-16   0.000000e+00   1.472800e-17   72
  5.452583e-02   1.382275e-16   6.660243e-10   1.386534e-17   72
  5.497095e-02   1.382162e-16   0.000000e+00   1.038133e-17   96
  5.585054e-02   1.238560e-16   0.000000e+00   3.321073e-17   6
  5.628518e-02   1.253957e-16   0.000000e+00   6.530532e-18   96
  5.671649e-02   1.566332e-16   7.064254e-10   1.231405e-17   96
  5.714454e-02   9.208605e-17   0.000000e+00   1.629839e-17   24
  5.756941e-02   1.856814e-16   9.990364e-10   2.209285e-17   48
  5.799117e-02   1.848297e-16   0.000000e+00   1.185555e-17   96
  5.840989e-02   1.417535e-16   0.000000e+00   1.987664e-17   48
  5.923844e-02   1.425522e-16   0.000000e+00   9.699714e-18   36
  5.964840e-02   1.258995e-16   1.223565e-09   1.037842e-17   48
  6.005556e-02   1.260948e-16   1.384305e-09   9.257920e-18   120
  6.045998e-02   1.154618e-16   0.000000e+00   8.745331e-18   56
  6.086171e-02   9.537380e-17   7.064254e-10   1.107469e-17   24
  6.126081e-02   1.268758e-16   0.000000e+00   9.347164e-18   96
  6.165732e-02   1.045145e-16   0.000000e+00   1.124463e-17   48
  6.244280e-02   1.436158e-16   0.000000e+00   2.023838e-17   24
  6.283185e-02   1.125638e-16   0.000000e+00   7.108374e-18   102
  6.321851e-02   1.821088e-16   0.000000e+00   1.980002e-17   48
  6.360282e-02   1.411042e-16   0.000000e+00   9.174026e-18   72
  6.398483e-02   1.164615e-16   0.000000e+00   1.145292e-17   48
  6.436456e-02   1.467845e-16   0.000000e+00   1.661474e-17   48
  6.474207e-02   1.279080e-16   1.598458e-09   9.601767e-18   120
  6.549056e-02   8.973261e-17   9.990364e-10   8.839270e-18   24
  6.586161e-02   1.028745e-16   9.419006e-10   5.411944e-18   144
  6.623059e-02   1.137599e-16   1.130281e-09   8.100826e-18   120
  6.659752e-02   1.389243e-16   9.990364e-10   1.308718e-17   48
  6.732538e-02   9.206265e-17   9.990364e-10   8.266636e-18   48
  6.768638e-02   1.226723e-16   9.990364e-10   8.735256e-18   96
  6.863955e-02   1.094531e-16   1.675093e-04   1.102574e-17   72
  6.911151e-02   1.215042e-16   1.255867e-09   8.985268e-18   108
  6.946323e-02   1.062648e-16   0.000000e+00   8.973589e-18   72
  6.981317e-02   1.261065e-16   0.000000e+00   1.887732e-17   30
  7.016137e-02   9.608745e-17   0.000000e+00   5.512167e-18   168
  7.050785e-02   1.157440e-16   0.000000e+00   1.366127e-17   48
  7.119574e-02   9.034610e-17   0.000000e+00   6.486307e-18   72
  7.153721e-02   1.079236e-16   0.000000e+00   8.539204e-18   96
  7.187706e-02   1.019685e-16   1.883801e-09   1.077861e-17   72
  7.221530e-02   8.469179e-17   0.000000e+00   5.762369e-18   72
  7.278398e-02   1.018228e-16   1.546684e-04   6.275661e-18   104
  7.322067e-02   8.691190e-17   1.332049e-09   4.955188e-18   144
  7.421242e-02   8.286566e-17   2.233913e-09   4.864649e-18   96
  7.454007e-02   8.261891e-17   0.000000e+00   6.348888e-18   96
  7.506116e-02   9.576477e-17   1.591194e-04   6.152465e-18   120
  7.551449e-02   7.891859e-17   0.000000e+00   5.570900e-18   120
  7.583651e-02   9.618648e-17   0.000000e+00   9.331677e-18   72
  7.647650e-02   9.084162e-17   0.000000e+00   7.358015e-18   48
  7.679449e-02   8.429732e-17   1.505926e-09   7.959181e-18   78
  7.720128e-02   8.305401e-17   1.424762e-04   4.515112e-18   168
  7.805350e-02   8.110152e-17   1.332049e-09   5.694295e-18   144
  7.836509e-02   8.832919e-17   1.332049e-09   5.488828e-18   144
  7.926883e-02   6.770966e-17   8.205478e-05   3.282063e-18   156
  7.959926e-02   7.839917e-17   1.730382e-09   7.562202e-18   48
  7.990483e-02   7.975460e-17   1.130281e-09   5.328667e-18   120
  8.020923e-02   7.012006e-17   0.000000e+00   6.951459e-18   48
  8.074745e-02   6.918611e-17   1.255998e-04   3.454445e-18   216
  8.141545e-02   8.042327e-17   0.000000e+00   5.840324e-18   48
  8.171422e-02   8.257017e-17   9.990364e-10   5.718062e-18   96
  8.213902e-02   6.309071e-17   1.467830e-04   3.440670e-18   168
  8.260406e-02   6.482728e-17   9.990364e-10   5.394207e-18   48
  8.289855e-02   6.167468e-17   0.000000e+00   4.558060e-18   96
  8.319199e-02   5.900893e-17   0.000000e+00   5.580993e-18   48
  8.377580e-02   6.445017e-17   1.130281e-09   7.083306e-18   30
  8.406619e-02   7.015832e-17   9.990364e-10   4.210141e-18   96
  8.441325e-02   6.785081e-17   1.153584e-04   3.115551e-18   240
  8.485953e-02   9.282459e-17   1.244551e-04   1.030958e-17   32
  8.521783e-02   6.616747e-17   0.000000e+00   3.500740e-18   168
  8.550332e-02   5.961683e-17   0.000000e+00   3.716529e-18   120
  8.607146e-02   7.088728e-17   2.106154e-09   4.819410e-18   72
  8.635412e-02   5.907021e-17   1.332049e-09   3.450577e-18   144
  8.663587e-02   5.838476e-17   0.000000e+00   4.034483e-18   96
  8.691670e-02   4.490930e-17   0.000000e+00   3.031780e-18   96
  8.747565e-02   7.647946e-17   1.631420e-09   7.860479e-18   72
  8.775379e-02   4.982550e-17   1.412851e-09   3.507802e-18   96
  8.830745e-02   6.513840e-17   0.000000e+00   8.039978e-18   24
  8.858298e-02   5.436090e-17   0.000000e+00   2.927482e-18   192
  8.890745e-02   5.248548e-17   1.056148e-04   3.654305e-18   132
  8.940448e-02   6.187132e-17   0.000000e+00   3.801175e-18   96
  8.967664e-02   3.397938e-17   0.000000e+00   2.418786e-18   96
  8.994798e-02   5.034531e-17   1.130281e-09   2.907542e-18   120
  9.048821e-02   4.649788e-17   0.000000e+00   4.160640e-18   48
  9.093103e-02   5.898609e-17   1.279966e-04   3.133145e-18   222
  9.129257e-02   5.296026e-17   0.000000e+00   4.047251e-18   120
  9.155911e-02   4.461139e-17   1.730382e-09   7.419325e-18   24
  9.194720e-02   5.548892e-17   1.321111e-04   2.381302e-18   312
  9.279280e-02   6.216841e-17   1.238595e-04   4.247424e-18   72
  9.314239e-02   4.955276e-17   9.990364e-10   3.003330e-18   96
  9.350136e-02   5.689523e-17   1.261337e-04   3.152843e-18   192
  9.392401e-02   3.507142e-17   1.598458e-09   2.398431e-18   120
  9.418312e-02   4.275965e-17   0.000000e+00   2.287998e-18   144
  9.469919e-02   5.687169e-17   0.000000e+00   3.953491e-18   48
  9.506602e-02   4.629529e-17   1.268319e-04   1.872797e-18   336
  9.546807e-02   4.701198e-17   0.000000e+00   6.105235e-18   48
  9.597724e-02   4.541472e-17   0.000000e+00   2.283520e-18   192
  9.623081e-02   4.046666e-17   0.000000e+00   3.765406e-18   48
  9.695161e-02   3.349833e-17   8.803796e-05   3.147110e-18   56
  9.731001e-02   4.212414e-17   1.130706e-04   1.623012e-18   336
  9.773844e-02   4.335084e-17   1.255867e-09   4.725156e-18   54
  9.811165e-02   4.264208e-17   1.241922e-04   1.986772e-18   240
  9.888643e-02   4.339058e-17   1.189150e-04   2.249861e-18   228
  9.922316e-02   4.130387e-17   1.332049e-09   2.430291e-18   72
  9.955002e-02   4.408763e-17   1.153504e-04   2.900756e-18   144
  9.995725e-02   5.417737e-17   0.000000e+00   5.129733e-18   96
  1.002007e-01   3.808167e-17   1.598458e-09   1.935614e-18   240
  1.006860e-01   4.825264e-17   1.412851e-09   7.296219e-18   24
  1.009966e-01   3.732221e-17   1.089476e-04   1.412085e-18   336
  1.014095e-01   2.869212e-17   0.000000e+00   2.112775e-18   72
  1.017863e-01   4.270802e-17   1.185007e-04   2.828776e-18   168
  1.021279e-01   4.592816e-17   0.000000e+00   5.057387e-18   72
  1.026040e-01   4.377764e-17   0.000000e+00   3.280618e-18   96
  1.029727e-01   2.694054e-17   1.176117e-04   1.366892e-18   216
  1.033141e-01   2.882860e-17   1.412851e-09   1.734192e-18   96
  1.037847e-01   3.612444e-17   0.000000e+00   2.403745e-18   192
  1.040193e-01   3.475149e-17   1.332049e-09   2.162575e-18   144
  1.044868e-01   2.167371e-17   0.000000e+00   1.786446e-18   48
  1.048105e-01   3.179530e-17   1.133915e-04   1.651334e-18   246
  1.052503e-01   3.716476e-17   1.045488e-04   2.414113e-18   168
  1.056465e-01   3.757044e-17   1.957704e-09   2.964515e-18   120
  1.058769e-01   3.596205e-17   0.000000e+00   1.786346e-18   240
  1.063363e-01   3.825221e-17   1.412851e-09   5.638241e-18   24
  1.067022e-01   2.870656e-17   1.119102e-04   1.192508e-18   360
  1.071580e-01   3.702216e-17   1.114340e-04   2.642579e-18   120
  1.074760e-01   2.439681e-17   0.000000e+00   1.330011e-18   144
  1.077025e-01   3.452866e-17   0.000000e+00   3.225569e-18   96
  1.083792e-01   3.080120e-17   0.000000e+00   1.983352e-18   144
  1.086038e-01   3.509326e-17   0.000000e+00   2.616614e-18   132
  1.089195e-01   2.494701e-17   1.099837e-04   1.626813e-18   176
  1.093777e-01   2.925517e-17   1.110614e-04   1.285926e-18   312
  1.099419e-01   2.447953e-17   0.000000e+00   1.444614e-18   96
  1.101633e-01   2.524704e-17   0.000000e+00   1.662066e-18   144
  1.105031e-01   3.332585e-17   1.099474e-04   1.780296e-18   312
  1.110446e-01   1.442487e-17   0.000000e+00   1.592200e-18   48
  1.112639e-01   2.665095e-17   1.412851e-09   1.182956e-18   192
  1.117011e-01   5.107710e-17   0.000000e+00   6.191108e-18   6
  1.119915e-01   3.027643e-17   1.025446e-04   1.725762e-18   288
  1.124620e-01   2.991588e-17   1.083450e-04   1.727804e-18   192
  1.127866e-01   3.127221e-17   3.322713e-09   2.071107e-18   216
  1.130025e-01   3.002915e-17   0.000000e+00   2.234018e-18   72
  1.135403e-01   3.576872e-17   1.073161e-04   1.963708e-18   192
  1.138975e-01   2.537497e-17   7.968796e-05   1.270882e-18   288
  1.142891e-01   1.346270e-17   0.000000e+00   2.291981e-18   24
  1.145916e-01   2.361183e-17   1.049823e-04   8.593531e-19   456
  1.151388e-01   2.968987e-17   1.998073e-09   4.738933e-18   48
  1.154769e-01   2.690546e-17   1.034033e-04   1.507389e-18   240
  1.158655e-01   2.979508e-17   1.045007e-04   1.460580e-18   216
  1.161923e-01   2.523838e-17   0.000000e+00   2.149463e-18   72
  1.164018e-01   1.982223e-17   3.610549e-09   9.419454e-19   168
  1.169935e-01   2.578527e-17   7.767385e-05   1.390607e-18   288
  1.173253e-01   2.232239e-17   1.027758e-04   1.611378e-18   168
  1.178582e-01   2.374818e-17   0.000000e+00   1.526782e-18   192
  1.180648e-01   1.957061e-17   1.332049e-09   9.688528e-19   144
  1.184769e-01   3.379174e-17   0.000000e+00   3.536539e-18   36
  1.188264e-01   2.329446e-17   9.385617e-05   1.054439e-18   342
  1.191605e-01   2.682966e-17   9.637890e-05   2.028105e-18   144
  1.195900e-01   2.783219e-17   1.010773e-04   1.336609e-18   384
  1.201111e-01   1.827597e-17   2.768611e-09   1.274804e-18   120
  1.203690e-01   2.661096e-17   9.013158e-05   1.603988e-18   264
  1.207183e-01   2.259501e-17   4.467827e-09   1.762554e-18   192
  1.210471e-01   2.147690e-17   9.713401e-05   1.575242e-18   152
  1.213224e-01   2.330868e-17   2.664097e-09   2.108309e-18   144
  1.219012e-01   2.137875e-17   6.286607e-05   1.154147e-18   216
  1.221692e-01   2.360038e-17   8.400585e-05   1.119428e-18   312
  1.226409e-01   2.597937e-17   9.736112e-05   1.410897e-18   240
  1.229188e-01   1.714818e-17   1.412851e-09   1.123469e-18   96
  1.234463e-01   1.297491e-17   9.308426e-05   7.040242e-19   144
  1.237714e-01   2.163169e-17   9.149363e-05   9.608954e-19   456
  1.242988e-01   1.540984e-17   0.000000e+00   1.004418e-18   120
  1.244947e-01   2.057835e-17   0.000000e+00   1.684415e-18   144
  1.248856e-01   2.016954e-17   0.000000e+00   2.501887e-18   24
  1.251362e-01   1.643003e-17   8.794658e-05   6.665721e-19   336
  1.255696e-01   2.223436e-17   9.699311e-05   1.175176e-18   198
  1.259757e-01   1.875597e-17   9.432023e-05   9.413039e-19   432
  1.264370e-01   3.596048e-17   0.000000e+00   4.485653e-18   48
  1.266777e-01   2.287448e-17   8.326844e-05   1.044079e-18   384
  1.271098e-01   1.788697e-17   9.585962e-05   1.858917e-18   144
  1.275013e-01   2.035770e-17   9.517601e-05   1.201756e-18   264
  1.279697e-01   1.223863e-17   0.000000e+00   1.257064e-18   48
  1.282839e-01   1.833427e-17   9.049683e-05   1.033615e-18   276
  1.285870e-01   2.200630e-17   8.203293e-05   1.406726e-18   192
  1.289922e-01   1.814112e-17   9.218697e-05   7.504891e-19   552
  1.294841e-01   1.805033e-17   3.196917e-09   1.831678e-18   120
  1.297765e-01   1.116352e-17   9.331596e-05   5.917642e-19   216
  1.300475e-01   1.582150e-17   1.598458e-09   1.326351e-18   120
  1.305316e-01   1.832972e-17   9.189333e-05   8.922447e-19   408
  1.309811e-01   8.739318e-18   1.998073e-09   1.000226e-18   24
  1.312599e-01   1.689226e-17   9.282881e-05   8.333854e-19   384
  1.316492e-01   1.392099e-17   9.069708e-05   1.050062e-18   240
  1.319872e-01   1.686811e-17   9.136125e-05   9.456930e-19   168
  1.324612e-01   1.603842e-17   2.260561e-09   1.268850e-18   120
  1.327667e-01   1.711210e-17   9.523931e-05   8.863759e-19   350
  1.332635e-01   2.232796e-17   1.567823e-04   1.365762e-18   384
  1.335605e-01   2.090879e-17   0.000000e+00   2.034127e-18   144
  1.341067e-01   1.671250e-17   3.767602e-09   1.085212e-18   288
  1.343919e-01   1.715577e-17   8.974411e-05   1.025654e-18   336
  1.347800e-01   1.148028e-17   8.170456e-05   6.785803e-19   168
  1.350122e-01   1.651754e-17   1.614687e-09   8.306962e-19   336
  1.354927e-01   1.537666e-17   8.480446e-05   9.369623e-19   288
  1.357812e-01   1.718113e-17   7.990748e-05   9.498222e-19   264
  1.362699e-01   1.306655e-17   0.000000e+00   8.098939e-19   240
  1.364486e-01   1.344196e-17   2.825702e-09   9.709585e-19   96
  1.370900e-01   1.554942e-17   1.086688e-04   7.564398e-19   360
  1.373893e-01   1.605703e-17   8.010757e-05   1.357321e-18   168
  1.377676e-01   1.319547e-17   8.732558e-05   6.278577e-19   456
  1.382230e-01   1.338197e-17   2.511735e-09   9.472078e-19   108
  1.384792e-01   1.078235e-17   8.761995e-05   7.644429e-19   264
  1.387988e-01   1.192585e-17   7.817127e-05   7.165069e-19   264
  1.392364e-01   1.458087e-17   7.376599e-05   8.174583e-19   312
  1.397814e-01   1.635457e-17   5.481617e-05   1.137009e-18   270
  1.400098e-01   1.410955e-17   6.959603e-05   1.011198e-18   240
  1.404204e-01   1.650264e-17   8.609907e-05   9.903465e-19   384
  1.406696e-01   1.308354e-17   0.000000e+00   9.455377e-19   192
  1.411539e-01   1.835154e-17   6.908303e-05   1.252169e-18   240
  1.414347e-01   1.539891e-17   8.525963e-05   8.861567e-19   336
  1.419630e-01   1.375095e-17   8.583011e-05   5.935443e-19   480
  1.423915e-01   1.641993e-17   0.000000e+00   1.835415e-18   72
  1.426309e-01   1.540586e-17   8.369217e-05   1.351901e-18   240
  1.429564e-01   1.190883e-17   7.865917e-05   7.592460e-19   312
  1.433297e-01   1.040567e-17   8.501169e-05   6.020317e-19   240
  1.438936e-01   1.388212e-17   6.458688e-05   8.571566e-19   408
  1.441169e-01   1.321890e-17   5.914602e-05   6.631828e-19   336
  1.445532e-01   1.407404e-17   7.510087e-05   8.257044e-19   264
  1.447677e-01   6.953786e-18   0.000000e+00   4.052014e-19   144
  1.453643e-01   1.087791e-17   1.040943e-04   5.338457e-19   464
  1.456786e-01   1.114854e-17   8.277629e-05   6.236241e-19   168
  1.459889e-01   7.987104e-18   7.539115e-05   3.569884e-19   336
  1.465498e-01   1.237460e-17   7.921315e-05   5.834137e-19   414
  1.468660e-01   1.504250e-17   8.245619e-05   1.101770e-18   216
  1.472710e-01   2.041236e-17   1.998073e-09   1.576191e-18   96
  1.474364e-01   1.182073e-17   5.994218e-09   7.923262e-19   384
  1.480158e-01   1.276760e-17   8.229688e-05   6.974441e-19   492
  1.483263e-01   1.532989e-17   8.047930e-05   1.034831e-18   240
  1.486772e-01   1.298218e-17   8.171468e-05   7.345363e-19   312
  1.491618e-01   8.365957e-18   8.168777e-05   9.126249e-19   192
  1.494688e-01   1.037261e-17   7.916535e-05   5.320299e-19   504
  1.498761e-01   1.124266e-17   5.240881e-05   6.751176e-19   408
  1.501968e-01   7.641546e-18   1.605609e-04   6.019214e-19   168
  1.505981e-01   1.531368e-17   7.626782e-05   9.009612e-19   288
  1.509348e-01   1.089332e-17   7.959200e-05   7.962454e-19   288
  1.512797e-01   7.349886e-18   8.005014e-05   3.580395e-19   432
  1.517801e-01   8.731193e-18   7.570076e-05   5.700152e-19   216
  1.520474e-01   8.782610e-18   7.554106e-05   4.920991e-19   360
  1.525234e-01   1.049819e-17   7.372735e-05   6.981059e-19   312
  1.529530e-01   1.258471e-17   0.000000e+00   1.258472e-18   48
  1.532006e-01   8.953085e-18   7.904634e-05   4.402649e-19   432
  1.536441e-01   9.655757e-18   1.318501e-04   6.047171e-19   414
  1.539060e-01   1.002874e-17   6.955573e-09   7.329869e-19   312
  1.543946e-01   1.113381e-17   1.156911e-04   7.063791e-19   528
  1.547243e-01   1.267262e-17   6.072803e-05   8.730726e-19   264
  1.551204e-01   1.169661e-17   7.200680e-05   7.423702e-19   480
  1.556380e-01   9.597750e-18   0.000000e+00   6.830317e-19   288
  1.558615e-01   8.322326e-18   7.736908e-05   6.688532e-19   168
  1.562704e-01   1.045272e-17   1.224750e-04   5.800078e-19   504
  1.567302e-01   1.434415e-17   2.664097e-09   1.396352e-18   144
  1.570194e-01   7.615170e-18   7.865832e-05   3.168869e-19   464
  1.574541e-01   1.011724e-17   1.154355e-04   6.573526e-19   432
  1.576603e-01   8.999558e-18   1.998073e-09   6.604722e-19   192
  1.581934e-01   8.089825e-18   8.557628e-05   5.030971e-19   396
  1.585082e-01   7.269417e-18   7.687110e-05   4.912290e-19   288
  1.588263e-01   7.268378e-18   7.593549e-05   4.956192e-19   336
  1.593345e-01   7.984403e-18   4.808388e-05   4.529508e-19   432
  1.596570e-01   6.744305e-18   1.246267e-04   3.526926e-19   360
  1.600192e-01   7.920635e-18   7.371853e-05   3.891468e-19   384
  1.605335e-01   7.542230e-18   6.507077e-05   5.513904e-19   198
  1.607813e-01   8.664748e-18   7.396430e-05   5.975080e-19   552
  1.612434e-01   1.117700e-17   1.035450e-04   7.279196e-19   432
  1.616292e-01   7.057857e-18   0.000000e+00   6.003071e-19   168
  1.619530e-01   1.226514e-17   1.283579e-04   7.715522e-19   480
  1.623813e-01   6.963802e-18   0.000000e+00   4.313566e-19   120
  1.625741e-01   1.104670e-17   1.048372e-04   7.916798e-19   336
  1.630445e-01   7.492314e-18   7.396097e-05   3.650581e-19   672
  1.635097e-01   8.935372e-18   1.075863e-04   4.854100e-19   528
  1.637264e-01   4.233058e-18   3.229373e-09   2.702491e-19   168
  1.642270e-01   8.634848e-18   1.200118e-04   5.279765e-19   456
  1.645324e-01   9.896998e-18   7.329223e-05   1.144953e-18   168
  1.648495e-01   7.755314e-18   7.316065e-05   4.046843e-19   504
  1.653766e-01   5.213468e-18   9.414654e-05   4.302649e-19   336
  1.656953e-01   7.120142e-18   6.786851e-05   5.221215e-19   312
  1.660489e-01   7.566126e-18   6.631214e-05   4.621168e-19   504
  1.665141e-01   6.130844e-18   4.600920e-05   3.237949e-19   432
  1.667329e-01   7.084068e-18   7.109945e-05   4.790924e-19   312
  1.671876e-01   6.726667e-18   7.288039e-05   3.812099e-19   384
  1.676624e-01   1.206752e-17   6.192036e-05   1.391277e-18   126
  1.679555e-01   1.022794e-17   1.087174e-04   7.081882e-19   492
  1.683299e-01   8.457609e-18   6.963360e-05   5.243619e-19   528
  1.687978e-01   6.994350e-18   7.073279e-05   4.373027e-19   480
  1.690879e-01   8.410187e-18   9.771696e-05   6.177563e-19   432
  1.695076e-01   7.229410e-18   7.684145e-05   4.567689e-19   440
  1.699951e-01   9.512497e-18   3.821294e-05   6.832237e-19   312
  1.701781e-01   6.237945e-18   5.726529e-05   3.561214e-19   480
  1.705533e-01   7.319971e-18   1.121243e-04   4.243394e-19   408
  1.711016e-01   8.542185e-18   6.714979e-05   5.338857e-19   360
  1.713332e-01   6.630720e-18   6.479710e-05   4.303065e-19   408
  1.717625e-01   5.646822e-18   6.593925e-05   4.089287e-19   456
  1.722458e-01   8.037989e-18   6.302169e-05   6.109505e-19   264
  1.725141e-01   6.976723e-18   6.839435e-05   3.627394e-19   384
  1.729046e-01   5.875999e-18   1.151467e-04   2.849518e-19   672
  1.733561e-01   9.010180e-18   6.887260e-05   7.411441e-19   240
  1.736166e-01   5.118265e-18   6.988846e-05   2.878398e-19   264
  1.739843e-01   4.026653e-18   8.619588e-05   2.540253e-19   624
  1.745329e-01   4.484464e-18   0.000000e+00   4.759793e-19   150
  1.747283e-01   7.847345e-18   9.658929e-05   4.486722e-19   600
  1.751402e-01   7.310413e-18   6.666345e-05   3.919984e-19   672
  1.756067e-01   5.766993e-18   6.270167e-05   4.913473e-19   336
  1.758666e-01   8.886897e-18   6.820115e-05   6.783171e-19   408
  1.762818e-01   7.975383e-18   6.804049e-05   5.686100e-19   408
  1.767436e-01   8.218454e-18   3.440492e-05   4.923782e-19   360
  1.770283e-01   8.116704e-18   1.263238e-04   6.431355e-19   456
  1.773722e-01   6.463687e-18   6.869566e-05   5.514675e-19   384
  1.778099e-01   3.405110e-18   6.341480e-05   2.057678e-19   348
  1.780464e-01   7.198190e-18   7.817791e-05   3.968415e-19   576
  1.784907e-01   4.585884e-18   6.436923e-05   2.537755e-19   504
  1.789452e-01   5.519028e-18   9.078907e-05   3.628033e-19   432
  1.793419e-01   5.795805e-18   1.235181e-04   3.757291e-19   576
  1.796248e-01   4.892328e-18   0.000000e+00   3.970295e-19   264
  1.800736e-01   4.996298e-18   9.828954e-05   2.304720e-19   768
  1.804640e-01   2.539109e-18   1.323290e-04   1.133967e-19   240
  1.807743e-01   6.422195e-18   1.167016e-04   6.703434e-19   192
  1.812263e-01   4.565175e-18   8.590664e-05   2.479986e-19   504
  1.815615e-01   7.876304e-18   1.157624e-04   5.194008e-19   590
  1.818830e-01   7.789376e-18   1.297055e-04   5.888826e-19   384
  1.822861e-01   5.515448e-18   1.083956e-04   3.557585e-19   504
  1.827729e-01   7.006053e-18   1.043140e-04   4.997610e-19   648
  1.832449e-01   4.981666e-18   2.833030e-05   3.459470e-19   504
  1.834353e-01   4.836979e-18   6.462673e-05   2.950835e-19   312
  1.837714e-01   7.621961e-18   9.311123e-05   4.735058e-19   576
  1.842327e-01   7.069806e-18   6.479663e-05   7.996812e-19   240
  1.845017e-01   4.140652e-18   6.547387e-05   1.979427e-19   552
  1.848823e-01   6.539553e-18   6.147846e-05   4.114596e-19   600
  1.854246e-01   4.806018e-18   7.509108e-05   2.486161e-19   600
  1.857506e-01   4.840719e-18   1.202524e-04   3.869844e-19   312
  1.860753e-01   5.971614e-18   1.047280e-04   3.735826e-19   480
  1.864809e-01   3.946255e-18   6.534019e-05   2.367537e-19   576
  1.868380e-01   5.967818e-18   1.052119e-04   4.446749e-19   408
  1.871548e-01   1.783864e-18   1.227345e-04   1.275108e-19   216
  1.875642e-01   5.031636e-18   9.400084e-05   2.961771e-19   516
  1.880028e-01   4.670678e-18   8.968636e-05   2.235848e-19   744
  1.884552e-01   5.334329e-18   5.990257e-05   3.091957e-19   462
  1.887109e-01   5.901315e-18   6.088230e-05   6.243893e-19   432
  1.891075e-01   6.607048e-18   5.648168e-05   4.455457e-19   648
  1.895737e-01   5.729957e-18   8.264320e-05   4.359569e-19   528
  1.899483e-01   5.773875e-18   9.952305e-05   3.335446e-19   600
  1.903225e-01   1.027383e-17   1.254725e-04   8.990104e-19   240
  1.906850e-01   5.005008e-18   9.611075e-05   3.289434e-19   720
  1.911062e-01   5.051704e-18   7.604100e-05   2.944677e-19   720
  1.915732e-01   1.667571e-18   0.000000e+00   1.329031e-19   144
  1.918190e-01   5.607220e-18   9.803961e-05   3.238603e-19   720
  1.921686e-01   5.228048e-18   5.878648e-05   3.775772e-19   384
  1.926063e-01   3.797870e-18   6.516793e-05   2.179080e-19   672
  1.930215e-01   6.414204e-18   1.141019e-04   6.178158e-19   336
  1.932199e-01   4.122959e-18   0.000000e+00   3.452168e-19   288
  1.937055e-01   3.431194e-18   9.030399e-05   1.823904e-19   776
  1.941551e-01   3.539760e-18   7.726878e-05   2.330151e-19   720
  1.945327e-01   3.052041e-18   6.224567e-05   1.783776e-19   432
  1.948347e-01   4.514458e-18   8.873905e-05   2.615986e-19   504
  1.951706e-01   4.219308e-18   6.217429e-05   2.569261e-19   528
  1.956407e-01   5.350914e-18   8.470885e-05   4.767922e-19   438
  1.960275e-01   6.156444e-18   9.859335e-05   5.003344e-19   624
  1.963189e-01   5.516406e-18   1.207635e-04   5.822261e-19   312
  1.967196e-01   7.011829e-18   6.506437e-05   4.397803e-19   696
  1.971339e-01   4.809479e-18   5.887146e-05   3.183163e-19   552
  1.975648e-01   6.059324e-18   4.554687e-05   4.588363e-19   516
  1.978313e-01   6.704159e-18   9.097645e-05   4.437520e-19   528
  1.981558e-01   1.958426e-18   5.916447e-05   9.346986e-20   528
  1.986168e-01   5.232860e-18   7.802593e-05   3.252383e-19   864
  1.989297e-01   4.275107e-18   1.068795e-04   3.149529e-19   408
  1.992429e-01   6.923890e-18   1.058911e-04   5.329205e-19   192
  1.996868e-01   3.270832e-18   8.762994e-05   1.827192e-19   720
  2.000615e-01   3.512189e-18   8.079911e-05   2.262416e-19   696
  2.005068e-01   3.384548e-18   8.726379e-05   2.011847e-19   720
  2.009142e-01   4.408303e-18   1.182756e-04   2.909529e-19   432
  2.011518e-01   2.612450e-18   6.962164e-05   2.202257e-19   264
  2.015793e-01   3.461351e-18   9.614441e-05   1.798921e-19   672
  2.019616e-01   3.520476e-18   9.843711e-05   2.169516e-19   600
  2.024154e-01   1.623100e-18   5.763483e-05   1.180425e-19   270
  2.026441e-01   5.775687e-18   8.675648e-05   5.425198e-19   528
  2.030077e-01   4.576579e-18   5.940776e-05   2.950815e-19   840
  2.035062e-01   5.547184e-18   1.135983e-04   3.496116e-19   888
  2.039669e-01   3.414868e-18   8.463909e-05   2.232446e-19   744
  2.043562e-01   4.886416e-18   4.349214e-05   4.469197e-19   456
  2.045498e-01   7.421519e-18   5.943469e-05   5.834506e-19   360
  2.048811e-01   3.033378e-18   5.149682e-05   2.902288e-19   384
  2.053895e-01   4.090956e-18   8.260041e-05   2.282185e-19   816
  2.057710e-01   4.106613e-18   1.198416e-04   2.407964e-19   824
  2.062346e-01   3.188966e-18   5.570811e-05   2.580028e-19   360
  2.064829e-01   3.300591e-18   8.220424e-05   2.158390e-19   624
  2.068246e-01   4.961798e-18   5.554917e-05   4.077420e-19   360
  2.072798e-01   3.417853e-18   7.556319e-05   2.047776e-19   876
  2.076909e-01   3.284357e-18   8.974647e-05   1.927922e-19   696
  2.081055e-01   2.206354e-18   5.795238e-05   1.584064e-19   336
  2.083228e-01   4.054510e-18   5.788726e-05   2.926108e-19   504
  2.086818e-01   3.010205e-18   5.838888e-05   1.953593e-19   672
  2.092144e-01   2.353187e-18   1.162387e-04   1.313392e-19   720
  2.095838e-01   4.179843e-18   8.780591e-05   3.045698e-19   774
  2.099915e-01   6.363830e-18   5.025783e-05   6.093768e-19   384
  2.102050e-01   4.247348e-18   9.671763e-05   3.395795e-19   528
  2.105364e-01   4.168793e-18   9.217729e-05   2.886805e-19   744
  2.110694e-01   4.880964e-18   7.602671e-05   3.142681e-19   768
  2.114233e-01   3.813939e-18   8.534571e-05   3.277801e-19   552
  2.118649e-01   3.248719e-18   9.301717e-05   2.081521e-19   696
  2.121934e-01   4.687672e-18   1.130320e-04   3.971681e-19   408
  2.124541e-01   4.253149e-18   4.883074e-05   3.611081e-19   504
  2.128675e-01   2.779565e-18   8.772259e-05   1.408608e-19   888
  2.132743e-01   3.114331e-18   9.116913e-05   2.330324e-19   648
  2.136971e-01   3.084764e-18   9.038766e-05   2.121055e-19   648
  2.140948e-01   3.153254e-18   9.746006e-05   1.867542e-19   792
  2.145162e-01   2.738534e-18   1.425907e-04   1.879900e-19   600
  2.148267e-01   1.600486e-18   9.663487e-05   1.019433e-19   456
  2.151535e-01   3.284990e-18   4.709572e-05   2.177096e-19   648
  2.155732e-01   2.343370e-18   9.184351e-05   1.289954e-19   936
  2.160264e-01   3.808453e-18   5.640375e-05   2.510889e-19   384
  2.164208e-01   4.261414e-18   4.745948e-09   8.043195e-19   198
  2.167253e-01   3.451885e-18   1.431011e-04   2.142494e-19   1224
  2.170537e-01   4.479467e-18   1.042217e-04   3.606913e-19   420
  2.174420e-01   3.499991e-18   1.008648e-04   2.460003e-19   792
  2.178218e-01   3.523851e-18   8.340657e-05   2.746358e-19   680
  2.182552e-01   2.981961e-18   7.658783e-05   2.325862e-19   600
  2.186039e-01   3.267911e-18   1.110734e-04   1.889931e-19   840
  2.190695e-01   2.367650e-18   5.244369e-05   1.439517e-19   432
  2.192474e-01   3.646875e-18   4.914665e-05   2.326971e-19   720
  2.196343e-01   2.403184e-18   9.843213e-05   1.284312e-19   960
  2.201154e-01   2.519309e-18   8.774504e-05   2.214773e-19   528
  2.204670e-01   3.204581e-18   8.969217e-05   2.520022e-19   624
  2.208855e-01   3.213854e-18   7.049743e-05   1.876463e-19   816
  2.213008e-01   2.609241e-18   1.159345e-04   1.969419e-19   696
  2.217599e-01   1.582842e-18   7.830814e-09   1.289816e-19   240
  2.219325e-01   2.830876e-18   6.836935e-05   1.810323e-19   672
  2.223177e-01   2.284710e-18   1.221858e-04   1.393223e-19   864
  2.227499e-01   1.592337e-18   9.375778e-05   1.229388e-19   816
  2.231394e-01   2.164045e-18   5.366372e-05   1.607504e-19   648
  2.235589e-01   3.185532e-18   5.485410e-05   2.213067e-19   843
  2.239151e-01   3.209658e-18   9.869601e-05   2.845045e-19   780
  2.243395e-01   3.504697e-18   5.295844e-05   4.799052e-19   216
  2.246013e-01   2.468767e-18   1.277035e-04   1.647147e-19   1056
  2.250039e-01   1.981479e-18   1.044758e-04   3.647749e-19   228
  2.253767e-01   3.008620e-18   1.300750e-04   1.932420e-19   924
  2.257594e-01   2.200294e-18   4.825052e-05   1.498754e-19   696
  2.261647e-01   2.290524e-18   8.587211e-05   1.485704e-19   996
  2.265793e-01   1.416171e-18   5.069718e-05   1.182478e-19   576
  2.270107e-01   2.355622e-18   7.824775e-05   2.663675e-19   552
  2.273251e-01   2.586201e-18   9.342507e-05   1.763517e-19   516
  2.276442e-01   2.509269e-18   1.358594e-04   1.799051e-19   744
  2.280088e-01   1.051210e-18   6.664715e-05   5.630288e-20   576
  2.283260e-01   1.646945e-18   6.859680e-05   9.767120e-20   792
  2.287768e-01   1.856512e-18   7.841886e-05   1.219480e-19   792
  2.291071e-01   1.903698e-18   8.457391e-05   1.250427e-19   720
  2.295538e-01   1.469922e-18   9.639481e-05   8.599715e-20   656
  2.299724e-01   1.441040e-18   1.052581e-04   7.188976e-20   816
  2.304015e-01   1.771229e-18   5.675340e-05   1.684717e-19   492
  2.306454e-01   1.666687e-18   8.164378e-05   9.930427e-20   552
  2.311032e-01   1.226139e-18   1.419686e-04   9.117238e-20   780
  2.314005e-01   1.423079e-18   8.720963e-05   8.869883e-20   528
  2.317208e-01   1.141722e-18   1.018002e-04   8.803125e-20   600
  2.321929e-01   1.529245e-18   8.460399e-05   7.707187e-20   900
  2.325183e-01   1.317747e-18   4.683822e-05   7.617122e-20   696
  2.329660e-01   1.190328e-18   1.184322e-04   8.287794e-20   696
  2.333991e-01   8.834857e-19   4.804683e-05   4.368070e-20   552
  2.337633e-01   1.101710e-18   5.587403e-05   7.294617e-20   708
  2.341448e-01   1.151242e-18   9.225121e-05   6.408027e-20   876
  2.345418e-01   1.320501e-18   4.898356e-05   1.083336e-19   216
  2.348082e-01   1.278272e-18   1.339767e-04   5.874837e-20   1032
  2.352071e-01   9.563768e-19   1.491682e-04   6.665773e-20   600
  2.356212e-01   6.199897e-19   7.117755e-05   3.831571e-20   600
  2.359371e-01   1.148894e-18   1.256929e-04   6.578130e-20   528
  2.363105e-01   9.943639e-19   6.899988e-05   5.565601e-20   732
  2.367039e-01   1.172994e-18   5.095015e-05   8.222317e-20   336
  2.371566e-01   8.629765e-19   7.261407e-05   4.865501e-20   912
  2.374950e-01   6.504982e-19   7.288252e-05   3.125012e-20   624
  2.378647e-01   8.584856e-19   6.141657e-05   4.205034e-20   768
  2.382963e-01   8.049396e-19   1.108076e-04   3.524327e-20   792
  2.387198e-01   8.703843e-19   5.493383e-05   5.234563e-20   660
  2.390212e-01   9.145409e-19   8.095383e-05   6.952658e-20   504
  2.393329e-01   6.783584e-19   1.322631e-04   3.969617e-20   480
  2.398000e-01   6.715370e-19   1.223261e-04   3.227418e-20   912
  2.401658e-01   6.886158e-19   1.362291e-04   4.293772e-20   432
  2.405113e-01   8.512032e-19   8.088962e-05   4.823951e-20   564
  2.408180e-01   6.406022e-19   7.742251e-05   2.766852e-20   600
  2.412498e-01   8.981914e-19   1.079196e-04   4.424669e-20   876
  2.415741e-01   7.352854e-19   4.852393e-05   6.427255e-20   264
  2.420212e-01   5.506920e-19   9.415549e-05   2.809397e-20   560
  2.423806e-01   7.055107e-19   6.398069e-05   3.186667e-20   840
  2.428168e-01   5.390212e-19   9.863978e-05   2.221284e-20   1008
  2.432202e-01   4.089582e-19   4.412481e-05   1.690279e-20   456
  2.435886e-01   6.863087e-19   5.715745e-05   3.468431e-20   576
  2.439292e-01   7.016032e-19   8.782853e-05   3.573562e-20   612
  2.443783e-01   6.004691e-19   7.844513e-05   2.730795e-20   780
  2.447447e-01   6.139718e-19   8.989453e-05   2.929884e-20   648
  2.451197e-01   6.077423e-19   4.189201e-05   4.394635e-20   312
  2.453594e-01   5.116181e-19   1.064407e-04   2.680855e-20   528
  2.457747e-01   4.719440e-19   1.390063e-04   1.563124e-20   720
  2.461718e-01   5.428790e-19   1.394416e-04   3.420936e-20   576
  2.466533e-01   5.234119e-19   1.202863e-04   2.787054e-20   444
  2.469529e-01   5.384176e-19   1.179621e-04   1.866853e-20   996
  2.473200e-01   4.970525e-19   9.853387e-05   3.433587e-20   432
  2.476669e-01   5.031253e-19   1.078752e-04   2.536974e-20   504
  2.479666e-01   3.686883e-19   4.863583e-05   1.623680e-20   504
  2.483934e-01   5.351342e-19   9.571589e-05   1.868469e-20   876
  2.487796e-01   3.998402e-19   1.101599e-04   1.723875e-20   504
  2.491817e-01   4.210079e-19   7.025420e-05   1.828616e-20   696
  2.495140e-01   4.237142e-19   6.005997e-05   1.803733e-20   492
  2.499662e-01   3.857291e-19   8.597875e-05   2.060369e-20   432
  2.503011e-01   5.097860e-19   8.050968e-05   2.109381e-20   768
  2.506981e-01   3.939801e-19   1.002856e-04   1.736250e-20   648
  2.510772e-01   3.812590e-19   6.542561e-05   1.855276e-20   456
  2.515128e-01   4.678210e-19   8.997083e-05   2.017303e-20   552
  2.518153e-01   3.959009e-19   6.166608e-05   1.605162e-20   648
  2.522317e-01   3.350948e-19   1.005122e-04   1.036005e-20   840
  2.526384e-01   3.649405e-19   4.793217e-05   1.506958e-20   432
  2.530455e-01   3.698040e-19   5.870872e-05   1.726973e-20   600
  2.533287e-01   3.825260e-19   6.255029e-05   1.536221e-20   432
  2.538044e-01   4.036435e-19   6.227491e-05   1.659344e-20   560
  2.541265e-01   3.176804e-19   9.857465e-05   1.045423e-20   840
  2.545299e-01   3.843458e-19   5.838720e-05   1.957702e-20   504
  2.548502e-01   3.136394e-19   1.191648e-04   1.134571e-20   696
  2.553018e-01   4.140902e-19   6.508356e-05   2.065499e-20   384
  2.556535e-01   2.754518e-19   9.533975e-05   9.606824e-21   576
  2.560789e-01   2.886261e-19   5.883893e-05   1.484920e-20   360
  2.564218e-01   3.822886e-19   8.762544e-05   1.403524e-20   828
  2.567917e-01   3.059675e-19   7.804673e-05   1.605360e-20   372
  2.571307e-01   3.155231e-19   1.191923e-04   1.171596e-20   576
  2.575797e-01   3.646309e-19   4.991761e-05   1.269910e-20   636
  2.578996e-01   3.000506e-19   9.622826e-05   9.827193e-21   648
  2.583323e-01   2.586553e-19   7.822306e-05   9.357408e-21   576
  2.586430e-01   3.090354e-19   1.261820e-04   1.508023e-20   528
  2.590561e-01   3.357829e-19   5.394804e-05   2.027440e-20   360
  2.593981e-01   2.668609e-19   1.241007e-04   9.481393e-21   672
  2.598446e-01   3.026436e-19   6.356642e-05   9.724472e-21   804
  2.602163e-01   3.046164e-19   7.012137e-05   1.477791e-20   408
  2.606274e-01   3.344268e-19   4.334263e-05   1.588905e-20   384
  2.609042e-01   2.462774e-19   9.918459e-05   1.251467e-20   480
  2.612947e-01   2.555740e-19   6.408778e-05   1.210087e-20   432
  2.616692e-01   3.078360e-19   1.181001e-04   1.095473e-20   648
  2.621125e-01   2.767447e-19   7.328056e-05   1.061371e-20   624
  2.624367e-01   2.350244e-19   6.665485e-05   9.888851e-21   456
  2.628795e-01   2.309985e-19   9.105646e-05   9.637958e-21   588
  2.631762e-01   2.397081e-19   5.809364e-05   8.529525e-21   600
  2.636094e-01   2.408016e-19   9.061183e-05   8.755341e-21   708
  2.639516e-01   2.527670e-19   5.708370e-05   1.205794e-20   360
  2.643298e-01   2.664307e-19   6.561923e-05   1.150052e-20   552
  2.646923e-01   2.242588e-19   4.603344e-05   1.512459e-20   288
  2.650603e-01   2.458859e-19   8.655546e-05   1.018717e-20   528
  2.654060e-01   2.558001e-19   5.839431e-05   9.729131e-21   456
  2.657924e-01   2.590782e-19   1.035458e-04   1.058298e-20   608
  2.661809e-01   2.115730e-19   5.009661e-05   7.912996e-21   504
  2.666055e-01   1.811659e-19   1.075546e-04   6.834284e-21   540
  2.669384e-01   2.293192e-19   1.154568e-04   9.762314e-21   360
  2.672972e-01   2.657671e-19   5.228475e-05   1.083040e-20   540
  2.676146e-01   2.064799e-19   4.489266e-05   8.145688e-21   576
  2.680762e-01   2.194869e-19   1.040909e-04   7.747964e-21   588
  2.685150e-01   2.151900e-19   1.436140e-04   7.529730e-21   672
  2.688920e-01   2.239475e-19   1.097654e-04   7.920295e-21   552
  2.691959e-01   2.285891e-19   1.098209e-04   1.631721e-20   144
  2.695837e-01   2.171914e-19   9.330411e-05   8.412212e-21   600
  2.699514e-01   1.698803e-19   1.169304e-04   7.622923e-21   504
  2.703595e-01   1.967910e-19   1.201111e-04   1.070627e-20   336
  2.707887e-01   1.985208e-19   1.350054e-04   7.198841e-21   600
  2.711731e-01   1.907833e-19   8.712810e-05   7.085218e-21   636
  2.715880e-01   2.159357e-19   7.005178e-05   1.024406e-20   384
  2.718789e-01   2.134256e-19   9.771396e-05   7.946136e-21   504
  2.722982e-01   1.654455e-19   4.100918e-05   9.342897e-21   240
  2.726291e-01   2.146059e-19   9.633639e-05   6.810371e-21   744
  2.730261e-01   1.883305e-19   6.578310e-05   6.991435e-21   648
  2.733790e-01   2.432596e-19   4.366878e-05   1.758888e-20   120
  2.737925e-01   1.903147e-19   6.859799e-05   7.185474e-21   564
  2.741050e-01   2.195697e-19   1.077373e-04   9.483513e-21   432
  2.745220e-01   1.820171e-19   8.362543e-05   7.913832e-21   480
  2.748361e-01   1.607268e-19   6.155045e-05   6.651486e-21   456
  2.752067e-01   2.058894e-19   1.018569e-04   8.863693e-21   444
  2.756274e-01   1.590701e-19   1.558464e-04   6.701999e-21   528
  2.759969e-01   1.899443e-19   1.157439e-04   1.098947e-20   264
  2.763555e-01   1.768518e-19   1.186203e-04   7.574783e-21   444
  2.768379e-01   1.668862e-19   1.299311e-04   5.699063e-21   696
  2.772383e-01   1.954114e-19   6.949148e-05   9.338485e-21   384
  2.775311e-01   1.626784e-19   8.780831e-05   6.085824e-21   432
  2.779866e-01   1.719455e-19   6.067143e-05   7.359857e-21   488
  2.782823e-01   1.712998e-19   9.143939e-05   6.356351e-21   480
  2.787111e-01   1.581432e-19   1.019738e-04   6.517068e-21   480
  2.790432e-01   1.721796e-19   4.278510e-05   9.360700e-21   240
  2.794202e-01   1.956490e-19   9.994261e-05   8.325572e-21   600
  2.797758e-01   1.637183e-19   8.708975e-05   8.706023e-21   288
  2.801544e-01   1.834292e-19   8.377397e-05   8.155968e-21   480
  2.805379e-01   1.506865e-19   1.490189e-04   5.741746e-21   504
  2.809155e-01   1.717533e-19   6.393839e-05   1.112019e-20   216
  2.813970e-01   1.786339e-19   1.046773e-04   6.759599e-21   504
  2.817720e-01   1.434422e-19   8.419242e-05   5.162111e-21   456
  2.821825e-01   1.688242e-19   4.828579e-05   7.110892e-21   384
  2.824544e-01   1.768559e-19   9.800271e-05   7.751135e-21   480
  2.828408e-01   1.399794e-19   8.605736e-05   5.087740e-21   504
  2.831988e-01   1.493985e-19   5.458940e-05   8.486503e-21   312
  2.835845e-01   1.641636e-19   8.796897e-05   7.451122e-21   492
  2.839260e-01   1.791164e-19   8.245044e-05   9.548027e-21   312
  2.843655e-01   1.439770e-19   1.339342e-04   5.327311e-21   576
  2.847524e-01   1.486153e-19   1.236321e-04   6.879082e-21   336
  2.850738e-01   1.137893e-19   9.519099e-05   5.989892e-21   240
  2.855192e-01   1.581336e-19   1.261991e-04   6.818482e-21   468
  2.859039e-01   1.344355e-19   7.901891e-05   7.764378e-21   192
  2.863065e-01   1.583778e-19   7.925442e-05   8.813916e-21   324
  2.866016e-01   1.565008e-19   5.752155e-05   5.561256e-21   600
  2.870037e-01   1.460959e-19   9.332283e-05   6.162452e-21   456
  2.873023e-01   1.392980e-19   4.197661e-05   6.944960e-21   336
  2.877972e-01   1.600816e-19   1.256898e-04   6.232328e-21   612
  2.881573e-01   1.220565e-19   1.054844e-04   8.035354e-21   144
  2.884978e-01   1.613144e-19   1.231274e-04   7.211131e-21   552
  2.889609e-01   1.261701e-19   4.848907e-05   6.345142e-21   264
  2.892225e-01   1.458224e-19   1.122646e-04   7.395702e-21   336
  2.896353e-01   1.397281e-19   7.418058e-05   6.956771e-21   384
  2.899932e-01   1.591546e-19   4.175634e-05   1.020952e-20   216
  2.903894e-01   1.198721e-19   8.853205e-05   5.540276e-21   344
  2.907507e-01   1.153108e-19   1.320940e-04   4.836054e-21   408
  2.911910e-01   1.413514e-19   1.015056e-04   7.059924e-21   264
  2.915811e-01   1.469234e-19   1.415038e-04   5.832496e-21   612
  2.919709e-01   1.479194e-19   7.282870e-05   7.096867e-21   408
  2.923718e-01   1.351844e-19   7.293338e-05   6.248322e-21   444
  2.926663e-01   1.554110e-19   4.079109e-05   1.010643e-20   120
  2.930609e-01   1.472198e-19   1.126983e-04   7.847248e-21   336
  2.933538e-01   1.280738e-19   3.916222e-05   6.769933e-21   288
  2.937496e-01   1.307364e-19   1.218735e-04   5.186121e-21   552
  2.942938e-01   2.196790e-19   6.525678e-09   2.722073e-20   72
  2.945736e-01   1.332462e-19   1.210514e-04   5.741066e-21   504
  2.949004e-01   8.928341e-20   3.895317e-05   5.552601e-21   216
  2.953239e-01   1.237561e-19   6.954821e-05   6.751861e-21   312
  2.957040e-01   1.219925e-19   7.919158e-05   5.503558e-21   336
  2.960663e-01   1.275853e-19   1.097684e-04   9.097029e-21   204
  2.964271e-01   1.282273e-19   1.275676e-04   5.592006e-21   504
  2.968098e-01   1.261621e-19   1.214810e-04   5.962755e-21   396
  2.971778e-01   1.226623e-19   1.114044e-04   6.028248e-21   312
  2.976240e-01   1.629267e-19   6.808000e-05   1.194699e-20   216
  2.979383e-01   1.272731e-19   3.694832e-05   7.846242e-21   168
  2.983203e-01   1.163858e-19   9.329657e-05   5.203458e-21   588
  2.987563e-01   1.034767e-19   1.266392e-04   7.128641e-21   240
  2.990950e-01   1.061790e-19   1.118436e-04   6.733547e-21   264
  2.994922e-01   1.090447e-19   1.383176e-04   5.887682e-21   288
  2.998446e-01   1.145889e-19   6.907007e-05   5.955278e-21   288
  3.002913e-01   1.186619e-19   6.486779e-05   6.422067e-21   288
  3.005921e-01   1.222613e-19   7.514392e-05   7.239178e-21   192
  3.009705e-01   9.998322e-20   7.996067e-05   5.610263e-21   264
  3.013310e-01   1.476170e-19   1.315242e-04   6.457211e-21   372
  3.017189e-01   1.406411e-19   1.420518e-04   6.956661e-21   360
  3.021924e-01   1.425858e-19   6.011768e-05   1.262089e-20   144
  3.024371e-01   1.036838e-19   8.350082e-05   5.811739e-21   296
  3.028234e-01   1.092034e-19   8.996782e-05   7.303919e-21   288
  3.032657e-01   1.003225e-19   1.344546e-04   4.316448e-21   480
  3.036471e-01   1.141920e-19   1.117190e-04   8.323044e-21   192
  3.040181e-01   1.587127e-19   1.198338e-04   1.298571e-20   192
  3.043553e-01   1.016951e-19   7.637151e-05   5.578141e-21   288
  3.048242e-01   1.013801e-19   6.648036e-05   8.552206e-21   108
  3.050604e-01   1.283170e-19   6.391272e-05   7.441211e-21   240
  3.054775e-01   9.404741e-20   1.192307e-04   4.554096e-21   384
  3.059059e-01   1.231687e-19   1.454479e-04   1.039661e-20   108
  3.062848e-01   1.346280e-19   8.527881e-05   7.591313e-21   348
  3.066832e-01   1.089696e-19   8.900031e-05   6.393749e-21   312
  3.070391e-01   1.161669e-19   8.648246e-05   2.858652e-20   96
  3.073663e-01   1.103970e-19   1.151358e-04   4.935866e-21   384
  3.077328e-01   1.215150e-19   7.919012e-05   9.535402e-21   144
  3.080912e-01   1.095971e-19   1.216791e-04   5.544966e-21   408
  3.085368e-01   9.057662e-20   5.427748e-05   8.851632e-21   144
  3.089578e-01   1.113923e-19   1.043490e-04   9.298479e-21   192
  3.092074e-01   1.094207e-19   1.174468e-04   7.457712e-21   144
  3.096144e-01   9.908694e-20   9.548855e-05   6.572270e-21   144
  3.099983e-01   1.005043e-19   1.167025e-04   5.237686e-21   336
  3.104685e-01   8.374680e-20   8.634502e-05   4.268232e-21   240
  3.107666e-01   1.098454e-19   3.920851e-05   1.144047e-20   96
  3.111825e-01   1.058751e-19   1.149797e-04   6.028890e-21   372
  3.116031e-01   9.165856e-20   1.367659e-04   8.629857e-21   132
  3.119726e-01   8.659607e-20   8.462908e-05   4.947771e-21   264
  3.123032e-01   1.501917e-19   6.499128e-05   1.309773e-20   168
  3.126560e-01   1.048815e-19   1.039086e-04   7.220810e-21   216
  3.129676e-01   1.084364e-19   6.357256e-05   6.898866e-21   216
  3.134215e-01   8.689094e-20   1.166292e-04   6.478047e-21   96
  3.138333e-01   1.154444e-19   7.608990e-05   1.066057e-20   120
  3.142110e-01   9.863322e-20   9.673168e-05   5.984463e-21   216
  3.145221e-01   8.204241e-20   4.227207e-05   4.988445e-21   200
  3.149340e-01   9.292245e-20   1.094242e-04   4.767543e-21   288
  3.154623e-01   6.446160e-20   2.879164e-05   3.912238e-21   144
  3.156848e-01   1.058389e-19   8.959781e-05   6.783127e-21   168
  3.161391e-01   1.063200e-19   1.008340e-04   8.435775e-21   159
  3.164937e-01   1.012166e-19   1.057991e-04   7.590686e-21   174
  3.168369e-01   8.655945e-20   9.593494e-05   6.394241e-21   144
  3.172863e-01   8.374316e-20   5.539549e-05   5.044529e-21   222
  3.175869e-01   8.515077e-20   5.589895e-05   5.026580e-21   168
  3.181060e-01   7.147648e-20   1.226079e-04   1.132338e-20   30
  3.183205e-01   4.968208e-20   1.082537e-04   4.581913e-21   72
  3.187244e-01   9.078484e-20   9.661517e-05   4.949897e-21   258
  3.191684e-01   8.686081e-20   6.051257e-05   4.779630e-21   264
  3.193905e-01   9.156875e-20   0.000000e+00   9.993678e-21   72
  3.198532e-01   6.649693e-20   1.199385e-04   3.758682e-21   174
  3.202721e-01   8.418081e-20   1.277123e-04   5.489075e-21   168
  3.206090e-01   6.742292e-20   3.996146e-09   6.144555e-21   48
  3.209705e-01   6.080658e-20   7.212215e-05   3.617254e-21   150
  3.213898e-01   1.085489e-19   1.326739e-04   7.064460e-21   168
  3.218102e-01   7.098952e-20   8.081877e-05   4.720501e-21   144
  3.221967e-01   8.410211e-20   7.550312e-05   9.310368e-21   102
  3.224847e-01   7.009767e-20   1.117576e-04   5.150162e-21   96
  3.229415e-01   5.881280e-20   1.109119e-04   4.515271e-21   120
  3.232799e-01   5.733240e-20   1.189559e-04   2.957184e-21   168
  3.236458e-01   9.126020e-20   8.783953e-05   7.536614e-21   126
  3.239576e-01   8.703908e-20   6.624856e-05   5.466557e-21   168
  3.243872e-01   7.029539e-20   1.062297e-04   8.717989e-21   72
  3.247626e-01   6.018138e-20   1.330232e-04   4.015064e-21   168
  3.250914e-01   8.176706e-20   3.646820e-05   6.002983e-21   78
  3.255420e-01   6.068775e-20   5.987806e-05   5.319398e-21   60
  3.259049e-01   1.162982e-19   9.713191e-05   1.218284e-20   96
  3.262812e-01   7.636545e-20   1.178615e-04   5.018435e-21   168
  3.266349e-01   6.598771e-20   7.457817e-05   5.740084e-21   86
  3.270060e-01   5.557405e-20   6.665520e-05   3.570358e-21   120
  3.275378e-01   5.966794e-20   4.753401e-05   3.354934e-21   168
  3.278247e-01   6.796887e-20   0.000000e+00   6.076747e-21   48
  3.282110e-01   8.330392e-20   8.660181e-05   5.898051e-21   120
  3.284330e-01   6.774129e-20   6.317951e-05   4.626304e-21   126
  3.289749e-01   8.176307e-20   1.111151e-04   7.426488e-21   96
  3.293266e-01   7.923682e-20   3.204012e-05   5.821870e-21   96
  3.296039e-01   6.487263e-20   0.000000e+00   6.137445e-21   72
  3.301949e-01   4.276996e-20   3.996146e-09   7.335123e-21   24
  3.305637e-01   6.071179e-20   6.593782e-05   3.932248e-21   120
  3.308514e-01   6.470057e-20   9.618300e-05   5.013284e-21   126
  3.311713e-01   5.568267e-20   8.018157e-05   3.630927e-21   96
  3.315452e-01   5.510526e-20   1.385771e-04   4.825428e-21   72
  3.319614e-01   5.409863e-20   5.993927e-05   3.478949e-21   144
  3.323038e-01   4.306965e-20   3.457157e-05   3.597828e-21   72
  3.326459e-01   5.219144e-20   6.905176e-05   5.395216e-21   54
  3.329469e-01   8.747569e-20   6.085106e-05   9.031510e-21   108
  3.335726e-01   6.824226e-20   5.964977e-05   6.035572e-21   72
  3.337673e-01   6.495871e-20   3.441997e-05   6.717328e-21   72
  3.342294e-01   9.748639e-20   6.921527e-09   9.319335e-21   24
  3.346666e-01   5.168362e-20   7.281693e-05   5.413852e-21   48
  3.349321e-01   5.601310e-20   5.546771e-05   5.396149e-21   102
  3.353317e-01   6.161324e-20   1.254449e-04   3.441324e-21   168
  3.358538e-01   4.164825e-20   6.841470e-05   3.525521e-21   72
  3.360473e-01   3.780854e-20   0.000000e+00   3.819897e-21   48
  3.364531e-01   5.495088e-20   1.176775e-04   3.808843e-21   120
  3.369887e-01   5.672774e-20   7.231517e-05   3.494691e-21   96
  3.374945e-01   6.666408e-20   7.830814e-09   1.389916e-20   30
  3.380957e-01   8.293864e-20   3.397687e-05   8.376287e-21   72
  3.383599e-01   5.214922e-20   3.996146e-09   9.454246e-21   24
  3.386992e-01   5.902543e-20   5.036212e-05   5.827528e-21   56
  3.390793e-01   4.927927e-20   7.186930e-05   2.793865e-21   96
  3.395342e-01   5.528162e-20   7.936128e-05   3.354453e-21   144
  3.398849e-01   6.732559e-20   4.505822e-05   6.380261e-21   54
  3.403944e-01   5.824265e-20   6.750198e-05   3.619492e-21   108
  3.409071e-01   5.701333e-20   3.574199e-05   8.102666e-21   48
  3.413952e-01   5.627887e-20   1.345800e-04   4.137705e-21   72
  3.425664e-01   6.120308e-20   8.891744e-05   4.192527e-21   78
  3.428909e-01   4.062020e-20   6.701044e-05   3.999797e-21   72
  3.432698e-01   4.570473e-20   6.692725e-05   3.626090e-21   72
  3.436659e-01   5.812366e-20   1.615028e-04   3.862124e-21   96
  3.439790e-01   4.467612e-20   6.678928e-05   3.289814e-21   72
  3.443566e-01   5.061278e-20   0.000000e+00   5.106838e-21   24
  3.447338e-01   5.018489e-20   1.332770e-04   3.521651e-21   72
  3.455858e-01   5.815684e-20   8.463498e-05   6.678000e-21   30
  3.457691e-01   6.612053e-20   0.000000e+00   1.171513e-20   24
  3.467544e-01   5.227432e-20   7.027855e-05   4.604510e-21   48
  3.470634e-01   5.989023e-20   1.512394e-04   4.212245e-21   120
  3.474798e-01   5.065047e-20   6.612537e-05   4.678249e-21   72
  3.479003e-01   5.104577e-20   6.604543e-05   3.328323e-21   36
  3.481894e-01   4.690202e-20   1.305365e-04   4.436174e-21   78
  3.489960e-01   5.586601e-20   6.982714e-05   5.531865e-21   48
  3.500419e-01   5.829557e-20   5.651403e-09   8.420414e-21   24
  3.507870e-01   4.712246e-20   4.862619e-05   4.662920e-21   56
  3.511622e-01   4.796955e-20   7.482652e-05   3.463404e-21   102
  3.516395e-01   4.981499e-20   5.328194e-09   3.254497e-21   72
  3.519166e-01   5.607490e-20   0.000000e+00   6.560062e-21   24
  3.524009e-01   5.577584e-20   6.915246e-05   8.150098e-21   48
  3.532988e-01   6.733991e-20   0.000000e+00   9.073073e-21   24
  3.544007e-01   5.413952e-20   0.000000e+00   1.472443e-20   6
  3.547443e-01   4.293311e-20   0.000000e+00   5.245774e-21   24
  3.549732e-01   5.047641e-20   6.472929e-05   3.936010e-21   72
  3.553914e-01   4.927686e-20   1.207586e-04   4.218973e-21   84
  3.558418e-01   6.299330e-20   0.000000e+00   7.878729e-21   24
  3.559787e-01   4.359473e-20   5.651403e-09   4.974645e-21   24
  3.566626e-01   6.022977e-20   3.996146e-09   6.741206e-21   24
  3.576179e-01   9.342195e-20   0.000000e+00   2.048590e-20   6
  3.588424e-01   6.069821e-20   6.791113e-05   5.076254e-21   48
  3.591365e-01   5.325477e-20   1.279335e-04   4.404748e-21   72
  3.595209e-01   5.567244e-20   6.778297e-05   6.235549e-21   48
  3.601304e-01   4.530405e-20   0.000000e+00   6.595684e-21   24
  3.609415e-01   8.209780e-20   3.996146e-09   3.715952e-20   6
  3.627599e-01   7.997614e-20   0.000000e+00   1.315759e-20   8
  3.628942e-01   4.238058e-20   3.996146e-09   3.299437e-21   48
  3.632164e-01   6.169619e-20   6.573533e-05   4.514033e-21   60
  3.636991e-01   4.762943e-20   0.000000e+00   4.896025e-21   24
  3.643686e-01   6.741350e-20   0.000000e+00   1.400188e-20   6
  3.668348e-01   5.588905e-20   0.000000e+00   8.493348e-21   24
  3.670341e-01   5.759052e-20   6.639546e-05   6.992422e-21   48
  3.673659e-01   3.850980e-20   0.000000e+00   4.068250e-21   24
  3.678962e-01   9.535144e-20   3.996146e-09   4.057837e-20   6
  3.709088e-01   6.311596e-20   6.194064e-05   7.132986e-21   36
  3.711278e-01   5.851209e-20   0.000000e+00   4.746660e-21   24
  3.715215e-01   4.617681e-20   0.000000e+00   1.365451e-20   6
  3.749494e-01   5.448869e-20   5.629118e-05   1.082845e-20   32
  3.752417e-01   9.094624e-20   3.996146e-09   1.841665e-20   6
  3.789254e-01   4.001331e-20   0.000000e+00   1.176099e-20   12
  3.790540e-01   6.160171e-20   0.000000e+00   1.035423e-20   6
  3.829556e-01   6.362183e-20   5.651403e-09   6.212076e-21   6
