# power spectrum of pi_k_v
# redshift z=-0.036454
# k              Pk             sigma(k)       sigma(Pk)      count
  3.141593e-02   1.988652e-05   0.000000e+00   1.129503e-05   6
  4.442883e-02   1.275877e-07   0.000000e+00   2.639413e-08   12
  5.441398e-02   3.592138e-08   5.960464e-10   1.150306e-08   8
  6.283185e-02   3.146955e-04   0.000000e+00   5.147691e-05   6
  7.024815e-02   1.524880e-07   1.123916e-09   3.338036e-08   24
  7.695299e-02   1.739338e-07   1.123916e-09   2.874678e-08   24
  8.885766e-02   2.136672e-07   0.000000e+00   4.426302e-08   12
  9.424778e-02   2.006229e-05   1.271566e-09   1.367568e-05   30
  9.934588e-02   5.308003e-08   0.000000e+00   1.310189e-08   24
  1.041948e-01   5.071957e-08   1.946680e-09   1.655472e-08   24
  1.088280e-01   1.585437e-08   1.192093e-09   2.137482e-09   8
  1.132717e-01   7.208959e-08   1.589457e-09   1.660632e-08   24
  1.175476e-01   3.404767e-08   0.000000e+00   5.943785e-09   48
  1.256637e-01   1.909918e-03   0.000000e+00   3.667283e-04   6
  1.295312e-01   1.100188e-07   1.589457e-09   2.587490e-08   48
  1.332865e-01   2.190058e-08   1.498555e-09   3.481933e-09   36
  1.369388e-01   5.142244e-08   1.589457e-09   6.982141e-09   24
  1.404963e-01   5.120780e-07   2.247832e-09   9.621836e-08   24
  1.439659e-01   2.161332e-08   0.000000e+00   2.768347e-09   48
  1.473538e-01   3.360547e-08   2.247832e-09   6.381787e-09   24
  1.539060e-01   2.945446e-08   2.247832e-09   4.441817e-09   24
  1.570796e-01   8.554416e-05   0.000000e+00   5.836058e-05   30
  1.601904e-01   3.202263e-08   0.000000e+00   3.373875e-09   72
  1.632419e-01   2.043270e-08   2.384186e-09   3.964012e-09   32
  1.691799e-01   6.691030e-08   0.000000e+00   1.559747e-08   72
  1.720721e-01   1.741228e-08   0.000000e+00   3.740698e-09   48
  1.777153e-01   8.991079e-07   0.000000e+00   1.993175e-07   12
  1.804708e-01   1.670117e-08   0.000000e+00   2.033378e-09   48
  1.831848e-01   2.260624e-08   0.000000e+00   2.500448e-09   48
  1.858591e-01   1.455454e-08   2.247832e-09   1.600499e-09   48
  1.884956e-01   1.437674e-03   2.543132e-09   5.938475e-04   30
  1.910956e-01   4.357502e-07   0.000000e+00   1.131672e-07   24
  1.936608e-01   2.186030e-08   4.738846e-09   2.061535e-09   72
  1.986918e-01   1.313414e-06   0.000000e+00   2.104590e-07   24
  2.011601e-01   6.507095e-08   0.000000e+00   1.767785e-08   96
  2.035985e-01   1.474393e-08   0.000000e+00   1.890228e-09   48
  2.060080e-01   9.634121e-09   3.893359e-09   1.136454e-09   24
  2.083897e-01   1.672730e-08   3.893359e-09   4.331856e-09   24
  2.107444e-01   7.684310e-08   0.000000e+00   1.881522e-08   72
  2.130732e-01   1.970490e-08   0.000000e+00   2.375144e-09   48
  2.176559e-01   1.334315e-08   2.384186e-09   2.910385e-09   8
  2.199115e-01   1.545702e-04   2.825702e-09   1.072398e-04   54
  2.221441e-01   1.792989e-08   0.000000e+00   1.604584e-09   84
  2.243546e-01   1.525696e-08   0.000000e+00   1.921027e-09   48
  2.265435e-01   1.886074e-06   3.178914e-09   2.891226e-07   24
  2.287114e-01   1.448550e-07   4.238553e-09   4.075373e-08   72
  2.308590e-01   1.760509e-08   0.000000e+00   1.789603e-09   96
  2.350953e-01   1.709494e-08   0.000000e+00   2.879000e-09   48
  2.371850e-01   1.749722e-08   0.000000e+00   1.976305e-09   48
  2.392566e-01   2.816302e-08   0.000000e+00   3.302709e-09   24
  2.413103e-01   1.925325e-08   0.000000e+00   1.923414e-09   72
  2.453662e-01   1.360935e-07   0.000000e+00   3.913551e-08   72
  2.473693e-01   1.409857e-08   0.000000e+00   1.425865e-09   96
  2.513274e-01   2.087337e-02   0.000000e+00   4.013899e-03   6
  2.532833e-01   3.859565e-07   0.000000e+00   9.311358e-08   96
  2.552242e-01   1.605812e-08   3.178914e-09   1.593411e-09   96
  2.571504e-01   1.772009e-08   0.000000e+00   4.094050e-09   24
  2.590624e-01   1.755180e-06   3.178914e-09   3.477414e-07   48
  2.609603e-01   1.855402e-08   0.000000e+00   1.822634e-09   96
  2.628445e-01   1.834131e-08   0.000000e+00   2.903113e-09   48
  2.665730e-01   1.050458e-06   2.997109e-09   3.388644e-07   36
  2.684178e-01   3.255660e-07   5.506041e-09   1.009006e-07   48
  2.702500e-01   1.381069e-08   6.229375e-09   1.371889e-09   120
  2.720699e-01   1.359975e-08   0.000000e+00   2.377387e-09   56
  2.738777e-01   1.476511e-08   3.178914e-09   2.362745e-09   24
  2.756736e-01   1.889192e-08   0.000000e+00   1.821093e-09   96
  2.774580e-01   2.057970e-08   0.000000e+00   2.186913e-09   48
  2.809926e-01   3.956171e-06   4.495664e-09   5.600704e-07   24
  2.827433e-01   2.220183e-04   0.000000e+00   1.554261e-04   102
  2.844833e-01   2.372114e-08   3.178914e-09   3.052281e-09   48
  2.862127e-01   2.586874e-08   0.000000e+00   2.408193e-09   72
  2.879317e-01   1.637527e-08   0.000000e+00   1.945369e-09   48
  2.896405e-01   7.817228e-07   0.000000e+00   1.572941e-07   48
  2.913393e-01   2.067779e-08   7.193062e-09   1.863257e-09   120
  2.947075e-01   2.048214e-08   4.495664e-09   3.356953e-09   24
  2.963773e-01   1.673456e-07   4.238553e-09   4.988718e-08   144
  2.980376e-01   1.748888e-08   5.086263e-09   1.407785e-09   120
  2.996888e-01   2.016424e-08   4.495664e-09   2.525432e-09   48
  3.029642e-01   1.522915e-08   4.495664e-09   2.158726e-09   48
  3.045887e-01   3.089275e-08   4.495664e-09   2.673384e-09   96
  3.088780e-01   3.321352e-07   7.537918e-04   9.827302e-08   72
  3.110018e-01   2.819946e-08   3.996146e-09   2.230630e-09   108
  3.125845e-01   2.412749e-08   0.000000e+00   2.445034e-09   72
  3.141593e-01   1.050114e-02   0.000000e+00   4.325625e-03   30
  3.157262e-01   4.272788e-07   0.000000e+00   1.386080e-07   168
  3.172853e-01   2.446617e-08   0.000000e+00   3.382107e-09   48
  3.203808e-01   2.427241e-06   0.000000e+00   5.249289e-07   72
  3.219175e-01   2.746119e-08   0.000000e+00   2.953864e-09   96
  3.234468e-01   2.902035e-08   8.477105e-09   4.985437e-09   72
  3.249689e-01   2.300934e-08   0.000000e+00   2.579497e-09   72
  3.275279e-01   3.184009e-07   6.960077e-04   9.930717e-08   104
  3.294930e-01   2.652955e-08   5.994218e-09   1.751201e-09   144
  3.339559e-01   3.406675e-07   1.005261e-08   1.035302e-07   96
  3.354303e-01   2.114290e-08   0.000000e+00   1.617029e-09   96
  3.377752e-01   1.730461e-06   7.160371e-04   4.010818e-07   120
  3.398152e-01   2.896435e-07   0.000000e+00   8.986171e-08   120
  3.412643e-01   2.343140e-08   0.000000e+00   2.422514e-09   72
  3.441442e-01   3.392713e-08   0.000000e+00   3.969877e-09   48
  3.455752e-01   6.954088e-04   7.825020e-09   4.853555e-04   78
  3.474057e-01   3.879122e-08   6.411427e-04   4.497522e-09   168
  3.512407e-01   6.040886e-07   7.341388e-09   1.357179e-07   144
  3.526429e-01   3.289598e-08   5.994218e-09   2.476888e-09   144
  3.567097e-01   7.886926e-07   3.692465e-04   2.522493e-07   156
  3.581967e-01   4.667928e-08   7.786718e-09   8.268818e-09   48
  3.595717e-01   2.962935e-08   5.086263e-09   2.525663e-09   120
  3.609415e-01   2.942630e-08   0.000000e+00   3.989678e-09   48
  3.633635e-01   4.049288e-08   5.651992e-04   2.780471e-09   216
  3.663695e-01   5.872420e-06   0.000000e+00   1.172061e-06   48
  3.677140e-01   5.051474e-07   4.495664e-09   1.600710e-07   96
  3.696256e-01   3.551612e-08   6.605235e-04   2.220540e-09   168
  3.717183e-01   3.766529e-08   4.495664e-09   3.681975e-09   48
  3.730435e-01   4.285345e-08   0.000000e+00   4.311702e-09   96
  3.743640e-01   2.494636e-08   0.000000e+00   3.532805e-09   48
  3.769911e-01   2.366074e-02   5.086263e-09   9.740689e-03   30
  3.782979e-01   2.117339e-06   0.000000e+00   5.341714e-07   96
  3.798596e-01   4.287489e-08   5.191127e-04   3.201697e-09   240
  3.818679e-01   1.180457e-05   5.600478e-04   1.998682e-06   32
  3.834803e-01   4.006776e-07   0.000000e+00   1.250224e-07   168
  3.847649e-01   3.950935e-08   0.000000e+00   3.399303e-09   120
  3.873216e-01   5.885449e-08   9.477692e-09   7.667371e-09   72
  3.885936e-01   4.487930e-07   4.238553e-09   1.428082e-07   144
  3.898614e-01   4.804728e-08   0.000000e+00   4.993023e-09   96
  3.911251e-01   3.757241e-08   0.000000e+00   4.185776e-09   96
  3.936404e-01   9.141748e-07   0.000000e+00   2.913968e-07   72
  3.948921e-01   3.656377e-08   6.357829e-09   3.458312e-09   96
  3.973835e-01   1.711640e-05   0.000000e+00   2.478371e-06   24
  3.986234e-01   3.730611e-08   0.000000e+00   2.191846e-09   192
  4.000835e-01   4.812018e-08   4.752666e-04   3.836139e-09   132
  4.023202e-01   4.549717e-06   0.000000e+00   1.034402e-06   96
  4.035449e-01   4.416352e-08   0.000000e+00   4.362463e-09   96
  4.047659e-01   5.449506e-08   5.086263e-09   4.503595e-09   120
  4.071969e-01   4.141295e-08   0.000000e+00   6.181380e-09   48
  4.091897e-01   5.277464e-04   5.759849e-04   3.711901e-04   222
  4.108165e-01   5.704353e-08   0.000000e+00   5.295714e-09   120
  4.120160e-01   5.129697e-08   7.786718e-09   8.034442e-09   24
  4.137624e-01   3.624818e-07   5.945000e-04   1.072248e-07   312
  4.175676e-01   6.946777e-08   5.573676e-04   1.131888e-08   72
  4.191407e-01   4.588538e-08   7.786718e-09   5.078084e-09   96
  4.207561e-01   2.790428e-06   5.676017e-04   6.602541e-07   192
  4.226581e-01   8.180313e-07   7.193062e-09   2.587880e-07   120
  4.238240e-01   5.913207e-08   0.000000e+00   5.022845e-09   144
  4.261464e-01   6.311006e-08   0.000000e+00   1.254264e-08   48
  4.277971e-01   5.975588e-07   5.707434e-04   1.325522e-07   336
  4.296063e-01   6.832909e-08   0.000000e+00   9.868381e-09   48
  4.318976e-01   5.909496e-08   0.000000e+00   4.775394e-09   192
  4.330387e-01   4.487373e-08   0.000000e+00   6.130334e-09   48
  4.362823e-01   1.837424e-06   3.961708e-04   5.833061e-07   56
  4.378950e-01   6.653239e-08   5.088179e-04   3.795051e-09   336
  4.398230e-01   2.715882e-02   5.651403e-09   1.166124e-02   54
  4.415024e-01   1.155945e-06   5.588647e-04   3.753450e-07   240
  4.449889e-01   4.972896e-06   5.351174e-04   9.530627e-07   228
  4.465042e-01   7.536900e-08   5.994218e-09   1.018061e-08   72
  4.479751e-01   7.810435e-08   5.190769e-04   5.429182e-09   144
  4.498076e-01   2.749834e-06   0.000000e+00   6.085372e-07   96
  4.509034e-01   7.573937e-08   7.193062e-09   5.004553e-09   240
  4.530869e-01   2.989419e-05   6.357829e-09   4.346554e-06   24
  4.544849e-01   8.069608e-08   4.902641e-04   4.737443e-09   336
  4.563427e-01   9.302679e-08   0.000000e+00   1.192865e-08   72
  4.580385e-01   4.527306e-06   5.332530e-04   1.042662e-06   168
  4.595754e-01   9.312845e-08   0.000000e+00   1.314385e-08   72
  4.617179e-01   8.309254e-08   0.000000e+00   7.530919e-09   96
  4.633772e-01   7.014948e-08   5.292526e-04   4.991037e-09   216
  4.649133e-01   6.435187e-08   0.000000e+00   5.559072e-09   96
  4.670313e-01   1.464915e-06   6.357829e-09   3.297994e-07   192
  4.680868e-01   8.854489e-08   5.994218e-09   8.329519e-09   144
  4.701905e-01   1.220425e-07   0.000000e+00   1.415720e-08   48
  4.716471e-01   9.423589e-04   5.102617e-04   6.631225e-04   246
  4.736262e-01   9.867998e-08   4.704694e-04   7.832492e-09   168
  4.754092e-01   1.572026e-06   1.245875e-08   5.021044e-07   120
  4.764461e-01   9.010217e-08   0.000000e+00   5.631483e-09   240
  4.785131e-01   3.911449e-05   0.000000e+00   5.475918e-06   24
  4.801601e-01   5.318438e-07   5.035960e-04   1.516074e-07   360
  4.822112e-01   1.172624e-07   5.014531e-04   1.144995e-08   120
  4.836420e-01   8.800567e-08   0.000000e+00   7.168858e-09   144
  4.846613e-01   1.051928e-07   0.000000e+00   9.042961e-09   96
  4.877063e-01   1.336508e-06   0.000000e+00   4.211709e-07   144
  4.887171e-01   8.866515e-08   0.000000e+00   8.497011e-09   132
  4.901376e-01   6.294765e-06   4.949267e-04   1.488502e-06   176
  4.921997e-01   6.905954e-07   4.997763e-04   2.076278e-07   312
  4.947385e-01   1.445526e-07   0.000000e+00   1.306197e-08   96
  4.957350e-01   1.157736e-07   0.000000e+00   7.600187e-09   144
  4.972638e-01   1.140219e-07   4.947633e-04   6.965300e-09   312
  4.997009e-01   1.560558e-07   0.000000e+00   2.632151e-08   48
  5.006875e-01   1.232928e-07   6.357829e-09   9.414930e-09   192
  5.026548e-01   4.614140e-01   0.000000e+00   8.776426e-02   6
  5.039619e-01   1.824144e-06   4.614506e-04   5.913723e-07   288
  5.060790e-01   1.351797e-05   4.875525e-04   2.153092e-06   192
  5.075398e-01   1.123107e-06   1.495221e-08   3.387623e-07   216
  5.085112e-01   1.438399e-07   0.000000e+00   1.896987e-08   72
  5.109313e-01   2.359781e-06   4.829223e-04   5.365554e-07   192
  5.125386e-01   1.462486e-07   3.585958e-04   8.169426e-09   288
  5.143009e-01   1.264819e-07   0.000000e+00   1.839511e-08   24
  5.156624e-01   6.597964e-07   4.724202e-04   1.805921e-07   456
  5.181247e-01   2.836183e-05   6.357829e-09   5.947031e-06   48
  5.196462e-01   1.349344e-07   4.653150e-04   8.855499e-09   240
  5.213948e-01   1.523593e-07   4.702532e-04   9.340564e-09   216
  5.228652e-01   3.308217e-06   0.000000e+00   1.058817e-06   72
  5.238082e-01   1.508639e-07   1.624747e-08   1.228213e-08   168
  5.264706e-01   9.838198e-07   3.495323e-04   2.873340e-07   288
  5.279636e-01   1.699396e-07   4.624911e-04   1.352081e-08   168
  5.303619e-01   1.619963e-07   0.000000e+00   1.119313e-08   192
  5.312915e-01   1.515273e-07   5.994218e-09   1.084466e-08   144
  5.331460e-01   2.348119e-05   5.994218e-09   7.261356e-06   36
  5.347186e-01   1.219236e-03   4.223528e-04   8.588867e-04   342
  5.362222e-01   1.150221e-05   4.337051e-04   2.617683e-06   144
  5.381552e-01   9.398882e-07   4.548480e-04   2.692299e-07   384
  5.405000e-01   1.509983e-05   1.245875e-08   3.516429e-06   120
  5.416606e-01   1.536077e-07   4.055921e-04   1.024947e-08   264
  5.432322e-01   1.742888e-07   2.010522e-08   1.232402e-08   192
  5.447121e-01   1.802961e-07   4.371030e-04   1.237124e-08   152
  5.459506e-01   1.769156e-07   1.198844e-08   1.423189e-08   144
  5.485556e-01   2.829989e-06   2.828973e-04   6.397929e-07   216
  5.497613e-01   1.997910e-07   3.780263e-04   1.262458e-08   312
  5.518839e-01   2.150076e-07   4.381250e-04   1.481485e-08   240
  5.531345e-01   1.682543e-07   6.357829e-09   2.058293e-08   96
  5.555083e-01   2.604889e-06   4.188792e-04   8.264709e-07   144
  5.569713e-01   2.198749e-07   4.117214e-04   1.095827e-08   456
  5.593447e-01   3.257751e-06   0.000000e+00   1.029240e-06   120
  5.602262e-01   2.400154e-07   0.000000e+00   2.134248e-08   144
  5.619852e-01   8.330649e-05   8.991328e-09   1.196009e-05   24
  5.631129e-01   2.172110e-07   3.957596e-04   1.209297e-08   336
  5.650632e-01   2.397252e-02   4.364690e-04   1.066517e-02   198
  5.668907e-01   3.900766e-06   4.244410e-04   8.179184e-07   432
  5.689666e-01   4.777359e-05   6.357829e-09   9.554962e-06   48
  5.700496e-01   2.632439e-07   3.747080e-04   1.198807e-08   384
  5.719941e-01   2.906764e-07   4.313683e-04   2.580840e-08   144
  5.737560e-01   1.426744e-06   4.282921e-04   4.166089e-07   264
  5.758634e-01   1.574455e-07   0.000000e+00   1.473563e-08   48
  5.772774e-01   1.640688e-06   4.072357e-04   4.657344e-07   276
  5.786417e-01   2.539114e-05   3.691482e-04   4.081599e-06   192
  5.804649e-01   2.521274e-07   4.148414e-04   1.065905e-08   552
  5.826786e-01   2.597509e-07   1.438612e-08   2.095906e-08   120
  5.839944e-01   2.757217e-07   4.199218e-04   1.744433e-08   216
  5.852139e-01   3.053470e-07   7.193062e-09   2.782593e-08   120
  5.873922e-01   1.210866e-06   4.135200e-04   3.174095e-07   408
  5.894150e-01   4.068610e-07   8.991328e-09   4.566935e-08   24
  5.906694e-01   1.364831e-06   4.177296e-04   3.794210e-07   384
  5.924213e-01   1.157961e-05   4.081368e-04   2.701169e-06   240
  5.939425e-01   2.915270e-07   4.111256e-04   2.287726e-08   168
  5.960753e-01   2.092633e-05   1.017253e-08   4.879315e-06   120
  5.974502e-01   1.933396e-03   4.285769e-04   1.362921e-03   350
  5.996859e-01   2.687742e-06   7.055203e-04   5.905547e-07   384
  6.010221e-01   3.376537e-07   0.000000e+00   3.122810e-08   144
  6.034802e-01   2.328603e-06   1.695421e-08   6.934953e-07   288
  6.047637e-01   3.237568e-07   4.038485e-04   1.789087e-08   336
  6.065098e-01   3.250879e-06   3.676705e-04   9.840494e-07   168
  6.075551e-01   3.062092e-07   7.266090e-09   1.840770e-08   336
  6.097171e-01   3.648686e-06   3.816201e-04   8.059504e-07   288
  6.110156e-01   3.662353e-07   3.595837e-04   2.444247e-08   264
  6.132144e-01   3.381826e-07   0.000000e+00   1.938775e-08   240
  6.140186e-01   3.300836e-07   1.271566e-08   3.388512e-08   96
  6.169049e-01   3.937166e-07   4.890096e-04   2.126880e-08   360
  6.182520e-01   1.783248e-05   3.604841e-04   4.113524e-06   168
  6.199540e-01   1.785981e-06   3.929651e-04   4.898742e-07   456
  6.220036e-01   1.790838e-05   7.992291e-09   6.065568e-06   108
  6.231564e-01   3.330820e-07   3.942898e-04   2.130623e-08   264
  6.245946e-01   4.074772e-07   3.517707e-04   2.562332e-08   264
  6.265640e-01   2.084939e-06   3.319469e-04   5.790729e-07   312
  6.290162e-01   2.700522e-02   2.466728e-04   1.204588e-02   270
  6.300440e-01   4.583375e-07   3.131822e-04   3.005746e-08   240
  6.318916e-01   1.029519e-05   3.874458e-04   2.082393e-06   384
  6.330134e-01   4.151248e-07   0.000000e+00   3.708834e-08   192
  6.351924e-01   2.708404e-06   3.108737e-04   7.836312e-07   240
  6.364563e-01   4.411494e-07   3.836683e-04   2.345071e-08   336
  6.388333e-01   4.921001e-07   3.862355e-04   2.118388e-08   480
  6.407617e-01   4.615217e-05   0.000000e+00   9.966473e-06   72
  6.418389e-01   5.095251e-07   3.766148e-04   3.354078e-08   240
  6.433040e-01   5.283384e-07   3.539663e-04   2.750184e-08   312
  6.449835e-01   3.503163e-06   3.825526e-04   1.069138e-06   240
  6.475214e-01   1.540686e-05   2.906410e-04   2.637588e-06   408
  6.485261e-01   4.750117e-07   2.661571e-04   2.830322e-08   336
  6.504896e-01   5.650675e-07   3.379539e-04   3.516666e-08   264
  6.514545e-01   6.105445e-07   0.000000e+00   4.320146e-08   144
  6.541393e-01   2.253960e-06   4.684242e-04   6.009801e-07   464
  6.555537e-01   2.043982e-05   3.724933e-04   4.820229e-06   168
  6.569502e-01   5.814683e-07   3.392602e-04   3.265918e-08   336
  6.594741e-01   2.360458e-03   3.564592e-04   1.664525e-03   414
  6.608969e-01   6.727617e-07   3.710529e-04   4.177255e-08   216
  6.627197e-01   1.516348e-05   8.991328e-09   3.307349e-06   96
  6.634639e-01   5.928369e-07   2.697398e-08   3.072111e-08   384
  6.660710e-01   1.907941e-06   3.703360e-04   4.553079e-07   492
  6.674682e-01   2.343429e-05   3.621568e-04   5.480629e-06   240
  6.690474e-01   5.889557e-07   3.677161e-04   3.761060e-08   312
  6.712282e-01   3.563675e-06   3.675950e-04   9.896136e-07   192
  6.726096e-01   7.021996e-07   3.562441e-04   3.008309e-08   504
  6.744424e-01   2.613163e-06   2.358397e-04   7.014046e-07   408
  6.758855e-01   2.522732e-05   7.225239e-04   5.768124e-06   168
  6.776913e-01   5.868950e-07   3.432052e-04   3.303131e-08   288
  6.792066e-01   1.995385e-05   3.581640e-04   4.697577e-06   288
  6.807589e-01   6.806830e-07   3.602256e-04   3.426857e-08   432
  6.830104e-01   7.125086e-07   3.406534e-04   6.008142e-08   216
  6.842135e-01   7.418697e-07   3.399348e-04   3.747703e-08   360
  6.863554e-01   3.032911e-06   3.317731e-04   7.896836e-07   312
  6.882885e-01   5.346554e-07   0.000000e+00   5.990140e-08   48
  6.894028e-01   5.619421e-06   3.557085e-04   1.191296e-06   432
  6.913984e-01   2.368336e-02   5.933254e-04   1.060094e-02   414
  6.925769e-01   8.683959e-07   3.130008e-08   5.524758e-08   312
  6.947756e-01   8.819418e-06   5.206101e-04   1.925024e-06   528
  6.962593e-01   7.580135e-07   2.732762e-04   4.899682e-08   264
  6.980417e-01   4.121244e-06   3.240306e-04   8.270689e-07   480
  7.003709e-01   7.741587e-07   0.000000e+00   4.311938e-08   288
  7.013766e-01   9.701815e-07   3.481608e-04   6.928818e-08   168
  7.032168e-01   1.930601e-05   5.511376e-04   3.225414e-06   504
  7.052858e-01   9.682908e-07   1.198844e-08   8.674812e-08   144
  7.065874e-01   4.921560e-06   3.539624e-04   1.011505e-06   464
  7.085433e-01   2.390388e-06   5.194598e-04   5.536115e-07   432
  7.094715e-01   1.078203e-06   0.000000e+00   7.771430e-08   192
  7.118702e-01   1.012784e-05   3.850933e-04   3.188012e-06   396
  7.132867e-01   9.770554e-07   3.459199e-04   6.094962e-08   288
  7.147184e-01   1.038085e-06   3.417097e-04   5.462061e-08   336
  7.170054e-01   3.099875e-05   2.163775e-04   4.806154e-06   432
  7.184567e-01   1.168760e-06   5.608202e-04   5.972857e-08   360
  7.200863e-01   1.089058e-06   3.317334e-04   5.143115e-08   384
  7.224007e-01   6.155498e-03   2.928185e-04   4.329729e-03   198
  7.235158e-01   1.054431e-06   3.328394e-04   4.422374e-08   552
  7.255952e-01   4.662658e-06   4.659523e-04   8.974484e-07   432
  7.273313e-01   1.200043e-06   0.000000e+00   1.005269e-07   168
  7.287883e-01   1.133309e-06   5.776104e-04   5.000345e-08   480
  7.307158e-01   9.490177e-06   0.000000e+00   2.927713e-06   120
  7.315834e-01   2.224291e-05   4.717672e-04   5.201305e-06   336
  7.337004e-01   4.278815e-06   3.328244e-04   8.078421e-07   672
  7.357937e-01   1.390912e-05   4.841385e-04   2.608370e-06   528
  7.367688e-01   1.380252e-06   1.453218e-08   1.163973e-07   168
  7.390213e-01   1.249689e-06   5.400533e-04   6.050525e-08   456
  7.403958e-01   1.431463e-06   3.298151e-04   1.145036e-07   168
  7.418226e-01   3.676696e-06   3.292229e-04   8.737435e-07   504
  7.441946e-01   1.348139e-06   4.236594e-04   6.746223e-08   336
  7.456288e-01   1.281569e-06   3.054083e-04   7.711456e-08   312
  7.472199e-01   4.907023e-06   2.984046e-04   8.832220e-07   504
  7.493135e-01   4.781638e-06   2.070414e-04   1.189046e-06   432
  7.502979e-01   1.221887e-06   3.199475e-04   7.422772e-08   312
  7.523441e-01   1.348562e-06   3.279618e-04   7.561054e-08   384
  7.544807e-01   8.913787e-02   2.786416e-04   3.934423e-02   126
  7.557997e-01   3.013562e-05   4.892282e-04   5.228084e-06   492
  7.574845e-01   1.513094e-06   3.133512e-04   6.727159e-08   528
  7.595900e-01   1.971042e-05   3.182975e-04   3.491079e-06   480
  7.608954e-01   1.445649e-06   4.397263e-04   6.822775e-08   432
  7.627844e-01   1.541818e-06   3.457865e-04   7.710978e-08   440
  7.649782e-01   1.984776e-05   1.719582e-04   3.899971e-06   312
  7.658014e-01   1.714443e-06   2.576938e-04   8.791604e-08   480
  7.674900e-01   2.382686e-05   5.045595e-04   5.502393e-06   408
  7.699572e-01   3.586064e-06   3.021740e-04   7.896518e-07   360
  7.709996e-01   1.712545e-06   2.915870e-04   1.054043e-07   408
  7.729312e-01   4.631370e-06   2.967266e-04   1.053011e-06   456
  7.751062e-01   1.499086e-06   2.835976e-04   7.962342e-08   264
  7.763135e-01   1.539784e-06   3.077746e-04   7.254174e-08   384
  7.780708e-01   1.195768e-05   5.181601e-04   2.061441e-06   672
  7.801024e-01   9.693636e-06   3.099267e-04   2.726557e-06   240
  7.812746e-01   1.730382e-06   3.144981e-04   1.078188e-07   264
  7.829292e-01   1.668669e-06   3.878815e-04   6.695013e-08   624
  7.853982e-01   8.464696e-03   0.000000e+00   5.931173e-03   150
  7.862772e-01   1.638692e-05   4.346518e-04   3.623695e-06   600
  7.881310e-01   4.594103e-06   2.999855e-04   7.168717e-07   672
  7.902303e-01   2.032828e-06   2.821575e-04   1.274447e-07   336
  7.913996e-01   2.010737e-06   3.069052e-04   1.026770e-07   408
  7.932681e-01   6.162705e-06   3.061822e-04   1.487060e-06   408
  7.953464e-01   2.050357e-05   1.548222e-04   4.066237e-06   360
  7.966274e-01   2.012646e-06   5.684571e-04   9.041515e-08   456
  7.981747e-01   2.063793e-06   3.091305e-04   1.136968e-07   384
  8.001443e-01   2.150536e-05   2.853666e-04   6.556182e-06   348
  8.012087e-01   2.125614e-06   3.518006e-04   9.564250e-08   576
  8.032080e-01   4.933351e-06   2.896616e-04   9.815338e-07   504
  8.052533e-01   3.148797e-05   4.085508e-04   6.541726e-06   432
  8.070386e-01   3.749747e-06   5.558314e-04   5.201466e-07   576
  8.083117e-01   2.198328e-06   0.000000e+00   1.539363e-07   264
  8.103314e-01   2.188984e-06   4.423029e-04   8.321905e-08   768
  8.120878e-01   2.878899e-06   5.954803e-04   1.921067e-07   240
  8.134843e-01   2.155087e-06   5.251573e-04   1.722159e-07   192
  8.155184e-01   5.598496e-06   3.865799e-04   1.175216e-06   504
  8.170269e-01   1.765186e-02   5.209309e-04   7.911821e-03   590
  8.184736e-01   4.007670e-05   5.836745e-04   6.806629e-06   384
  8.202876e-01   2.807755e-06   4.877800e-04   1.447891e-07   504
  8.224778e-01   7.122231e-06   4.694128e-04   1.326791e-06   648
  8.246022e-01   9.572823e-06   1.274863e-04   1.818920e-06   504
  8.254588e-01   2.586003e-06   2.908203e-04   1.396940e-07   312
  8.269711e-01   8.780552e-06   4.190005e-04   1.647004e-06   576
  8.290471e-01   1.668828e-05   2.915849e-04   3.397761e-06   240
  8.302574e-01   2.422851e-06   2.946324e-04   1.064683e-07   552
  8.319706e-01   4.013662e-06   2.766531e-04   4.432232e-07   600
  8.344107e-01   2.650702e-06   3.379098e-04   1.023322e-07   600
  8.358778e-01   9.361249e-06   5.411359e-04   2.195118e-06   312
  8.373389e-01   1.099981e-05   4.712758e-04   2.109587e-06   480
  8.391640e-01   3.087113e-06   2.940309e-04   1.267283e-07   576
  8.407709e-01   2.663764e-06   4.734535e-04   1.349562e-07   408
  8.421967e-01   4.532624e-05   5.523054e-04   1.010526e-05   216
  8.440389e-01   2.391239e-06   4.230038e-04   1.060056e-07   516
  8.460125e-01   2.937182e-05   4.035886e-04   5.310164e-06   744
  8.480486e-01   2.206500e-03   2.695616e-04   1.554581e-03   462
  8.491990e-01   3.578244e-06   2.739703e-04   2.193678e-07   432
  8.509836e-01   4.055709e-06   2.541675e-04   3.325032e-07   648
  8.530818e-01   3.574585e-06   3.718944e-04   1.797787e-07   528
  8.547671e-01   3.410390e-05   4.478537e-04   5.662034e-06   600
  8.564512e-01   2.543520e-06   5.646264e-04   1.850670e-07   240
  8.580823e-01   6.433180e-06   4.324984e-04   8.365592e-07   720
  8.599780e-01   3.459720e-06   3.421845e-04   1.459660e-07   720
  8.620796e-01   4.686795e-06   0.000000e+00   3.751398e-07   144
  8.631855e-01   3.125219e-06   4.411782e-04   1.183393e-07   720
  8.647586e-01   6.059580e-06   2.645391e-04   7.669276e-07   384
  8.667282e-01   7.644025e-06   2.932557e-04   1.575615e-06   672
  8.685969e-01   1.341579e-05   5.134584e-04   2.836904e-06   336
  8.694893e-01   4.151844e-06   0.000000e+00   2.750993e-07   288
  8.716748e-01   5.837703e-06   4.063680e-04   6.687494e-07   776
  8.736979e-01   2.386183e-05   3.477095e-04   4.140374e-06   720
  8.753970e-01   1.844709e-05   2.801055e-04   3.371614e-06   432
  8.767560e-01   3.496290e-06   3.993257e-04   1.765337e-07   504
  8.782678e-01   4.183780e-06   2.797843e-04   2.048917e-07   528
  8.803833e-01   1.589064e-02   3.811898e-04   7.111072e-03   438
  8.821237e-01   7.917544e-06   4.436701e-04   1.042199e-06   624
  8.834351e-01   4.547264e-06   5.434359e-04   2.742204e-07   312
  8.852381e-01   5.661750e-06   2.927896e-04   4.754786e-07   696
  8.871024e-01   5.793771e-06   2.649216e-04   7.031514e-07   552
  8.890414e-01   3.085071e-05   2.049609e-04   6.328051e-06   516
  8.902410e-01   3.923403e-06   4.093940e-04   1.988447e-07   528
  8.917013e-01   4.808453e-06   2.662401e-04   2.438576e-07   528
  8.937755e-01   2.419157e-05   3.511167e-04   5.017014e-06   864
  8.951836e-01   4.033628e-06   4.809576e-04   2.144441e-07   408
  8.965930e-01   3.682349e-06   4.765097e-04   2.991895e-07   192
  8.985906e-01   4.657801e-06   3.943347e-04   1.969688e-07   720
  9.002770e-01   2.066562e-05   3.635960e-04   2.864119e-06   696
  9.022808e-01   4.682666e-06   3.926871e-04   1.856270e-07   720
  9.041141e-01   6.592334e-06   5.322402e-04   8.306780e-07   432
  9.051831e-01   5.790020e-05   3.132974e-04   1.311941e-05   264
  9.071068e-01   5.679773e-06   4.326498e-04   3.037479e-07   672
  9.088274e-01   5.020084e-06   4.429670e-04   2.404549e-07   600
  9.108692e-01   1.973217e-03   2.593567e-04   1.377495e-03   270
  9.118985e-01   5.905143e-06   3.904042e-04   3.391591e-07   528
  9.135346e-01   1.107976e-05   2.673349e-04   1.408613e-06   840
  9.157780e-01   8.615070e-06   5.111923e-04   8.628680e-07   888
  9.178509e-01   9.469724e-06   3.808759e-04   1.267992e-06   744
  9.196028e-01   5.500308e-06   1.957146e-04   3.289603e-07   456
  9.204741e-01   3.775681e-06   2.674561e-04   2.548414e-07   360
  9.219651e-01   6.475260e-06   2.317357e-04   4.105907e-07   384
  9.242528e-01   9.186232e-06   3.717018e-04   9.768101e-07   816
  9.259693e-01   5.536096e-06   5.392874e-04   2.303200e-07   824
  9.280557e-01   3.375251e-05   2.506865e-04   5.847617e-06   360
  9.291730e-01   6.104269e-06   3.699191e-04   3.277486e-07   624
  9.307106e-01   5.705224e-06   2.499713e-04   3.907809e-07   360
  9.327590e-01   8.708961e-06   3.400343e-04   8.910329e-07   876
  9.346089e-01   3.832930e-05   4.038591e-04   6.909811e-06   696
  9.364747e-01   6.437696e-06   2.607857e-04   4.257795e-07   336
  9.374528e-01   5.491876e-06   2.604927e-04   2.601040e-07   504
  9.390682e-01   7.268385e-06   2.627499e-04   3.338464e-07   672
  9.414648e-01   6.367995e-06   5.230740e-04   2.888497e-07   720
  9.431269e-01   3.150686e-03   3.951266e-04   1.401053e-03   774
  9.449616e-01   1.212054e-05   2.261602e-04   1.019351e-06   384
  9.459224e-01   5.780642e-06   4.352293e-04   3.248166e-07   528
  9.474136e-01   7.282361e-06   4.147978e-04   3.458087e-07   744
  9.498123e-01   5.903550e-06   3.421202e-04   2.395511e-07   768
  9.514049e-01   8.332077e-06   3.840557e-04   4.486195e-07   552
  9.533920e-01   6.957766e-06   4.185773e-04   3.779671e-07   696
  9.548702e-01   1.918895e-05   5.086441e-04   3.336616e-06   408
  9.560436e-01   1.579802e-05   2.197383e-04   2.351858e-06   504
  9.579038e-01   1.034640e-05   3.947516e-04   1.187280e-06   888
  9.597342e-01   2.480704e-05   4.102611e-04   4.319433e-06   648
  9.616367e-01   1.384540e-05   4.067445e-04   1.635034e-06   648
  9.634268e-01   8.924878e-06   4.385703e-04   4.306349e-07   792
  9.653228e-01   7.928770e-06   6.416583e-04   3.685497e-07   600
  9.667199e-01   8.105047e-06   4.348569e-04   4.670123e-07   456
  9.681906e-01   1.087827e-05   2.119307e-04   1.189896e-06   648
  9.700794e-01   8.413752e-06   4.132958e-04   4.632204e-07   936
  9.721186e-01   5.440203e-06   2.538169e-04   3.728818e-07   384
  9.738937e-01   3.942026e-04   0.000000e+00   2.755608e-04   198
  9.752636e-01   4.603386e-06   6.439552e-04   6.081547e-07   1224
  9.767415e-01   2.462902e-05   4.689976e-04   7.663603e-06   420
  9.784892e-01   2.247935e-06   4.538916e-04   1.004442e-07   792
  9.801982e-01   2.267984e-06   3.753296e-04   9.631821e-08   680
  9.821484e-01   3.209417e-05   3.446453e-04   7.288704e-06   600
  9.837176e-01   8.526041e-06   4.998301e-04   1.514272e-06   840
  9.858129e-01   6.821398e-06   2.359966e-04   1.309611e-06   432
  9.866135e-01   2.300684e-06   2.211599e-04   9.811728e-08   720
  9.883541e-01   2.077034e-06   4.429446e-04   7.443382e-08   960
  9.905192e-01   2.194839e-06   3.948527e-04   1.071652e-07   528
  9.921014e-01   2.601737e-06   4.036147e-04   1.166873e-07   624
  9.939846e-01   1.957826e-05   3.172384e-04   3.852591e-06   816
  9.958538e-01   1.898300e-06   5.217054e-04   8.633711e-08   696
  9.979194e-01   6.641607e-06   3.523866e-08   1.467093e-06   240
  9.986961e-01   2.323262e-06   3.076621e-04   1.115370e-07   672
  1.000430e+00   6.285248e-06   5.498361e-04   1.359505e-06   864
  1.002374e+00   6.739664e-06   4.219100e-04   1.419192e-06   816
  1.004127e+00   3.008803e-06   2.414867e-04   1.945450e-07   648
  1.006015e+00   5.930009e-06   2.468434e-04   1.178388e-06   843
  1.007618e+00   2.509031e-06   4.441320e-04   1.034351e-07   780
  1.009528e+00   2.534155e-06   2.383130e-04   1.636544e-07   216
  1.010706e+00   5.305795e-06   5.746657e-04   8.684570e-07   1056
  1.012518e+00   3.249165e-05   4.701411e-04   7.308062e-06   228
  1.014195e+00   4.062790e-06   5.853373e-04   4.567281e-07   924
  1.015917e+00   2.036313e-06   2.171273e-04   9.402091e-08   696
  1.017741e+00   2.622329e-06   3.864245e-04   9.919519e-08   996
  1.019607e+00   6.008790e-06   2.281373e-04   1.115036e-06   576
  1.021548e+00   2.757553e-06   3.521149e-04   1.268845e-07   552
  1.022963e+00   3.723658e-05   4.204128e-04   8.489028e-06   516
  1.024399e+00   2.336621e-06   6.113675e-04   1.077006e-07   744
  1.026040e+00   2.609615e-06   2.999122e-04   1.151576e-07   576
  1.027467e+00   3.445605e-06   3.086856e-04   1.714786e-07   792
  1.029495e+00   4.202110e-06   3.528849e-04   5.870546e-07   792
  1.030982e+00   2.264716e-05   3.805826e-04   4.950597e-06   720
  1.032992e+00   2.974080e-06   4.337767e-04   1.472409e-07   656
  1.034876e+00   2.703408e-06   4.736616e-04   1.175694e-07   816
  1.036807e+00   3.190944e-06   2.553903e-04   1.637170e-07   492
  1.037904e+00   2.862825e-06   3.673970e-04   1.324698e-07   552
  1.039964e+00   6.341362e-06   6.388587e-04   7.445238e-07   780
  1.041302e+00   2.886904e-06   3.924433e-04   1.430514e-07   528
  1.042744e+00   2.670479e-06   4.581007e-04   1.322652e-07   600
  1.044868e+00   1.513829e-05   3.807180e-04   2.448740e-06   900
  1.046332e+00   7.411346e-06   2.107720e-04   1.570281e-06   696
  1.048347e+00   2.922110e-06   5.329451e-04   1.288407e-07   696
  1.050296e+00   7.533161e-06   2.162108e-04   1.655923e-06   552
  1.051935e+00   3.164715e-06   2.514331e-04   1.406557e-07   708
  1.053652e+00   3.668779e-06   4.151305e-04   2.127848e-07   876
  1.055438e+00   1.137260e-05   2.204260e-04   3.044457e-06   216
  1.056637e+00   2.915651e-06   6.028951e-04   1.185106e-07   1032
  1.058432e+00   3.337837e-06   6.712571e-04   1.577475e-07   600
  1.060296e+00   3.460931e-06   3.202990e-04   1.737794e-07   600
  1.061717e+00   3.251067e-06   5.656180e-04   1.695695e-07   528
  1.063397e+00   5.360663e-06   3.104995e-04   7.113238e-07   732
  1.065167e+00   2.670453e-06   2.292757e-04   1.532075e-07   336
  1.067205e+00   1.182143e-05   3.267633e-04   2.946678e-06   912
  1.068728e+00   6.870877e-06   3.279713e-04   1.032174e-06   624
  1.070391e+00   2.158853e-05   2.763746e-04   4.601923e-06   768
  1.072333e+00   4.290025e-06   4.986341e-04   4.097264e-07   792
  1.074239e+00   3.356066e-06   2.472022e-04   1.534473e-07   660
  1.075595e+00   3.217827e-06   3.642922e-04   1.755379e-07   504
  1.076998e+00   3.387239e-06   5.951837e-04   1.552587e-07   480
  1.079100e+00   3.116028e-06   5.504674e-04   1.041356e-07   912
  1.080746e+00   2.463178e-05   6.130308e-04   5.302527e-06   432
  1.082301e+00   3.519621e-06   3.640033e-04   1.641300e-07   564
  1.083681e+00   3.818438e-06   3.484013e-04   2.775141e-07   600
  1.085624e+00   3.621480e-06   4.856383e-04   1.436561e-07   876
  1.087083e+00   3.816003e-06   2.183577e-04   2.361676e-07   264
  1.089095e+00   9.366047e-06   4.236997e-04   1.750579e-06   560
  1.090713e+00   6.628240e-06   2.879131e-04   9.392048e-07   840
  1.092676e+00   3.891431e-06   4.438790e-04   1.476823e-07   1008
  1.094491e+00   9.657461e-06   1.985617e-04   1.578308e-06   456
  1.096149e+00   4.045379e-06   2.572085e-04   1.914075e-07   576
  1.097681e+00   3.989593e-06   3.952284e-04   1.674737e-07   612
  1.099702e+00   9.096204e-06   3.530031e-04   1.121258e-06   780
  1.101351e+00   3.466660e-06   4.045254e-04   1.582995e-07   648
  1.103039e+00   3.997523e-06   1.885140e-04   2.673488e-07   312
  1.104117e+00   3.945821e-06   4.789832e-04   1.988077e-07   528
  1.105986e+00   4.949689e-06   6.255282e-04   4.208598e-07   720
  1.107773e+00   4.208661e-06   6.274871e-04   1.981360e-07   576
  1.109940e+00   4.591583e-06   5.412886e-04   2.616055e-07   444
  1.111288e+00   1.674193e-05   5.308295e-04   3.113123e-06   996
  1.112940e+00   4.943745e-06   4.434024e-04   2.443580e-07   432
  1.114501e+00   3.980976e-06   4.854384e-04   2.158358e-07   504
  1.115850e+00   5.172379e-06   2.188612e-04   3.472824e-07   504
  1.117770e+00   1.408815e-05   4.307215e-04   2.723401e-06   876
  1.119508e+00   3.951377e-06   4.957194e-04   1.914587e-07   504
  1.121318e+00   4.356231e-06   3.161439e-04   1.859558e-07   696
  1.122813e+00   4.717356e-06   2.702699e-04   2.240464e-07   492
  1.124848e+00   4.726100e-06   3.869044e-04   3.037703e-07   432
  1.126355e+00   4.780684e-06   3.622936e-04   1.930454e-07   768
  1.128142e+00   4.469338e-06   4.512853e-04   2.033322e-07   648
  1.129847e+00   4.581474e-06   2.944152e-04   2.717372e-07   456
  1.131808e+00   3.790805e-06   4.048687e-04   2.019539e-07   552
  1.133169e+00   1.210151e-05   2.774973e-04   1.615513e-06   648
  1.135043e+00   6.795342e-06   4.523051e-04   8.104315e-07   840
  1.136873e+00   4.418478e-06   2.156948e-04   2.606120e-07   432
  1.138705e+00   7.350180e-06   2.641893e-04   8.327461e-07   600
  1.139979e+00   4.486016e-06   2.814763e-04   2.559750e-07   432
  1.142120e+00   4.556836e-06   2.802371e-04   2.125467e-07   560
  1.143569e+00   5.671880e-06   4.435859e-04   3.905372e-07   840
  1.145384e+00   5.657503e-06   2.627424e-04   2.637574e-07   504
  1.146826e+00   5.219389e-06   5.362415e-04   2.154406e-07   696
  1.148858e+00   5.555867e-06   2.928760e-04   3.903968e-07   384
  1.150441e+00   6.209402e-06   4.290289e-04   3.351645e-07   576
  1.152355e+00   5.278699e-06   2.647752e-04   3.265286e-07   360
  1.153898e+00   5.197439e-06   3.943145e-04   1.961628e-07   828
  1.155563e+00   1.849832e-05   3.512103e-04   4.248476e-06   372
  1.157088e+00   5.079778e-06   5.363655e-04   2.346869e-07   576
  1.159108e+00   1.788671e-05   2.246293e-04   3.191667e-06   636
  1.160548e+00   4.880146e-06   4.330272e-04   2.249212e-07   648
  1.162495e+00   5.997176e-06   3.520038e-04   3.844675e-07   576
  1.163893e+00   5.412387e-06   5.678192e-04   3.133502e-07   528
  1.165752e+00   5.127001e-06   2.427662e-04   3.187730e-07   360
  1.167291e+00   5.541500e-06   5.584532e-04   2.650414e-07   672
  1.169301e+00   9.479699e-06   2.860489e-04   1.136692e-06   804
  1.170973e+00   5.218897e-06   3.155462e-04   3.079236e-07   408
  1.172823e+00   4.813478e-06   1.950418e-04   2.730740e-07   384
  1.174069e+00   6.015039e-06   4.463307e-04   3.211109e-07   480
  1.175826e+00   6.371876e-06   2.883950e-04   3.155763e-07   432
  1.177511e+00   8.163911e-06   5.314505e-04   9.124296e-07   648
  1.179506e+00   7.718991e-06   3.297625e-04   7.298977e-07   624
  1.180965e+00   6.643383e-06   2.999468e-04   3.363833e-07   456
  1.182958e+00   6.895773e-06   4.097541e-04   5.303933e-07   588
  1.184293e+00   5.649006e-06   2.614214e-04   2.592389e-07   600
  1.186242e+00   5.669871e-06   4.077532e-04   2.480765e-07   708
  1.187782e+00   8.331601e-06   2.568767e-04   6.354538e-07   360
  1.189484e+00   6.066534e-06   2.952866e-04   2.962235e-07   552
  1.191115e+00   6.193921e-06   2.071505e-04   3.992403e-07   288
  1.192771e+00   6.851695e-06   3.894996e-04   3.052218e-07   528
  1.194327e+00   6.412733e-06   2.627744e-04   3.338168e-07   456
  1.196066e+00   6.454171e-06   4.659561e-04   2.796012e-07   608
  1.197814e+00   7.167382e-06   2.254347e-04   3.450130e-07   504
  1.199725e+00   1.689227e-05   4.839956e-04   2.475339e-06   540
  1.201223e+00   6.344479e-06   5.195556e-04   4.617715e-07   360
  1.202838e+00   6.244031e-06   2.352814e-04   3.205160e-07   540
  1.204266e+00   5.923247e-06   2.020170e-04   2.594224e-07   576
  1.206343e+00   1.036163e-05   4.684089e-04   1.172345e-06   588
  1.208318e+00   6.500226e-06   6.462628e-04   2.690330e-07   672
  1.210014e+00   6.272767e-06   4.939442e-04   2.928080e-07   552
  1.211382e+00   5.422547e-06   4.941939e-04   4.309465e-07   144
  1.213127e+00   6.670716e-06   4.198685e-04   3.067044e-07   600
  1.214781e+00   6.448434e-06   5.261868e-04   2.986093e-07   504
  1.216618e+00   6.844482e-06   5.405001e-04   4.000546e-07   336
  1.218549e+00   7.503871e-06   6.075245e-04   3.289072e-07   600
  1.220279e+00   7.017569e-06   3.920764e-04   2.825284e-07   636
  1.222146e+00   8.677846e-06   3.152330e-04   8.144804e-07   384
  1.223455e+00   8.092263e-06   4.397128e-04   4.767022e-07   504
  1.225342e+00   6.707980e-06   1.845413e-04   4.646537e-07   240
  1.226831e+00   7.603700e-06   4.335137e-04   3.298575e-07   744
  1.228618e+00   7.337097e-06   2.960240e-04   3.302305e-07   648
  1.230205e+00   6.350608e-06   1.965095e-04   9.319440e-07   120
  1.232066e+00   7.276249e-06   3.086910e-04   3.399832e-07   564
  1.233472e+00   7.307700e-06   4.848178e-04   3.751828e-07   432
  1.235349e+00   6.781612e-06   3.763145e-04   3.371533e-07   480
  1.236762e+00   7.557038e-06   2.769770e-04   3.643602e-07   456
  1.238430e+00   7.461251e-06   4.583559e-04   3.680271e-07   444
  1.240323e+00   8.177437e-06   7.013087e-04   3.303038e-07   528
  1.241986e+00   7.599467e-06   5.208476e-04   5.070598e-07   264
  1.243600e+00   1.016781e-05   5.337912e-04   1.095094e-06   444
  1.245770e+00   7.817232e-06   5.846898e-04   3.691049e-07   696
  1.247572e+00   1.142909e-05   3.127117e-04   9.490473e-07   384
  1.248890e+00   7.458135e-06   3.951374e-04   3.763449e-07   432
  1.250940e+00   7.489293e-06   2.730215e-04   3.757048e-07   488
  1.252270e+00   7.257738e-06   4.114773e-04   3.585228e-07   480
  1.254200e+00   8.003829e-06   4.588823e-04   3.565837e-07   480
  1.255694e+00   6.467343e-06   1.925330e-04   4.671252e-07   240
  1.257391e+00   8.361840e-06   4.497418e-04   4.333144e-07   600
  1.258991e+00   9.304384e-06   3.919039e-04   5.783713e-07   288
  1.260695e+00   8.126096e-06   3.769828e-04   3.914641e-07   480
  1.262421e+00   8.666157e-06   6.705851e-04   3.678426e-07   504
  1.264120e+00   7.294664e-06   2.877228e-04   6.022354e-07   216
  1.266287e+00   9.513303e-06   4.710480e-04   5.045476e-07   504
  1.267974e+00   1.083821e-05   3.788659e-04   5.350462e-07   456
  1.269821e+00   8.513548e-06   2.172861e-04   5.243426e-07   384
  1.271045e+00   9.232259e-06   4.410122e-04   5.697592e-07   480
  1.272784e+00   9.154547e-06   3.872581e-04   4.752026e-07   504
  1.274394e+00   8.863931e-06   2.456523e-04   5.700203e-07   312
  1.276130e+00   9.385639e-06   3.958603e-04   4.331149e-07   492
  1.277667e+00   8.359677e-06   3.710270e-04   5.516049e-07   312
  1.279645e+00   8.807409e-06   6.027038e-04   3.816110e-07   576
  1.281386e+00   9.628216e-06   5.563444e-04   5.811744e-07   336
  1.282832e+00   1.073816e-05   4.283594e-04   8.617790e-07   240
  1.284837e+00   9.846315e-06   5.678961e-04   4.870500e-07   468
  1.286567e+00   1.052092e-05   3.555851e-04   9.038743e-07   192
  1.288379e+00   9.876860e-06   3.566449e-04   6.307941e-07   324
  1.289707e+00   1.043073e-05   2.588470e-04   6.633707e-07   600
  1.291517e+00   1.066697e-05   4.199527e-04   5.576574e-07   456
  1.292860e+00   1.042657e-05   1.888947e-04   6.138990e-07   336
  1.295088e+00   9.864363e-06   5.656042e-04   4.272140e-07   612
  1.296708e+00   1.135459e-05   4.746798e-04   8.731377e-07   144
  1.298240e+00   9.488918e-06   5.540731e-04   5.119304e-07   552
  1.300324e+00   9.261085e-06   2.182008e-04   5.657007e-07   264
  1.301501e+00   1.026450e-05   5.051906e-04   6.359697e-07   336
  1.303359e+00   8.776866e-06   3.338126e-04   4.925136e-07   384
  1.304969e+00   1.052261e-05   1.879035e-04   7.426763e-07   216
  1.306752e+00   1.227474e-05   3.983942e-04   8.015830e-07   344
  1.308378e+00   1.106181e-05   5.944229e-04   5.886794e-07   408
  1.310359e+00   1.002050e-05   4.567753e-04   7.242860e-07   264
  1.312115e+00   1.086792e-05   6.367673e-04   4.816472e-07   612
  1.313869e+00   1.064290e-05   3.277292e-04   5.532742e-07   408
  1.315673e+00   1.050763e-05   3.282002e-04   5.998897e-07   444
  1.316998e+00   7.086546e-06   1.835599e-04   6.700570e-07   120
  1.318774e+00   9.669729e-06   5.071424e-04   5.480378e-07   336
  1.320092e+00   1.269466e-05   1.762300e-04   8.365064e-07   288
  1.321873e+00   9.109359e-06   5.484307e-04   4.368146e-07   552
  1.324322e+00   1.231792e-05   2.936555e-08   1.382113e-06   72
  1.325581e+00   1.109165e-05   5.447315e-04   5.227571e-07   504
  1.327052e+00   1.387068e-05   1.752893e-04   1.117409e-06   216
  1.328957e+00   1.165868e-05   3.129669e-04   6.930008e-07   312
  1.330668e+00   1.296766e-05   3.563621e-04   7.730106e-07   336
  1.332298e+00   1.148388e-05   4.939578e-04   9.267393e-07   204
  1.333922e+00   1.091377e-05   5.740541e-04   5.824415e-07   504
  1.335644e+00   1.192040e-05   5.466644e-04   6.966172e-07   396
  1.337300e+00   1.036356e-05   5.013198e-04   6.889884e-07   312
  1.339308e+00   1.214148e-05   3.063600e-04   8.096294e-07   216
  1.340723e+00   1.216226e-05   1.662675e-04   8.949153e-07   168
  1.342442e+00   1.277130e-05   4.198346e-04   5.080566e-07   588
  1.344403e+00   1.287812e-05   5.698763e-04   9.724198e-07   240
  1.345927e+00   1.134509e-05   5.032962e-04   7.200186e-07   264
  1.347715e+00   1.407667e-05   6.224294e-04   1.021830e-06   288
  1.349301e+00   1.185619e-05   3.108153e-04   7.677237e-07   288
  1.351311e+00   1.291974e-05   2.919050e-04   8.731032e-07   288
  1.352664e+00   1.477949e-05   3.381477e-04   1.077610e-06   192
  1.354367e+00   1.277882e-05   3.598230e-04   8.350732e-07   264
  1.355989e+00   1.101970e-05   5.918590e-04   6.194752e-07   372
  1.357735e+00   1.280560e-05   6.392333e-04   7.028224e-07   360
  1.359866e+00   1.311005e-05   2.705296e-04   1.147339e-06   144
  1.360967e+00   1.388372e-05   3.757537e-04   8.709538e-07   296
  1.362705e+00   1.253802e-05   4.048552e-04   7.734608e-07   288
  1.364696e+00   1.206858e-05   6.050459e-04   5.792572e-07   480
  1.366412e+00   1.351392e-05   5.027354e-04   1.090869e-06   192
  1.368081e+00   1.255521e-05   5.392523e-04   1.012853e-06   192
  1.369599e+00   1.349112e-05   3.436718e-04   9.825005e-07   288
  1.371709e+00   1.527384e-05   2.991616e-04   1.225576e-06   108
  1.372772e+00   1.202518e-05   2.876072e-04   8.861222e-07   240
  1.374649e+00   1.300322e-05   5.365380e-04   7.236406e-07   384
  1.376577e+00   1.230362e-05   6.545156e-04   1.270048e-06   108
  1.378282e+00   1.313828e-05   3.837546e-04   7.829180e-07   348
  1.380075e+00   1.296267e-05   4.005014e-04   9.538767e-07   312
  1.381676e+00   1.511424e-05   3.891711e-04   1.478688e-06   96
  1.383148e+00   1.552076e-05   5.181111e-04   8.385697e-07   384
  1.384797e+00   1.565618e-05   3.563555e-04   1.626869e-06   144
  1.386411e+00   1.494119e-05   5.475560e-04   8.475971e-07   408
  1.388416e+00   1.218995e-05   2.442487e-04   8.967573e-07   144
  1.390310e+00   1.269206e-05   4.695706e-04   8.860914e-07   192
  1.391433e+00   1.251876e-05   5.285104e-04   1.097985e-06   144
  1.393265e+00   1.255653e-05   4.296985e-04   1.069737e-06   144
  1.394992e+00   1.213253e-05   5.251611e-04   6.802875e-07   336
  1.397108e+00   1.550168e-05   3.885526e-04   9.621563e-07   240
  1.398450e+00   1.530486e-05   1.764383e-04   1.679459e-06   96
  1.400321e+00   1.538182e-05   5.174086e-04   9.124636e-07   372
  1.402214e+00   1.422285e-05   6.154464e-04   1.303544e-06   132
  1.403877e+00   1.559915e-05   3.808309e-04   1.229027e-06   264
  1.405364e+00   1.441577e-05   2.924607e-04   1.352433e-06   168
  1.406952e+00   1.647997e-05   4.675886e-04   1.108880e-06   216
  1.408354e+00   1.697804e-05   2.860765e-04   1.168522e-06   216
  1.410397e+00   1.831675e-05   5.248313e-04   1.923077e-06   96
  1.412250e+00   1.734758e-05   3.424046e-04   1.757006e-06   120
  1.413949e+00   1.445966e-05   4.352925e-04   9.810462e-07   216
  1.415349e+00   1.853176e-05   1.902243e-04   1.368383e-06   200
  1.417203e+00   1.938998e-05   4.924091e-04   1.305828e-06   288
  1.419580e+00   1.656525e-05   1.295624e-04   1.346664e-06   144
  1.420582e+00   1.855483e-05   4.031902e-04   1.406163e-06   168
  1.422626e+00   1.493620e-05   4.537530e-04   1.368441e-06   159
  1.424222e+00   1.623205e-05   4.760960e-04   1.145890e-06   174
  1.425766e+00   1.264747e-05   4.317072e-04   1.133909e-06   144
  1.427789e+00   1.727952e-05   2.492797e-04   1.081000e-06   222
  1.429141e+00   1.825870e-05   2.515453e-04   1.502501e-06   168
  1.431477e+00   2.217052e-05   5.517354e-04   3.283157e-06   30
  1.432442e+00   1.937256e-05   4.871418e-04   2.576577e-06   72
  1.434260e+00   1.709322e-05   4.347683e-04   1.132172e-06   258
  1.436258e+00   2.185479e-05   2.723066e-04   1.331961e-06   264
  1.437257e+00   1.565059e-05   0.000000e+00   1.713912e-06   72
  1.439339e+00   2.069513e-05   5.397231e-04   1.362497e-06   174
  1.441225e+00   1.978831e-05   5.747054e-04   1.369913e-06   168
  1.442740e+00   2.106991e-05   1.798266e-08   1.949733e-06   48
  1.444367e+00   1.811885e-05   3.245497e-04   1.389651e-06   150
  1.446254e+00   1.498863e-05   5.970324e-04   1.344295e-06   168
  1.448146e+00   2.004345e-05   3.636845e-04   1.620096e-06   144
  1.449885e+00   2.249884e-05   3.397640e-04   2.289116e-06   102
  1.451181e+00   1.968612e-05   5.029091e-04   2.280730e-06   96
  1.453237e+00   2.133100e-05   4.991035e-04   1.870131e-06   120
  1.454759e+00   2.092045e-05   5.353016e-04   1.673484e-06   168
  1.456406e+00   1.722861e-05   3.952779e-04   1.771398e-06   126
  1.457809e+00   1.915519e-05   2.981185e-04   1.424061e-06   168
  1.459742e+00   1.568587e-05   4.780335e-04   1.835708e-06   72
  1.461432e+00   2.007556e-05   5.986044e-04   1.670002e-06   168
  1.462911e+00   2.455108e-05   1.641069e-04   3.007401e-06   78
  1.464939e+00   2.368080e-05   2.694513e-04   2.605804e-06   60
  1.466572e+00   1.170236e-05   4.370936e-04   1.218498e-06   96
  1.468265e+00   1.977363e-05   5.303767e-04   1.402544e-06   168
  1.469857e+00   2.380752e-05   3.356018e-04   3.116138e-06   86
  1.471527e+00   2.109825e-05   2.999484e-04   2.027880e-06   120
  1.473920e+00   2.301709e-05   2.139030e-04   1.960313e-06   168
  1.475211e+00   2.201425e-05   0.000000e+00   2.921808e-06   48
  1.476949e+00   1.929007e-05   3.897081e-04   1.680210e-06   120
  1.477948e+00   2.248729e-05   2.843078e-04   1.982554e-06   126
  1.480387e+00   2.065607e-05   5.000182e-04   1.763543e-06   96
  1.481970e+00   2.365631e-05   1.441806e-04   2.214739e-06   96
  1.483218e+00   2.539478e-05   1.695421e-08   2.631904e-06   72
  1.485877e+00   2.426669e-05   1.798266e-08   3.149937e-06   24
  1.487537e+00   1.642594e-05   2.967202e-04   1.572276e-06   120
  1.488831e+00   2.217531e-05   4.328235e-04   2.626143e-06   126
  1.490271e+00   1.951579e-05   3.608170e-04   2.019884e-06   96
  1.491953e+00   2.245861e-05   6.235971e-04   2.611924e-06   72
  1.493826e+00   1.994172e-05   2.697267e-04   1.558032e-06   144
  1.495367e+00   1.913487e-05   1.555721e-04   2.073099e-06   72
  1.496907e+00   1.850632e-05   3.107329e-04   2.704136e-06   54
  1.498261e+00   2.183264e-05   2.738298e-04   2.113031e-06   108
  1.501076e+00   2.020332e-05   2.684240e-04   1.966566e-06   72
  1.501953e+00   1.752334e-05   1.548899e-04   2.041396e-06   72
  1.504032e+00   2.795214e-05   3.114687e-08   5.712153e-06   24
  1.506000e+00   2.102800e-05   3.276762e-04   2.750878e-06   48
  1.507194e+00   2.497226e-05   2.496047e-04   2.331124e-06   102
  1.508993e+00   2.023587e-05   5.645020e-04   1.822534e-06   168
  1.511342e+00   2.741946e-05   3.078662e-04   3.508321e-06   72
  1.512213e+00   2.448277e-05   0.000000e+00   2.544357e-06   48
  1.514039e+00   2.156366e-05   5.295485e-04   1.793693e-06   120
  1.516449e+00   1.997002e-05   3.254183e-04   1.533292e-06   96
  1.518725e+00   3.211183e-05   2.877225e-08   5.561288e-06   30
  1.521431e+00   2.310416e-05   1.528959e-04   3.561434e-06   72
  1.522619e+00   1.781491e-05   1.798266e-08   3.405941e-06   24
  1.524147e+00   4.570024e-05   2.266295e-04   7.787167e-06   56
  1.525857e+00   2.474240e-05   3.234118e-04   2.316463e-06   96
  1.527904e+00   2.491237e-05   3.571257e-04   1.860268e-06   144
  1.529482e+00   2.804718e-05   2.027620e-04   3.086334e-06   54
  1.531775e+00   2.300946e-05   3.037589e-04   2.348791e-06   108
  1.534082e+00   2.038281e-05   1.608389e-04   3.823865e-06   48
  1.536278e+00   3.260446e-05   6.056100e-04   3.552350e-06   72
  1.541549e+00   2.251686e-05   4.001285e-04   2.448832e-06   78
  1.543009e+00   3.272794e-05   3.015470e-04   3.905180e-06   72
  1.544714e+00   2.857615e-05   3.011726e-04   3.508755e-06   72
  1.546496e+00   2.981461e-05   7.267626e-04   3.087572e-06   96
  1.547905e+00   3.524135e-05   3.005518e-04   6.015258e-06   72
  1.549605e+00   3.095109e-05   0.000000e+00   6.448839e-06   24
  1.551302e+00   2.290445e-05   5.997465e-04   2.299605e-06   72
  1.555136e+00   2.224382e-05   3.808574e-04   5.289631e-06   30
  1.555961e+00   3.254966e-05   0.000000e+00   4.412374e-06   24
  1.560395e+00   2.470032e-05   3.162535e-04   3.570035e-06   48
  1.561785e+00   2.755270e-05   6.805772e-04   2.101610e-06   120
  1.563659e+00   1.969097e-05   2.975642e-04   2.160935e-06   72
  1.565552e+00   2.374186e-05   2.972044e-04   3.667179e-06   36
  1.566852e+00   2.673387e-05   5.874143e-04   3.264619e-06   78
  1.570482e+00   3.047977e-05   3.142221e-04   3.760798e-06   48
  1.575188e+00   2.905558e-05   2.543132e-08   4.882699e-06   24
  1.578541e+00   2.485703e-05   2.188179e-04   2.969196e-06   56
  1.580230e+00   2.410365e-05   3.367194e-04   2.030737e-06   102
  1.582378e+00   3.051713e-05   2.397687e-08   2.798667e-06   72
  1.583624e+00   3.072831e-05   1.798266e-08   3.710292e-06   24
  1.585804e+00   2.687476e-05   3.111861e-04   4.540745e-06   48
  1.589845e+00   2.358731e-05   0.000000e+00   3.315313e-06   24
  1.594803e+00   1.421449e-05   0.000000e+00   5.682382e-06   6
  1.596350e+00   4.380489e-05   0.000000e+00   6.745367e-06   24
  1.597380e+00   2.826208e-05   2.912818e-04   3.597246e-06   72
  1.599261e+00   3.851663e-05   5.434137e-04   5.239774e-06   84
  1.601288e+00   2.812565e-05   0.000000e+00   4.629051e-06   24
  1.601904e+00   3.800629e-05   2.543132e-08   7.125167e-06   24
  1.604982e+00   3.932748e-05   3.114687e-08   8.551491e-06   24
  1.609281e+00   1.347032e-05   0.000000e+00   4.885328e-06   6
  1.614791e+00   2.309752e-05   3.056001e-04   2.789748e-06   48
  1.616114e+00   3.542351e-05   5.757006e-04   4.403974e-06   72
  1.617844e+00   3.347402e-05   3.050234e-04   4.781857e-06   48
  1.620587e+00   4.158542e-05   0.000000e+00   6.507708e-06   24
  1.624237e+00   3.403953e-05   0.000000e+00   5.624075e-06   6
  1.632419e+00   2.718234e-05   0.000000e+00   8.610468e-06   8
  1.633024e+00   3.481915e-05   1.798266e-08   6.135470e-06   48
  1.634474e+00   4.033288e-05   2.958090e-04   4.627067e-06   60
  1.636646e+00   3.006288e-05   0.000000e+00   5.551987e-06   24
  1.639659e+00   4.325174e-05   0.000000e+00   1.023249e-05   6
  1.650757e+00   3.316153e-05   0.000000e+00   3.966256e-06   24
  1.651653e+00   3.506233e-05   2.987795e-04   4.607126e-06   48
  1.653147e+00   1.832418e-05   0.000000e+00   3.195811e-06   24
  1.655533e+00   2.693308e-05   0.000000e+00   6.933156e-06   6
  1.669090e+00   5.807466e-05   2.787329e-04   8.344997e-06   36
  1.670075e+00   2.762456e-05   0.000000e+00   6.211785e-06   24
  1.671847e+00   3.310900e-05   0.000000e+00   2.065697e-06   6
  1.687272e+00   2.620138e-05   2.533103e-04   4.449690e-06   32
  1.688588e+00   2.186344e-05   0.000000e+00   8.059405e-06   6
  1.705164e+00   4.706288e-05   0.000000e+00   9.550947e-06   12
  1.705743e+00   2.265218e-05   0.000000e+00   2.699057e-06   6
  1.723300e+00   4.389328e-05   0.000000e+00   1.520184e-05   6
