# power spectrum of chi
# redshift z=100.000000
# k              Pk             sigma(k)       sigma(Pk)      count
  6.981317e-03   1.680616e-19   0.000000e+00   1.653794e-20   6
  9.873073e-03   1.054852e-18   0.000000e+00   1.973107e-19   12
  1.209200e-02   6.127878e-19   1.324548e-10   2.256072e-19   8
  1.396263e-02   4.670986e-20   0.000000e+00   5.023201e-21   6
  1.561070e-02   4.167725e-19   0.000000e+00   6.459920e-20   24
  1.710066e-02   3.854428e-19   2.497591e-10   5.785058e-20   24
  1.974615e-02   5.904186e-19   0.000000e+00   1.946550e-19   12
  2.094395e-02   5.372202e-19   2.825702e-10   6.625313e-20   30
  2.207686e-02   3.278606e-19   0.000000e+00   4.171524e-20   24
  2.315441e-02   3.744012e-19   4.325955e-10   6.907761e-20   24
  2.418399e-02   2.216708e-19   2.649095e-10   8.314690e-20   8
  2.517150e-02   2.815632e-19   3.532127e-10   4.956553e-20   24
  2.612170e-02   3.222424e-19   0.000000e+00   4.967031e-20   48
  2.792527e-02   9.912540e-20   0.000000e+00   2.556433e-20   6
  2.878471e-02   2.128041e-19   4.995182e-10   3.131585e-20   48
  2.961922e-02   2.296712e-19   0.000000e+00   4.086388e-20   36
  3.043086e-02   1.801614e-19   3.532127e-10   2.953055e-20   24
  3.122140e-02   2.649780e-19   0.000000e+00   4.593401e-20   24
  3.199241e-02   2.095785e-19   0.000000e+00   2.424702e-20   48
  3.274528e-02   2.959052e-19   4.995182e-10   3.046946e-20   24
  3.420133e-02   1.593801e-19   4.995182e-10   2.007240e-20   24
  3.490659e-02   1.390913e-19   0.000000e+00   1.871757e-20   30
  3.559787e-02   2.079205e-19   0.000000e+00   2.171793e-20   72
  3.627599e-02   1.357212e-19   5.298191e-10   2.151157e-20   32
  3.759554e-02   1.521222e-19   0.000000e+00   1.470597e-20   72
  3.823825e-02   1.105204e-19   0.000000e+00   1.657961e-20   48
  3.949229e-02   1.759335e-19   0.000000e+00   5.932134e-20   12
  4.010461e-02   1.244036e-19   0.000000e+00   1.612214e-20   48
  4.070772e-02   1.447802e-19   0.000000e+00   1.798693e-20   48
  4.130203e-02   1.659981e-19   4.995182e-10   2.435208e-20   48
  4.188790e-02   1.753857e-19   5.651403e-10   3.622967e-20   30
  4.246569e-02   1.277582e-19   4.995182e-10   1.665857e-20   24
  4.303573e-02   1.292320e-19   1.053077e-09   1.346518e-20   72
  4.415373e-02   1.385253e-19   0.000000e+00   4.138476e-20   24
  4.470224e-02   8.939337e-20   0.000000e+00   9.822917e-21   96
  4.524411e-02   1.059201e-19   0.000000e+00   1.383318e-20   48
  4.577956e-02   8.015824e-20   8.651909e-10   8.888439e-21   24
  4.630882e-02   1.384515e-19   8.651909e-10   2.449386e-20   24
  4.683210e-02   9.841879e-20   0.000000e+00   9.053403e-21   72
  4.734960e-02   5.932046e-20   0.000000e+00   6.372084e-21   48
  4.836798e-02   1.263294e-19   5.298191e-10   2.764373e-20   8
  4.886922e-02   9.516179e-20   6.279337e-10   9.254336e-21   54
  4.936537e-02   1.017900e-19   0.000000e+00   8.746464e-21   84
  4.985658e-02   6.161767e-20   0.000000e+00   6.892881e-21   48
  5.034299e-02   7.400073e-20   7.064254e-10   8.063199e-21   24
  5.082475e-02   9.314190e-20   6.660243e-10   1.096782e-20   72
  5.130199e-02   6.454011e-20   0.000000e+00   5.826208e-21   96
  5.224339e-02   8.516021e-20   0.000000e+00   1.033723e-20   48
  5.270779e-02   5.005232e-20   0.000000e+00   6.650360e-21   48
  5.316813e-02   6.282279e-20   7.064254e-10   1.058537e-20   24
  5.362451e-02   7.135557e-20   0.000000e+00   6.796609e-21   72
  5.452583e-02   6.396072e-20   6.660243e-10   9.177924e-21   72
  5.497095e-02   5.758249e-20   0.000000e+00   5.869443e-21   96
  5.585054e-02   4.065977e-20   0.000000e+00   7.841315e-21   6
  5.628518e-02   5.968138e-20   0.000000e+00   6.475180e-21   96
  5.671649e-02   5.500559e-20   7.064254e-10   5.855152e-21   96
  5.714454e-02   7.605625e-20   0.000000e+00   2.087427e-20   24
  5.756941e-02   5.325802e-20   9.990364e-10   6.401661e-21   48
  5.799117e-02   4.500426e-20   0.000000e+00   3.590107e-21   96
  5.840989e-02   6.637114e-20   0.000000e+00   9.551635e-21   48
  5.923844e-02   5.003709e-20   0.000000e+00   1.311888e-20   36
  5.964840e-02   3.126227e-20   1.223565e-09   4.025549e-21   48
  6.005556e-02   3.630347e-20   1.384305e-09   2.490403e-21   120
  6.045998e-02   4.760229e-20   0.000000e+00   9.741881e-21   56
  6.086171e-02   4.001910e-20   7.064254e-10   9.311955e-21   24
  6.126081e-02   5.154161e-20   0.000000e+00   4.786428e-21   96
  6.165732e-02   5.069746e-20   0.000000e+00   8.365260e-21   48
  6.244280e-02   2.772006e-20   0.000000e+00   4.141339e-21   24
  6.283185e-02   4.118534e-20   0.000000e+00   3.683889e-21   102
  6.321851e-02   3.973754e-20   0.000000e+00   4.487931e-21   48
  6.360282e-02   4.672720e-20   0.000000e+00   5.263321e-21   72
  6.398483e-02   4.083929e-20   0.000000e+00   6.921661e-21   48
  6.436456e-02   4.021794e-20   0.000000e+00   4.682051e-21   48
  6.474207e-02   4.650860e-20   1.598458e-09   3.561257e-21   120
  6.549056e-02   5.892539e-20   9.990364e-10   9.848429e-21   24
  6.586161e-02   2.810051e-20   9.419006e-10   2.012418e-21   144
  6.623059e-02   2.583492e-20   1.130281e-09   2.017307e-21   120
  6.659752e-02   2.852718e-20   9.990364e-10   3.170364e-21   48
  6.732538e-02   3.125815e-20   9.990364e-10   2.697254e-21   48
  6.768638e-02   4.024359e-20   9.990364e-10   2.762516e-21   96
  6.863955e-02   3.790047e-20   1.675093e-04   3.258531e-21   72
  6.911151e-02   3.362697e-20   1.255867e-09   3.217934e-21   108
  6.946323e-02   2.626519e-20   0.000000e+00   2.253892e-21   72
  6.981317e-02   2.850437e-20   0.000000e+00   4.109526e-21   30
  7.016137e-02   2.577156e-20   0.000000e+00   1.675897e-21   168
  7.050785e-02   3.466035e-20   0.000000e+00   4.307616e-21   48
  7.119574e-02   2.423118e-20   0.000000e+00   2.135493e-21   72
  7.153721e-02   2.712050e-20   0.000000e+00   2.674423e-21   96
  7.187706e-02   2.813768e-20   1.883801e-09   3.038218e-21   72
  7.221530e-02   3.113158e-20   0.000000e+00   2.598412e-21   72
  7.278398e-02   2.774981e-20   1.546684e-04   2.479230e-21   104
  7.322067e-02   2.180389e-20   1.332049e-09   1.507301e-21   144
  7.421242e-02   1.741206e-20   2.233913e-09   1.574383e-21   96
  7.454007e-02   1.631952e-20   0.000000e+00   1.376440e-21   96
  7.506116e-02   2.725764e-20   1.591194e-04   2.091059e-21   120
  7.551449e-02   1.896741e-20   0.000000e+00   1.407954e-21   120
  7.583651e-02   1.589624e-20   0.000000e+00   1.701440e-21   72
  7.647650e-02   1.732621e-20   0.000000e+00   2.578359e-21   48
  7.679449e-02   2.455933e-20   1.505926e-09   2.090937e-21   78
  7.720128e-02   1.887826e-20   1.424762e-04   1.328544e-21   168
  7.805350e-02   2.017757e-20   1.332049e-09   1.963894e-21   144
  7.836509e-02   1.795943e-20   1.332049e-09   1.357219e-21   144
  7.926883e-02   2.211241e-20   8.205478e-05   1.485108e-21   156
  7.959926e-02   1.680680e-20   1.730382e-09   1.923145e-21   48
  7.990483e-02   1.979679e-20   1.130281e-09   1.683129e-21   120
  8.020923e-02   2.218013e-20   0.000000e+00   4.380351e-21   48
  8.074745e-02   1.786648e-20   1.255998e-04   1.045654e-21   216
  8.141545e-02   1.437768e-20   0.000000e+00   2.131471e-21   48
  8.171422e-02   1.871772e-20   9.990364e-10   1.500983e-21   96
  8.213902e-02   1.608728e-20   1.467830e-04   1.000196e-21   168
  8.260406e-02   1.841959e-20   9.990364e-10   1.461324e-21   48
  8.289855e-02   1.408039e-20   0.000000e+00   1.028034e-21   96
  8.319199e-02   2.113434e-20   0.000000e+00   3.421894e-21   48
  8.377580e-02   1.597342e-20   1.130281e-09   2.559685e-21   30
  8.406619e-02   1.412297e-20   9.990364e-10   1.240298e-21   96
  8.441325e-02   1.521160e-20   1.153584e-04   7.478863e-22   240
  8.485953e-02   1.592540e-20   1.244551e-04   2.494457e-21   32
  8.521783e-02   1.277318e-20   0.000000e+00   1.049216e-21   168
  8.550332e-02   1.493451e-20   0.000000e+00   1.108012e-21   120
  8.607146e-02   1.219111e-20   2.106154e-09   9.382898e-22   72
  8.635412e-02   1.080364e-20   1.332049e-09   7.867917e-22   144
  8.663587e-02   1.040101e-20   0.000000e+00   1.079861e-21   96
  8.691670e-02   1.013125e-20   0.000000e+00   8.234428e-22   96
  8.747565e-02   9.915593e-21   1.631420e-09   9.061746e-22   72
  8.775379e-02   1.147724e-20   1.412851e-09   1.175591e-21   96
  8.830745e-02   1.767067e-20   0.000000e+00   2.521924e-21   24
  8.858298e-02   1.327941e-20   0.000000e+00   7.873020e-22   192
  8.890745e-02   1.215400e-20   1.056148e-04   8.662285e-22   132
  8.940448e-02   1.257856e-20   0.000000e+00   1.464699e-21   96
  8.967664e-02   1.567739e-20   0.000000e+00   1.362257e-21   96
  8.994798e-02   1.388455e-20   1.130281e-09   1.030458e-21   120
  9.048821e-02   1.404238e-20   0.000000e+00   2.046735e-21   48
  9.093103e-02   1.195745e-20   1.279966e-04   6.487623e-22   222
  9.129257e-02   1.473474e-20   0.000000e+00   9.289106e-22   120
  9.155911e-02   7.333001e-21   1.730382e-09   1.100707e-21   24
  9.194720e-02   1.134749e-20   1.321111e-04   5.392691e-22   312
  9.279280e-02   9.013515e-21   1.238595e-04   8.268552e-22   72
  9.314239e-02   1.008156e-20   9.990364e-10   7.937185e-22   96
  9.350136e-02   9.499845e-21   1.261337e-04   5.769183e-22   192
  9.392401e-02   1.063425e-20   1.598458e-09   6.977450e-22   120
  9.418312e-02   9.563022e-21   0.000000e+00   6.667063e-22   144
  9.469919e-02   1.295888e-20   0.000000e+00   1.588596e-21   48
  9.506602e-02   9.021569e-21   1.268319e-04   4.273135e-22   336
  9.546807e-02   1.081035e-20   0.000000e+00   8.970928e-22   48
  9.597724e-02   9.821049e-21   0.000000e+00   5.807419e-22   192
  9.623081e-02   6.253912e-21   0.000000e+00   7.467722e-22   48
  9.695161e-02   8.973761e-21   8.803796e-05   1.213425e-21   56
  9.731001e-02   9.520459e-21   1.130706e-04   4.644151e-22   336
  9.773844e-02   9.832079e-21   1.255867e-09   1.107798e-21   54
  9.811165e-02   8.127092e-21   1.241922e-04   4.625241e-22   240
  9.888643e-02   8.490994e-21   1.189150e-04   4.718176e-22   228
  9.922316e-02   8.981830e-21   1.332049e-09   1.001210e-21   72
  9.955002e-02   9.980597e-21   1.153504e-04   7.122731e-22   144
  9.995725e-02   8.684955e-21   0.000000e+00   8.578843e-22   96
  1.002007e-01   7.263159e-21   1.598458e-09   4.032216e-22   240
  1.006860e-01   1.072642e-20   1.412851e-09   1.209563e-21   24
  1.009966e-01   8.864686e-21   1.089476e-04   4.338179e-22   336
  1.014095e-01   8.784256e-21   0.000000e+00   7.993527e-22   72
  1.017863e-01   8.658836e-21   1.185007e-04   6.103798e-22   168
  1.021279e-01   1.024864e-20   0.000000e+00   9.549324e-22   72
  1.026040e-01   7.951604e-21   0.000000e+00   6.163120e-22   96
  1.029727e-01   6.352055e-21   1.176117e-04   3.935559e-22   216
  1.033141e-01   5.799296e-21   1.412851e-09   4.657773e-22   96
  1.037847e-01   6.532317e-21   0.000000e+00   3.999600e-22   192
  1.040193e-01   6.151602e-21   1.332049e-09   4.106808e-22   144
  1.044868e-01   7.726621e-21   0.000000e+00   9.067627e-22   48
  1.048105e-01   6.334380e-21   1.133915e-04   3.599620e-22   246
  1.052503e-01   6.702824e-21   1.045488e-04   4.102822e-22   168
  1.056465e-01   7.847333e-21   1.957704e-09   5.970584e-22   120
  1.058769e-01   5.673241e-21   0.000000e+00   3.533536e-22   240
  1.063363e-01   8.167887e-21   1.412851e-09   1.464821e-21   24
  1.067022e-01   6.076674e-21   1.119102e-04   2.974549e-22   360
  1.071580e-01   5.623421e-21   1.114340e-04   4.068358e-22   120
  1.074760e-01   5.666259e-21   0.000000e+00   4.209133e-22   144
  1.077025e-01   6.721039e-21   0.000000e+00   5.646745e-22   96
  1.083792e-01   4.778635e-21   0.000000e+00   2.582379e-22   144
  1.086038e-01   5.088822e-21   0.000000e+00   3.598027e-22   132
  1.089195e-01   5.130877e-21   1.099837e-04   2.834690e-22   176
  1.093777e-01   5.181121e-21   1.110614e-04   2.336826e-22   312
  1.099419e-01   5.335951e-21   0.000000e+00   4.341469e-22   96
  1.101633e-01   4.991734e-21   0.000000e+00   3.307862e-22   144
  1.105031e-01   5.523319e-21   1.099474e-04   2.418060e-22   312
  1.110446e-01   6.338046e-21   0.000000e+00   7.133867e-22   48
  1.112639e-01   6.436547e-21   1.412851e-09   4.584037e-22   192
  1.117011e-01   6.066997e-21   0.000000e+00   9.721862e-22   6
  1.119915e-01   4.594079e-21   1.025446e-04   2.448599e-22   288
  1.124620e-01   4.645323e-21   1.083450e-04   2.751283e-22   192
  1.127866e-01   4.592445e-21   3.322713e-09   2.702224e-22   216
  1.130025e-01   6.853645e-21   0.000000e+00   6.981070e-22   72
  1.135403e-01   5.387393e-21   1.073161e-04   3.182433e-22   192
  1.138975e-01   4.839238e-21   7.968796e-05   2.465064e-22   288
  1.142891e-01   6.839528e-21   0.000000e+00   5.853491e-22   24
  1.145916e-01   4.912568e-21   1.049823e-04   1.905499e-22   456
  1.151388e-01   3.891419e-21   1.998073e-09   4.653076e-22   48
  1.154769e-01   4.935026e-21   1.034033e-04   2.218795e-22   240
  1.158655e-01   4.061437e-21   1.045007e-04   2.268041e-22   216
  1.161923e-01   3.900511e-21   0.000000e+00   3.425122e-22   72
  1.164018e-01   4.403472e-21   3.610549e-09   2.925824e-22   168
  1.169935e-01   4.781545e-21   7.767385e-05   2.287137e-22   288
  1.173253e-01   4.416470e-21   1.027758e-04   2.500744e-22   168
  1.178582e-01   3.709174e-21   0.000000e+00   2.032373e-22   192
  1.180648e-01   4.104830e-21   1.332049e-09   2.556983e-22   144
  1.184769e-01   5.676443e-21   0.000000e+00   5.622898e-22   36
  1.188264e-01   4.357812e-21   9.385617e-05   1.686336e-22   342
  1.191605e-01   4.233838e-21   9.637890e-05   3.093712e-22   144
  1.195900e-01   4.202681e-21   1.010773e-04   1.865473e-22   384
  1.201111e-01   4.582781e-21   2.768611e-09   3.230970e-22   120
  1.203690e-01   3.855908e-21   9.013158e-05   2.053592e-22   264
  1.207183e-01   4.042742e-21   4.467827e-09   2.134345e-22   192
  1.210471e-01   4.420697e-21   9.713401e-05   3.440634e-22   152
  1.213224e-01   4.374114e-21   2.664097e-09   2.707177e-22   144
  1.219012e-01   3.811642e-21   6.286607e-05   1.845990e-22   216
  1.221692e-01   3.781320e-21   8.400585e-05   1.745755e-22   312
  1.226409e-01   3.857002e-21   9.736112e-05   1.990385e-22   240
  1.229188e-01   3.600582e-21   1.412851e-09   3.102746e-22   96
  1.234463e-01   3.435597e-21   9.308426e-05   2.410036e-22   144
  1.237714e-01   3.323621e-21   9.149363e-05   1.230788e-22   456
  1.242988e-01   4.129057e-21   0.000000e+00   2.529817e-22   120
  1.244947e-01   3.520890e-21   0.000000e+00   2.169973e-22   144
  1.248856e-01   1.947216e-21   0.000000e+00   3.306031e-22   24
  1.251362e-01   3.311004e-21   8.794658e-05   1.343269e-22   336
  1.255696e-01   3.703730e-21   9.699311e-05   2.385982e-22   198
  1.259757e-01   2.953944e-21   9.432023e-05   1.218004e-22   432
  1.264370e-01   2.798311e-21   0.000000e+00   2.716885e-22   48
  1.266777e-01   2.918239e-21   8.326844e-05   1.235049e-22   384
  1.271098e-01   3.119739e-21   9.585962e-05   2.230180e-22   144
  1.275013e-01   2.766737e-21   9.517601e-05   1.492270e-22   264
  1.279697e-01   2.971409e-21   0.000000e+00   4.328822e-22   48
  1.282839e-01   2.971739e-21   9.049683e-05   1.441047e-22   276
  1.285870e-01   3.004078e-21   8.203293e-05   1.619257e-22   192
  1.289922e-01   2.713793e-21   9.218697e-05   9.507303e-23   552
  1.294841e-01   2.312662e-21   3.196917e-09   1.790550e-22   120
  1.297765e-01   2.319105e-21   9.331596e-05   1.323905e-22   216
  1.300475e-01   3.156367e-21   1.598458e-09   1.942009e-22   120
  1.305316e-01   2.905547e-21   9.189333e-05   1.344972e-22   408
  1.309811e-01   2.846155e-21   1.998073e-09   3.208107e-22   24
  1.312599e-01   3.211908e-21   9.282881e-05   1.452542e-22   384
  1.316492e-01   2.566041e-21   9.069708e-05   1.124472e-22   240
  1.319872e-01   2.893370e-21   9.136125e-05   2.003673e-22   168
  1.324612e-01   2.124501e-21   2.260561e-09   2.148026e-22   120
  1.327667e-01   2.664614e-21   9.523931e-05   1.113243e-22   350
  1.332635e-01   2.920752e-21   1.567823e-04   1.161659e-22   384
  1.335605e-01   2.603274e-21   0.000000e+00   1.775624e-22   144
  1.341067e-01   2.464844e-21   3.767602e-09   1.182618e-22   288
  1.343919e-01   2.261564e-21   8.974411e-05   8.970576e-23   336
  1.347800e-01   2.775817e-21   8.170456e-05   1.824103e-22   168
  1.350122e-01   2.394087e-21   1.614687e-09   9.030255e-23   336
  1.354927e-01   2.225293e-21   8.480446e-05   1.025650e-22   288
  1.357812e-01   2.548928e-21   7.990748e-05   1.208896e-22   264
  1.362699e-01   2.414835e-21   0.000000e+00   1.328628e-22   240
  1.364486e-01   2.555846e-21   2.825702e-09   1.477307e-22   96
  1.370900e-01   2.417144e-21   1.086688e-04   9.980988e-23   360
  1.373893e-01   2.214002e-21   8.010757e-05   1.385845e-22   168
  1.377676e-01   2.284200e-21   8.732558e-05   8.367787e-23   456
  1.382230e-01   1.944998e-21   2.511735e-09   1.689179e-22   108
  1.384792e-01   1.991274e-21   8.761995e-05   9.590812e-23   264
  1.387988e-01   2.270690e-21   7.817127e-05   1.078794e-22   264
  1.392364e-01   2.151342e-21   7.376599e-05   1.074351e-22   312
  1.397814e-01   2.008800e-21   5.481617e-05   9.538001e-23   270
  1.400098e-01   2.471099e-21   6.959603e-05   1.307145e-22   240
  1.404204e-01   1.910248e-21   8.609907e-05   8.013887e-23   384
  1.406696e-01   2.056730e-21   0.000000e+00   1.196705e-22   192
  1.411539e-01   2.061806e-21   6.908303e-05   1.008112e-22   240
  1.414347e-01   1.944892e-21   8.525963e-05   8.140550e-23   336
  1.419630e-01   2.256135e-21   8.583011e-05   8.276217e-23   480
  1.423915e-01   1.864855e-21   0.000000e+00   1.463226e-22   72
  1.426309e-01   1.851251e-21   8.369217e-05   8.325619e-23   240
  1.429564e-01   2.249349e-21   7.865917e-05   9.763713e-23   312
  1.433297e-01   2.190546e-21   8.501169e-05   1.200350e-22   240
  1.438936e-01   1.936604e-21   6.458688e-05   7.181451e-23   408
  1.441169e-01   1.651220e-21   5.914602e-05   6.910923e-23   336
  1.445532e-01   1.964934e-21   7.510087e-05   9.828740e-23   264
  1.447677e-01   1.789633e-21   0.000000e+00   9.855998e-23   144
  1.453643e-01   1.742568e-21   1.040943e-04   6.039223e-23   464
  1.456786e-01   1.947804e-21   8.277629e-05   1.286579e-22   168
  1.459889e-01   1.834874e-21   7.539115e-05   8.487475e-23   336
  1.465498e-01   1.849275e-21   7.921315e-05   7.682768e-23   414
  1.468660e-01   2.099554e-21   8.245619e-05   1.051655e-22   216
  1.472710e-01   1.899093e-21   1.998073e-09   1.711921e-22   96
  1.474364e-01   1.741799e-21   5.994218e-09   6.983617e-23   384
  1.480158e-01   1.707343e-21   8.229688e-05   5.847746e-23   492
  1.483263e-01   1.651953e-21   8.047930e-05   8.030213e-23   240
  1.486772e-01   1.801027e-21   8.171468e-05   8.358374e-23   312
  1.491618e-01   1.661719e-21   8.168777e-05   9.445582e-23   192
  1.494688e-01   1.761256e-21   7.916535e-05   5.634678e-23   504
  1.498761e-01   1.707888e-21   5.240881e-05   7.146749e-23   408
  1.501968e-01   1.591892e-21   1.605609e-04   9.167391e-23   168
  1.505981e-01   1.507565e-21   7.626782e-05   6.669123e-23   288
  1.509348e-01   1.587693e-21   7.959200e-05   7.125383e-23   288
  1.512797e-01   1.617135e-21   8.005014e-05   6.325754e-23   432
  1.517801e-01   1.531346e-21   7.570076e-05   9.187085e-23   216
  1.520474e-01   1.577172e-21   7.554106e-05   6.943341e-23   360
  1.525234e-01   1.733624e-21   7.372735e-05   7.948449e-23   312
  1.529530e-01   1.108749e-21   0.000000e+00   1.001735e-22   48
  1.532006e-01   1.536362e-21   7.904634e-05   5.800620e-23   432
  1.536441e-01   1.488035e-21   1.318501e-04   5.356173e-23   414
  1.539060e-01   1.635921e-21   6.955573e-09   7.027740e-23   312
  1.543946e-01   1.515766e-21   1.156911e-04   4.801033e-23   528
  1.547243e-01   1.385747e-21   6.072803e-05   7.313003e-23   264
  1.551204e-01   1.542088e-21   7.200680e-05   5.173061e-23   480
  1.556380e-01   1.448241e-21   0.000000e+00   6.274328e-23   288
  1.558615e-01   1.100240e-21   7.736908e-05   5.587099e-23   168
  1.562704e-01   1.383335e-21   1.224750e-04   4.288234e-23   504
  1.567302e-01   1.614049e-21   2.664097e-09   1.034540e-22   144
  1.570194e-01   1.285671e-21   7.865832e-05   4.534596e-23   464
  1.574541e-01   1.405808e-21   1.154355e-04   5.053303e-23   432
  1.576603e-01   1.369929e-21   1.998073e-09   7.307220e-23   192
  1.581934e-01   1.131018e-21   8.557628e-05   4.168506e-23   396
  1.585082e-01   1.272886e-21   7.687110e-05   5.107626e-23   288
  1.588263e-01   1.215203e-21   7.593549e-05   4.441616e-23   336
  1.593345e-01   1.123808e-21   4.808388e-05   4.876972e-23   432
  1.596570e-01   1.261481e-21   1.246267e-04   5.376758e-23   360
  1.600192e-01   1.266282e-21   7.371853e-05   4.320127e-23   384
  1.605335e-01   1.375721e-21   6.507077e-05   7.988760e-23   198
  1.607813e-01   1.223594e-21   7.396430e-05   3.372224e-23   552
  1.612434e-01   1.216775e-21   1.035450e-04   3.981689e-23   432
  1.616292e-01   1.203943e-21   0.000000e+00   7.445027e-23   168
  1.619530e-01   1.084978e-21   1.283579e-04   3.582547e-23   480
  1.623813e-01   1.518397e-21   0.000000e+00   9.751048e-23   120
  1.625741e-01   1.237022e-21   1.048372e-04   5.567514e-23   336
  1.630445e-01   1.179468e-21   7.396097e-05   3.493943e-23   672
  1.635097e-01   1.090577e-21   1.075863e-04   3.692250e-23   528
  1.637264e-01   1.373925e-21   3.229373e-09   7.017847e-23   168
  1.642270e-01   1.066356e-21   1.200118e-04   3.933432e-23   456
  1.645324e-01   1.150667e-21   7.329223e-05   6.919681e-23   168
  1.648495e-01   1.222481e-21   7.316065e-05   4.211175e-23   504
  1.653766e-01   1.027897e-21   9.414654e-05   4.252044e-23   336
  1.656953e-01   1.072163e-21   6.786851e-05   4.148182e-23   312
  1.660489e-01   1.003977e-21   6.631214e-05   3.337626e-23   504
  1.665141e-01   9.340903e-22   4.600920e-05   3.472943e-23   432
  1.667329e-01   1.091080e-21   7.109945e-05   4.185131e-23   312
  1.671876e-01   1.087186e-21   7.288039e-05   3.820085e-23   384
  1.676624e-01   9.301181e-22   6.192036e-05   5.972043e-23   126
  1.679555e-01   9.871383e-22   1.087174e-04   3.536692e-23   492
  1.683299e-01   1.038026e-21   6.963360e-05   3.305464e-23   528
  1.687978e-01   1.012715e-21   7.073279e-05   3.727831e-23   480
  1.690879e-01   1.066382e-21   9.771696e-05   3.466873e-23   432
  1.695076e-01   9.913442e-22   7.684145e-05   3.849695e-23   440
  1.699951e-01   1.068216e-21   3.821294e-05   4.311450e-23   312
  1.701781e-01   9.918520e-22   5.726529e-05   3.468209e-23   480
  1.705533e-01   9.486632e-22   1.121243e-04   3.858221e-23   408
  1.711016e-01   9.830257e-22   6.714979e-05   3.515157e-23   360
  1.713332e-01   9.589242e-22   6.479710e-05   3.443897e-23   408
  1.717625e-01   8.834105e-22   6.593925e-05   2.949397e-23   456
  1.722458e-01   9.909301e-22   6.302169e-05   4.236045e-23   264
  1.725141e-01   8.839208e-22   6.839435e-05   3.246585e-23   384
  1.729046e-01   8.973852e-22   1.151467e-04   2.443701e-23   672
  1.733561e-01   8.990207e-22   6.887260e-05   3.761983e-23   240
  1.736166e-01   8.838482e-22   6.988846e-05   3.547526e-23   264
  1.739843e-01   8.872196e-22   8.619588e-05   2.424894e-23   624
  1.745329e-01   7.042097e-22   0.000000e+00   3.682198e-23   150
  1.747283e-01   8.349605e-22   9.658929e-05   2.442567e-23   600
  1.751402e-01   9.198479e-22   6.666345e-05   2.371526e-23   672
  1.756067e-01   9.292371e-22   6.270167e-05   3.688432e-23   336
  1.758666e-01   7.327066e-22   6.820115e-05   2.625974e-23   408
  1.762818e-01   9.621188e-22   6.804049e-05   3.469326e-23   408
  1.767436e-01   8.953636e-22   3.440492e-05   3.514428e-23   360
  1.770283e-01   8.403520e-22   1.263238e-04   2.938359e-23   456
  1.773722e-01   8.378897e-22   6.869566e-05   3.260842e-23   384
  1.778099e-01   7.054498e-22   6.341480e-05   2.680346e-23   348
  1.780464e-01   7.905498e-22   7.817791e-05   2.264051e-23   576
  1.784907e-01   7.963170e-22   6.436923e-05   2.511011e-23   504
  1.789452e-01   7.863903e-22   9.078907e-05   2.797185e-23   432
  1.793419e-01   7.919297e-22   1.235181e-04   2.326186e-23   576
  1.796248e-01   7.236017e-22   0.000000e+00   3.159806e-23   264
  1.800736e-01   7.792319e-22   9.828954e-05   1.922785e-23   768
  1.804640e-01   7.331387e-22   1.323290e-04   3.600353e-23   240
  1.807743e-01   7.451843e-22   1.167016e-04   3.568984e-23   192
  1.812263e-01   7.454120e-22   8.590664e-05   2.396454e-23   504
  1.815615e-01   6.934103e-22   1.157624e-04   2.105757e-23   590
  1.818830e-01   7.073439e-22   1.297055e-04   2.406962e-23   384
  1.822861e-01   6.405226e-22   1.083956e-04   1.880227e-23   504
  1.827729e-01   6.719584e-22   1.043140e-04   1.953119e-23   648
  1.832449e-01   6.359700e-22   2.833030e-05   1.890831e-23   504
  1.834353e-01   6.144202e-22   6.462673e-05   2.306577e-23   312
  1.837714e-01   6.942973e-22   9.311123e-05   2.108808e-23   576
  1.842327e-01   7.965666e-22   6.479663e-05   3.595039e-23   240
  1.845017e-01   7.039568e-22   6.547387e-05   2.147925e-23   552
  1.848823e-01   6.841767e-22   6.147846e-05   1.960749e-23   600
  1.854246e-01   6.852422e-22   7.509108e-05   2.062927e-23   600
  1.857506e-01   6.950110e-22   1.202524e-04   2.487043e-23   312
  1.860753e-01   6.724771e-22   1.047280e-04   2.177427e-23   480
  1.864809e-01   6.897856e-22   6.534019e-05   2.172486e-23   576
  1.868380e-01   5.145754e-22   1.052119e-04   1.830666e-23   408
  1.871548e-01   5.774461e-22   1.227345e-04   3.304176e-23   216
  1.875642e-01   6.050305e-22   9.400084e-05   1.763858e-23   516
  1.880028e-01   6.789995e-22   8.968636e-05   1.844388e-23   744
  1.884552e-01   5.832028e-22   5.990257e-05   1.831906e-23   462
  1.887109e-01   5.668315e-22   6.088230e-05   1.873256e-23   432
  1.891075e-01   6.515620e-22   5.648168e-05   1.661105e-23   648
  1.895737e-01   5.787584e-22   8.264320e-05   1.673197e-23   528
  1.899483e-01   6.817608e-22   9.952305e-05   1.959015e-23   600
  1.903225e-01   5.766540e-22   1.254725e-04   2.612645e-23   240
  1.906850e-01   6.365713e-22   9.611075e-05   1.688680e-23   720
  1.911062e-01   5.101660e-22   7.604100e-05   1.356441e-23   720
  1.915732e-01   4.838500e-22   0.000000e+00   2.128614e-23   144
  1.918190e-01   5.711484e-22   9.803961e-05   1.286825e-23   720
  1.921686e-01   6.092776e-22   5.878648e-05   2.196587e-23   384
  1.926063e-01   5.825339e-22   6.516793e-05   1.573154e-23   672
  1.930215e-01   5.714252e-22   1.141019e-04   2.055171e-23   336
  1.932199e-01   4.908482e-22   0.000000e+00   1.991623e-23   288
  1.937055e-01   5.916700e-22   9.030399e-05   1.460557e-23   776
  1.941551e-01   6.363468e-22   7.726878e-05   1.417638e-23   720
  1.945327e-01   5.552116e-22   6.224567e-05   1.558208e-23   432
  1.948347e-01   6.164541e-22   8.873905e-05   1.736355e-23   504
  1.951706e-01   6.170966e-22   6.217429e-05   1.718436e-23   528
  1.956407e-01   5.576102e-22   8.470885e-05   1.942289e-23   438
  1.960275e-01   4.991264e-22   9.859335e-05   1.467626e-23   624
  1.963189e-01   5.354346e-22   1.207635e-04   2.048398e-23   312
  1.967196e-01   5.556773e-22   6.506437e-05   1.396900e-23   696
  1.971339e-01   4.444870e-22   5.887146e-05   1.231727e-23   552
  1.975648e-01   5.356219e-22   4.554687e-05   1.709494e-23   516
  1.978313e-01   4.993800e-22   9.097645e-05   1.473421e-23   528
  1.981558e-01   5.181268e-22   5.916447e-05   1.430535e-23   528
  1.986168e-01   4.568675e-22   7.802593e-05   9.369095e-24   864
  1.989297e-01   4.591337e-22   1.068795e-04   1.720135e-23   408
  1.992429e-01   5.436147e-22   1.058911e-04   2.303472e-23   192
  1.996868e-01   4.929522e-22   8.762994e-05   1.418736e-23   720
  2.000615e-01   5.303449e-22   8.079911e-05   1.431374e-23   696
  2.005068e-01   4.859717e-22   8.726379e-05   1.272969e-23   720
  2.009142e-01   5.412450e-22   1.182756e-04   1.751594e-23   432
  2.011518e-01   5.142769e-22   6.962164e-05   2.135206e-23   264
  2.015793e-01   4.932282e-22   9.614441e-05   1.226515e-23   672
  2.019616e-01   4.223463e-22   9.843711e-05   1.066631e-23   600
  2.024154e-01   3.965998e-22   5.763483e-05   1.413408e-23   270
  2.026441e-01   4.187682e-22   8.675648e-05   1.237354e-23   528
  2.030077e-01   4.574150e-22   5.940776e-05   1.042888e-23   840
  2.035062e-01   4.587077e-22   1.135983e-04   1.001678e-23   888
  2.039669e-01   4.645053e-22   8.463909e-05   1.088980e-23   744
  2.043562e-01   3.728241e-22   4.349214e-05   1.116076e-23   456
  2.045498e-01   4.879402e-22   5.943469e-05   1.727508e-23   360
  2.048811e-01   4.491623e-22   5.149682e-05   1.597327e-23   384
  2.053895e-01   4.898786e-22   8.260041e-05   1.089435e-23   816
  2.057710e-01   4.455928e-22   1.198416e-04   9.422023e-24   824
  2.062346e-01   4.541749e-22   5.570811e-05   1.422314e-23   360
  2.064829e-01   4.039764e-22   8.220424e-05   1.065396e-23   624
  2.068246e-01   4.879171e-22   5.554917e-05   1.803437e-23   360
  2.072798e-01   4.336577e-22   7.556319e-05   8.983013e-24   876
  2.076909e-01   4.451872e-22   8.974647e-05   1.099194e-23   696
  2.081055e-01   4.133925e-22   5.795238e-05   1.423336e-23   336
  2.083228e-01   3.734969e-22   5.788726e-05   9.633716e-24   504
  2.086818e-01   4.512125e-22   5.838888e-05   1.072832e-23   672
  2.092144e-01   4.359598e-22   1.162387e-04   1.032840e-23   720
  2.095838e-01   3.936384e-22   8.780591e-05   9.482458e-24   774
  2.099915e-01   3.692632e-22   5.025783e-05   1.212540e-23   384
  2.102050e-01   4.274438e-22   9.671763e-05   1.158983e-23   528
  2.105364e-01   3.869422e-22   9.217729e-05   8.900834e-24   744
  2.110694e-01   4.285161e-22   7.602671e-05   1.043905e-23   768
  2.114233e-01   3.709468e-22   8.534571e-05   9.559929e-24   552
  2.118649e-01   3.866993e-22   9.301717e-05   9.340449e-24   696
  2.121934e-01   4.290000e-22   1.130320e-04   1.512042e-23   408
  2.124541e-01   3.853722e-22   4.883074e-05   1.044063e-23   504
  2.128675e-01   4.045689e-22   8.772259e-05   8.929067e-24   888
  2.132743e-01   4.060498e-22   9.116913e-05   1.010301e-23   648
  2.136971e-01   4.143233e-22   9.038766e-05   1.006738e-23   648
  2.140948e-01   3.580582e-22   9.746006e-05   7.583242e-24   792
  2.145162e-01   3.434773e-22   1.425907e-04   8.885474e-24   600
  2.148267e-01   3.488251e-22   9.663487e-05   8.926047e-24   456
  2.151535e-01   3.848207e-22   4.709572e-05   9.121283e-24   648
  2.155732e-01   3.842327e-22   9.184351e-05   7.232203e-24   936
  2.160264e-01   4.112219e-22   5.640375e-05   1.434476e-23   384
  2.164208e-01   3.680734e-22   4.745948e-09   1.524518e-23   198
  2.167253e-01   3.461699e-22   1.431011e-04   6.373319e-24   1224
  2.170537e-01   3.673248e-22   1.042217e-04   1.084264e-23   420
  2.174420e-01   3.176717e-22   1.008648e-04   7.139486e-24   792
  2.178218e-01   3.352034e-22   8.340657e-05   7.613814e-24   680
  2.182552e-01   3.353208e-22   7.658783e-05   8.776061e-24   600
  2.186039e-01   3.391466e-22   1.110734e-04   6.652863e-24   840
  2.190695e-01   3.709060e-22   5.244369e-05   1.200579e-23   432
  2.192474e-01   3.460781e-22   4.914665e-05   7.740781e-24   720
  2.196343e-01   3.521924e-22   9.843213e-05   7.107307e-24   960
  2.201154e-01   3.365977e-22   8.774504e-05   9.499359e-24   528
  2.204670e-01   3.330053e-22   8.969217e-05   7.723977e-24   624
  2.208855e-01   3.547214e-22   7.049743e-05   7.644272e-24   816
  2.213008e-01   3.004119e-22   1.159345e-04   6.957842e-24   696
  2.217599e-01   3.595876e-22   7.830814e-09   1.353258e-23   240
  2.219325e-01   3.640109e-22   6.836935e-05   8.302874e-24   672
  2.223177e-01   3.136219e-22   1.221858e-04   6.985409e-24   864
  2.227499e-01   2.930933e-22   9.375778e-05   6.575988e-24   816
  2.231394e-01   3.026539e-22   5.366372e-05   7.741439e-24   648
  2.235589e-01   3.218660e-22   5.485410e-05   6.291661e-24   843
  2.239151e-01   2.860028e-22   9.869601e-05   6.346768e-24   780
  2.243395e-01   2.710291e-22   5.295844e-05   1.040013e-23   216
  2.246013e-01   3.007404e-22   1.277035e-04   5.322077e-24   1056
  2.250039e-01   3.112514e-22   1.044758e-04   1.115916e-23   228
  2.253767e-01   3.234125e-22   1.300750e-04   6.548929e-24   924
  2.257594e-01   3.316562e-22   4.825052e-05   6.990693e-24   696
  2.261647e-01   2.764875e-22   8.587211e-05   5.225144e-24   996
  2.265793e-01   2.877452e-22   5.069718e-05   7.344007e-24   576
  2.270107e-01   3.108542e-22   7.824775e-05   9.638636e-24   552
  2.273251e-01   3.281841e-22   9.342507e-05   9.547637e-24   516
  2.276442e-01   2.821339e-22   1.358594e-04   5.648872e-24   744
  2.280088e-01   2.813389e-22   6.664715e-05   7.268768e-24   576
  2.283260e-01   2.658801e-22   6.859680e-05   5.865206e-24   792
  2.287768e-01   2.770575e-22   7.841886e-05   5.701585e-24   792
  2.291071e-01   2.761097e-22   8.457391e-05   6.287149e-24   720
  2.295538e-01   2.499191e-22   9.639481e-05   5.148166e-24   656
  2.299724e-01   2.803044e-22   1.052581e-04   5.955497e-24   816
  2.304015e-01   2.621657e-22   5.675340e-05   6.711973e-24   492
  2.306454e-01   2.821154e-22   8.164378e-05   6.794472e-24   552
  2.311032e-01   2.468954e-22   1.419686e-04   6.247411e-24   780
  2.314005e-01   2.673302e-22   8.720963e-05   7.880840e-24   528
  2.317208e-01   2.579735e-22   1.018002e-04   6.470072e-24   600
  2.321929e-01   2.868604e-22   8.460399e-05   5.536048e-24   900
  2.325183e-01   2.614742e-22   4.683822e-05   6.646799e-24   696
  2.329660e-01   2.363364e-22   1.184322e-04   5.654606e-24   696
  2.333991e-01   2.422653e-22   4.804683e-05   5.620895e-24   552
  2.337633e-01   2.147251e-22   5.587403e-05   4.913920e-24   708
  2.341448e-01   2.470788e-22   9.225121e-05   5.137265e-24   876
  2.345418e-01   2.800334e-22   4.898356e-05   1.372452e-23   216
  2.348082e-01   2.381507e-22   1.339767e-04   4.507075e-24   1032
  2.352071e-01   2.395846e-22   1.491682e-04   5.801533e-24   600
  2.356212e-01   2.160604e-22   7.117755e-05   4.917863e-24   600
  2.359371e-01   2.428725e-22   1.256929e-04   6.636626e-24   528
  2.363105e-01   2.318723e-22   6.899988e-05   5.039524e-24   732
  2.367039e-01   2.299949e-22   5.095015e-05   6.897377e-24   336
  2.371566e-01   2.178279e-22   7.261407e-05   4.563841e-24   912
  2.374950e-01   1.940286e-22   7.288252e-05   4.633734e-24   624
  2.378647e-01   2.256769e-22   6.141657e-05   5.098285e-24   768
  2.382963e-01   2.401874e-22   1.108076e-04   5.210677e-24   792
  2.387198e-01   2.035464e-22   5.493383e-05   5.121752e-24   660
  2.390212e-01   2.018077e-22   8.095383e-05   6.081341e-24   504
  2.393329e-01   2.081208e-22   1.322631e-04   5.954900e-24   480
  2.398000e-01   1.624426e-22   1.223261e-04   3.184902e-24   912
  2.401658e-01   2.359849e-22   1.362291e-04   7.542709e-24   432
  2.405113e-01   2.046268e-22   8.088962e-05   6.095216e-24   564
  2.408180e-01   2.047086e-22   7.742251e-05   5.177510e-24   600
  2.412498e-01   2.206784e-22   1.079196e-04   4.733174e-24   876
  2.415741e-01   2.134949e-22   4.852393e-05   7.421804e-24   264
  2.420212e-01   1.976344e-22   9.415549e-05   4.823129e-24   560
  2.423806e-01   1.837610e-22   6.398069e-05   3.427217e-24   840
  2.428168e-01   1.811286e-22   9.863978e-05   3.746310e-24   1008
  2.432202e-01   1.907194e-22   4.412481e-05   5.088937e-24   456
  2.435886e-01   2.099576e-22   5.715745e-05   5.188624e-24   576
  2.439292e-01   1.963862e-22   8.782853e-05   4.868028e-24   612
  2.443783e-01   1.865305e-22   7.844513e-05   4.376552e-24   780
  2.447447e-01   1.860363e-22   8.989453e-05   4.406202e-24   648
  2.451197e-01   2.265788e-22   4.189201e-05   8.765318e-24   312
  2.453594e-01   1.732981e-22   1.064407e-04   3.958297e-24   528
  2.457747e-01   1.657358e-22   1.390063e-04   3.747323e-24   720
  2.461718e-01   1.848171e-22   1.394416e-04   5.308052e-24   576
  2.466533e-01   1.798202e-22   1.202863e-04   4.700996e-24   444
  2.469529e-01   1.795973e-22   1.179621e-04   3.362286e-24   996
  2.473200e-01   1.520833e-22   9.853387e-05   4.641459e-24   432
  2.476669e-01   1.797043e-22   1.078752e-04   5.188812e-24   504
  2.479666e-01   1.581511e-22   4.863583e-05   4.116022e-24   504
  2.483934e-01   1.896667e-22   9.571589e-05   4.429204e-24   876
  2.487796e-01   1.569181e-22   1.101599e-04   4.065278e-24   504
  2.491817e-01   1.517916e-22   7.025420e-05   3.712516e-24   696
  2.495140e-01   1.830332e-22   6.005997e-05   4.724629e-24   492
  2.499662e-01   1.460494e-22   8.597875e-05   4.146405e-24   432
  2.503011e-01   1.687587e-22   8.050968e-05   3.542119e-24   768
  2.506981e-01   1.525184e-22   1.002856e-04   4.130523e-24   648
  2.510772e-01   1.454142e-22   6.542561e-05   4.006083e-24   456
  2.515128e-01   1.517589e-22   8.997083e-05   3.822889e-24   552
  2.518153e-01   1.457365e-22   6.166608e-05   3.797959e-24   648
  2.522317e-01   1.324917e-22   1.005122e-04   2.478408e-24   840
  2.526384e-01   1.591870e-22   4.793217e-05   4.367675e-24   432
  2.530455e-01   1.423369e-22   5.870872e-05   3.766166e-24   600
  2.533287e-01   1.448986e-22   6.255029e-05   4.523727e-24   432
  2.538044e-01   1.412379e-22   6.227491e-05   3.438783e-24   560
  2.541265e-01   1.393940e-22   9.857465e-05   2.952260e-24   840
  2.545299e-01   1.587561e-22   5.838720e-05   4.867031e-24   504
  2.548502e-01   1.320181e-22   1.191648e-04   2.967717e-24   696
  2.553018e-01   1.573331e-22   6.508356e-05   4.531702e-24   384
  2.556535e-01   1.205881e-22   9.533975e-05   2.948065e-24   576
  2.560789e-01   1.287567e-22   5.883893e-05   4.481885e-24   360
  2.564218e-01   1.270937e-22   8.762544e-05   2.895663e-24   828
  2.567917e-01   1.273154e-22   7.804673e-05   3.480309e-24   372
  2.571307e-01   1.290943e-22   1.191923e-04   3.082465e-24   576
  2.575797e-01   1.331163e-22   4.991761e-05   2.932281e-24   636
  2.578996e-01   1.239590e-22   9.622826e-05   2.746996e-24   648
  2.583323e-01   1.270079e-22   7.822306e-05   2.962607e-24   576
  2.586430e-01   1.197736e-22   1.261820e-04   3.037281e-24   528
  2.590561e-01   1.115735e-22   5.394804e-05   3.524298e-24   360
  2.593981e-01   1.188165e-22   1.241007e-04   2.408942e-24   672
  2.598446e-01   1.216633e-22   6.356642e-05   2.475494e-24   804
  2.602163e-01   1.302338e-22   7.012137e-05   3.725756e-24   408
  2.606274e-01   1.234936e-22   4.334263e-05   3.240531e-24   384
  2.609042e-01   1.055238e-22   9.918459e-05   2.982322e-24   480
  2.612947e-01   1.153738e-22   6.408778e-05   3.225072e-24   432
  2.616692e-01   1.244433e-22   1.181001e-04   2.758452e-24   648
  2.621125e-01   1.134057e-22   7.328056e-05   2.715044e-24   624
  2.624367e-01   1.213506e-22   6.665485e-05   3.607772e-24   456
  2.628795e-01   1.027283e-22   9.105646e-05   2.858673e-24   588
  2.631762e-01   1.013553e-22   5.809364e-05   2.467251e-24   600
  2.636094e-01   1.033842e-22   9.061183e-05   2.016334e-24   708
  2.639516e-01   9.457579e-23   5.708370e-05   2.631117e-24   360
  2.643298e-01   1.073515e-22   6.561923e-05   2.874057e-24   552
  2.646923e-01   1.009791e-22   4.603344e-05   3.667216e-24   288
  2.650603e-01   9.355005e-23   8.655546e-05   2.186160e-24   528
  2.654060e-01   9.795977e-23   5.839431e-05   2.449996e-24   456
  2.657924e-01   1.097492e-22   1.035458e-04   2.578145e-24   608
  2.661809e-01   8.946435e-23   5.009661e-05   2.044274e-24   504
  2.666055e-01   8.361218e-23   1.075546e-04   2.025291e-24   540
  2.669384e-01   1.016454e-22   1.154568e-04   2.970175e-24   360
  2.672972e-01   1.124335e-22   5.228475e-05   2.597379e-24   540
  2.676146e-01   9.241029e-23   4.489266e-05   2.158529e-24   576
  2.680762e-01   9.349841e-23   1.040909e-04   2.137466e-24   588
  2.685150e-01   9.680178e-23   1.436140e-04   2.187602e-24   672
  2.688920e-01   1.075470e-22   1.097654e-04   2.584227e-24   552
  2.691959e-01   7.807052e-23   1.098209e-04   3.108556e-24   144
  2.695837e-01   9.678188e-23   9.330411e-05   2.336438e-24   600
  2.699514e-01   8.161678e-23   1.169304e-04   1.956928e-24   504
  2.703595e-01   8.263062e-23   1.201111e-04   2.738352e-24   336
  2.707887e-01   9.343417e-23   1.350054e-04   1.970766e-24   600
  2.711731e-01   8.968870e-23   8.712810e-05   2.038340e-24   636
  2.715880e-01   8.709335e-23   7.005178e-05   3.155058e-24   384
  2.718789e-01   8.714058e-23   9.771396e-05   2.477431e-24   504
  2.722982e-01   7.587105e-23   4.100918e-05   2.407853e-24   240
  2.726291e-01   8.561318e-23   9.633639e-05   1.627414e-24   744
  2.730261e-01   8.083040e-23   6.578310e-05   1.761486e-24   648
  2.733790e-01   1.066450e-22   4.366878e-05   4.684088e-24   120
  2.737925e-01   7.587649e-23   6.859799e-05   1.474595e-24   564
  2.741050e-01   9.378014e-23   1.077373e-04   2.340332e-24   432
  2.745220e-01   7.764889e-23   8.362543e-05   2.278653e-24   480
  2.748361e-01   6.415276e-23   6.155045e-05   1.677760e-24   456
  2.752067e-01   7.939323e-23   1.018569e-04   2.187305e-24   444
  2.756274e-01   7.497502e-23   1.558464e-04   1.858013e-24   528
  2.759969e-01   8.000479e-23   1.157439e-04   3.142834e-24   264
  2.763555e-01   7.621979e-23   1.186203e-04   1.844740e-24   444
  2.768379e-01   7.716615e-23   1.299311e-04   1.476302e-24   696
  2.772383e-01   7.403211e-23   6.949148e-05   2.066260e-24   384
  2.775311e-01   7.266583e-23   8.780831e-05   1.668873e-24   432
  2.779866e-01   8.985667e-23   6.067143e-05   2.409538e-24   488
  2.782823e-01   8.342865e-23   9.143939e-05   1.888367e-24   480
  2.787111e-01   6.656263e-23   1.019738e-04   1.766588e-24   480
  2.790432e-01   7.197158e-23   4.278510e-05   1.946691e-24   240
  2.794202e-01   7.302419e-23   9.994261e-05   1.647030e-24   600
  2.797758e-01   6.519632e-23   8.708975e-05   1.860649e-24   288
  2.801544e-01   7.643730e-23   8.377397e-05   1.953431e-24   480
  2.805379e-01   6.314288e-23   1.490189e-04   1.557786e-24   504
  2.809155e-01   8.100477e-23   6.393839e-05   2.512784e-24   216
  2.813970e-01   6.974979e-23   1.046773e-04   1.847666e-24   504
  2.817720e-01   6.091580e-23   8.419242e-05   1.462822e-24   456
  2.821825e-01   8.259621e-23   4.828579e-05   2.269752e-24   384
  2.824544e-01   8.165919e-23   9.800271e-05   2.196352e-24   480
  2.828408e-01   6.058398e-23   8.605736e-05   1.446098e-24   504
  2.831988e-01   7.096828e-23   5.458940e-05   1.898151e-24   312
  2.835845e-01   6.765291e-23   8.796897e-05   1.752969e-24   492
  2.839260e-01   7.077042e-23   8.245044e-05   1.999274e-24   312
  2.843655e-01   6.409349e-23   1.339342e-04   1.216313e-24   576
  2.847524e-01   7.092780e-23   1.236321e-04   2.422259e-24   336
  2.850738e-01   5.225870e-23   9.519099e-05   1.584156e-24   240
  2.855192e-01   6.592465e-23   1.261991e-04   1.681509e-24   468
  2.859039e-01   6.134478e-23   7.901891e-05   2.542807e-24   192
  2.863065e-01   5.513613e-23   7.925442e-05   1.613040e-24   324
  2.866016e-01   6.189605e-23   5.752155e-05   1.293967e-24   600
  2.870037e-01   5.454696e-23   9.332283e-05   1.322585e-24   456
  2.873023e-01   5.999336e-23   4.197661e-05   1.728381e-24   336
  2.877972e-01   6.005278e-23   1.256898e-04   1.360211e-24   612
  2.881573e-01   4.696123e-23   1.054844e-04   2.697651e-24   144
  2.884978e-01   6.278030e-23   1.231274e-04   1.439008e-24   552
  2.889609e-01   4.649665e-23   4.848907e-05   1.186393e-24   264
  2.892225e-01   5.128057e-23   1.122646e-04   1.704047e-24   336
  2.896353e-01   5.613836e-23   7.418058e-05   1.259793e-24   384
  2.899932e-01   4.993604e-23   4.175634e-05   1.645881e-24   216
  2.903894e-01   4.908892e-23   8.853205e-05   1.293872e-24   344
  2.907507e-01   4.798524e-23   1.320940e-04   1.219619e-24   408
  2.911910e-01   5.104126e-23   1.015056e-04   1.794060e-24   264
  2.915811e-01   4.892694e-23   1.415038e-04   1.028443e-24   612
  2.919709e-01   5.992015e-23   7.282870e-05   1.652829e-24   408
  2.923718e-01   4.906168e-23   7.293338e-05   1.416735e-24   444
  2.926663e-01   7.010775e-23   4.079109e-05   2.893065e-24   120
  2.930609e-01   5.718278e-23   1.126983e-04   1.797415e-24   336
  2.933538e-01   4.797019e-23   3.916222e-05   1.285428e-24   288
  2.937496e-01   5.021245e-23   1.218735e-04   1.100976e-24   552
  2.942938e-01   5.367762e-23   6.525678e-09   3.000455e-24   72
  2.945736e-01   5.283655e-23   1.210514e-04   1.171896e-24   504
  2.949004e-01   3.596135e-23   3.895317e-05   1.025047e-24   216
  2.953239e-01   4.393635e-23   6.954821e-05   1.188195e-24   312
  2.957040e-01   3.785827e-23   7.919158e-05   1.029840e-24   336
  2.960663e-01   4.006391e-23   1.097684e-04   1.229230e-24   204
  2.964271e-01   5.908670e-23   1.275676e-04   1.738063e-24   504
  2.968098e-01   5.493219e-23   1.214810e-04   1.390894e-24   396
  2.971778e-01   4.567495e-23   1.114044e-04   1.411433e-24   312
  2.976240e-01   5.495526e-23   6.808000e-05   2.139480e-24   216
  2.979383e-01   4.424384e-23   3.694832e-05   1.921934e-24   168
  2.983203e-01   4.625600e-23   9.329657e-05   9.703881e-25   588
  2.987563e-01   4.038447e-23   1.266392e-04   1.302649e-24   240
  2.990950e-01   3.722809e-23   1.118436e-04   1.177754e-24   264
  2.994922e-01   4.486605e-23   1.383176e-04   1.382313e-24   288
  2.998446e-01   5.124978e-23   6.907007e-05   1.594923e-24   288
  3.002913e-01   3.387100e-23   6.486779e-05   9.681740e-25   288
  3.005921e-01   4.206931e-23   7.514392e-05   1.306288e-24   192
  3.009705e-01   3.378115e-23   7.996067e-05   9.675437e-25   264
  3.013310e-01   5.578838e-23   1.315242e-04   1.571604e-24   372
  3.017189e-01   5.643003e-23   1.420518e-04   1.991935e-24   360
  3.021924e-01   5.041625e-23   6.011768e-05   2.913688e-24   144
  3.024371e-01   3.468954e-23   8.350082e-05   1.128744e-24   296
  3.028234e-01   3.690250e-23   8.996782e-05   1.240118e-24   288
  3.032657e-01   4.321928e-23   1.344546e-04   1.032670e-24   480
  3.036471e-01   3.820542e-23   1.117190e-04   2.090025e-24   192
  3.040181e-01   4.468308e-23   1.198338e-04   1.408634e-24   192
  3.043553e-01   3.425235e-23   7.637151e-05   1.028770e-24   288
  3.048242e-01   2.734055e-23   6.648036e-05   1.158217e-24   108
  3.050604e-01   3.227477e-23   6.391272e-05   1.078724e-24   240
  3.054775e-01   3.336188e-23   1.192307e-04   8.987801e-25   384
  3.059059e-01   3.957648e-23   1.454479e-04   1.586366e-24   108
  3.062848e-01   4.218553e-23   8.527881e-05   1.201733e-24   348
  3.066832e-01   3.214882e-23   8.900031e-05   1.205429e-24   312
  3.070391e-01   3.224738e-23   8.648246e-05   2.423382e-24   96
  3.073663e-01   3.703580e-23   1.151358e-04   9.866637e-25   384
  3.077328e-01   3.990573e-23   7.919012e-05   1.259158e-24   144
  3.080912e-01   3.917980e-23   1.216791e-04   9.914317e-25   408
  3.085368e-01   2.782673e-23   5.427748e-05   1.370803e-24   144
  3.089578e-01   3.407449e-23   1.043490e-04   1.301925e-24   192
  3.092074e-01   4.363517e-23   1.174468e-04   1.611707e-24   144
  3.096144e-01   3.100098e-23   9.548855e-05   1.169833e-24   144
  3.099983e-01   3.738521e-23   1.167025e-04   1.192603e-24   336
  3.104685e-01   2.760569e-23   8.634502e-05   7.473112e-25   240
  3.107666e-01   2.681640e-23   3.920851e-05   1.168416e-24   96
  3.111825e-01   3.692019e-23   1.149797e-04   1.120923e-24   372
  3.116031e-01   3.166142e-23   1.367659e-04   1.522854e-24   132
  3.119726e-01   2.832795e-23   8.462908e-05   7.450131e-25   264
  3.123032e-01   4.541774e-23   6.499128e-05   1.821649e-24   168
  3.126560e-01   3.604074e-23   1.039086e-04   1.054518e-24   216
  3.129676e-01   2.763976e-23   6.357256e-05   1.034091e-24   216
  3.134215e-01   2.372375e-23   1.166292e-04   9.277224e-25   96
  3.138333e-01   3.536381e-23   7.608990e-05   1.648268e-24   120
  3.142110e-01   2.910688e-23   9.673168e-05   9.943314e-25   216
  3.145221e-01   2.578382e-23   4.227207e-05   8.673833e-25   200
  3.149340e-01   3.260526e-23   1.094242e-04   1.288609e-24   288
  3.154623e-01   1.618816e-23   2.879164e-05   4.617600e-25   144
  3.156848e-01   3.061569e-23   8.959781e-05   1.681112e-24   168
  3.161391e-01   2.801741e-23   1.008340e-04   1.511480e-24   159
  3.164937e-01   2.377655e-23   1.057991e-04   6.099049e-25   174
  3.168369e-01   2.249166e-23   9.593494e-05   7.334112e-25   144
  3.172863e-01   3.099266e-23   5.539549e-05   9.420142e-25   222
  3.175869e-01   2.401749e-23   5.589895e-05   8.468636e-25   168
  3.181060e-01   3.303268e-23   1.226079e-04   3.002475e-24   30
  3.183205e-01   1.769419e-23   1.082537e-04   7.586290e-25   72
  3.187244e-01   2.536114e-23   9.661517e-05   7.693928e-25   258
  3.191684e-01   2.303534e-23   6.051257e-05   6.087920e-25   264
  3.193905e-01   2.661212e-23   0.000000e+00   1.231633e-24   72
  3.198532e-01   1.759034e-23   1.199385e-04   5.090604e-25   174
  3.202721e-01   2.570712e-23   1.277123e-04   1.030478e-24   168
  3.206090e-01   1.267162e-23   3.996146e-09   6.389272e-25   48
  3.209705e-01   2.013411e-23   7.212215e-05   6.549672e-25   150
  3.213898e-01   3.064111e-23   1.326739e-04   9.043394e-25   168
  3.218102e-01   1.865397e-23   8.081877e-05   6.631172e-25   144
  3.221967e-01   2.230043e-23   7.550312e-05   1.343521e-24   102
  3.224847e-01   1.343561e-23   1.117576e-04   3.583805e-25   96
  3.229415e-01   1.067230e-23   1.109119e-04   2.568703e-25   120
  3.232799e-01   1.115617e-23   1.189559e-04   2.771869e-25   168
  3.236458e-01   2.695497e-23   8.783953e-05   8.886654e-25   126
  3.239576e-01   1.882417e-23   6.624856e-05   7.593825e-25   168
  3.243872e-01   1.398541e-23   1.062297e-04   6.236345e-25   72
  3.247626e-01   1.588289e-23   1.330232e-04   4.528894e-25   168
  3.250914e-01   2.564825e-23   3.646820e-05   1.517666e-24   78
  3.255420e-01   1.518407e-23   5.987806e-05   6.677885e-25   60
  3.259049e-01   2.879484e-23   9.713191e-05   1.926462e-24   96
  3.262812e-01   1.643317e-23   1.178615e-04   4.483707e-25   168
  3.266349e-01   1.340225e-23   7.457817e-05   5.580954e-25   86
  3.270060e-01   1.288095e-23   6.665520e-05   5.272731e-25   120
  3.275378e-01   1.364350e-23   4.753401e-05   4.093598e-25   168
  3.278247e-01   1.157797e-23   0.000000e+00   4.052342e-25   48
  3.282110e-01   2.190256e-23   8.660181e-05   7.473489e-25   120
  3.284330e-01   1.575174e-23   6.317951e-05   6.017661e-25   126
  3.289749e-01   1.658419e-23   1.111151e-04   6.054073e-25   96
  3.293266e-01   1.854778e-23   3.204012e-05   5.822162e-25   96
  3.296039e-01   1.145695e-23   0.000000e+00   4.971051e-25   72
  3.301949e-01   1.215344e-23   3.996146e-09   8.295317e-25   24
  3.305637e-01   1.576408e-23   6.593782e-05   5.128306e-25   120
  3.308514e-01   1.214922e-23   9.618300e-05   4.319988e-25   126
  3.311713e-01   1.415990e-23   8.018157e-05   4.424265e-25   96
  3.315452e-01   9.545604e-24   1.385771e-04   3.201990e-25   72
  3.319614e-01   1.247302e-23   5.993927e-05   3.316969e-25   144
  3.323038e-01   1.139327e-23   3.457157e-05   4.459043e-25   72
  3.326459e-01   1.664404e-23   6.905176e-05   8.409501e-25   54
  3.329469e-01   1.590566e-23   6.085106e-05   5.481556e-25   108
  3.335726e-01   1.745866e-23   5.964977e-05   5.655504e-25   72
  3.337673e-01   1.289100e-23   3.441997e-05   4.649382e-25   72
  3.342294e-01   9.095778e-24   6.921527e-09   3.906334e-25   24
  3.346666e-01   8.759124e-24   7.281693e-05   3.597474e-25   48
  3.349321e-01   1.396164e-23   5.546771e-05   5.167208e-25   102
  3.353317e-01   1.056414e-23   1.254449e-04   2.404086e-25   168
  3.358538e-01   9.093526e-24   6.841470e-05   4.032866e-25   72
  3.360473e-01   1.046716e-23   0.000000e+00   5.053040e-25   48
  3.364531e-01   1.096403e-23   1.176775e-04   3.361143e-25   120
  3.369887e-01   1.226067e-23   7.231517e-05   3.336736e-25   96
  3.374945e-01   1.947931e-23   7.830814e-09   2.016079e-24   30
  3.380957e-01   1.198012e-23   3.397687e-05   5.434303e-25   72
  3.383599e-01   8.913616e-24   3.996146e-09   8.431868e-25   24
  3.386992e-01   6.456262e-24   5.036212e-05   3.223145e-25   56
  3.390793e-01   6.957172e-24   7.186930e-05   1.805239e-25   96
  3.395342e-01   1.029034e-23   7.936128e-05   2.385186e-25   144
  3.398849e-01   1.225870e-23   4.505822e-05   6.506481e-25   54
  3.403944e-01   1.206411e-23   6.750198e-05   3.507521e-25   108
  3.409071e-01   1.819227e-23   3.574199e-05   8.646533e-25   48
  3.413952e-01   9.485842e-24   1.345800e-04   2.726986e-25   72
  3.425664e-01   1.667084e-23   8.891744e-05   5.403277e-25   78
  3.428909e-01   6.609140e-24   6.701044e-05   1.922799e-25   72
  3.432698e-01   6.929522e-24   6.692725e-05   2.396066e-25   72
  3.436659e-01   1.080507e-23   1.615028e-04   2.572795e-25   96
  3.439790e-01   7.459521e-24   6.678928e-05   1.815797e-25   72
  3.443566e-01   9.081745e-24   0.000000e+00   4.531723e-25   24
  3.447338e-01   1.166291e-23   1.332770e-04   3.938521e-25   72
  3.455858e-01   9.507759e-24   8.463498e-05   4.116420e-25   30
  3.457691e-01   1.457422e-23   0.000000e+00   7.228746e-25   24
  3.467544e-01   8.796028e-24   7.027855e-05   3.413422e-25   48
  3.470634e-01   8.286028e-24   1.512394e-04   2.704915e-25   120
  3.474798e-01   7.193282e-24   6.612537e-05   2.670752e-25   72
  3.479003e-01   7.847355e-24   6.604543e-05   3.048832e-25   36
  3.481894e-01   9.138226e-24   1.305365e-04   2.729874e-25   78
  3.489960e-01   8.747352e-24   6.982714e-05   3.348929e-25   48
  3.500419e-01   1.102732e-23   5.651403e-09   3.153178e-25   24
  3.507870e-01   4.693423e-24   4.862619e-05   2.057011e-25   56
  3.511622e-01   6.356281e-24   7.482652e-05   2.154980e-25   102
  3.516395e-01   6.536719e-24   5.328194e-09   2.053443e-25   72
  3.519166e-01   9.876115e-24   0.000000e+00   4.521670e-25   24
  3.524009e-01   6.367055e-24   6.915246e-05   1.907805e-25   48
  3.532988e-01   7.015859e-24   0.000000e+00   4.901019e-25   24
  3.544007e-01   5.916508e-24   0.000000e+00   6.987119e-25   6
  3.547443e-01   5.559441e-24   0.000000e+00   2.571915e-25   24
  3.549732e-01   5.472105e-24   6.472929e-05   1.449398e-25   72
  3.553914e-01   4.919977e-24   1.207586e-04   1.411781e-25   84
  3.558418e-01   8.218069e-24   0.000000e+00   5.600195e-25   24
  3.559787e-01   4.463829e-24   5.651403e-09   1.403202e-25   24
  3.566626e-01   7.951434e-24   3.996146e-09   2.683174e-25   24
  3.576179e-01   3.947010e-24   0.000000e+00   3.839562e-25   6
  3.588424e-01   4.332106e-24   6.791113e-05   2.065847e-25   48
  3.591365e-01   5.085815e-24   1.279335e-04   1.421149e-25   72
  3.595209e-01   4.315173e-24   6.778297e-05   1.652570e-25   48
  3.601304e-01   9.283805e-24   0.000000e+00   4.331719e-25   24
  3.609415e-01   1.470030e-23   3.996146e-09   7.731558e-25   6
  3.627599e-01   3.850203e-24   0.000000e+00   1.669654e-25   8
  3.628942e-01   6.376496e-24   3.996146e-09   2.492331e-25   48
  3.632164e-01   4.478287e-24   6.573533e-05   1.135542e-25   60
  3.636991e-01   4.936480e-24   0.000000e+00   1.709293e-25   24
  3.643686e-01   2.665139e-24   0.000000e+00   3.625163e-25   6
  3.668348e-01   4.960245e-24   0.000000e+00   2.252533e-25   24
  3.670341e-01   6.259592e-24   6.639546e-05   1.888191e-25   48
  3.673659e-01   5.159964e-24   0.000000e+00   2.844346e-25   24
  3.678962e-01   1.519976e-24   3.996146e-09   4.265107e-26   6
  3.709088e-01   5.221058e-24   6.194064e-05   2.177686e-25   36
  3.711278e-01   6.896205e-24   0.000000e+00   2.425174e-25   24
  3.715215e-01   6.619899e-24   0.000000e+00   5.341012e-25   6
  3.749494e-01   3.399719e-24   5.629118e-05   1.413363e-25   32
  3.752417e-01   2.881656e-24   3.996146e-09   2.009541e-25   6
  3.789254e-01   2.398792e-24   0.000000e+00   8.176739e-26   12
  3.790540e-01   8.580637e-24   0.000000e+00   6.752352e-25   6
  3.829556e-01   4.522341e-24   5.651403e-09   3.311127e-25   6
