# power spectrum of hij
# redshift z=3.000000
# k              Pk             sigma(k)       sigma(Pk)      count
  6.981317e-03   5.264639e-18   0.000000e+00   1.311513e-18   6
  9.873073e-03   2.903531e-18   0.000000e+00   4.842617e-19   12
  1.209200e-02   2.833162e-18   1.324548e-10   7.299377e-19   8
  1.396263e-02   9.379947e-19   0.000000e+00   1.829154e-19   6
  1.561070e-02   1.631466e-18   0.000000e+00   2.342478e-19   24
  1.710066e-02   1.193190e-18   2.497591e-10   2.343073e-19   24
  1.974615e-02   7.353927e-19   0.000000e+00   1.169444e-19   12
  2.094395e-02   7.135978e-19   2.825702e-10   8.068920e-20   30
  2.207686e-02   4.711342e-19   0.000000e+00   3.937748e-20   24
  2.315441e-02   3.229766e-19   4.325955e-10   4.158383e-20   24
  2.418399e-02   4.242174e-19   2.649095e-10   8.466730e-20   8
  2.517150e-02   4.909120e-19   3.532127e-10   4.839050e-20   24
  2.612170e-02   3.607967e-19   0.000000e+00   2.631868e-20   48
  2.792527e-02   3.202348e-19   0.000000e+00   2.788127e-20   6
  2.878471e-02   2.358421e-19   4.995182e-10   2.228495e-20   48
  2.961922e-02   3.648579e-19   0.000000e+00   3.457958e-20   36
  3.043086e-02   3.116914e-19   3.532127e-10   2.730890e-20   24
  3.122140e-02   1.625891e-19   0.000000e+00   2.066110e-20   24
  3.199241e-02   2.075191e-19   0.000000e+00   2.010900e-20   48
  3.274528e-02   1.143215e-19   4.995182e-10   1.109706e-20   24
  3.420133e-02   1.498073e-19   4.995182e-10   2.308404e-20   24
  3.490659e-02   1.179151e-19   0.000000e+00   1.362227e-20   30
  3.559787e-02   1.375416e-19   0.000000e+00   1.263933e-20   72
  3.627599e-02   1.297990e-19   5.298191e-10   1.979520e-20   32
  3.759554e-02   1.238913e-19   0.000000e+00   9.649773e-21   72
  3.823825e-02   1.082104e-19   0.000000e+00   8.626894e-21   48
  3.949229e-02   9.900416e-20   0.000000e+00   2.008132e-20   12
  4.010461e-02   6.873209e-20   0.000000e+00   6.060151e-21   48
  4.070772e-02   5.387733e-20   0.000000e+00   5.448747e-21   48
  4.130203e-02   6.997766e-20   4.995182e-10   6.728130e-21   48
  4.188790e-02   8.730905e-20   5.651403e-10   1.701173e-20   30
  4.246569e-02   7.071693e-20   4.995182e-10   1.256535e-20   24
  4.303573e-02   6.974258e-20   1.053077e-09   5.577027e-21   72
  4.415373e-02   5.800564e-20   0.000000e+00   7.994381e-21   24
  4.470224e-02   5.140492e-20   0.000000e+00   4.012996e-21   96
  4.524411e-02   4.267915e-20   0.000000e+00   3.391524e-21   48
  4.577956e-02   5.182293e-20   8.651909e-10   6.835756e-21   24
  4.630882e-02   3.506657e-20   8.651909e-10   6.701506e-21   24
  4.683210e-02   4.188224e-20   0.000000e+00   2.911656e-21   72
  4.734960e-02   3.382480e-20   0.000000e+00   2.654649e-21   48
  4.836798e-02   3.936087e-20   5.298191e-10   1.012942e-20   8
  4.886922e-02   3.064313e-20   6.279337e-10   2.929810e-21   54
  4.936537e-02   3.233548e-20   0.000000e+00   2.937667e-21   84
  4.985658e-02   3.614415e-20   0.000000e+00   4.244345e-21   48
  5.034299e-02   4.170645e-20   7.064254e-10   5.506754e-21   24
  5.082475e-02   3.036718e-20   6.660243e-10   2.210171e-21   72
  5.130199e-02   3.069850e-20   0.000000e+00   2.115231e-21   96
  5.224339e-02   2.305181e-20   0.000000e+00   2.272033e-21   48
  5.270779e-02   2.258815e-20   0.000000e+00   1.867769e-21   48
  5.316813e-02   3.162393e-20   7.064254e-10   3.754976e-21   24
  5.362451e-02   2.242828e-20   0.000000e+00   1.699246e-21   72
  5.452583e-02   2.024158e-20   6.660243e-10   1.605938e-21   72
  5.497095e-02   2.466840e-20   0.000000e+00   1.706893e-21   96
  5.585054e-02   1.590627e-20   0.000000e+00   4.418012e-21   6
  5.628518e-02   2.367708e-20   0.000000e+00   1.654183e-21   96
  5.671649e-02   2.154818e-20   7.064254e-10   1.565053e-21   96
  5.714454e-02   1.558147e-20   0.000000e+00   2.045791e-21   24
  5.756941e-02   2.354114e-20   9.990364e-10   1.704704e-21   48
  5.799117e-02   2.059290e-20   0.000000e+00   1.445826e-21   96
  5.840989e-02   1.444372e-20   0.000000e+00   1.306331e-21   48
  5.923844e-02   1.725602e-20   0.000000e+00   1.933463e-21   36
  5.964840e-02   1.478284e-20   1.223565e-09   1.800764e-21   48
  6.005556e-02   1.353995e-20   1.384305e-09   8.660705e-22   120
  6.045998e-02   1.466497e-20   0.000000e+00   1.456108e-21   56
  6.086171e-02   1.723592e-20   7.064254e-10   1.786246e-21   24
  6.126081e-02   1.431679e-20   0.000000e+00   9.318537e-22   96
  6.165732e-02   2.118721e-20   0.000000e+00   2.364980e-21   48
  6.244280e-02   1.412982e-20   0.000000e+00   1.776230e-21   24
  6.283185e-02   1.108159e-20   0.000000e+00   8.674939e-22   102
  6.321851e-02   1.121393e-20   0.000000e+00   8.301335e-22   48
  6.360282e-02   1.155211e-20   0.000000e+00   1.136885e-21   72
  6.398483e-02   1.125996e-20   0.000000e+00   1.023951e-21   48
  6.436456e-02   1.046687e-20   0.000000e+00   1.222854e-21   48
  6.474207e-02   9.635945e-21   1.598458e-09   7.412584e-22   120
  6.549056e-02   8.843307e-21   9.990364e-10   9.169523e-22   24
  6.586161e-02   9.028354e-21   9.419006e-10   5.021210e-22   144
  6.623059e-02   9.035739e-21   1.130281e-09   5.856141e-22   120
  6.659752e-02   7.063392e-21   9.990364e-10   6.307011e-22   48
  6.732538e-02   1.058566e-20   9.990364e-10   1.161077e-21   48
  6.768638e-02   7.614771e-21   9.990364e-10   5.257511e-22   96
  6.863955e-02   8.432384e-21   1.675093e-04   6.915379e-22   72
  6.911151e-02   8.283069e-21   1.255867e-09   4.049499e-22   108
  6.946323e-02   7.448227e-21   0.000000e+00   5.223897e-22   72
  6.981317e-02   1.186163e-20   0.000000e+00   1.485053e-21   30
  7.016137e-02   6.588092e-21   0.000000e+00   4.026542e-22   168
  7.050785e-02   7.001955e-21   0.000000e+00   7.520600e-22   48
  7.119574e-02   6.184043e-21   0.000000e+00   5.846884e-22   72
  7.153721e-02   6.234097e-21   0.000000e+00   4.449466e-22   96
  7.187706e-02   5.212414e-21   1.883801e-09   4.459329e-22   72
  7.221530e-02   7.007008e-21   0.000000e+00   5.196884e-22   72
  7.278398e-02   7.092686e-21   1.546684e-04   5.888515e-22   104
  7.322067e-02   5.927411e-21   1.332049e-09   3.128764e-22   144
  7.421242e-02   4.782264e-21   2.233913e-09   3.099884e-22   96
  7.454007e-02   5.321119e-21   0.000000e+00   4.410726e-22   96
  7.506116e-02   4.597318e-21   1.591194e-04   2.660002e-22   120
  7.551449e-02   5.303485e-21   0.000000e+00   2.884428e-22   120
  7.583651e-02   5.472205e-21   0.000000e+00   4.357782e-22   72
  7.647650e-02   5.693529e-21   0.000000e+00   5.927421e-22   48
  7.679449e-02   4.328643e-21   1.505926e-09   3.956313e-22   78
  7.720128e-02   4.767362e-21   1.424762e-04   2.242272e-22   168
  7.805350e-02   4.795653e-21   1.332049e-09   2.793920e-22   144
  7.836509e-02   4.055010e-21   1.332049e-09   2.351222e-22   144
  7.926883e-02   3.825870e-21   8.205478e-05   2.446343e-22   156
  7.959926e-02   4.962703e-21   1.730382e-09   4.552451e-22   48
  7.990483e-02   3.333851e-21   1.130281e-09   2.163208e-22   120
  8.020923e-02   2.903388e-21   0.000000e+00   2.990285e-22   48
  8.074745e-02   3.697259e-21   1.255998e-04   1.533911e-22   216
  8.141545e-02   2.967513e-21   0.000000e+00   2.854298e-22   48
  8.171422e-02   3.010538e-21   9.990364e-10   2.311747e-22   96
  8.213902e-02   3.884126e-21   1.467830e-04   2.335389e-22   168
  8.260406e-02   2.985097e-21   9.990364e-10   2.782710e-22   48
  8.289855e-02   3.174577e-21   0.000000e+00   2.217965e-22   96
  8.319199e-02   2.962824e-21   0.000000e+00   2.430327e-22   48
  8.377580e-02   3.269052e-21   1.130281e-09   2.881279e-22   30
  8.406619e-02   2.744228e-21   9.990364e-10   1.825827e-22   96
  8.441325e-02   2.775118e-21   1.153584e-04   1.424525e-22   240
  8.485953e-02   3.387717e-21   1.244551e-04   2.717402e-22   32
  8.521783e-02   2.615853e-21   0.000000e+00   1.254519e-22   168
  8.550332e-02   2.680909e-21   0.000000e+00   1.430437e-22   120
  8.607146e-02   2.863944e-21   2.106154e-09   2.394801e-22   72
  8.635412e-02   2.521820e-21   1.332049e-09   1.429290e-22   144
  8.663587e-02   2.847040e-21   0.000000e+00   1.827678e-22   96
  8.691670e-02   2.383227e-21   0.000000e+00   1.666466e-22   96
  8.747565e-02   2.680608e-21   1.631420e-09   2.055890e-22   72
  8.775379e-02   2.251757e-21   1.412851e-09   1.723945e-22   96
  8.830745e-02   2.672992e-21   0.000000e+00   3.384669e-22   24
  8.858298e-02   2.205225e-21   0.000000e+00   1.152503e-22   192
  8.890745e-02   1.983487e-21   1.056148e-04   1.058452e-22   132
  8.940448e-02   1.967828e-21   0.000000e+00   1.506049e-22   96
  8.967664e-02   1.871421e-21   0.000000e+00   1.490289e-22   96
  8.994798e-02   1.746562e-21   1.130281e-09   1.066825e-22   120
  9.048821e-02   2.377446e-21   0.000000e+00   1.845055e-22   48
  9.093103e-02   1.950972e-21   1.279966e-04   8.415165e-23   222
  9.129257e-02   2.204922e-21   0.000000e+00   1.385228e-22   120
  9.155911e-02   1.430004e-21   1.730382e-09   2.027072e-22   24
  9.194720e-02   1.614452e-21   1.321111e-04   5.967324e-23   312
  9.279280e-02   1.964392e-21   1.238595e-04   1.638057e-22   72
  9.314239e-02   1.567944e-21   9.990364e-10   1.243306e-22   96
  9.350136e-02   1.578759e-21   1.261337e-04   7.783955e-23   192
  9.392401e-02   1.702452e-21   1.598458e-09   1.041183e-22   120
  9.418312e-02   1.668582e-21   0.000000e+00   1.037960e-22   144
  9.469919e-02   1.404433e-21   0.000000e+00   1.255622e-22   48
  9.506602e-02   1.421283e-21   1.268319e-04   5.406827e-23   336
  9.546807e-02   1.543251e-21   0.000000e+00   1.769713e-22   48
  9.597724e-02   1.403270e-21   0.000000e+00   7.000487e-23   192
  9.623081e-02   1.368776e-21   0.000000e+00   1.175284e-22   48
  9.695161e-02   1.308844e-21   8.803796e-05   9.803378e-23   56
  9.731001e-02   1.488035e-21   1.130706e-04   5.695392e-23   336
  9.773844e-02   1.216872e-21   1.255867e-09   1.394542e-22   54
  9.811165e-02   1.261949e-21   1.241922e-04   5.729991e-23   240
  9.888643e-02   1.213191e-21   1.189150e-04   4.646890e-23   228
  9.922316e-02   1.289983e-21   1.332049e-09   9.482684e-23   72
  9.955002e-02   1.261455e-21   1.153504e-04   7.391040e-23   144
  9.995725e-02   8.600703e-22   0.000000e+00   6.422569e-23   96
  1.002007e-01   1.119122e-21   1.598458e-09   5.456458e-23   240
  1.006860e-01   1.316894e-21   1.412851e-09   2.109989e-22   24
  1.009966e-01   1.059287e-21   1.089476e-04   4.625075e-23   336
  1.014095e-01   9.195558e-22   0.000000e+00   6.825479e-23   72
  1.017863e-01   1.167913e-21   1.185007e-04   7.314892e-23   168
  1.021279e-01   1.126870e-21   0.000000e+00   1.334506e-22   72
  1.026040e-01   1.224099e-21   0.000000e+00   8.468598e-23   96
  1.029727e-01   8.758558e-22   1.176117e-04   4.267736e-23   216
  1.033141e-01   9.120732e-22   1.412851e-09   6.474412e-23   96
  1.037847e-01   9.232770e-22   0.000000e+00   4.145009e-23   192
  1.040193e-01   9.364338e-22   1.332049e-09   5.841513e-23   144
  1.044868e-01   7.773095e-22   0.000000e+00   8.284297e-23   48
  1.048105e-01   8.279821e-22   1.133915e-04   3.672730e-23   246
  1.052503e-01   8.191821e-22   1.045488e-04   4.112385e-23   168
  1.056465e-01   7.690955e-22   1.957704e-09   5.283171e-23   120
  1.058769e-01   7.821132e-22   0.000000e+00   3.774909e-23   240
  1.063363e-01   9.107796e-22   1.412851e-09   1.268389e-22   24
  1.067022e-01   7.999277e-22   1.119102e-04   2.951447e-23   360
  1.071580e-01   7.215468e-22   1.114340e-04   4.966894e-23   120
  1.074760e-01   8.125135e-22   0.000000e+00   4.402579e-23   144
  1.077025e-01   8.387254e-22   0.000000e+00   6.466547e-23   96
  1.083792e-01   6.752253e-22   0.000000e+00   4.070175e-23   144
  1.086038e-01   8.325550e-22   0.000000e+00   5.381332e-23   132
  1.089195e-01   6.480825e-22   1.099837e-04   2.817898e-23   176
  1.093777e-01   6.983289e-22   1.110614e-04   3.118613e-23   312
  1.099419e-01   6.752915e-22   0.000000e+00   4.729152e-23   96
  1.101633e-01   5.543347e-22   0.000000e+00   3.207204e-23   144
  1.105031e-01   6.679166e-22   1.099474e-04   2.989382e-23   312
  1.110446e-01   5.520085e-22   0.000000e+00   5.287643e-23   48
  1.112639e-01   5.986602e-22   1.412851e-09   3.429263e-23   192
  1.117011e-01   5.839808e-22   0.000000e+00   9.682032e-23   6
  1.119915e-01   5.281948e-22   1.025446e-04   2.209397e-23   288
  1.124620e-01   5.976091e-22   1.083450e-04   3.301730e-23   192
  1.127866e-01   6.168789e-22   3.322713e-09   3.055219e-23   216
  1.130025e-01   5.410045e-22   0.000000e+00   4.210860e-23   72
  1.135403e-01   5.944409e-22   1.073161e-04   3.045708e-23   192
  1.138975e-01   5.077347e-22   7.968796e-05   2.196217e-23   288
  1.142891e-01   5.659680e-22   0.000000e+00   5.914199e-23   24
  1.145916e-01   5.282358e-22   1.049823e-04   1.769039e-23   456
  1.151388e-01   5.069056e-22   1.998073e-09   5.891037e-23   48
  1.154769e-01   4.851180e-22   1.034033e-04   2.040065e-23   240
  1.158655e-01   4.829712e-22   1.045007e-04   2.601203e-23   216
  1.161923e-01   5.188441e-22   0.000000e+00   4.473677e-23   72
  1.164018e-01   5.044371e-22   3.610549e-09   3.336343e-23   168
  1.169935e-01   4.209324e-22   7.767385e-05   1.830866e-23   288
  1.173253e-01   3.914116e-22   1.027758e-04   2.034545e-23   168
  1.178582e-01   4.321850e-22   0.000000e+00   2.313400e-23   192
  1.180648e-01   4.095960e-22   1.332049e-09   2.869427e-23   144
  1.184769e-01   5.108003e-22   0.000000e+00   7.988846e-23   36
  1.188264e-01   4.218507e-22   9.385617e-05   1.815638e-23   342
  1.191605e-01   4.220372e-22   9.637890e-05   2.493033e-23   144
  1.195900e-01   4.025716e-22   1.010773e-04   1.459351e-23   384
  1.201111e-01   4.306958e-22   2.768611e-09   2.544142e-23   120
  1.203690e-01   4.130854e-22   9.013158e-05   1.842703e-23   264
  1.207183e-01   3.890996e-22   4.467827e-09   2.546253e-23   192
  1.210471e-01   3.331627e-22   9.713401e-05   2.075857e-23   152
  1.213224e-01   3.801949e-22   2.664097e-09   2.265115e-23   144
  1.219012e-01   3.762678e-22   6.286607e-05   1.866317e-23   216
  1.221692e-01   3.767351e-22   8.400585e-05   1.501429e-23   312
  1.226409e-01   3.758239e-22   9.736112e-05   1.493244e-23   240
  1.229188e-01   3.136459e-22   1.412851e-09   2.864235e-23   96
  1.234463e-01   2.991414e-22   9.308426e-05   1.644530e-23   144
  1.237714e-01   3.311800e-22   9.149363e-05   1.086479e-23   456
  1.242988e-01   3.228441e-22   0.000000e+00   2.063570e-23   120
  1.244947e-01   3.216093e-22   0.000000e+00   2.048763e-23   144
  1.248856e-01   2.968363e-22   0.000000e+00   3.801523e-23   24
  1.251362e-01   3.111755e-22   8.794658e-05   1.244052e-23   336
  1.255696e-01   3.246763e-22   9.699311e-05   1.778226e-23   198
  1.259757e-01   3.010629e-22   9.432023e-05   1.181673e-23   432
  1.264370e-01   3.363675e-22   0.000000e+00   4.311646e-23   48
  1.266777e-01   2.999199e-22   8.326844e-05   1.096492e-23   384
  1.271098e-01   2.318406e-22   9.585962e-05   1.325183e-23   144
  1.275013e-01   3.205849e-22   9.517601e-05   1.774419e-23   264
  1.279697e-01   2.590042e-22   0.000000e+00   2.218579e-23   48
  1.282839e-01   2.772646e-22   9.049683e-05   1.137772e-23   276
  1.285870e-01   2.707792e-22   8.203293e-05   1.395562e-23   192
  1.289922e-01   2.533015e-22   9.218697e-05   8.487788e-24   552
  1.294841e-01   2.332723e-22   3.196917e-09   1.331757e-23   120
  1.297765e-01   2.047284e-22   9.331596e-05   9.019647e-24   216
  1.300475e-01   2.405316e-22   1.598458e-09   2.033053e-23   120
  1.305316e-01   2.492286e-22   9.189333e-05   9.552248e-24   408
  1.309811e-01   1.888631e-22   1.998073e-09   1.617647e-23   24
  1.312599e-01   2.524969e-22   9.282881e-05   1.003939e-23   384
  1.316492e-01   2.340711e-22   9.069708e-05   1.038432e-23   240
  1.319872e-01   2.454709e-22   9.136125e-05   1.510197e-23   168
  1.324612e-01   2.068141e-22   2.260561e-09   1.865295e-23   120
  1.327667e-01   2.317776e-22   9.523931e-05   1.029275e-23   350
  1.332635e-01   2.442613e-22   1.567823e-04   8.776583e-24   384
  1.335605e-01   2.297995e-22   0.000000e+00   1.240143e-23   144
  1.341067e-01   2.046500e-22   3.767602e-09   8.294368e-24   288
  1.343919e-01   2.024138e-22   8.974411e-05   7.963558e-24   336
  1.347800e-01   2.021294e-22   8.170456e-05   1.081732e-23   168
  1.350122e-01   2.092416e-22   1.614687e-09   8.331185e-24   336
  1.354927e-01   2.190796e-22   8.480446e-05   1.008244e-23   288
  1.357812e-01   2.039883e-22   7.990748e-05   8.351936e-24   264
  1.362699e-01   1.777556e-22   0.000000e+00   8.374201e-24   240
  1.364486e-01   1.837710e-22   2.825702e-09   1.416604e-23   96
  1.370900e-01   1.921368e-22   1.086688e-04   7.365470e-24   360
  1.373893e-01   2.096575e-22   8.010757e-05   1.442438e-23   168
  1.377676e-01   1.707469e-22   8.732558e-05   6.012127e-24   456
  1.382230e-01   1.731198e-22   2.511735e-09   9.805145e-24   108
  1.384792e-01   1.558950e-22   8.761995e-05   7.931040e-24   264
  1.387988e-01   1.675670e-22   7.817127e-05   6.840988e-24   264
  1.392364e-01   1.872865e-22   7.376599e-05   7.247134e-24   312
  1.397814e-01   1.655492e-22   5.481617e-05   8.192884e-24   270
  1.400098e-01   1.448034e-22   6.959603e-05   7.991252e-24   240
  1.404204e-01   1.653123e-22   8.609907e-05   6.325287e-24   384
  1.406696e-01   1.721572e-22   0.000000e+00   1.103820e-23   192
  1.411539e-01   1.843156e-22   6.908303e-05   8.903008e-24   240
  1.414347e-01   1.647770e-22   8.525963e-05   7.514257e-24   336
  1.419630e-01   1.589996e-22   8.583011e-05   4.942530e-24   480
  1.423915e-01   1.779624e-22   0.000000e+00   1.707377e-23   72
  1.426309e-01   1.395553e-22   8.369217e-05   9.062041e-24   240
  1.429564e-01   1.495475e-22   7.865917e-05   6.040667e-24   312
  1.433297e-01   1.470720e-22   8.501169e-05   7.127079e-24   240
  1.438936e-01   1.430249e-22   6.458688e-05   5.442211e-24   408
  1.441169e-01   1.467564e-22   5.914602e-05   5.954473e-24   336
  1.445532e-01   1.663547e-22   7.510087e-05   8.734928e-24   264
  1.447677e-01   1.068861e-22   0.000000e+00   5.804841e-24   144
  1.453643e-01   1.237200e-22   1.040943e-04   4.553324e-24   464
  1.456786e-01   1.302743e-22   8.277629e-05   6.665161e-24   168
  1.459889e-01   1.118183e-22   7.539115e-05   5.419058e-24   336
  1.465498e-01   1.365994e-22   7.921315e-05   5.425440e-24   414
  1.468660e-01   1.379610e-22   8.245619e-05   8.171754e-24   216
  1.472710e-01   1.468006e-22   1.998073e-09   9.382656e-24   96
  1.474364e-01   1.161012e-22   5.994218e-09   4.920119e-24   384
  1.480158e-01   1.236699e-22   8.229688e-05   4.344314e-24   492
  1.483263e-01   1.447988e-22   8.047930e-05   7.357042e-24   240
  1.486772e-01   1.200418e-22   8.171468e-05   5.039755e-24   312
  1.491618e-01   1.021484e-22   8.168777e-05   5.506240e-24   192
  1.494688e-01   1.078253e-22   7.916535e-05   3.866777e-24   504
  1.498761e-01   1.136035e-22   5.240881e-05   4.062365e-24   408
  1.501968e-01   1.006279e-22   1.605609e-04   5.979080e-24   168
  1.505981e-01   1.185422e-22   7.626782e-05   5.799756e-24   288
  1.509348e-01   1.051602e-22   7.959200e-05   4.586557e-24   288
  1.512797e-01   9.186760e-23   8.005014e-05   3.775482e-24   432
  1.517801e-01   1.098606e-22   7.570076e-05   6.069411e-24   216
  1.520474e-01   9.185107e-23   7.554106e-05   3.660653e-24   360
  1.525234e-01   1.030360e-22   7.372735e-05   4.700733e-24   312
  1.529530e-01   1.395940e-22   0.000000e+00   1.489634e-23   48
  1.532006e-01   9.967216e-23   7.904634e-05   3.924750e-24   432
  1.536441e-01   9.386040e-23   1.318501e-04   3.740617e-24   414
  1.539060e-01   1.073306e-22   6.955573e-09   4.502374e-24   312
  1.543946e-01   9.287034e-23   1.156911e-04   3.275818e-24   528
  1.547243e-01   9.934708e-23   6.072803e-05   4.651602e-24   264
  1.551204e-01   9.520942e-23   7.200680e-05   3.494474e-24   480
  1.556380e-01   9.642838e-23   0.000000e+00   4.378911e-24   288
  1.558615e-01   1.035575e-22   7.736908e-05   5.891025e-24   168
  1.562704e-01   8.587443e-23   1.224750e-04   3.390346e-24   504
  1.567302e-01   1.035950e-22   2.664097e-09   6.587020e-24   144
  1.570194e-01   8.684216e-23   7.865832e-05   3.162182e-24   464
  1.574541e-01   9.466166e-23   1.154355e-04   3.730186e-24   432
  1.576603e-01   9.312564e-23   1.998073e-09   5.286081e-24   192
  1.581934e-01   7.806540e-23   8.557628e-05   3.409321e-24   396
  1.585082e-01   7.056144e-23   7.687110e-05   3.885586e-24   288
  1.588263e-01   8.142835e-23   7.593549e-05   4.132998e-24   336
  1.593345e-01   7.629345e-23   4.808388e-05   3.402604e-24   432
  1.596570e-01   7.760411e-23   1.246267e-04   3.367698e-24   360
  1.600192e-01   8.260303e-23   7.371853e-05   3.520571e-24   384
  1.605335e-01   7.658071e-23   6.507077e-05   4.464236e-24   198
  1.607813e-01   7.730198e-23   7.396430e-05   2.607058e-24   552
  1.612434e-01   7.327783e-23   1.035450e-04   3.334334e-24   432
  1.616292e-01   7.740548e-23   0.000000e+00   5.259689e-24   168
  1.619530e-01   6.918226e-23   1.283579e-04   2.661973e-24   480
  1.623813e-01   6.880210e-23   0.000000e+00   4.313159e-24   120
  1.625741e-01   8.108471e-23   1.048372e-04   4.938315e-24   336
  1.630445e-01   6.892486e-23   7.396097e-05   2.396983e-24   672
  1.635097e-01   8.360434e-23   1.075863e-04   3.021125e-24   528
  1.637264e-01   6.269538e-23   3.229373e-09   4.322758e-24   168
  1.642270e-01   7.060011e-23   1.200118e-04   2.984058e-24   456
  1.645324e-01   7.997998e-23   7.329223e-05   4.870205e-24   168
  1.648495e-01   7.272224e-23   7.316065e-05   2.845155e-24   504
  1.653766e-01   5.602068e-23   9.414654e-05   2.908559e-24   336
  1.656953e-01   6.640697e-23   6.786851e-05   3.274056e-24   312
  1.660489e-01   6.533531e-23   6.631214e-05   2.914984e-24   504
  1.665141e-01   6.047454e-23   4.600920e-05   2.827589e-24   432
  1.667329e-01   7.511747e-23   7.109945e-05   3.602603e-24   312
  1.671876e-01   6.570002e-23   7.288039e-05   2.975477e-24   384
  1.676624e-01   6.300935e-23   6.192036e-05   4.083680e-24   126
  1.679555e-01   6.331678e-23   1.087174e-04   2.437122e-24   492
  1.683299e-01   6.026741e-23   6.963360e-05   2.224400e-24   528
  1.687978e-01   5.656881e-23   7.073279e-05   2.151052e-24   480
  1.690879e-01   6.752923e-23   9.771696e-05   2.795318e-24   432
  1.695076e-01   5.920049e-23   7.684145e-05   2.470454e-24   440
  1.699951e-01   6.509522e-23   3.821294e-05   3.519732e-24   312
  1.701781e-01   4.938267e-23   5.726529e-05   2.046659e-24   480
  1.705533e-01   5.543473e-23   1.121243e-04   2.365069e-24   408
  1.711016e-01   6.461095e-23   6.714979e-05   2.933519e-24   360
  1.713332e-01   5.485118e-23   6.479710e-05   2.708282e-24   408
  1.717625e-01   4.764515e-23   6.593925e-05   1.891812e-24   456
  1.722458e-01   5.459461e-23   6.302169e-05   2.743256e-24   264
  1.725141e-01   6.070458e-23   6.839435e-05   3.050075e-24   384
  1.729046e-01   5.811676e-23   1.151467e-04   2.033924e-24   672
  1.733561e-01   6.120689e-23   6.887260e-05   3.964849e-24   240
  1.736166e-01   5.019163e-23   6.988846e-05   2.458717e-24   264
  1.739843e-01   4.163176e-23   8.619588e-05   1.360060e-24   624
  1.745329e-01   3.546915e-23   0.000000e+00   2.989597e-24   150
  1.747283e-01   5.063228e-23   9.658929e-05   1.857240e-24   600
  1.751402e-01   5.493960e-23   6.666345e-05   1.949207e-24   672
  1.756067e-01   4.737735e-23   6.270167e-05   2.441299e-24   336
  1.758666e-01   4.630769e-23   6.820115e-05   1.976859e-24   408
  1.762818e-01   5.328654e-23   6.804049e-05   2.587182e-24   408
  1.767436e-01   5.919609e-23   3.440492e-05   2.936613e-24   360
  1.770283e-01   5.046868e-23   1.263238e-04   2.421919e-24   456
  1.773722e-01   3.892230e-23   6.869566e-05   1.590246e-24   384
  1.778099e-01   3.681221e-23   6.341480e-05   1.921705e-24   348
  1.780464e-01   4.584367e-23   7.817791e-05   2.070924e-24   576
  1.784907e-01   4.549716e-23   6.436923e-05   1.702681e-24   504
  1.789452e-01   4.673769e-23   9.078907e-05   2.121415e-24   432
  1.793419e-01   4.610525e-23   1.235181e-04   1.737185e-24   576
  1.796248e-01   4.248600e-23   0.000000e+00   2.799904e-24   264
  1.800736e-01   4.273510e-23   9.828954e-05   1.501740e-24   768
  1.804640e-01   3.292456e-23   1.323290e-04   1.476724e-24   240
  1.807743e-01   4.162139e-23   1.167016e-04   3.854813e-24   192
  1.812263e-01   4.274717e-23   8.590664e-05   1.711246e-24   504
  1.815615e-01   4.567930e-23   1.157624e-04   1.649246e-24   590
  1.818830e-01   4.222156e-23   1.297055e-04   2.145059e-24   384
  1.822861e-01   3.723299e-23   1.083956e-04   1.785225e-24   504
  1.827729e-01   3.792241e-23   1.043140e-04   1.400942e-24   648
  1.832449e-01   3.602152e-23   2.833030e-05   1.622746e-24   504
  1.834353e-01   3.863428e-23   6.462673e-05   1.994282e-24   312
  1.837714e-01   4.409741e-23   9.311123e-05   1.980866e-24   576
  1.842327e-01   4.627686e-23   6.479663e-05   2.640222e-24   240
  1.845017e-01   3.778417e-23   6.547387e-05   1.457668e-24   552
  1.848823e-01   3.691295e-23   6.147846e-05   1.406944e-24   600
  1.854246e-01   3.750797e-23   7.509108e-05   1.534319e-24   600
  1.857506e-01   3.769159e-23   1.202524e-04   2.191778e-24   312
  1.860753e-01   4.109311e-23   1.047280e-04   2.059021e-24   480
  1.864809e-01   3.353598e-23   6.534019e-05   1.386543e-24   576
  1.868380e-01   3.513892e-23   1.052119e-04   1.830043e-24   408
  1.871548e-01   1.935353e-23   1.227345e-04   1.522335e-24   216
  1.875642e-01   3.702988e-23   9.400084e-05   1.460178e-24   516
  1.880028e-01   3.552742e-23   8.968636e-05   1.235365e-24   744
  1.884552e-01   3.675343e-23   5.990257e-05   1.701848e-24   462
  1.887109e-01   2.791221e-23   6.088230e-05   1.355812e-24   432
  1.891075e-01   3.431943e-23   5.648168e-05   1.383814e-24   648
  1.895737e-01   2.896427e-23   8.264320e-05   1.255351e-24   528
  1.899483e-01   3.770575e-23   9.952305e-05   1.493449e-24   600
  1.903225e-01   3.835817e-23   1.254725e-04   2.024386e-24   240
  1.906850e-01   2.985787e-23   9.611075e-05   1.071366e-24   720
  1.911062e-01   3.189877e-23   7.604100e-05   1.216640e-24   720
  1.915732e-01   1.561131e-23   0.000000e+00   1.043856e-24   144
  1.918190e-01   3.615510e-23   9.803961e-05   1.359773e-24   720
  1.921686e-01   3.325896e-23   5.878648e-05   1.850308e-24   384
  1.926063e-01   2.897941e-23   6.516793e-05   1.201460e-24   672
  1.930215e-01   3.580176e-23   1.141019e-04   2.251356e-24   336
  1.932199e-01   2.826806e-23   0.000000e+00   2.125145e-24   288
  1.937055e-01   2.608116e-23   9.030399e-05   1.067585e-24   776
  1.941551e-01   2.820902e-23   7.726878e-05   1.169278e-24   720
  1.945327e-01   2.670733e-23   6.224567e-05   1.267077e-24   432
  1.948347e-01   3.258710e-23   8.873905e-05   1.519862e-24   504
  1.951706e-01   3.445784e-23   6.217429e-05   1.791960e-24   528
  1.956407e-01   2.671624e-23   8.470885e-05   1.432935e-24   438
  1.960275e-01   2.789860e-23   9.859335e-05   1.222237e-24   624
  1.963189e-01   2.628164e-23   1.207635e-04   1.637296e-24   312
  1.967196e-01   3.314616e-23   6.506437e-05   1.157278e-24   696
  1.971339e-01   2.711282e-23   5.887146e-05   1.268256e-24   552
  1.975648e-01   3.084723e-23   4.554687e-05   1.742289e-24   516
  1.978313e-01   3.036206e-23   9.097645e-05   1.378659e-24   528
  1.981558e-01   2.086048e-23   5.916447e-05   1.002624e-24   528
  1.986168e-01   2.638314e-23   7.802593e-05   1.009747e-24   864
  1.989297e-01   2.640425e-23   1.068795e-04   1.393786e-24   408
  1.992429e-01   4.141276e-23   1.058911e-04   2.835090e-24   192
  1.996868e-01   2.200138e-23   8.762994e-05   9.716607e-25   720
  2.000615e-01   2.594126e-23   8.079911e-05   1.148350e-24   696
  2.005068e-01   2.389599e-23   8.726379e-05   9.562794e-25   720
  2.009142e-01   3.102712e-23   1.182756e-04   1.457735e-24   432
  2.011518e-01   2.179368e-23   6.962164e-05   1.419464e-24   264
  2.015793e-01   2.544548e-23   9.614441e-05   1.161095e-24   672
  2.019616e-01   2.369098e-23   9.843711e-05   1.002970e-24   600
  2.024154e-01   1.393042e-23   5.763483e-05   6.813288e-25   270
  2.026441e-01   2.209276e-23   8.675648e-05   1.245927e-24   528
  2.030077e-01   2.499504e-23   5.940776e-05   9.540817e-25   840
  2.035062e-01   2.716278e-23   1.135983e-04   9.397595e-25   888
  2.039669e-01   2.171910e-23   8.463909e-05   8.695237e-25   744
  2.043562e-01   2.434074e-23   4.349214e-05   1.082476e-24   456
  2.045498e-01   3.051312e-23   5.943469e-05   1.400442e-24   360
  2.048811e-01   1.738553e-23   5.149682e-05   1.026551e-24   384
  2.053895e-01   2.321309e-23   8.260041e-05   9.032716e-25   816
  2.057710e-01   2.130897e-23   1.198416e-04   9.032905e-25   824
  2.062346e-01   2.032508e-23   5.570811e-05   1.408982e-24   360
  2.064829e-01   2.094109e-23   8.220424e-05   8.763340e-25   624
  2.068246e-01   2.733370e-23   5.554917e-05   1.793955e-24   360
  2.072798e-01   2.082804e-23   7.556319e-05   8.252885e-25   876
  2.076909e-01   2.199258e-23   8.974647e-05   9.941623e-25   696
  2.081055e-01   1.920042e-23   5.795238e-05   1.183048e-24   336
  2.083228e-01   2.333753e-23   5.788726e-05   1.373277e-24   504
  2.086818e-01   1.839514e-23   5.838888e-05   9.128168e-25   672
  2.092144e-01   1.883941e-23   1.162387e-04   7.210735e-25   720
  2.095838e-01   2.036793e-23   8.780591e-05   8.486840e-25   774
  2.099915e-01   2.005105e-23   5.025783e-05   1.332599e-24   384
  2.102050e-01   2.367794e-23   9.671763e-05   1.175303e-24   528
  2.105364e-01   2.155080e-23   9.217729e-05   9.852005e-25   744
  2.110694e-01   2.259179e-23   7.602671e-05   8.824077e-25   768
  2.114233e-01   1.709776e-23   8.534571e-05   9.415418e-25   552
  2.118649e-01   1.977370e-23   9.301717e-05   1.039506e-24   696
  2.121934e-01   2.214844e-23   1.130320e-04   1.120200e-24   408
  2.124541e-01   2.117025e-23   4.883074e-05   1.006854e-24   504
  2.128675e-01   2.006954e-23   8.772259e-05   8.291441e-25   888
  2.132743e-01   1.918793e-23   9.116913e-05   9.450984e-25   648
  2.136971e-01   1.864567e-23   9.038766e-05   1.071759e-24   648
  2.140948e-01   1.776044e-23   9.746006e-05   7.853655e-25   792
  2.145162e-01   1.669191e-23   1.425907e-04   9.786106e-25   600
  2.148267e-01   1.367663e-23   9.663487e-05   7.200013e-25   456
  2.151535e-01   1.759424e-23   4.709572e-05   7.790323e-25   648
  2.155732e-01   1.612965e-23   9.184351e-05   5.913160e-25   936
  2.160264e-01   2.381882e-23   5.640375e-05   1.243403e-24   384
  2.164208e-01   1.715324e-23   4.745948e-09   1.486698e-24   198
  2.167253e-01   1.609219e-23   1.431011e-04   5.705836e-25   1224
  2.170537e-01   2.280885e-23   1.042217e-04   1.170114e-24   420
  2.174420e-01   1.665148e-23   1.008648e-04   6.600429e-25   792
  2.178218e-01   1.652308e-23   8.340657e-05   7.682790e-25   680
  2.182552e-01   1.495926e-23   7.658783e-05   6.716233e-25   600
  2.186039e-01   1.596362e-23   1.110734e-04   6.983306e-25   840
  2.190695e-01   1.747951e-23   5.244369e-05   9.628649e-25   432
  2.192474e-01   1.851340e-23   4.914665e-05   9.595324e-25   720
  2.196343e-01   1.617053e-23   9.843213e-05   6.293385e-25   960
  2.201154e-01   1.566137e-23   8.774504e-05   9.134531e-25   528
  2.204670e-01   1.631541e-23   8.969217e-05   1.054486e-24   624
  2.208855e-01   1.795969e-23   7.049743e-05   7.629465e-25   816
  2.213008e-01   1.449001e-23   1.159345e-04   7.023951e-25   696
  2.217599e-01   1.386363e-23   7.830814e-09   9.923574e-25   240
  2.219325e-01   1.743180e-23   6.836935e-05   9.097976e-25   672
  2.223177e-01   1.451526e-23   1.221858e-04   6.594942e-25   864
  2.227499e-01   1.128960e-23   9.375778e-05   4.898727e-25   816
  2.231394e-01   1.323708e-23   5.366372e-05   8.218826e-25   648
  2.235589e-01   1.700113e-23   5.485410e-05   7.408901e-25   843
  2.239151e-01   1.402300e-23   9.869601e-05   6.784466e-25   780
  2.243395e-01   1.383991e-23   5.295844e-05   1.496525e-24   216
  2.246013e-01   1.402449e-23   1.277035e-04   5.286448e-25   1056
  2.250039e-01   1.461099e-23   1.044758e-04   1.397754e-24   228
  2.253767e-01   1.520145e-23   1.300750e-04   6.280094e-25   924
  2.257594e-01   1.524441e-23   4.825052e-05   6.981024e-25   696
  2.261647e-01   1.249785e-23   8.587211e-05   5.801091e-25   996
  2.265793e-01   9.974357e-24   5.069718e-05   5.865130e-25   576
  2.270107e-01   1.199513e-23   7.824775e-05   8.626408e-25   552
  2.273251e-01   1.514345e-23   9.342507e-05   8.356890e-25   516
  2.276442e-01   1.249033e-23   1.358594e-04   6.298006e-25   744
  2.280088e-01   9.096972e-24   6.664715e-05   5.018005e-25   576
  2.283260e-01   1.070058e-23   6.859680e-05   4.837419e-25   792
  2.287768e-01   1.255283e-23   7.841886e-05   5.596107e-25   792
  2.291071e-01   1.191755e-23   8.457391e-05   5.970864e-25   720
  2.295538e-01   1.042194e-23   9.639481e-05   4.597071e-25   656
  2.299724e-01   1.096988e-23   1.052581e-04   5.208997e-25   816
  2.304015e-01   9.957585e-24   5.675340e-05   6.944660e-25   492
  2.306454e-01   1.167156e-23   8.164378e-05   5.945128e-25   552
  2.311032e-01   8.790774e-24   1.419686e-04   4.870930e-25   780
  2.314005e-01   1.061027e-23   8.720963e-05   6.652905e-25   528
  2.317208e-01   7.958471e-24   1.018002e-04   3.700527e-25   600
  2.321929e-01   1.187359e-23   8.460399e-05   4.775954e-25   900
  2.325183e-01   1.015397e-23   4.683822e-05   5.545182e-25   696
  2.329660e-01   9.082395e-24   1.184322e-04   4.874056e-25   696
  2.333991e-01   7.617893e-24   4.804683e-05   3.167099e-25   552
  2.337633e-01   7.689776e-24   5.587403e-05   4.057937e-25   708
  2.341448e-01   8.693220e-24   9.225121e-05   3.991110e-25   876
  2.345418e-01   1.087631e-23   4.898356e-05   1.323400e-24   216
  2.348082e-01   9.231264e-24   1.339767e-04   3.903827e-25   1032
  2.352071e-01   7.167974e-24   1.491682e-04   4.266896e-25   600
  2.356212e-01   6.301725e-24   7.117755e-05   4.305358e-25   600
  2.359371e-01   7.823401e-24   1.256929e-04   3.995472e-25   528
  2.363105e-01   7.836387e-24   6.899988e-05   4.063582e-25   732
  2.367039e-01   8.439013e-24   5.095015e-05   5.746742e-25   336
  2.371566e-01   7.099205e-24   7.261407e-05   3.434446e-25   912
  2.374950e-01   6.062572e-24   7.288252e-05   2.932843e-25   624
  2.378647e-01   7.762049e-24   6.141657e-05   3.658281e-25   768
  2.382963e-01   7.285029e-24   1.108076e-04   2.972033e-25   792
  2.387198e-01   6.915095e-24   5.493383e-05   4.574609e-25   660
  2.390212e-01   7.075905e-24   8.095383e-05   4.906011e-25   504
  2.393329e-01   5.498025e-24   1.322631e-04   3.154176e-25   480
  2.398000e-01   4.520532e-24   1.223261e-04   1.930532e-25   912
  2.401658e-01   6.724038e-24   1.362291e-04   4.244828e-25   432
  2.405113e-01   6.471021e-24   8.088962e-05   3.825858e-25   564
  2.408180e-01   5.571961e-24   7.742251e-05   2.710206e-25   600
  2.412498e-01   6.841692e-24   1.079196e-04   3.007260e-25   876
  2.415741e-01   5.703328e-24   4.852393e-05   5.001047e-25   264
  2.420212e-01   6.228436e-24   9.415549e-05   3.756510e-25   560
  2.423806e-01   5.321500e-24   6.398069e-05   2.249913e-25   840
  2.428168e-01   4.298305e-24   9.863978e-05   2.179201e-25   1008
  2.432202e-01   3.776258e-24   4.412481e-05   1.973700e-25   456
  2.435886e-01   6.296505e-24   5.715745e-05   3.976481e-25   576
  2.439292e-01   5.814101e-24   8.782853e-05   3.355275e-25   612
  2.443783e-01   5.275358e-24   7.844513e-05   2.573657e-25   780
  2.447447e-01   5.306882e-24   8.989453e-05   2.487369e-25   648
  2.451197e-01   5.321698e-24   4.189201e-05   4.213463e-25   312
  2.453594e-01   3.553010e-24   1.064407e-04   1.702979e-25   528
  2.457747e-01   3.670214e-24   1.390063e-04   1.584904e-25   720
  2.461718e-01   5.007659e-24   1.394416e-04   3.291280e-25   576
  2.466533e-01   3.941175e-24   1.202863e-04   2.704851e-25   444
  2.469529e-01   4.851920e-24   1.179621e-04   2.015846e-25   996
  2.473200e-01   3.815170e-24   9.853387e-05   2.926876e-25   432
  2.476669e-01   4.821535e-24   1.078752e-04   2.398371e-25   504
  2.479666e-01   3.344267e-24   4.863583e-05   2.354018e-25   504
  2.483934e-01   4.763767e-24   9.571589e-05   2.009389e-25   876
  2.487796e-01   3.857243e-24   1.101599e-04   2.323279e-25   504
  2.491817e-01   3.261901e-24   7.025420e-05   1.761219e-25   696
  2.495140e-01   4.044228e-24   6.005997e-05   2.179238e-25   492
  2.499662e-01   3.312406e-24   8.597875e-05   2.150392e-25   432
  2.503011e-01   4.426155e-24   8.050968e-05   2.088438e-25   768
  2.506981e-01   3.184508e-24   1.002856e-04   1.620164e-25   648
  2.510772e-01   2.764812e-24   6.542561e-05   1.671136e-25   456
  2.515128e-01   3.321475e-24   8.997083e-05   2.092053e-25   552
  2.518153e-01   3.164310e-24   6.166608e-05   1.694997e-25   648
  2.522317e-01   3.082626e-24   1.005122e-04   1.228476e-25   840
  2.526384e-01   3.334033e-24   4.793217e-05   1.903786e-25   432
  2.530455e-01   3.357979e-24   5.870872e-05   2.090910e-25   600
  2.533287e-01   4.387091e-24   6.255029e-05   2.482151e-25   432
  2.538044e-01   3.747808e-24   6.227491e-05   1.977394e-25   560
  2.541265e-01   2.502865e-24   9.857465e-05   1.186665e-25   840
  2.545299e-01   3.043026e-24   5.838720e-05   1.706585e-25   504
  2.548502e-01   2.351717e-24   1.191648e-04   1.125514e-25   696
  2.553018e-01   3.233401e-24   6.508356e-05   2.065482e-25   384
  2.556535e-01   2.215767e-24   9.533975e-05   1.210207e-25   576
  2.560789e-01   2.369692e-24   5.883893e-05   1.613291e-25   360
  2.564218e-01   2.727906e-24   8.762544e-05   1.218578e-25   828
  2.567917e-01   2.257369e-24   7.804673e-05   1.596286e-25   372
  2.571307e-01   2.372873e-24   1.191923e-04   1.214006e-25   576
  2.575797e-01   2.891965e-24   4.991761e-05   1.370465e-25   636
  2.578996e-01   2.595500e-24   9.622826e-05   1.244330e-25   648
  2.583323e-01   2.101786e-24   7.822306e-05   1.078694e-25   576
  2.586430e-01   2.446893e-24   1.261820e-04   1.406732e-25   528
  2.590561e-01   2.638525e-24   5.394804e-05   1.805619e-25   360
  2.593981e-01   1.800534e-24   1.241007e-04   7.831584e-26   672
  2.598446e-01   2.498655e-24   6.356642e-05   1.130351e-25   804
  2.602163e-01   2.267595e-24   7.012137e-05   1.505939e-25   408
  2.606274e-01   2.480082e-24   4.334263e-05   1.593173e-25   384
  2.609042e-01   1.533431e-24   9.918459e-05   1.077910e-25   480
  2.612947e-01   1.656301e-24   6.408778e-05   9.161529e-26   432
  2.616692e-01   2.503269e-24   1.181001e-04   1.153401e-25   648
  2.621125e-01   2.309815e-24   7.328056e-05   1.130456e-25   624
  2.624367e-01   1.705171e-24   6.665485e-05   1.019226e-25   456
  2.628795e-01   1.917105e-24   9.105646e-05   1.029684e-25   588
  2.631762e-01   1.741588e-24   5.809364e-05   8.888765e-26   600
  2.636094e-01   1.698315e-24   9.061183e-05   1.000980e-25   708
  2.639516e-01   1.907950e-24   5.708370e-05   1.304731e-25   360
  2.643298e-01   2.272808e-24   6.561923e-05   1.334170e-25   552
  2.646923e-01   1.721700e-24   4.603344e-05   1.528686e-25   288
  2.650603e-01   1.527191e-24   8.655546e-05   8.390284e-26   528
  2.654060e-01   1.962555e-24   5.839431e-05   1.007170e-25   456
  2.657924e-01   1.675302e-24   1.035458e-04   9.747348e-26   608
  2.661809e-01   1.624858e-24   5.009661e-05   9.685821e-26   504
  2.666055e-01   1.100319e-24   1.075546e-04   6.526093e-26   540
  2.669384e-01   2.123188e-24   1.154568e-04   1.151152e-25   360
  2.672972e-01   2.264353e-24   5.228475e-05   1.227145e-25   540
  2.676146e-01   1.550497e-24   4.489266e-05   8.582899e-26   576
  2.680762e-01   1.812025e-24   1.040909e-04   1.078263e-25   588
  2.685150e-01   1.617649e-24   1.436140e-04   9.632370e-26   672
  2.688920e-01   1.861138e-24   1.097654e-04   8.563578e-26   552
  2.691959e-01   1.320680e-24   1.098209e-04   1.288069e-25   144
  2.695837e-01   1.803629e-24   9.330411e-05   1.024313e-25   600
  2.699514e-01   1.126560e-24   1.169304e-04   7.662591e-26   504
  2.703595e-01   1.424018e-24   1.201111e-04   1.013333e-25   336
  2.707887e-01   1.233803e-24   1.350054e-04   6.179488e-26   600
  2.711731e-01   1.254773e-24   8.712810e-05   8.831155e-26   636
  2.715880e-01   1.487063e-24   7.005178e-05   1.284598e-25   384
  2.718789e-01   1.539892e-24   9.771396e-05   8.075033e-26   504
  2.722982e-01   1.358643e-24   4.100918e-05   1.184282e-25   240
  2.726291e-01   1.287398e-24   9.633639e-05   5.933337e-26   744
  2.730261e-01   1.112235e-24   6.578310e-05   6.002738e-26   648
  2.733790e-01   2.614188e-24   4.366878e-05   2.220629e-25   120
  2.737925e-01   1.043008e-24   6.859799e-05   6.437984e-26   564
  2.741050e-01   1.489809e-24   1.077373e-04   1.030184e-25   432
  2.745220e-01   9.517299e-25   8.362543e-05   5.554834e-26   480
  2.748361e-01   8.277317e-25   6.155045e-05   5.626533e-26   456
  2.752067e-01   1.296821e-24   1.018569e-04   8.579395e-26   444
  2.756274e-01   1.057321e-24   1.558464e-04   8.530257e-26   528
  2.759969e-01   1.470291e-24   1.157439e-04   1.242574e-25   264
  2.763555e-01   1.081900e-24   1.186203e-04   7.713417e-26   444
  2.768379e-01   1.248984e-24   1.299311e-04   6.243430e-26   696
  2.772383e-01   1.414478e-24   6.949148e-05   1.053940e-25   384
  2.775311e-01   8.721008e-25   8.780831e-05   5.766848e-26   432
  2.779866e-01   1.317358e-24   6.067143e-05   8.171050e-26   488
  2.782823e-01   1.302371e-24   9.143939e-05   8.321813e-26   480
  2.787111e-01   9.776030e-25   1.019738e-04   6.529958e-26   480
  2.790432e-01   6.897950e-25   4.278510e-05   4.643231e-26   240
  2.794202e-01   1.115181e-24   9.994261e-05   6.918763e-26   600
  2.797758e-01   6.623018e-25   8.708975e-05   5.843716e-26   288
  2.801544e-01   8.890031e-25   8.377397e-05   5.826895e-26   480
  2.805379e-01   7.308165e-25   1.490189e-04   5.675283e-26   504
  2.809155e-01   8.375162e-25   6.393839e-05   5.676136e-26   216
  2.813970e-01   8.947635e-25   1.046773e-04   6.178362e-26   504
  2.817720e-01   6.952602e-25   8.419242e-05   4.654117e-26   456
  2.821825e-01   1.113559e-24   4.828579e-05   6.498352e-26   384
  2.824544e-01   1.217205e-24   9.800271e-05   9.028104e-26   480
  2.828408e-01   6.292063e-25   8.605736e-05   5.328467e-26   504
  2.831988e-01   8.462567e-25   5.458940e-05   7.205465e-26   312
  2.835845e-01   9.175806e-25   8.796897e-05   6.690039e-26   492
  2.839260e-01   1.186389e-24   8.245044e-05   9.745741e-26   312
  2.843655e-01   6.670698e-25   1.339342e-04   4.630320e-26   576
  2.847524e-01   9.572428e-25   1.236321e-04   7.875162e-26   336
  2.850738e-01   4.475990e-25   9.519099e-05   4.378228e-26   240
  2.855192e-01   8.084891e-25   1.261991e-04   5.452861e-26   468
  2.859039e-01   7.460666e-25   7.901891e-05   6.931049e-26   192
  2.863065e-01   6.622580e-25   7.925442e-05   6.736429e-26   324
  2.866016e-01   7.407665e-25   5.752155e-05   4.294089e-26   600
  2.870037e-01   8.796828e-25   9.332283e-05   5.193916e-26   456
  2.873023e-01   8.963084e-25   4.197661e-05   7.030742e-26   336
  2.877972e-01   8.617335e-25   1.256898e-04   5.605865e-26   612
  2.881573e-01   7.662097e-25   1.054844e-04   1.428229e-25   144
  2.884978e-01   8.260715e-25   1.231274e-04   4.652077e-26   552
  2.889609e-01   3.603719e-25   4.848907e-05   3.223655e-26   264
  2.892225e-01   6.915958e-25   1.122646e-04   6.045915e-26   336
  2.896353e-01   4.501925e-25   7.418058e-05   3.842336e-26   384
  2.899932e-01   7.015558e-25   4.175634e-05   6.271187e-26   216
  2.903894e-01   3.994076e-25   8.853205e-05   2.990902e-26   344
  2.907507e-01   4.926909e-25   1.320940e-04   4.011684e-26   408
  2.911910e-01   4.467116e-25   1.015056e-04   4.471102e-26   264
  2.915811e-01   7.207195e-25   1.415038e-04   5.333645e-26   612
  2.919709e-01   1.022402e-24   7.282870e-05   8.357931e-26   408
  2.923718e-01   5.906903e-25   7.293338e-05   6.368815e-26   444
  2.926663e-01   1.358966e-24   4.079109e-05   1.378730e-25   120
  2.930609e-01   7.141096e-25   1.126983e-04   7.327956e-26   336
  2.933538e-01   5.358701e-25   3.916222e-05   5.484530e-26   288
  2.937496e-01   5.061154e-25   1.218735e-04   3.477623e-26   552
  2.942938e-01   7.949807e-25   6.525678e-09   1.027143e-25   72
  2.945736e-01   5.369967e-25   1.210514e-04   4.421929e-26   504
  2.949004e-01   1.969833e-25   3.895317e-05   1.871183e-26   216
  2.953239e-01   3.952040e-25   6.954821e-05   3.683547e-26   312
  2.957040e-01   3.906950e-25   7.919158e-05   4.145850e-26   336
  2.960663e-01   3.092383e-25   1.097684e-04   4.235029e-26   204
  2.964271e-01   8.448372e-25   1.275676e-04   6.736523e-26   504
  2.968098e-01   7.150758e-25   1.214810e-04   6.448522e-26   396
  2.971778e-01   5.951273e-25   1.114044e-04   6.779285e-26   312
  2.976240e-01   9.129790e-25   6.808000e-05   9.827962e-26   216
  2.979383e-01   3.793388e-25   3.694832e-05   3.394343e-26   168
  2.983203e-01   3.987838e-25   9.329657e-05   2.752085e-26   588
  2.987563e-01   2.951466e-25   1.266392e-04   4.860642e-26   240
  2.990950e-01   2.764588e-25   1.118436e-04   2.861698e-26   264
  2.994922e-01   3.564975e-25   1.383176e-04   3.643235e-26   288
  2.998446e-01   3.539472e-25   6.907007e-05   4.208427e-26   288
  3.002913e-01   3.081474e-25   6.486779e-05   3.028240e-26   288
  3.005921e-01   2.137032e-25   7.514392e-05   2.020038e-26   192
  3.009705e-01   1.690031e-25   7.996067e-05   1.735371e-26   264
  3.013310e-01   8.206334e-25   1.315242e-04   6.392742e-26   372
  3.017189e-01   8.130094e-25   1.420518e-04   6.730785e-26   360
  3.021924e-01   7.058538e-25   6.011768e-05   9.535215e-26   144
  3.024371e-01   3.734305e-25   8.350082e-05   4.890638e-26   296
  3.028234e-01   3.708364e-25   8.996782e-05   3.638534e-26   288
  3.032657e-01   3.257264e-25   1.344546e-04   2.669718e-26   480
  3.036471e-01   2.400188e-25   1.117190e-04   5.442200e-26   192
  3.040181e-01   4.864706e-25   1.198338e-04   6.533890e-26   192
  3.043553e-01   2.805829e-25   7.637151e-05   2.990393e-26   288
  3.048242e-01   9.492234e-26   6.648036e-05   8.783170e-27   108
  3.050604e-01   3.210662e-25   6.391272e-05   3.291743e-26   240
  3.054775e-01   1.768708e-25   1.192307e-04   2.144921e-26   384
  3.059059e-01   3.533394e-25   1.454479e-04   5.759646e-26   108
  3.062848e-01   5.609399e-25   8.527881e-05   4.447297e-26   348
  3.066832e-01   3.291951e-25   8.900031e-05   3.596997e-26   312
  3.070391e-01   3.588702e-25   8.648246e-05   9.508740e-26   96
  3.073663e-01   2.445990e-25   1.151358e-04   2.633184e-26   384
  3.077328e-01   2.668047e-25   7.919012e-05   3.405774e-26   144
  3.080912e-01   2.793135e-25   1.216791e-04   2.639232e-26   408
  3.085368e-01   8.288293e-26   5.427748e-05   9.090688e-27   144
  3.089578e-01   3.255847e-25   1.043490e-04   4.271704e-26   192
  3.092074e-01   3.641368e-25   1.174468e-04   3.617098e-26   144
  3.096144e-01   1.081731e-25   9.548855e-05   1.400524e-26   144
  3.099983e-01   2.338231e-25   1.167025e-04   2.576512e-26   336
  3.104685e-01   8.724716e-26   8.634502e-05   8.317461e-27   240
  3.107666e-01   1.467254e-25   3.920851e-05   2.747049e-26   96
  3.111825e-01   3.698495e-25   1.149797e-04   3.756213e-26   372
  3.116031e-01   2.703263e-25   1.367659e-04   5.620640e-26   132
  3.119726e-01   8.855950e-26   8.462908e-05   6.397701e-27   264
  3.123032e-01   3.102827e-25   6.499128e-05   5.374868e-26   168
  3.126560e-01   2.033721e-25   1.039086e-04   2.125182e-26   216
  3.129676e-01   2.442299e-25   6.357256e-05   5.635890e-26   216
  3.134215e-01   4.469439e-26   1.166292e-04   4.370436e-27   96
  3.138333e-01   3.085677e-25   7.608990e-05   4.553036e-26   120
  3.142110e-01   1.223810e-25   9.673168e-05   1.381562e-26   216
  3.145221e-01   8.892136e-26   4.227207e-05   9.479886e-27   200
  3.149340e-01   1.474403e-25   1.094242e-04   2.192327e-26   288
  3.154623e-01   3.382166e-26   2.879164e-05   3.055094e-27   144
  3.156848e-01   1.592116e-25   8.959781e-05   2.263859e-26   168
  3.161391e-01   3.545069e-25   1.008340e-04   6.499995e-26   159
  3.164937e-01   8.364812e-26   1.057991e-04   9.705194e-27   174
  3.168369e-01   8.748142e-26   9.593494e-05   9.833328e-27   144
  3.172863e-01   1.647270e-25   5.539549e-05   2.045923e-26   222
  3.175869e-01   6.337438e-26   5.589895e-05   8.012906e-27   168
  3.181060e-01   1.987149e-25   1.226079e-04   4.025043e-26   30
  3.183205e-01   2.212213e-26   1.082537e-04   1.989566e-27   72
  3.187244e-01   9.196201e-26   9.661517e-05   1.334835e-26   258
  3.191684e-01   5.924081e-26   6.051257e-05   5.520046e-27   264
  3.193905e-01   9.692448e-26   0.000000e+00   1.646147e-26   72
  3.198532e-01   4.166583e-26   1.199385e-04   9.291129e-27   174
  3.202721e-01   7.999627e-26   1.277123e-04   1.215018e-26   168
  3.206090e-01   1.432150e-26   3.996146e-09   1.124925e-27   48
  3.209705e-01   4.135268e-26   7.212215e-05   9.891275e-27   150
  3.213898e-01   8.764033e-26   1.326739e-04   7.008741e-27   168
  3.218102e-01   3.204294e-26   8.081877e-05   2.547742e-27   144
  3.221967e-01   1.316285e-25   7.550312e-05   2.618817e-26   102
  3.224847e-01   1.816657e-26   1.117576e-04   1.871002e-27   96
  3.229415e-01   1.540052e-26   1.109119e-04   1.154301e-27   120
  3.232799e-01   1.290504e-26   1.189559e-04   8.745619e-28   168
  3.236458e-01   9.764107e-26   8.783953e-05   1.373996e-26   126
  3.239576e-01   6.494374e-26   6.624856e-05   1.066746e-26   168
  3.243872e-01   2.156826e-26   1.062297e-04   2.306808e-27   72
  3.247626e-01   1.948811e-26   1.330232e-04   1.377229e-27   168
  3.250914e-01   9.259195e-26   3.646820e-05   2.769034e-26   78
  3.255420e-01   1.834794e-26   5.987806e-05   1.602375e-27   60
  3.259049e-01   1.052982e-25   9.713191e-05   1.317772e-26   96
  3.262812e-01   2.836701e-26   1.178615e-04   3.152178e-27   168
  3.266349e-01   4.175395e-26   7.457817e-05   1.191080e-26   86
  3.270060e-01   9.946190e-27   6.665520e-05   7.836690e-28   120
  3.275378e-01   1.545852e-26   4.753401e-05   1.196407e-27   168
  3.278247e-01   1.323090e-26   0.000000e+00   1.600901e-27   48
  3.282110e-01   4.424653e-26   8.660181e-05   4.636194e-27   120
  3.284330e-01   2.335591e-26   6.317951e-05   4.586287e-27   126
  3.289749e-01   2.149259e-26   1.111151e-04   2.078996e-27   96
  3.293266e-01   2.326223e-26   3.204012e-05   2.055787e-27   96
  3.296039e-01   1.366143e-26   0.000000e+00   1.162517e-27   72
  3.301949e-01   1.256686e-26   3.996146e-09   2.021810e-27   24
  3.305637e-01   3.024814e-26   6.593782e-05   5.011540e-27   120
  3.308514e-01   2.859297e-26   9.618300e-05   3.618863e-27   126
  3.311713e-01   9.801254e-27   8.018157e-05   8.304142e-28   96
  3.315452e-01   6.559167e-27   1.385771e-04   4.969012e-28   72
  3.319614e-01   1.116738e-26   5.993927e-05   7.885932e-28   144
  3.323038e-01   1.433318e-26   3.457157e-05   1.513627e-27   72
  3.326459e-01   2.863468e-26   6.905176e-05   8.604384e-27   54
  3.329469e-01   2.504186e-26   6.085106e-05   3.490796e-27   108
  3.335726e-01   2.292609e-26   5.964977e-05   2.356338e-27   72
  3.337673e-01   2.118280e-26   3.441997e-05   3.110797e-27   72
  3.342294e-01   1.542810e-26   6.921527e-09   2.027260e-27   24
  3.346666e-01   5.653862e-27   7.281693e-05   5.989290e-28   48
  3.349321e-01   1.973424e-26   5.546771e-05   4.965817e-27   102
  3.353317e-01   1.293779e-26   1.254449e-04   1.297451e-27   168
  3.358538e-01   6.583366e-27   6.841470e-05   4.060712e-28   72
  3.360473e-01   7.465083e-27   0.000000e+00   8.934129e-28   48
  3.364531e-01   1.077395e-26   1.176775e-04   8.618230e-28   120
  3.369887e-01   7.552754e-27   7.231517e-05   5.997807e-28   96
  3.374945e-01   3.568350e-26   7.830814e-09   1.156305e-26   30
  3.380957e-01   1.789354e-26   3.397687e-05   1.681878e-27   72
  3.383599e-01   1.257290e-26   3.996146e-09   2.394014e-27   24
  3.386992e-01   4.057325e-27   5.036212e-05   3.700162e-28   56
  3.390793e-01   4.241182e-27   7.186930e-05   3.171447e-28   96
  3.395342e-01   8.108563e-27   7.936128e-05   6.253751e-28   144
  3.398849e-01   1.375168e-26   4.505822e-05   3.293821e-27   54
  3.403944e-01   7.806526e-27   6.750198e-05   5.671244e-28   108
  3.409071e-01   1.626554e-26   3.574199e-05   2.255723e-27   48
  3.413952e-01   9.226295e-27   1.345800e-04   7.646719e-28   72
  3.425664e-01   9.706707e-27   8.891744e-05   8.624326e-28   78
  3.428909e-01   3.603082e-27   6.701044e-05   2.745418e-28   72
  3.432698e-01   4.718700e-27   6.692725e-05   3.595934e-28   72
  3.436659e-01   7.151125e-27   1.615028e-04   6.379145e-28   96
  3.439790e-01   4.629325e-27   6.678928e-05   4.595947e-28   72
  3.443566e-01   5.075712e-27   0.000000e+00   5.016070e-28   24
  3.447338e-01   5.594633e-27   1.332770e-04   4.479827e-28   72
  3.455858e-01   7.775538e-27   8.463498e-05   8.317843e-28   30
  3.457691e-01   9.035723e-27   0.000000e+00   7.807781e-28   24
  3.467544e-01   3.506763e-27   7.027855e-05   3.542775e-28   48
  3.470634e-01   4.860259e-27   1.512394e-04   4.319734e-28   120
  3.474798e-01   3.813510e-27   6.612537e-05   2.348234e-28   72
  3.479003e-01   4.234929e-27   6.604543e-05   4.613186e-28   36
  3.481894e-01   6.270401e-27   1.305365e-04   8.347845e-28   78
  3.489960e-01   5.834267e-27   6.982714e-05   7.014103e-28   48
  3.500419e-01   8.473800e-27   5.651403e-09   1.194275e-27   24
  3.507870e-01   2.882083e-27   4.862619e-05   1.998311e-28   56
  3.511622e-01   3.987386e-27   7.482652e-05   3.688032e-28   102
  3.516395e-01   3.795963e-27   5.328194e-09   3.084909e-28   72
  3.519166e-01   3.908824e-27   0.000000e+00   5.546048e-28   24
  3.524009e-01   4.201617e-27   6.915246e-05   3.626568e-28   48
  3.532988e-01   4.854016e-27   0.000000e+00   6.896846e-28   24
  3.544007e-01   7.861749e-27   0.000000e+00   7.396222e-28   6
  3.547443e-01   2.054002e-27   0.000000e+00   3.086491e-28   24
  3.549732e-01   2.989371e-27   6.472929e-05   2.230146e-28   72
  3.553914e-01   3.657471e-27   1.207586e-04   2.711358e-28   84
  3.558418e-01   4.457673e-27   0.000000e+00   6.980916e-28   24
  3.559787e-01   3.468552e-27   5.651403e-09   6.287972e-28   24
  3.566626e-01   4.468948e-27   3.996146e-09   5.705690e-28   24
  3.576179e-01   7.862208e-27   0.000000e+00   3.062798e-27   6
  3.588424e-01   2.346096e-27   6.791113e-05   2.873191e-28   48
  3.591365e-01   2.670199e-27   1.279335e-04   1.953522e-28   72
  3.595209e-01   3.139072e-27   6.778297e-05   2.833725e-28   48
  3.601304e-01   3.361217e-27   0.000000e+00   3.848409e-28   24
  3.609415e-01   2.779233e-27   3.996146e-09   7.925686e-28   6
  3.627599e-01   2.804664e-27   0.000000e+00   4.224404e-28   8
  3.628942e-01   2.542980e-27   3.996146e-09   2.844432e-28   48
  3.632164e-01   2.272585e-27   6.573533e-05   2.230820e-28   60
  3.636991e-01   2.945972e-27   0.000000e+00   3.448261e-28   24
  3.643686e-01   2.756019e-27   0.000000e+00   6.801258e-28   6
  3.668348e-01   2.677123e-27   0.000000e+00   3.552365e-28   24
  3.670341e-01   2.400241e-27   6.639546e-05   2.858253e-28   48
  3.673659e-01   2.136089e-27   0.000000e+00   2.621096e-28   24
  3.678962e-01   1.846358e-27   3.996146e-09   3.046037e-28   6
  3.709088e-01   2.496399e-27   6.194064e-05   2.302629e-28   36
  3.711278e-01   2.252910e-27   0.000000e+00   2.901794e-28   24
  3.715215e-01   2.005446e-27   0.000000e+00   4.849810e-28   6
  3.749494e-01   2.281551e-27   5.629118e-05   4.107654e-28   32
  3.752417e-01   2.695420e-27   3.996146e-09   7.806062e-28   6
  3.789254e-01   4.375772e-27   0.000000e+00   8.244325e-28   12
  3.790540e-01   1.226152e-27   0.000000e+00   5.233432e-28   6
  3.829556e-01   2.862549e-27   5.651403e-09   4.529543e-28   6
