# power spectrum of delta_N
# redshift z=-0.036454
# k              Pk             sigma(k)       sigma(Pk)      count
  3.141593e-02   2.066465e-03   0.000000e+00   8.440322e-04   6
  4.442883e-02   3.047190e-03   0.000000e+00   6.408412e-04   12
  5.441398e-02   3.447980e-03   5.960464e-10   7.217107e-04   8
  6.283185e-02   8.032322e-02   0.000000e+00   1.687806e-02   6
  7.024815e-02   1.805108e-02   1.123916e-09   5.756905e-03   24
  7.695299e-02   3.227523e-02   1.123916e-09   5.508683e-03   24
  8.885766e-02   1.832849e-02   0.000000e+00   7.147981e-03   12
  9.424778e-02   2.826122e-02   1.271566e-09   5.328281e-03   30
  9.934588e-02   3.474375e-02   0.000000e+00   7.814006e-03   24
  1.041948e-01   3.290889e-02   1.946680e-09   8.521608e-03   24
  1.088280e-01   3.891997e-02   1.192093e-09   7.387819e-03   8
  1.132717e-01   4.172133e-02   1.589457e-09   6.096849e-03   24
  1.175476e-01   4.395338e-02   0.000000e+00   6.837624e-03   48
  1.256637e-01   1.666858e+00   0.000000e+00   1.512341e-01   6
  1.295312e-01   5.211934e-02   1.589457e-09   8.002655e-03   48
  1.332865e-01   5.494530e-02   1.498555e-09   6.548208e-03   36
  1.369388e-01   8.514837e-02   1.589457e-09   1.747848e-02   24
  1.404963e-01   6.175813e-02   2.247832e-09   1.025535e-02   24
  1.439659e-01   5.084544e-02   0.000000e+00   6.084383e-03   48
  1.473538e-01   8.108792e-02   2.247832e-09   1.152741e-02   24
  1.539060e-01   6.770155e-02   2.247832e-09   9.704384e-03   24
  1.570796e-01   1.164857e-01   0.000000e+00   4.637718e-02   30
  1.601904e-01   5.858876e-02   0.000000e+00   7.024552e-03   72
  1.632419e-01   5.162912e-02   2.384186e-09   1.287341e-02   32
  1.691799e-01   8.675795e-02   0.000000e+00   1.000137e-02   72
  1.720721e-01   5.135796e-02   0.000000e+00   8.417004e-03   48
  1.777153e-01   5.357177e-02   0.000000e+00   1.724183e-02   12
  1.804708e-01   7.060243e-02   0.000000e+00   1.162621e-02   48
  1.831848e-01   7.118815e-02   0.000000e+00   7.726240e-03   48
  1.858591e-01   7.460520e-02   2.247832e-09   8.799939e-03   48
  1.884956e-01   1.164457e+00   2.543132e-09   4.190807e-01   30
  1.910956e-01   9.513109e-02   0.000000e+00   2.093456e-02   24
  1.936608e-01   1.259252e-01   4.738846e-09   1.348666e-02   72
  1.986918e-01   5.463583e-02   0.000000e+00   1.079489e-02   24
  2.011601e-01   1.101309e-01   0.000000e+00   1.201893e-02   96
  2.035985e-01   8.155041e-02   0.000000e+00   1.390283e-02   48
  2.060080e-01   8.101406e-02   3.893359e-09   1.477874e-02   24
  2.083897e-01   3.682700e-02   3.893359e-09   6.413739e-03   24
  2.107444e-01   1.187967e-01   0.000000e+00   1.212501e-02   72
  2.130732e-01   8.851818e-02   0.000000e+00   1.138995e-02   48
  2.176559e-01   7.219614e-02   2.384186e-09   1.567527e-02   8
  2.199115e-01   2.461755e-01   2.825702e-09   8.048878e-02   54
  2.221441e-01   8.723485e-02   0.000000e+00   1.183958e-02   84
  2.243546e-01   1.125013e-01   0.000000e+00   1.560541e-02   48
  2.265435e-01   1.107058e-01   3.178914e-09   1.806544e-02   24
  2.287114e-01   9.648032e-02   4.238553e-09   9.359685e-03   72
  2.308590e-01   1.220056e-01   0.000000e+00   1.366301e-02   96
  2.350953e-01   1.518392e-01   0.000000e+00   1.580608e-02   48
  2.371850e-01   1.156974e-01   0.000000e+00   1.202649e-02   48
  2.392566e-01   9.246364e-02   0.000000e+00   1.676931e-02   24
  2.413103e-01   1.022798e-01   0.000000e+00   1.114818e-02   72
  2.453662e-01   1.140175e-01   0.000000e+00   1.553282e-02   72
  2.473693e-01   1.089960e-01   0.000000e+00   1.170675e-02   96
  2.513274e-01   1.077878e+01   0.000000e+00   1.488470e+00   6
  2.532833e-01   1.271042e-01   0.000000e+00   1.357525e-02   96
  2.552242e-01   1.477333e-01   3.178914e-09   1.458247e-02   96
  2.571504e-01   5.512209e-02   0.000000e+00   1.015303e-02   24
  2.590624e-01   1.154583e-01   3.178914e-09   1.732049e-02   48
  2.609603e-01   1.009754e-01   0.000000e+00   1.081088e-02   96
  2.628445e-01   1.209760e-01   0.000000e+00   1.952533e-02   48
  2.665730e-01   1.204010e-01   2.997109e-09   2.112220e-02   36
  2.684178e-01   1.087789e-01   5.506041e-09   1.503929e-02   48
  2.702500e-01   1.297307e-01   6.229375e-09   1.106827e-02   120
  2.720699e-01   1.332833e-01   0.000000e+00   1.818667e-02   56
  2.738777e-01   6.469481e-02   3.178914e-09   1.119056e-02   24
  2.756736e-01   1.070182e-01   0.000000e+00   1.191443e-02   96
  2.774580e-01   1.370146e-01   0.000000e+00   1.428176e-02   48
  2.809926e-01   1.469058e-01   4.495664e-09   3.057073e-02   24
  2.827433e-01   2.027903e-01   0.000000e+00   3.384468e-02   102
  2.844833e-01   1.464098e-01   3.178914e-09   2.143772e-02   48
  2.862127e-01   1.343535e-01   0.000000e+00   1.248693e-02   72
  2.879317e-01   1.347523e-01   0.000000e+00   1.469230e-02   48
  2.896405e-01   1.466075e-01   0.000000e+00   2.438373e-02   48
  2.913393e-01   1.343878e-01   7.193062e-09   1.010125e-02   120
  2.947075e-01   2.089576e-01   4.495664e-09   2.413615e-02   24
  2.963773e-01   1.250031e-01   4.238553e-09   1.024991e-02   144
  2.980376e-01   1.191486e-01   5.086263e-09   1.298691e-02   120
  2.996888e-01   1.220217e-01   4.495664e-09   1.946683e-02   48
  3.029642e-01   1.584297e-01   4.495664e-09   2.808829e-02   48
  3.045887e-01   1.309308e-01   4.495664e-09   1.307128e-02   96
  3.088780e-01   1.590783e-01   7.537918e-04   2.015456e-02   72
  3.110018e-01   1.455404e-01   3.996146e-09   1.301064e-02   108
  3.125845e-01   1.618512e-01   0.000000e+00   1.635350e-02   72
  3.141593e-01   2.414239e+00   0.000000e+00   9.268779e-01   30
  3.157262e-01   1.521348e-01   0.000000e+00   1.219626e-02   168
  3.172853e-01   2.010877e-01   0.000000e+00   2.237070e-02   48
  3.203808e-01   1.291187e-01   0.000000e+00   1.295432e-02   72
  3.219175e-01   1.529008e-01   0.000000e+00   1.583683e-02   96
  3.234468e-01   1.311239e-01   8.477105e-09   1.653699e-02   72
  3.249689e-01   1.522284e-01   0.000000e+00   1.349775e-02   72
  3.275279e-01   1.613759e-01   6.960077e-04   1.312610e-02   104
  3.294930e-01   1.603773e-01   5.994218e-09   1.127255e-02   144
  3.339559e-01   1.137825e-01   1.005261e-08   1.240282e-02   96
  3.354303e-01   1.318402e-01   0.000000e+00   1.289720e-02   96
  3.377752e-01   1.859505e-01   7.160371e-04   1.709144e-02   120
  3.398152e-01   1.360768e-01   0.000000e+00   1.262566e-02   120
  3.412643e-01   2.165528e-01   0.000000e+00   2.661785e-02   72
  3.441442e-01   1.722595e-01   0.000000e+00   1.846493e-02   48
  3.455752e-01   3.683158e-01   7.825020e-09   1.062691e-01   78
  3.474057e-01   1.657669e-01   6.411427e-04   1.333653e-02   168
  3.512407e-01   1.542053e-01   7.341388e-09   1.259262e-02   144
  3.526429e-01   2.002447e-01   5.994218e-09   1.446314e-02   144
  3.567097e-01   1.831391e-01   3.692465e-04   1.633954e-02   156
  3.581967e-01   1.468572e-01   7.786718e-09   2.210949e-02   48
  3.595717e-01   1.545655e-01   5.086263e-09   1.635040e-02   120
  3.609415e-01   1.750142e-01   0.000000e+00   3.544810e-02   48
  3.633635e-01   1.880302e-01   5.651992e-04   1.354167e-02   216
  3.663695e-01   1.263909e-01   0.000000e+00   1.482811e-02   48
  3.677140e-01   1.684364e-01   4.495664e-09   1.535701e-02   96
  3.696256e-01   1.711783e-01   6.605235e-04   1.277488e-02   168
  3.717183e-01   1.626015e-01   4.495664e-09   2.206756e-02   48
  3.730435e-01   1.622311e-01   0.000000e+00   1.419602e-02   96
  3.743640e-01   1.886285e-01   0.000000e+00   2.396182e-02   48
  3.769911e-01   3.366135e+00   5.086263e-09   1.322466e+00   30
  3.782979e-01   1.955844e-01   0.000000e+00   1.769220e-02   96
  3.798596e-01   1.679758e-01   5.191127e-04   1.107119e-02   240
  3.818679e-01   2.195840e-01   5.600478e-04   3.136868e-02   32
  3.834803e-01   1.394346e-01   0.000000e+00   1.165995e-02   168
  3.847649e-01   1.376823e-01   0.000000e+00   1.447245e-02   120
  3.873216e-01   1.581237e-01   9.477692e-09   1.742413e-02   72
  3.885936e-01   2.375946e-01   4.238553e-09   1.944249e-02   144
  3.898614e-01   1.772369e-01   0.000000e+00   1.553306e-02   96
  3.911251e-01   2.154097e-01   0.000000e+00   1.864652e-02   96
  3.936404e-01   2.215116e-01   0.000000e+00   2.178114e-02   72
  3.948921e-01   2.043374e-01   6.357829e-09   2.062987e-02   96
  3.973835e-01   2.268319e-01   0.000000e+00   3.899405e-02   24
  3.986234e-01   2.228787e-01   0.000000e+00   1.661619e-02   192
  4.000835e-01   1.694296e-01   4.752666e-04   1.452165e-02   132
  4.023202e-01   1.653236e-01   0.000000e+00   1.585986e-02   96
  4.035449e-01   1.672720e-01   0.000000e+00   1.358395e-02   96
  4.047659e-01   2.721587e-01   5.086263e-09   2.283477e-02   120
  4.071969e-01   2.505240e-01   0.000000e+00   2.509788e-02   48
  4.091897e-01   2.218263e-01   5.759849e-04   2.783863e-02   222
  4.108165e-01   2.565083e-01   0.000000e+00   1.811291e-02   120
  4.120160e-01   2.054248e-01   7.786718e-09   5.535101e-02   24
  4.137624e-01   2.110834e-01   5.945000e-04   1.239222e-02   312
  4.175676e-01   2.473790e-01   5.573676e-04   2.574514e-02   72
  4.191407e-01   2.372241e-01   7.786718e-09   2.236429e-02   96
  4.207561e-01   1.912034e-01   5.676017e-04   1.248439e-02   192
  4.226581e-01   2.629109e-01   7.193062e-09   2.538459e-02   120
  4.238240e-01   1.911475e-01   0.000000e+00   1.575373e-02   144
  4.261464e-01   2.619644e-01   0.000000e+00   2.831136e-02   48
  4.277971e-01   2.144960e-01   5.707434e-04   1.295130e-02   336
  4.296063e-01   2.037854e-01   0.000000e+00   2.320693e-02   48
  4.318976e-01   2.518840e-01   0.000000e+00   1.685182e-02   192
  4.330387e-01   1.682235e-01   0.000000e+00   2.666494e-02   48
  4.362823e-01   1.909252e-01   3.961708e-04   1.839593e-02   56
  4.378950e-01   2.080943e-01   5.088179e-04   1.172548e-02   336
  4.398230e-01   2.735804e+00   5.651403e-09   1.126660e+00   54
  4.415024e-01   2.032209e-01   5.588647e-04   1.294170e-02   240
  4.449889e-01   2.134571e-01   5.351174e-04   1.219520e-02   228
  4.465042e-01   3.003063e-01   5.994218e-09   3.411995e-02   72
  4.479751e-01   2.183002e-01   5.190769e-04   1.746920e-02   144
  4.498076e-01   2.109477e-01   0.000000e+00   1.800899e-02   96
  4.509034e-01   2.276535e-01   7.193062e-09   1.324165e-02   240
  4.530869e-01   1.717779e-01   6.357829e-09   2.782047e-02   24
  4.544849e-01   2.519080e-01   4.902641e-04   1.535532e-02   336
  4.563427e-01   2.055853e-01   0.000000e+00   2.370042e-02   72
  4.580385e-01   2.395957e-01   5.332530e-04   1.658724e-02   168
  4.595754e-01   2.357844e-01   0.000000e+00   2.532327e-02   72
  4.617179e-01   2.446507e-01   0.000000e+00   2.032793e-02   96
  4.633772e-01   2.390232e-01   5.292526e-04   1.561464e-02   216
  4.649133e-01   2.021645e-01   0.000000e+00   1.807534e-02   96
  4.670313e-01   2.364734e-01   6.357829e-09   1.755557e-02   192
  4.680868e-01   1.862928e-01   5.994218e-09   1.336787e-02   144
  4.701905e-01   2.154691e-01   0.000000e+00   2.393767e-02   48
  4.716471e-01   2.991292e-01   5.102617e-04   5.244362e-02   246
  4.736262e-01   3.076192e-01   4.704694e-04   2.330258e-02   168
  4.754092e-01   2.148652e-01   1.245875e-08   1.613506e-02   120
  4.764461e-01   2.008028e-01   0.000000e+00   1.356678e-02   240
  4.785131e-01   2.669319e-01   0.000000e+00   5.196581e-02   24
  4.801601e-01   2.265310e-01   5.035960e-04   1.030150e-02   360
  4.822112e-01   2.472954e-01   5.014531e-04   2.294877e-02   120
  4.836420e-01   2.209270e-01   0.000000e+00   1.621715e-02   144
  4.846613e-01   2.857532e-01   0.000000e+00   2.385864e-02   96
  4.877063e-01   2.142263e-01   0.000000e+00   1.855048e-02   144
  4.887171e-01   3.139495e-01   0.000000e+00   2.601590e-02   132
  4.901376e-01   2.698576e-01   4.949267e-04   2.077407e-02   176
  4.921997e-01   2.747405e-01   4.997763e-04   1.602223e-02   312
  4.947385e-01   2.568084e-01   0.000000e+00   2.897950e-02   96
  4.957350e-01   2.507410e-01   0.000000e+00   1.950408e-02   144
  4.972638e-01   2.112122e-01   4.947633e-04   1.319531e-02   312
  4.997009e-01   3.050597e-01   0.000000e+00   5.522853e-02   48
  5.006875e-01   2.747135e-01   6.357829e-09   1.776483e-02   192
  5.026548e-01   4.281997e+01   0.000000e+00   8.916109e+00   6
  5.039619e-01   2.490654e-01   4.614506e-04   1.440733e-02   288
  5.060790e-01   2.567564e-01   4.875525e-04   1.736249e-02   192
  5.075398e-01   2.247599e-01   1.495221e-08   1.456526e-02   216
  5.085112e-01   2.713791e-01   0.000000e+00   2.928142e-02   72
  5.109313e-01   2.545356e-01   4.829223e-04   1.718111e-02   192
  5.125386e-01   2.569273e-01   3.585958e-04   1.579224e-02   288
  5.143009e-01   2.271170e-01   0.000000e+00   4.020318e-02   24
  5.156624e-01   2.289178e-01   4.724202e-04   1.106068e-02   456
  5.181247e-01   4.138697e-01   6.357829e-09   4.332091e-02   48
  5.196462e-01   2.623798e-01   4.653150e-04   1.618165e-02   240
  5.213948e-01   2.599863e-01   4.702532e-04   1.991323e-02   216
  5.228652e-01   2.775604e-01   0.000000e+00   3.677470e-02   72
  5.238082e-01   2.501843e-01   1.624747e-08   1.679855e-02   168
  5.264706e-01   2.969669e-01   3.495323e-04   1.765588e-02   288
  5.279636e-01   2.846479e-01   4.624911e-04   1.975439e-02   168
  5.303619e-01   3.250219e-01   0.000000e+00   2.382297e-02   192
  5.312915e-01   2.563189e-01   5.994218e-09   1.994431e-02   144
  5.331460e-01   3.089248e-01   5.994218e-09   5.220580e-02   36
  5.347186e-01   3.121114e-01   4.223528e-04   4.908342e-02   342
  5.362222e-01   3.395104e-01   4.337051e-04   2.613181e-02   144
  5.381552e-01   2.810223e-01   4.548480e-04   1.501981e-02   384
  5.405000e-01   2.765945e-01   1.245875e-08   2.068465e-02   120
  5.416606e-01   3.027745e-01   4.055921e-04   1.865096e-02   264
  5.432322e-01   2.814343e-01   2.010522e-08   1.985881e-02   192
  5.447121e-01   3.330764e-01   4.371030e-04   2.762051e-02   152
  5.459506e-01   3.199885e-01   1.198844e-08   2.902089e-02   144
  5.485556e-01   2.377529e-01   2.828973e-04   1.451649e-02   216
  5.497613e-01   2.596519e-01   3.780263e-04   1.464542e-02   312
  5.518839e-01   2.581867e-01   4.381250e-04   1.695162e-02   240
  5.531345e-01   2.442692e-01   6.357829e-09   2.098588e-02   96
  5.555083e-01   2.776039e-01   4.188792e-04   2.130631e-02   144
  5.569713e-01   2.632350e-01   4.117214e-04   1.153793e-02   456
  5.593447e-01   2.527437e-01   0.000000e+00   2.081885e-02   120
  5.602262e-01   2.930368e-01   0.000000e+00   2.264949e-02   144
  5.619852e-01   2.996094e-01   8.991328e-09   5.938865e-02   24
  5.631129e-01   2.875430e-01   3.957596e-04   1.591187e-02   336
  5.650632e-01   2.035091e+00   4.364690e-04   7.884631e-01   198
  5.668907e-01   3.059681e-01   4.244410e-04   1.720104e-02   432
  5.689666e-01   2.479887e-01   6.357829e-09   3.582816e-02   48
  5.700496e-01   3.108527e-01   3.747080e-04   1.639957e-02   384
  5.719941e-01   2.672505e-01   4.313683e-04   2.034159e-02   144
  5.737560e-01   3.142846e-01   4.282921e-04   1.844597e-02   264
  5.758634e-01   3.143912e-01   0.000000e+00   4.037079e-02   48
  5.772774e-01   2.324711e-01   4.072357e-04   1.471370e-02   276
  5.786417e-01   3.402637e-01   3.691482e-04   2.313569e-02   192
  5.804649e-01   2.786860e-01   4.148414e-04   1.284450e-02   552
  5.826786e-01   2.854721e-01   1.438612e-08   2.162747e-02   120
  5.839944e-01   3.115512e-01   4.199218e-04   2.091222e-02   216
  5.852139e-01   3.086693e-01   7.193062e-09   2.432922e-02   120
  5.873922e-01   3.040950e-01   4.135200e-04   1.546919e-02   408
  5.894150e-01   2.384834e-01   8.991328e-09   4.238859e-02   24
  5.906694e-01   3.165365e-01   4.177296e-04   1.800662e-02   384
  5.924213e-01   3.347589e-01   4.081368e-04   2.081232e-02   240
  5.939425e-01   2.292542e-01   4.111256e-04   1.727818e-02   168
  5.960753e-01   2.746602e-01   1.017253e-08   2.200013e-02   120
  5.974502e-01   3.901726e-01   4.285769e-04   4.904317e-02   350
  5.996859e-01   2.912901e-01   7.055203e-04   1.580151e-02   384
  6.010221e-01   3.302945e-01   0.000000e+00   2.519421e-02   144
  6.034802e-01   2.724374e-01   1.695421e-08   1.774462e-02   288
  6.047637e-01   2.785381e-01   4.038485e-04   1.577566e-02   336
  6.065098e-01   2.960719e-01   3.676705e-04   2.128391e-02   168
  6.075551e-01   3.119333e-01   7.266090e-09   1.621407e-02   336
  6.097171e-01   2.864861e-01   3.816201e-04   1.513163e-02   288
  6.110156e-01   2.678365e-01   3.595837e-04   1.634925e-02   264
  6.132144e-01   3.277922e-01   0.000000e+00   2.309875e-02   240
  6.140186e-01   3.067062e-01   1.271566e-08   2.576126e-02   96
  6.169049e-01   2.766858e-01   4.890096e-04   1.312914e-02   360
  6.182520e-01   2.982828e-01   3.604841e-04   2.528836e-02   168
  6.199540e-01   3.211010e-01   3.929651e-04   1.357160e-02   456
  6.220036e-01   2.869411e-01   7.992291e-09   3.008331e-02   108
  6.231564e-01   2.890392e-01   3.942898e-04   1.931808e-02   264
  6.245946e-01   3.308596e-01   3.517707e-04   1.765494e-02   264
  6.265640e-01   2.862707e-01   3.319469e-04   1.618518e-02   312
  6.290162e-01   1.630818e+00   2.466728e-04   5.978469e-01   270
  6.300440e-01   3.634200e-01   3.131822e-04   2.287837e-02   240
  6.318916e-01   3.152025e-01   3.874458e-04   1.591928e-02   384
  6.330134e-01   2.913718e-01   0.000000e+00   2.582927e-02   192
  6.351924e-01   3.051211e-01   3.108737e-04   1.889733e-02   240
  6.364563e-01   2.943107e-01   3.836683e-04   1.582165e-02   336
  6.388333e-01   3.258165e-01   3.862355e-04   1.394746e-02   480
  6.407617e-01   4.165417e-01   0.000000e+00   4.248319e-02   72
  6.418389e-01   3.176878e-01   3.766148e-04   2.087769e-02   240
  6.433040e-01   3.165432e-01   3.539663e-04   1.604925e-02   312
  6.449835e-01   3.251846e-01   3.825526e-04   2.083561e-02   240
  6.475214e-01   3.236762e-01   2.906410e-04   1.663888e-02   408
  6.485261e-01   3.020278e-01   2.661571e-04   1.509655e-02   336
  6.504896e-01   3.044812e-01   3.379539e-04   1.753607e-02   264
  6.514545e-01   3.766853e-01   0.000000e+00   3.216069e-02   144
  6.541393e-01   3.366799e-01   4.684242e-04   1.417064e-02   464
  6.555537e-01   3.581299e-01   3.724933e-04   2.510661e-02   168
  6.569502e-01   3.420706e-01   3.392602e-04   2.130207e-02   336
  6.594741e-01   3.838946e-01   3.564592e-04   5.661357e-02   414
  6.608969e-01   3.404854e-01   3.710529e-04   2.207033e-02   216
  6.627197e-01   3.325112e-01   8.991328e-09   3.239052e-02   96
  6.634639e-01   3.353395e-01   2.697398e-08   1.734897e-02   384
  6.660710e-01   3.153568e-01   3.703360e-04   1.534847e-02   492
  6.674682e-01   3.642508e-01   3.621568e-04   2.462102e-02   240
  6.690474e-01   3.466324e-01   3.677161e-04   2.099337e-02   312
  6.712282e-01   3.919009e-01   3.675950e-04   2.474820e-02   192
  6.726096e-01   3.158550e-01   3.562441e-04   1.553444e-02   504
  6.744424e-01   3.377578e-01   2.358397e-04   1.785867e-02   408
  6.758855e-01   3.059714e-01   7.225239e-04   2.311112e-02   168
  6.776913e-01   3.383655e-01   3.432052e-04   1.947578e-02   288
  6.792066e-01   3.391497e-01   3.581640e-04   1.838001e-02   288
  6.807589e-01   3.317598e-01   3.602256e-04   1.652672e-02   432
  6.830104e-01   3.402011e-01   3.406534e-04   2.250827e-02   216
  6.842135e-01   3.731329e-01   3.399348e-04   1.986406e-02   360
  6.863554e-01   3.210655e-01   3.317731e-04   1.545677e-02   312
  6.882885e-01   2.082838e-01   0.000000e+00   1.634338e-02   48
  6.894028e-01   2.949923e-01   3.557085e-04   1.321693e-02   432
  6.913984e-01   7.878110e-01   5.933254e-04   1.790718e-01   414
  6.925769e-01   3.587419e-01   3.130008e-08   1.876395e-02   312
  6.947756e-01   3.890921e-01   5.206101e-04   1.702912e-02   528
  6.962593e-01   3.820641e-01   2.732762e-04   2.157066e-02   264
  6.980417e-01   3.745289e-01   3.240306e-04   1.817160e-02   480
  7.003709e-01   3.766641e-01   0.000000e+00   2.252667e-02   288
  7.013766e-01   3.095667e-01   3.481608e-04   2.141428e-02   168
  7.032168e-01   3.715807e-01   5.511376e-04   1.712687e-02   504
  7.052858e-01   4.026116e-01   1.198844e-08   2.940135e-02   144
  7.065874e-01   3.038120e-01   3.539624e-04   1.489222e-02   464
  7.085433e-01   3.116722e-01   5.194598e-04   1.532803e-02   432
  7.094715e-01   3.987834e-01   0.000000e+00   2.804003e-02   192
  7.118702e-01   3.060484e-01   3.850933e-04   1.570299e-02   396
  7.132867e-01   4.175816e-01   3.459199e-04   2.373346e-02   288
  7.147184e-01   3.333407e-01   3.417097e-04   1.809284e-02   336
  7.170054e-01   3.699131e-01   2.163775e-04   1.698011e-02   432
  7.184567e-01   3.554611e-01   5.608202e-04   1.822047e-02   360
  7.200863e-01   3.298910e-01   3.317334e-04   1.496404e-02   384
  7.224007e-01   4.410236e-01   2.928185e-04   2.717026e-02   198
  7.235158e-01   3.491008e-01   3.328394e-04   1.456678e-02   552
  7.255952e-01   3.430055e-01   4.659523e-04   1.760821e-02   432
  7.273313e-01   3.768899e-01   0.000000e+00   3.229143e-02   168
  7.287883e-01   4.022830e-01   5.776104e-04   1.923307e-02   480
  7.307158e-01   3.997774e-01   0.000000e+00   4.646023e-02   120
  7.315834e-01   3.851777e-01   4.717672e-04   2.135523e-02   336
  7.337004e-01   3.575272e-01   3.328244e-04   1.421889e-02   672
  7.357937e-01   3.643013e-01   4.841385e-04   1.581490e-02   528
  7.367688e-01   3.750396e-01   1.453218e-08   2.983448e-02   168
  7.390213e-01   3.627528e-01   5.400533e-04   1.665490e-02   456
  7.403958e-01   3.446828e-01   3.298151e-04   2.709861e-02   168
  7.418226e-01   3.759537e-01   3.292229e-04   1.700168e-02   504
  7.441946e-01   3.780427e-01   4.236594e-04   1.959353e-02   336
  7.456288e-01   3.682302e-01   3.054083e-04   1.987914e-02   312
  7.472199e-01   3.548903e-01   2.984046e-04   1.453837e-02   504
  7.493135e-01   3.403975e-01   2.070414e-04   1.641914e-02   432
  7.502979e-01   3.784685e-01   3.199475e-04   2.250548e-02   312
  7.523441e-01   3.270532e-01   3.279618e-04   1.767354e-02   384
  7.544807e-01   7.598395e-01   2.786416e-04   1.301644e-01   126
  7.557997e-01   3.234107e-01   4.892282e-04   1.228555e-02   492
  7.574845e-01   3.640145e-01   3.133512e-04   1.425400e-02   528
  7.595900e-01   3.703570e-01   3.182975e-04   1.836432e-02   480
  7.608954e-01   3.839303e-01   4.397263e-04   1.883950e-02   432
  7.627844e-01   3.614814e-01   3.457865e-04   1.765228e-02   440
  7.649782e-01   3.776885e-01   1.719582e-04   2.111779e-02   312
  7.658014e-01   3.720196e-01   2.576938e-04   1.571613e-02   480
  7.674900e-01   3.207831e-01   5.045595e-04   1.682954e-02   408
  7.699572e-01   3.978484e-01   3.021740e-04   2.232485e-02   360
  7.709996e-01   4.206901e-01   2.915870e-04   2.120479e-02   408
  7.729312e-01   3.931669e-01   2.967266e-04   1.707188e-02   456
  7.751062e-01   4.551607e-01   2.835976e-04   2.877025e-02   264
  7.763135e-01   3.499983e-01   3.077746e-04   1.965871e-02   384
  7.780708e-01   3.819647e-01   5.181601e-04   1.451701e-02   672
  7.801024e-01   3.823667e-01   3.099267e-04   2.189227e-02   240
  7.812746e-01   3.421407e-01   3.144981e-04   1.880899e-02   264
  7.829292e-01   4.077571e-01   3.878815e-04   1.446429e-02   624
  7.853982e-01   4.219198e-01   0.000000e+00   3.425205e-02   150
  7.862772e-01   4.185256e-01   4.346518e-04   1.879063e-02   600
  7.881310e-01   3.860534e-01   2.999855e-04   1.587219e-02   672
  7.902303e-01   4.019664e-01   2.821575e-04   2.083053e-02   336
  7.913996e-01   4.090856e-01   3.069052e-04   2.134625e-02   408
  7.932681e-01   4.031139e-01   3.061822e-04   1.842474e-02   408
  7.953464e-01   3.813780e-01   1.548222e-04   2.025529e-02   360
  7.966274e-01   3.846194e-01   5.684571e-04   2.170856e-02   456
  7.981747e-01   4.354399e-01   3.091305e-04   2.476752e-02   384
  8.001443e-01   3.458374e-01   2.853666e-04   1.683805e-02   348
  8.012087e-01   4.207008e-01   3.518006e-04   1.754709e-02   576
  8.032080e-01   4.069727e-01   2.896616e-04   2.087697e-02   504
  8.052533e-01   3.896680e-01   4.085508e-04   1.881833e-02   432
  8.070386e-01   3.496238e-01   5.558314e-04   1.377886e-02   576
  8.083117e-01   4.119152e-01   0.000000e+00   2.353076e-02   264
  8.103314e-01   4.155570e-01   4.423029e-04   1.468613e-02   768
  8.120878e-01   4.013347e-01   5.954803e-04   3.080166e-02   240
  8.134843e-01   4.716621e-01   5.251573e-04   3.366332e-02   192
  8.155184e-01   3.894713e-01   3.865799e-04   1.665884e-02   504
  8.170269e-01   8.608461e-01   5.209309e-04   2.130904e-01   590
  8.184736e-01   4.505317e-01   5.836745e-04   2.195576e-02   384
  8.202876e-01   4.148260e-01   4.877800e-04   1.864385e-02   504
  8.224778e-01   4.341029e-01   4.694128e-04   1.700252e-02   648
  8.246022e-01   4.420102e-01   1.274863e-04   2.057895e-02   504
  8.254588e-01   3.897101e-01   2.908203e-04   2.135382e-02   312
  8.269711e-01   4.606711e-01   4.190005e-04   2.017192e-02   576
  8.290471e-01   4.634262e-01   2.915849e-04   2.804834e-02   240
  8.302574e-01   3.819466e-01   2.946324e-04   1.432194e-02   552
  8.319706e-01   4.573935e-01   2.766531e-04   1.758057e-02   600
  8.344107e-01   4.299517e-01   3.379098e-04   1.589241e-02   600
  8.358778e-01   4.581722e-01   5.411359e-04   2.392175e-02   312
  8.373389e-01   4.764320e-01   4.712758e-04   2.153251e-02   480
  8.391640e-01   4.274696e-01   2.940309e-04   1.670857e-02   576
  8.407709e-01   3.882134e-01   4.734535e-04   2.060518e-02   408
  8.421967e-01   3.703212e-01   5.523054e-04   2.640895e-02   216
  8.440389e-01   3.756218e-01   4.230038e-04   1.664474e-02   516
  8.460125e-01   4.472285e-01   4.035886e-04   1.595090e-02   744
  8.480486e-01   5.502807e-01   2.695616e-04   9.688385e-02   462
  8.491990e-01   4.607256e-01   2.739703e-04   2.556468e-02   432
  8.509836e-01   4.800787e-01   2.541675e-04   2.065292e-02   648
  8.530818e-01   4.489102e-01   3.718944e-04   1.907130e-02   528
  8.547671e-01   4.116731e-01   4.478537e-04   1.737836e-02   600
  8.564512e-01   4.398664e-01   5.646264e-04   2.670683e-02   240
  8.580823e-01   4.441708e-01   4.324984e-04   1.703442e-02   720
  8.599780e-01   4.225852e-01   3.421845e-04   1.541436e-02   720
  8.620796e-01   4.859849e-01   0.000000e+00   3.808878e-02   144
  8.631855e-01   4.564306e-01   4.411782e-04   1.730474e-02   720
  8.647586e-01   5.046899e-01   2.645391e-04   2.573662e-02   384
  8.667282e-01   4.286588e-01   2.932557e-04   1.598590e-02   672
  8.685969e-01   4.570229e-01   5.134584e-04   2.404385e-02   336
  8.694893e-01   4.388415e-01   0.000000e+00   2.324575e-02   288
  8.716748e-01   4.721264e-01   4.063680e-04   1.787745e-02   776
  8.736979e-01   4.276733e-01   3.477095e-04   1.517429e-02   720
  8.753970e-01   4.920463e-01   2.801055e-04   2.425182e-02   432
  8.767560e-01   4.657908e-01   3.993257e-04   2.154069e-02   504
  8.782678e-01   4.653329e-01   2.797843e-04   1.915852e-02   528
  8.803833e-01   2.205431e+00   3.811898e-04   7.534449e-01   438
  8.821237e-01   4.935234e-01   4.436701e-04   2.049601e-02   624
  8.834351e-01   4.982398e-01   5.434359e-04   2.644339e-02   312
  8.852381e-01   5.457547e-01   2.927896e-04   2.224773e-02   696
  8.871024e-01   4.126976e-01   2.649216e-04   1.708689e-02   552
  8.890414e-01   4.854587e-01   2.049609e-04   1.984763e-02   516
  8.902410e-01   5.273981e-01   4.093940e-04   2.434077e-02   528
  8.917013e-01   4.489013e-01   2.662401e-04   1.911315e-02   528
  8.937755e-01   4.553869e-01   3.511167e-04   1.530820e-02   864
  8.951836e-01   4.414677e-01   4.809576e-04   2.207880e-02   408
  8.965930e-01   5.171169e-01   4.765097e-04   4.601671e-02   192
  8.985906e-01   4.101372e-01   3.943347e-04   1.512049e-02   720
  9.002770e-01   4.327043e-01   3.635960e-04   1.623281e-02   696
  9.022808e-01   4.796975e-01   3.926871e-04   1.869448e-02   720
  9.041141e-01   4.609831e-01   5.322402e-04   2.208429e-02   432
  9.051831e-01   3.754208e-01   3.132974e-04   1.938242e-02   264
  9.071068e-01   4.771840e-01   4.326498e-04   2.023970e-02   672
  9.088274e-01   4.289299e-01   4.429670e-04   1.826443e-02   600
  9.108692e-01   7.297927e-01   2.593567e-04   2.370320e-01   270
  9.118985e-01   4.688244e-01   3.904042e-04   1.999780e-02   528
  9.135346e-01   4.983925e-01   2.673349e-04   1.822732e-02   840
  9.157780e-01   4.586359e-01   5.111923e-04   1.632032e-02   888
  9.178509e-01   4.467006e-01   3.808759e-04   1.628857e-02   744
  9.196028e-01   3.892473e-01   1.957146e-04   2.021831e-02   456
  9.204741e-01   5.597134e-01   2.674561e-04   3.244411e-02   360
  9.219651e-01   4.509617e-01   2.317357e-04   2.114304e-02   384
  9.242528e-01   4.362374e-01   3.717018e-04   1.519821e-02   816
  9.259693e-01   5.059229e-01   5.392874e-04   1.947240e-02   824
  9.280557e-01   4.675179e-01   2.506865e-04   2.524966e-02   360
  9.291730e-01   4.688145e-01   3.699191e-04   1.967592e-02   624
  9.307106e-01   4.397663e-01   2.499713e-04   2.134167e-02   360
  9.327590e-01   4.593827e-01   3.400343e-04   1.574591e-02   876
  9.346089e-01   4.364866e-01   4.038591e-04   1.755653e-02   696
  9.364747e-01   4.012933e-01   2.607857e-04   2.151706e-02   336
  9.374528e-01   5.285262e-01   2.604927e-04   2.669318e-02   504
  9.390682e-01   4.289331e-01   2.627499e-04   1.606764e-02   672
  9.414648e-01   4.553605e-01   5.230740e-04   1.617647e-02   720
  9.431269e-01   1.212604e+00   3.951266e-04   3.409965e-01   774
  9.449616e-01   5.853169e-01   2.261602e-04   3.345534e-02   384
  9.459224e-01   4.647415e-01   4.352293e-04   2.133574e-02   528
  9.474136e-01   5.462102e-01   4.147978e-04   2.223384e-02   744
  9.498123e-01   5.043121e-01   3.421202e-04   1.996269e-02   768
  9.514049e-01   4.817133e-01   3.840557e-04   2.055890e-02   552
  9.533920e-01   4.537248e-01   4.185773e-04   1.813294e-02   696
  9.548702e-01   4.141315e-01   5.086441e-04   2.282013e-02   408
  9.560436e-01   4.971659e-01   2.197383e-04   2.420923e-02   504
  9.579038e-01   4.052284e-01   3.947516e-04   1.341724e-02   888
  9.597342e-01   4.985778e-01   4.102611e-04   2.050518e-02   648
  9.616367e-01   4.347136e-01   4.067445e-04   1.863422e-02   648
  9.634268e-01   4.528804e-01   4.385703e-04   1.677337e-02   792
  9.653228e-01   4.665033e-01   6.416583e-04   2.015063e-02   600
  9.667199e-01   4.693383e-01   4.348569e-04   2.133798e-02   456
  9.681906e-01   4.703476e-01   2.119307e-04   1.896463e-02   648
  9.700794e-01   4.231110e-01   4.132958e-04   1.383293e-02   936
  9.721186e-01   4.230954e-01   2.538169e-04   2.537749e-02   384
  9.738937e-01   8.017958e-01   0.000000e+00   2.395856e-01   198
  9.752636e-01   4.090171e-01   6.439552e-04   1.255077e-02   1224
  9.767415e-01   5.408768e-01   4.689976e-04   2.540521e-02   420
  9.784892e-01   4.464314e-01   4.538916e-04   1.680582e-02   792
  9.801982e-01   4.621458e-01   3.753296e-04   1.892845e-02   680
  9.821484e-01   4.380417e-01   3.446453e-04   1.960485e-02   600
  9.837176e-01   4.074873e-01   4.998301e-04   1.420365e-02   840
  9.858129e-01   4.706265e-01   2.359966e-04   2.214132e-02   432
  9.866135e-01   4.425659e-01   2.211599e-04   1.711547e-02   720
  9.883541e-01   4.186862e-01   4.429446e-04   1.365589e-02   960
  9.905192e-01   4.365292e-01   3.948527e-04   2.048709e-02   528
  9.921014e-01   4.191873e-01   4.036147e-04   1.662829e-02   624
  9.939846e-01   4.206723e-01   3.172384e-04   1.766998e-02   816
  9.958538e-01   3.992554e-01   5.217054e-04   1.436545e-02   696
  9.979194e-01   4.442825e-01   3.523866e-08   2.729249e-02   240
  9.986961e-01   4.210285e-01   3.076621e-04   1.722958e-02   672
  1.000430e+00   4.260823e-01   5.498361e-04   1.480973e-02   864
  1.002374e+00   4.297226e-01   4.219100e-04   1.483288e-02   816
  1.004127e+00   3.942542e-01   2.414867e-04   1.545837e-02   648
  1.006015e+00   7.946512e-01   2.468434e-04   2.092238e-01   843
  1.007618e+00   4.283150e-01   4.441320e-04   1.819399e-02   780
  1.009528e+00   4.682193e-01   2.383130e-04   4.375781e-02   216
  1.010706e+00   4.400729e-01   5.746657e-04   1.431911e-02   1056
  1.012518e+00   3.534708e-01   4.701411e-04   2.222079e-02   228
  1.014195e+00   4.519102e-01   5.853373e-04   1.664078e-02   924
  1.015917e+00   4.268143e-01   2.171273e-04   1.733805e-02   696
  1.017741e+00   4.333114e-01   3.864245e-04   1.287517e-02   996
  1.019607e+00   4.194243e-01   2.281373e-04   1.780727e-02   576
  1.021548e+00   3.917917e-01   3.521149e-04   1.633096e-02   552
  1.022963e+00   4.305947e-01   4.204128e-04   1.976135e-02   516
  1.024399e+00   4.145199e-01   6.113675e-04   1.707550e-02   744
  1.026040e+00   3.797157e-01   2.999122e-04   1.754879e-02   576
  1.027467e+00   4.304043e-01   3.086856e-04   1.555590e-02   792
  1.029495e+00   4.250691e-01   3.528849e-04   1.575546e-02   792
  1.030982e+00   4.484512e-01   3.805826e-04   1.637445e-02   720
  1.032992e+00   4.509205e-01   4.337767e-04   1.839593e-02   656
  1.034876e+00   4.171105e-01   4.736616e-04   1.630681e-02   816
  1.036807e+00   4.458071e-01   2.553903e-04   2.233072e-02   492
  1.037904e+00   4.577703e-01   3.673970e-04   2.373614e-02   552
  1.039964e+00   4.004093e-01   6.388587e-04   1.527635e-02   780
  1.041302e+00   4.480645e-01   3.924433e-04   1.795044e-02   528
  1.042744e+00   4.080312e-01   4.581007e-04   1.710585e-02   600
  1.044868e+00   4.063729e-01   3.807180e-04   1.384067e-02   900
  1.046332e+00   4.082389e-01   2.107720e-04   1.721369e-02   696
  1.048347e+00   4.048930e-01   5.329451e-04   1.610268e-02   696
  1.050296e+00   3.954918e-01   2.162108e-04   1.627639e-02   552
  1.051935e+00   4.128057e-01   2.514331e-04   1.605023e-02   708
  1.053652e+00   4.125699e-01   4.151305e-04   1.578678e-02   876
  1.055438e+00   4.252195e-01   2.204260e-04   2.923947e-02   216
  1.056637e+00   3.995668e-01   6.028951e-04   1.302379e-02   1032
  1.058432e+00   3.715582e-01   6.712571e-04   1.589967e-02   600
  1.060296e+00   3.947867e-01   3.202990e-04   1.772059e-02   600
  1.061717e+00   3.986712e-01   5.656180e-04   1.823152e-02   528
  1.063397e+00   3.924376e-01   3.104995e-04   1.431074e-02   732
  1.065167e+00   3.725261e-01   2.292757e-04   1.945744e-02   336
  1.067205e+00   3.462762e-01   3.267633e-04   1.196205e-02   912
  1.068728e+00   3.734964e-01   3.279713e-04   1.481017e-02   624
  1.070391e+00   3.944570e-01   2.763746e-04   1.378562e-02   768
  1.072333e+00   4.015324e-01   4.986341e-04   1.368087e-02   792
  1.074239e+00   3.916455e-01   2.472022e-04   1.645235e-02   660
  1.075595e+00   3.710630e-01   3.642922e-04   1.883144e-02   504
  1.076998e+00   3.778101e-01   5.951837e-04   1.750826e-02   480
  1.079100e+00   3.444364e-01   5.504674e-04   1.112004e-02   912
  1.080746e+00   3.878708e-01   6.130308e-04   1.814431e-02   432
  1.082301e+00   4.244158e-01   3.640033e-04   1.767789e-02   564
  1.083681e+00   3.429683e-01   3.484013e-04   1.507413e-02   600
  1.085624e+00   4.075284e-01   4.856383e-04   1.568940e-02   876
  1.087083e+00   3.925813e-01   2.183577e-04   2.646752e-02   264
  1.089095e+00   3.437017e-01   4.236997e-04   1.548581e-02   560
  1.090713e+00   3.912126e-01   2.879131e-04   1.480662e-02   840
  1.092676e+00   3.545880e-01   4.438790e-04   1.146475e-02   1008
  1.094491e+00   3.491268e-01   1.985617e-04   1.647584e-02   456
  1.096149e+00   3.791743e-01   2.572085e-04   1.647745e-02   576
  1.097681e+00   4.183251e-01   3.952284e-04   1.831680e-02   612
  1.099702e+00   3.681415e-01   3.530031e-04   1.258947e-02   780
  1.101351e+00   3.850715e-01   4.045254e-04   1.482945e-02   648
  1.103039e+00   3.823295e-01   1.885140e-04   2.316975e-02   312
  1.104117e+00   3.625433e-01   4.789832e-04   1.848977e-02   528
  1.105986e+00   3.616031e-01   6.255282e-04   1.358770e-02   720
  1.107773e+00   4.108382e-01   6.274871e-04   1.804429e-02   576
  1.109940e+00   4.717467e-01   5.412886e-04   2.120227e-02   444
  1.111288e+00   3.661447e-01   5.308295e-04   1.147587e-02   996
  1.112940e+00   3.787919e-01   4.434024e-04   1.959596e-02   432
  1.114501e+00   4.028497e-01   4.854384e-04   1.768844e-02   504
  1.115850e+00   3.316505e-01   2.188612e-04   1.559979e-02   504
  1.117770e+00   3.856754e-01   4.307215e-04   1.410973e-02   876
  1.119508e+00   3.495926e-01   4.957194e-04   1.634150e-02   504
  1.121318e+00   3.559503e-01   3.161439e-04   1.322052e-02   696
  1.122813e+00   3.623603e-01   2.702699e-04   1.625424e-02   492
  1.124848e+00   3.121257e-01   3.869044e-04   1.561528e-02   432
  1.126355e+00   4.280229e-01   3.622936e-04   1.493425e-02   768
  1.128142e+00   3.645371e-01   4.512853e-04   1.334891e-02   648
  1.129847e+00   3.638481e-01   2.944152e-04   1.800616e-02   456
  1.131808e+00   3.979715e-01   4.048687e-04   1.594333e-02   552
  1.133169e+00   3.606240e-01   2.774973e-04   1.368541e-02   648
  1.135043e+00   3.952177e-01   4.523051e-04   1.434792e-02   840
  1.136873e+00   3.660086e-01   2.156948e-04   1.869283e-02   432
  1.138705e+00   3.850411e-01   2.641893e-04   1.624530e-02   600
  1.139979e+00   3.615302e-01   2.814763e-04   1.668507e-02   432
  1.142120e+00   3.789662e-01   2.802371e-04   1.675626e-02   560
  1.143569e+00   3.717224e-01   4.435859e-04   1.217031e-02   840
  1.145384e+00   3.637133e-01   2.627424e-04   1.494934e-02   504
  1.146826e+00   4.227660e-01   5.362415e-04   1.911771e-02   696
  1.148858e+00   4.171814e-01   2.928760e-04   2.489842e-02   384
  1.150441e+00   3.802846e-01   4.290289e-04   1.740901e-02   576
  1.152355e+00   3.758805e-01   2.647752e-04   1.996795e-02   360
  1.153898e+00   3.401144e-01   3.943145e-04   1.257827e-02   828
  1.155563e+00   4.307167e-01   3.512103e-04   2.346180e-02   372
  1.157088e+00   3.632145e-01   5.363655e-04   1.473808e-02   576
  1.159108e+00   3.795621e-01   2.246293e-04   1.542224e-02   636
  1.160548e+00   3.527545e-01   4.330272e-04   1.360750e-02   648
  1.162495e+00   3.840292e-01   3.520038e-04   1.851103e-02   576
  1.163893e+00   3.720302e-01   5.678192e-04   1.663012e-02   528
  1.165752e+00   3.719751e-01   2.427662e-04   1.943851e-02   360
  1.167291e+00   3.786591e-01   5.584532e-04   1.549002e-02   672
  1.169301e+00   3.809793e-01   2.860489e-04   1.508380e-02   804
  1.170973e+00   3.731855e-01   3.155462e-04   1.931307e-02   408
  1.172823e+00   3.629148e-01   1.950418e-04   1.820707e-02   384
  1.174069e+00   3.707834e-01   4.463307e-04   1.812526e-02   480
  1.175826e+00   3.803611e-01   2.883950e-04   1.636107e-02   432
  1.177511e+00   4.191659e-01   5.314505e-04   1.612090e-02   648
  1.179506e+00   3.395232e-01   3.297625e-04   1.223168e-02   624
  1.180965e+00   3.398120e-01   2.999468e-04   1.517913e-02   456
  1.182958e+00   3.618643e-01   4.097541e-04   1.538985e-02   588
  1.184293e+00   3.975568e-01   2.614214e-04   1.579783e-02   600
  1.186242e+00   3.731162e-01   4.077532e-04   1.449353e-02   708
  1.187782e+00   3.459065e-01   2.568767e-04   1.922557e-02   360
  1.189484e+00   3.481964e-01   2.952866e-04   1.495347e-02   552
  1.191115e+00   3.958431e-01   2.071505e-04   2.268116e-02   288
  1.192771e+00   4.097872e-01   3.894996e-04   1.597629e-02   528
  1.194327e+00   4.004116e-01   2.627744e-04   1.849591e-02   456
  1.196066e+00   4.047926e-01   4.659561e-04   1.740376e-02   608
  1.197814e+00   3.793355e-01   2.254347e-04   1.642201e-02   504
  1.199725e+00   3.650291e-01   4.839956e-04   1.761497e-02   540
  1.201223e+00   3.621866e-01   5.195556e-04   2.270915e-02   360
  1.202838e+00   3.830514e-01   2.352814e-04   1.610624e-02   540
  1.204266e+00   3.627361e-01   2.020170e-04   1.496017e-02   576
  1.206343e+00   4.097686e-01   4.684089e-04   1.720144e-02   588
  1.208318e+00   3.665207e-01   6.462628e-04   1.480481e-02   672
  1.210014e+00   3.775312e-01   4.939442e-04   1.583885e-02   552
  1.211382e+00   3.748348e-01   4.941939e-04   2.902696e-02   144
  1.213127e+00   3.792946e-01   4.198685e-04   1.621321e-02   600
  1.214781e+00   3.643858e-01   5.261868e-04   1.662108e-02   504
  1.216618e+00   3.318758e-01   5.405001e-04   1.843373e-02   336
  1.218549e+00   3.676921e-01   6.075245e-04   1.814035e-02   600
  1.220279e+00   3.274810e-01   3.920764e-04   1.297649e-02   636
  1.222146e+00   4.100832e-01   3.152330e-04   1.841370e-02   384
  1.223455e+00   4.016018e-01   4.397128e-04   1.746491e-02   504
  1.225342e+00   3.653089e-01   1.845413e-04   2.379629e-02   240
  1.226831e+00   4.071199e-01   4.335137e-04   1.551314e-02   744
  1.228618e+00   3.868676e-01   2.960240e-04   1.662813e-02   648
  1.230205e+00   4.006220e-01   1.965095e-04   2.853357e-02   120
  1.232066e+00   4.038482e-01   3.086910e-04   1.557740e-02   564
  1.233472e+00   3.951512e-01   4.848178e-04   1.787593e-02   432
  1.235349e+00   3.552409e-01   3.763145e-04   1.733567e-02   480
  1.236762e+00   3.243501e-01   2.769770e-04   1.415714e-02   456
  1.238430e+00   3.708440e-01   4.583559e-04   1.735166e-02   444
  1.240323e+00   3.439678e-01   7.013087e-04   1.686906e-02   528
  1.241986e+00   4.426998e-01   5.208476e-04   2.383441e-02   264
  1.243600e+00   3.472771e-01   5.337912e-04   1.627442e-02   444
  1.245770e+00   4.108619e-01   5.846898e-04   1.759412e-02   696
  1.247572e+00   4.069874e-01   3.127117e-04   2.033784e-02   384
  1.248890e+00   3.816889e-01   3.951374e-04   1.773258e-02   432
  1.250940e+00   3.563886e-01   2.730215e-04   1.563403e-02   488
  1.252270e+00   3.894046e-01   4.114773e-04   1.803887e-02   480
  1.254200e+00   3.490236e-01   4.588823e-04   1.564352e-02   480
  1.255694e+00   3.851955e-01   1.925330e-04   2.364391e-02   240
  1.257391e+00   4.243903e-01   4.497418e-04   2.016947e-02   600
  1.258991e+00   3.657343e-01   3.919039e-04   2.245305e-02   288
  1.260695e+00   3.954298e-01   3.769828e-04   2.113337e-02   480
  1.262421e+00   3.650755e-01   6.705851e-04   1.609659e-02   504
  1.264120e+00   4.012433e-01   2.877228e-04   3.376378e-02   216
  1.266287e+00   4.331046e-01   4.710480e-04   1.898423e-02   504
  1.267974e+00   4.313043e-01   3.788659e-04   1.994740e-02   456
  1.269821e+00   4.223963e-01   2.172861e-04   2.003166e-02   384
  1.271045e+00   4.170185e-01   4.410122e-04   1.985618e-02   480
  1.272784e+00   3.769857e-01   3.872581e-04   1.947519e-02   504
  1.274394e+00   3.782698e-01   2.456523e-04   2.254918e-02   312
  1.276130e+00   4.394211e-01   3.958603e-04   2.173180e-02   492
  1.277667e+00   4.602718e-01   3.710270e-04   2.506066e-02   312
  1.279645e+00   3.576798e-01   6.027038e-04   1.485257e-02   576
  1.281386e+00   3.887595e-01   5.563444e-04   2.155238e-02   336
  1.282832e+00   3.532737e-01   4.283594e-04   2.354261e-02   240
  1.284837e+00   4.351598e-01   5.678961e-04   2.327207e-02   468
  1.286567e+00   3.546539e-01   3.555851e-04   2.863881e-02   192
  1.288379e+00   3.964351e-01   3.566449e-04   2.382190e-02   324
  1.289707e+00   4.012142e-01   2.588470e-04   1.647859e-02   600
  1.291517e+00   4.701648e-01   4.199527e-04   2.355311e-02   456
  1.292860e+00   4.241414e-01   1.888947e-04   2.349213e-02   336
  1.295088e+00   4.398445e-01   5.656042e-04   2.147776e-02   612
  1.296708e+00   3.911749e-01   4.746798e-04   3.060738e-02   144
  1.298240e+00   3.997894e-01   5.540731e-04   1.801077e-02   552
  1.300324e+00   3.691518e-01   2.182008e-04   2.509207e-02   264
  1.301501e+00   4.017060e-01   5.051906e-04   2.298279e-02   336
  1.303359e+00   3.884255e-01   3.338126e-04   2.156795e-02   384
  1.304969e+00   4.017008e-01   1.879035e-04   3.503368e-02   216
  1.306752e+00   4.056335e-01   3.983942e-04   2.320159e-02   344
  1.308378e+00   4.051730e-01   5.944229e-04   1.919256e-02   408
  1.310359e+00   3.537219e-01   4.567753e-04   2.431223e-02   264
  1.312115e+00   4.617264e-01   6.367673e-04   1.945033e-02   612
  1.313869e+00   5.201231e-01   3.277292e-04   2.808507e-02   408
  1.315673e+00   3.792582e-01   3.282002e-04   1.677248e-02   444
  1.316998e+00   5.518466e-01   1.835599e-04   5.237588e-02   120
  1.318774e+00   4.672047e-01   5.071424e-04   2.587253e-02   336
  1.320092e+00   4.856893e-01   1.762300e-04   2.720685e-02   288
  1.321873e+00   3.871595e-01   5.484307e-04   1.682703e-02   552
  1.324322e+00   4.658741e-01   2.936555e-08   5.894967e-02   72
  1.325581e+00   3.951809e-01   5.447315e-04   1.889953e-02   504
  1.327052e+00   4.331886e-01   1.752893e-04   3.918576e-02   216
  1.328957e+00   4.557050e-01   3.129669e-04   3.158948e-02   312
  1.330668e+00   3.890978e-01   3.563621e-04   1.816476e-02   336
  1.332298e+00   4.355468e-01   4.939578e-04   3.573571e-02   204
  1.333922e+00   4.388556e-01   5.740541e-04   2.101916e-02   504
  1.335644e+00   4.711364e-01   5.466644e-04   2.706149e-02   396
  1.337300e+00   4.463184e-01   5.013198e-04   2.439438e-02   312
  1.339308e+00   4.007975e-01   3.063600e-04   3.008377e-02   216
  1.340723e+00   4.398295e-01   1.662675e-04   3.436833e-02   168
  1.342442e+00   4.450555e-01   4.198346e-04   1.846099e-02   588
  1.344403e+00   3.624411e-01   5.698763e-04   2.047706e-02   240
  1.345927e+00   3.872647e-01   5.032962e-04   2.223963e-02   264
  1.347715e+00   4.156623e-01   6.224294e-04   2.445602e-02   288
  1.349301e+00   3.841338e-01   3.108153e-04   2.563393e-02   288
  1.351311e+00   4.886636e-01   2.919050e-04   2.880582e-02   288
  1.352664e+00   4.523301e-01   3.381477e-04   3.038622e-02   192
  1.354367e+00   3.371345e-01   3.598230e-04   2.275164e-02   264
  1.355989e+00   5.335240e-01   5.918590e-04   3.090782e-02   372
  1.357735e+00   4.914506e-01   6.392333e-04   2.556743e-02   360
  1.359866e+00   4.800422e-01   2.705296e-04   4.125803e-02   144
  1.360967e+00   3.872238e-01   3.757537e-04   2.329063e-02   296
  1.362705e+00   3.917232e-01   4.048552e-04   2.570841e-02   288
  1.364696e+00   4.223244e-01   6.050459e-04   1.906254e-02   480
  1.366412e+00   3.232797e-01   5.027354e-04   2.496670e-02   192
  1.368081e+00   4.684537e-01   5.392523e-04   2.987627e-02   192
  1.369599e+00   4.378202e-01   3.436718e-04   2.702104e-02   288
  1.371709e+00   3.390467e-01   2.991616e-04   3.917611e-02   108
  1.372772e+00   4.689701e-01   2.876072e-04   2.760080e-02   240
  1.374649e+00   4.222022e-01   5.365380e-04   2.158161e-02   384
  1.376577e+00   3.914574e-01   6.545156e-04   3.426933e-02   108
  1.378282e+00   5.338889e-01   3.837546e-04   2.919853e-02   348
  1.380075e+00   4.057773e-01   4.005014e-04   2.521154e-02   312
  1.381676e+00   3.259182e-01   3.891711e-04   3.824356e-02   96
  1.383148e+00   4.026509e-01   5.181111e-04   2.486216e-02   384
  1.384797e+00   4.054679e-01   3.563555e-04   3.429169e-02   144
  1.386411e+00   4.029968e-01   5.475560e-04   2.097602e-02   408
  1.388416e+00   4.384228e-01   2.442487e-04   3.923770e-02   144
  1.390310e+00   4.246052e-01   4.695706e-04   3.343493e-02   192
  1.391433e+00   4.993540e-01   5.285104e-04   4.104036e-02   144
  1.393265e+00   3.821866e-01   4.296985e-04   3.204066e-02   144
  1.394992e+00   4.491356e-01   5.251611e-04   2.941161e-02   336
  1.397108e+00   4.096155e-01   3.885526e-04   3.471562e-02   240
  1.398450e+00   4.555327e-01   1.764383e-04   4.374363e-02   96
  1.400321e+00   5.095766e-01   5.174086e-04   2.798797e-02   372
  1.402214e+00   3.965433e-01   6.154464e-04   3.270790e-02   132
  1.403877e+00   3.911345e-01   3.808309e-04   2.361172e-02   264
  1.405364e+00   4.775600e-01   2.924607e-04   3.302562e-02   168
  1.406952e+00   4.983941e-01   4.675886e-04   3.365257e-02   216
  1.408354e+00   5.203294e-01   2.860765e-04   4.884056e-02   216
  1.410397e+00   4.275084e-01   5.248313e-04   4.351700e-02   96
  1.412250e+00   5.465127e-01   3.424046e-04   5.271001e-02   120
  1.413949e+00   3.636004e-01   4.352925e-04   2.511017e-02   216
  1.415349e+00   3.586436e-01   1.902243e-04   2.570204e-02   200
  1.417203e+00   3.836529e-01   4.924091e-04   2.486289e-02   288
  1.419580e+00   4.402453e-01   1.295624e-04   3.303799e-02   144
  1.420582e+00   5.814134e-01   4.031902e-04   3.870452e-02   168
  1.422626e+00   4.159094e-01   4.537530e-04   3.857476e-02   159
  1.424222e+00   3.984697e-01   4.760960e-04   3.308775e-02   174
  1.425766e+00   3.492776e-01   4.317072e-04   2.552728e-02   144
  1.427789e+00   5.176734e-01   2.492797e-04   2.970111e-02   222
  1.429141e+00   3.935399e-01   2.515453e-04   2.890387e-02   168
  1.431477e+00   6.272479e-01   5.517354e-04   9.090402e-02   30
  1.432442e+00   3.351797e-01   4.871418e-04   3.491634e-02   72
  1.434260e+00   3.783715e-01   4.347683e-04   2.566153e-02   258
  1.436258e+00   4.721888e-01   2.723066e-04   2.574525e-02   264
  1.437257e+00   3.990289e-01   0.000000e+00   4.534942e-02   72
  1.439339e+00   3.773911e-01   5.397231e-04   2.811243e-02   174
  1.441225e+00   4.583563e-01   5.747054e-04   3.691108e-02   168
  1.442740e+00   3.604185e-01   1.798266e-08   5.762609e-02   48
  1.444367e+00   4.055810e-01   3.245497e-04   3.617538e-02   150
  1.446254e+00   4.434762e-01   5.970324e-04   3.827001e-02   168
  1.448146e+00   3.677331e-01   3.636845e-04   2.648473e-02   144
  1.449885e+00   5.011932e-01   3.397640e-04   4.600009e-02   102
  1.451181e+00   2.865051e-01   5.029091e-04   2.076120e-02   96
  1.453237e+00   3.693413e-01   4.991035e-04   3.615888e-02   120
  1.454759e+00   3.506793e-01   5.353016e-04   3.031583e-02   168
  1.456406e+00   4.741968e-01   3.952779e-04   4.479782e-02   126
  1.457809e+00   3.776855e-01   2.981185e-04   3.057946e-02   168
  1.459742e+00   2.429830e-01   4.780335e-04   2.059333e-02   72
  1.461432e+00   3.701893e-01   5.986044e-04   2.501749e-02   168
  1.462911e+00   4.376353e-01   1.641069e-04   3.391822e-02   78
  1.464939e+00   4.146297e-01   2.694513e-04   6.234436e-02   60
  1.466572e+00   4.966399e-01   4.370936e-04   6.191751e-02   96
  1.468265e+00   4.254453e-01   5.303767e-04   3.691616e-02   168
  1.469857e+00   3.305795e-01   3.356018e-04   2.903687e-02   86
  1.471527e+00   3.403886e-01   2.999484e-04   2.915259e-02   120
  1.473920e+00   3.781728e-01   2.139030e-04   3.015484e-02   168
  1.475211e+00   2.417241e-01   0.000000e+00   2.754206e-02   48
  1.476949e+00   4.940457e-01   3.897081e-04   4.030899e-02   120
  1.477948e+00   4.889238e-01   2.843078e-04   4.261594e-02   126
  1.480387e+00   4.179227e-01   5.000182e-04   4.936924e-02   96
  1.481970e+00   4.007132e-01   1.441806e-04   3.800528e-02   96
  1.483218e+00   3.935577e-01   1.695421e-08   3.135293e-02   72
  1.485877e+00   4.309326e-01   1.798266e-08   8.573806e-02   24
  1.487537e+00   3.763851e-01   2.967202e-04   2.804563e-02   120
  1.488831e+00   5.392911e-01   4.328235e-04   4.814867e-02   126
  1.490271e+00   3.712347e-01   3.608170e-04   4.293799e-02   96
  1.491953e+00   3.777898e-01   6.235971e-04   4.597080e-02   72
  1.493826e+00   4.595521e-01   2.697267e-04   3.357261e-02   144
  1.495367e+00   4.387045e-01   1.555721e-04   4.917170e-02   72
  1.496907e+00   5.531836e-01   3.107329e-04   8.172232e-02   54
  1.498261e+00   3.539708e-01   2.738298e-04   3.224109e-02   108
  1.501076e+00   3.751212e-01   2.684240e-04   4.360665e-02   72
  1.501953e+00   4.098395e-01   1.548899e-04   3.883579e-02   72
  1.504032e+00   4.737693e-01   3.114687e-08   1.280586e-01   24
  1.506000e+00   3.455084e-01   3.276762e-04   4.135409e-02   48
  1.507194e+00   5.417636e-01   2.496047e-04   5.188685e-02   102
  1.508993e+00   4.476806e-01   5.645020e-04   3.491268e-02   168
  1.511342e+00   3.982437e-01   3.078662e-04   3.922604e-02   72
  1.512213e+00   3.585480e-01   0.000000e+00   6.055044e-02   48
  1.514039e+00   4.709166e-01   5.295485e-04   4.334967e-02   120
  1.516449e+00   4.222594e-01   3.254183e-04   4.664008e-02   96
  1.518725e+00   5.136426e-01   2.877225e-08   6.187618e-02   30
  1.521431e+00   6.558991e-01   1.528959e-04   7.407552e-02   72
  1.522619e+00   4.146953e-01   1.798266e-08   8.128880e-02   24
  1.524147e+00   4.544816e-01   2.266295e-04   7.452581e-02   56
  1.525857e+00   4.866318e-01   3.234118e-04   5.020546e-02   96
  1.527904e+00   4.727456e-01   3.571257e-04   4.369127e-02   144
  1.529482e+00   4.444886e-01   2.027620e-04   5.584228e-02   54
  1.531775e+00   5.795690e-01   3.037589e-04   7.638145e-02   108
  1.534082e+00   3.682565e-01   1.608389e-04   4.322669e-02   48
  1.536278e+00   5.745151e-01   6.056100e-04   1.196297e-01   72
  1.541549e+00   4.869730e-01   4.001285e-04   5.392951e-02   78
  1.543009e+00   4.488934e-01   3.015470e-04   4.285656e-02   72
  1.544714e+00   5.675587e-01   3.011726e-04   5.715570e-02   72
  1.546496e+00   5.356212e-01   7.267626e-04   5.343770e-02   96
  1.547905e+00   5.798393e-01   3.005518e-04   6.946831e-02   72
  1.549605e+00   4.719833e-01   0.000000e+00   9.561221e-02   24
  1.551302e+00   5.272788e-01   5.997465e-04   6.617469e-02   72
  1.555136e+00   6.167312e-01   3.808574e-04   1.340397e-01   30
  1.555961e+00   7.263785e-01   0.000000e+00   9.970446e-02   24
  1.560395e+00   5.491019e-01   3.162535e-04   6.598577e-02   48
  1.561785e+00   4.975307e-01   6.805772e-04   3.877883e-02   120
  1.563659e+00   3.826611e-01   2.975642e-04   5.025377e-02   72
  1.565552e+00   4.037004e-01   2.972044e-04   5.941318e-02   36
  1.566852e+00   6.806805e-01   5.874143e-04   8.329591e-02   78
  1.570482e+00   5.419672e-01   3.142221e-04   5.970548e-02   48
  1.575188e+00   9.034142e-01   2.543132e-08   1.841880e-01   24
  1.578541e+00   4.882847e-01   2.188179e-04   5.724818e-02   56
  1.580230e+00   4.455699e-01   3.367194e-04   3.907624e-02   102
  1.582378e+00   5.028130e-01   2.397687e-08   5.716346e-02   72
  1.583624e+00   5.059913e-01   1.798266e-08   9.168753e-02   24
  1.585804e+00   4.908263e-01   3.111861e-04   6.147919e-02   48
  1.589845e+00   5.995019e-01   0.000000e+00   9.713613e-02   24
  1.594803e+00   2.468900e-01   0.000000e+00   6.534135e-02   6
  1.596350e+00   3.682293e-01   0.000000e+00   6.030035e-02   24
  1.597380e+00   4.647629e-01   2.912818e-04   4.981565e-02   72
  1.599261e+00   4.723892e-01   5.434137e-04   5.093457e-02   84
  1.601288e+00   2.587367e-01   0.000000e+00   4.352792e-02   24
  1.601904e+00   6.374120e-01   2.543132e-08   1.325749e-01   24
  1.604982e+00   7.678868e-01   3.114687e-08   1.254416e-01   24
  1.609281e+00   4.571500e-01   0.000000e+00   1.475899e-01   6
  1.614791e+00   5.309972e-01   3.056001e-04   7.591680e-02   48
  1.616114e+00   4.821133e-01   5.757006e-04   4.937313e-02   72
  1.617844e+00   7.096938e-01   3.050234e-04   9.096959e-02   48
  1.620587e+00   8.499864e-01   0.000000e+00   1.181087e-01   24
  1.624237e+00   7.211658e-01   0.000000e+00   2.044287e-01   6
  1.632419e+00   2.623540e-01   0.000000e+00   8.554170e-02   8
  1.633024e+00   5.271359e-01   1.798266e-08   9.809414e-02   48
  1.634474e+00   5.003635e-01   2.958090e-04   7.800228e-02   60
  1.636646e+00   4.840396e-01   0.000000e+00   7.957773e-02   24
  1.639659e+00   7.982404e-01   0.000000e+00   2.102738e-01   6
  1.650757e+00   3.970834e-01   0.000000e+00   5.360278e-02   24
  1.651653e+00   6.793311e-01   2.987795e-04   9.593412e-02   48
  1.653147e+00   5.915622e-01   0.000000e+00   1.041378e-01   24
  1.655533e+00   2.044612e+00   0.000000e+00   6.005485e-01   6
  1.669090e+00   6.492004e-01   2.787329e-04   1.076323e-01   36
  1.670075e+00   7.308316e-01   0.000000e+00   1.518027e-01   24
  1.671847e+00   5.088519e-01   0.000000e+00   1.047998e-01   6
  1.687272e+00   6.651134e-01   2.533103e-04   1.109320e-01   32
  1.688588e+00   1.246339e-01   0.000000e+00   5.273555e-02   6
  1.705164e+00   7.194022e-01   0.000000e+00   2.413819e-01   12
  1.705743e+00   4.672072e-01   0.000000e+00   1.118459e-01   6
  1.723300e+00   1.746359e+00   0.000000e+00   6.855672e-01   6
