# power spectrum of B
# redshift z=50.000000
# k              Pk             sigma(k)       sigma(Pk)      count
  6.981317e-03   1.213812e-17   0.000000e+00   1.702160e-18   6
  9.873073e-03   1.378542e-17   0.000000e+00   2.577783e-18   12
  1.209200e-02   9.655743e-18   1.324548e-10   1.946986e-18   8
  1.396263e-02   3.506914e-17   0.000000e+00   8.417332e-18   6
  1.561070e-02   7.605408e-17   0.000000e+00   1.466740e-17   24
  1.710066e-02   7.908842e-17   2.497591e-10   9.827651e-18   24
  1.974615e-02   2.469957e-17   0.000000e+00   4.997992e-18   12
  2.094395e-02   3.173433e-17   2.825702e-10   4.298727e-18   30
  2.207686e-02   8.423084e-17   0.000000e+00   1.263338e-17   24
  2.315441e-02   1.269912e-16   4.325955e-10   1.868119e-17   24
  2.418399e-02   2.258901e-17   2.649095e-10   2.703801e-18   8
  2.517150e-02   6.366920e-17   3.532127e-10   6.909648e-18   24
  2.612170e-02   8.312135e-17   0.000000e+00   1.102869e-17   48
  2.792527e-02   4.213855e-17   0.000000e+00   5.691917e-18   6
  2.878471e-02   7.417434e-17   4.995182e-10   8.937025e-18   48
  2.961922e-02   7.630957e-17   0.000000e+00   1.092664e-17   36
  3.043086e-02   4.757068e-17   3.532127e-10   4.622542e-18   24
  3.122140e-02   9.243566e-17   0.000000e+00   1.341952e-17   24
  3.199241e-02   9.702372e-17   0.000000e+00   1.167663e-17   48
  3.274528e-02   2.792222e-17   4.995182e-10   4.953151e-18   24
  3.420133e-02   1.060321e-16   4.995182e-10   1.373494e-17   24
  3.490659e-02   3.769254e-17   0.000000e+00   5.410964e-18   30
  3.559787e-02   4.251924e-17   0.000000e+00   3.247322e-18   72
  3.627599e-02   8.113350e-17   5.298191e-10   1.188036e-17   32
  3.759554e-02   7.476740e-17   0.000000e+00   7.244793e-18   72
  3.823825e-02   7.624979e-17   0.000000e+00   9.274119e-18   48
  3.949229e-02   2.069740e-17   0.000000e+00   5.195298e-18   12
  4.010461e-02   5.422332e-17   0.000000e+00   8.921451e-18   48
  4.070772e-02   4.759373e-17   0.000000e+00   5.051512e-18   48
  4.130203e-02   9.316920e-17   4.995182e-10   8.504849e-18   48
  4.188790e-02   2.895974e-17   5.651403e-10   3.199651e-18   30
  4.246569e-02   5.770196e-17   4.995182e-10   9.358971e-18   24
  4.303573e-02   9.250194e-17   1.053077e-09   7.701382e-18   72
  4.415373e-02   7.371720e-17   0.000000e+00   1.319069e-17   24
  4.470224e-02   6.963413e-17   0.000000e+00   6.478806e-18   96
  4.524411e-02   3.845045e-17   0.000000e+00   4.230116e-18   48
  4.577956e-02   3.692712e-17   8.651909e-10   6.826809e-18   24
  4.630882e-02   9.362945e-17   8.651909e-10   1.459235e-17   24
  4.683210e-02   7.387368e-17   0.000000e+00   8.288827e-18   72
  4.734960e-02   9.872466e-17   0.000000e+00   1.170856e-17   48
  4.836798e-02   1.024173e-17   5.298191e-10   2.146596e-18   8
  4.886922e-02   1.184704e-16   6.279337e-10   1.292788e-17   54
  4.936537e-02   3.168151e-17   0.000000e+00   3.139000e-18   84
  4.985658e-02   4.068353e-17   0.000000e+00   5.127643e-18   48
  5.034299e-02   5.697631e-17   7.064254e-10   7.136466e-18   24
  5.082475e-02   5.868067e-17   6.660243e-10   4.336278e-18   72
  5.130199e-02   9.270925e-17   0.000000e+00   8.198524e-18   96
  5.224339e-02   9.973879e-17   0.000000e+00   9.645180e-18   48
  5.270779e-02   7.283143e-17   0.000000e+00   9.258043e-18   48
  5.316813e-02   8.454413e-17   7.064254e-10   1.197310e-17   24
  5.362451e-02   8.142413e-17   0.000000e+00   7.624310e-18   72
  5.452583e-02   4.888336e-17   6.660243e-10   5.729364e-18   72
  5.497095e-02   6.755298e-17   0.000000e+00   9.533874e-18   96
  5.585054e-02   1.133229e-17   0.000000e+00   3.293044e-18   6
  5.628518e-02   4.942750e-17   0.000000e+00   4.805689e-18   96
  5.671649e-02   7.459047e-17   7.064254e-10   8.063314e-18   96
  5.714454e-02   9.361481e-17   0.000000e+00   1.948287e-17   24
  5.756941e-02   5.841395e-17   9.990364e-10   5.057148e-18   48
  5.799117e-02   9.000764e-17   0.000000e+00   6.229370e-18   96
  5.840989e-02   3.452912e-17   0.000000e+00   3.094521e-18   48
  5.923844e-02   4.791587e-17   0.000000e+00   1.031759e-17   36
  5.964840e-02   5.553947e-17   1.223565e-09   8.229008e-18   48
  6.005556e-02   9.157163e-17   1.384305e-09   7.662163e-18   120
  6.045998e-02   3.840601e-17   0.000000e+00   5.044382e-18   56
  6.086171e-02   2.028190e-17   7.064254e-10   1.479634e-18   24
  6.126081e-02   6.216510e-17   0.000000e+00   6.473344e-18   96
  6.165732e-02   4.658788e-17   0.000000e+00   5.603600e-18   48
  6.244280e-02   9.041002e-17   0.000000e+00   1.481162e-17   24
  6.283185e-02   8.001952e-17   0.000000e+00   8.231101e-18   102
  6.321851e-02   9.929732e-17   0.000000e+00   1.593715e-17   48
  6.360282e-02   5.146098e-17   0.000000e+00   4.139637e-18   72
  6.398483e-02   1.067216e-16   0.000000e+00   1.024781e-17   48
  6.436456e-02   6.555644e-17   0.000000e+00   1.148346e-17   48
  6.474207e-02   4.250878e-17   1.598458e-09   4.770755e-18   120
  6.549056e-02   1.904419e-17   9.990364e-10   1.943437e-18   24
  6.586161e-02   5.884307e-17   9.419006e-10   5.010203e-18   144
  6.623059e-02   5.806521e-17   1.130281e-09   4.379896e-18   120
  6.659752e-02   8.021354e-17   9.990364e-10   7.994892e-18   48
  6.732538e-02   7.796952e-17   9.990364e-10   8.314290e-18   48
  6.768638e-02   6.990701e-17   9.990364e-10   6.804153e-18   96
  6.863955e-02   6.211257e-17   1.675093e-04   8.076644e-18   72
  6.911151e-02   7.424394e-17   1.255867e-09   5.459483e-18   108
  6.946323e-02   4.949222e-17   0.000000e+00   8.267725e-18   72
  6.981317e-02   2.422923e-17   0.000000e+00   2.576638e-18   30
  7.016137e-02   4.875325e-17   0.000000e+00   3.737888e-18   168
  7.050785e-02   4.092256e-17   0.000000e+00   5.643771e-18   48
  7.119574e-02   4.434805e-17   0.000000e+00   4.606884e-18   72
  7.153721e-02   7.303189e-17   0.000000e+00   5.491011e-18   96
  7.187706e-02   9.510843e-17   1.883801e-09   1.261424e-17   72
  7.221530e-02   7.900275e-17   0.000000e+00   9.009384e-18   72
  7.278398e-02   6.896790e-17   1.546684e-04   6.499008e-18   104
  7.322067e-02   6.744630e-17   1.332049e-09   5.774064e-18   144
  7.421242e-02   6.418390e-17   2.233913e-09   6.159883e-18   96
  7.454007e-02   1.963954e-17   0.000000e+00   1.460782e-18   96
  7.506116e-02   7.673824e-17   1.591194e-04   6.938460e-18   120
  7.551449e-02   5.217157e-17   0.000000e+00   5.070120e-18   120
  7.583651e-02   8.341301e-17   0.000000e+00   8.016895e-18   72
  7.647650e-02   1.346673e-16   0.000000e+00   1.299991e-17   48
  7.679449e-02   4.803184e-17   1.505926e-09   6.107601e-18   78
  7.720128e-02   4.826837e-17   1.424762e-04   4.620085e-18   168
  7.805350e-02   8.451679e-17   1.332049e-09   8.347142e-18   144
  7.836509e-02   8.474826e-17   1.332049e-09   5.885136e-18   144
  7.926883e-02   5.839383e-17   8.205478e-05   6.137328e-18   156
  7.959926e-02   5.333582e-17   1.730382e-09   1.049269e-17   48
  7.990483e-02   5.675505e-17   1.130281e-09   4.962884e-18   120
  8.020923e-02   4.284768e-17   0.000000e+00   5.559261e-18   48
  8.074745e-02   7.603385e-17   1.255998e-04   6.410134e-18   216
  8.141545e-02   3.318679e-17   0.000000e+00   3.047617e-18   48
  8.171422e-02   5.547908e-17   9.990364e-10   4.961669e-18   96
  8.213902e-02   6.121286e-17   1.467830e-04   5.814341e-18   168
  8.260406e-02   6.221131e-17   9.990364e-10   7.546432e-18   48
  8.289855e-02   1.104854e-16   0.000000e+00   9.937343e-18   96
  8.319199e-02   4.057919e-17   0.000000e+00   5.235687e-18   48
  8.377580e-02   1.850495e-17   1.130281e-09   1.713757e-18   30
  8.406619e-02   3.876147e-17   9.990364e-10   3.779745e-18   96
  8.441325e-02   6.473536e-17   1.153584e-04   5.283164e-18   240
  8.485953e-02   4.495174e-17   1.244551e-04   6.691023e-18   32
  8.521783e-02   2.259923e-17   0.000000e+00   1.675310e-18   168
  8.550332e-02   6.307607e-17   0.000000e+00   5.194856e-18   120
  8.607146e-02   5.609751e-17   2.106154e-09   6.609256e-18   72
  8.635412e-02   5.404527e-17   1.332049e-09   4.546462e-18   144
  8.663587e-02   3.427834e-17   0.000000e+00   2.944678e-18   96
  8.691670e-02   6.531050e-17   0.000000e+00   6.396408e-18   96
  8.747565e-02   1.058931e-16   1.631420e-09   1.089646e-17   72
  8.775379e-02   6.234050e-17   1.412851e-09   5.342804e-18   96
  8.830745e-02   9.020430e-17   0.000000e+00   1.332141e-17   24
  8.858298e-02   6.224583e-17   0.000000e+00   3.994783e-18   192
  8.890745e-02   5.625921e-17   1.056148e-04   6.142763e-18   132
  8.940448e-02   6.102600e-17   0.000000e+00   6.282097e-18   96
  8.967664e-02   2.459480e-17   0.000000e+00   2.195478e-18   96
  8.994798e-02   3.964847e-17   1.130281e-09   4.061960e-18   120
  9.048821e-02   2.600235e-17   0.000000e+00   3.005387e-18   48
  9.093103e-02   5.332386e-17   1.279966e-04   3.597360e-18   222
  9.129257e-02   4.555629e-17   0.000000e+00   5.007398e-18   120
  9.155911e-02   4.980772e-17   1.730382e-09   9.164442e-18   24
  9.194720e-02   6.052158e-17   1.321111e-04   3.109936e-18   312
  9.279280e-02   6.278758e-17   1.238595e-04   7.158235e-18   72
  9.314239e-02   5.589809e-17   9.990364e-10   6.584294e-18   96
  9.350136e-02   5.773245e-17   1.261337e-04   4.608076e-18   192
  9.392401e-02   4.452832e-17   1.598458e-09   6.161056e-18   120
  9.418312e-02   5.260530e-17   0.000000e+00   5.434097e-18   144
  9.469919e-02   7.907572e-17   0.000000e+00   8.942000e-18   48
  9.506602e-02   5.167114e-17   1.268319e-04   3.412733e-18   336
  9.546807e-02   4.967728e-17   0.000000e+00   9.896838e-18   48
  9.597724e-02   5.930629e-17   0.000000e+00   5.275606e-18   192
  9.623081e-02   1.532984e-17   0.000000e+00   1.914970e-18   48
  9.695161e-02   5.369408e-17   8.803796e-05   6.153234e-18   56
  9.731001e-02   5.979927e-17   1.130706e-04   3.324494e-18   336
  9.773844e-02   7.563035e-17   1.255867e-09   9.416720e-18   54
  9.811165e-02   3.848613e-17   1.241922e-04   3.673165e-18   240
  9.888643e-02   3.802657e-17   1.189150e-04   4.807280e-18   228
  9.922316e-02   5.692411e-17   1.332049e-09   6.892569e-18   72
  9.955002e-02   5.661139e-17   1.153504e-04   5.966704e-18   144
  9.995725e-02   6.588845e-17   0.000000e+00   6.557753e-18   96
  1.002007e-01   4.351312e-17   1.598458e-09   3.463162e-18   240
  1.006860e-01   4.036660e-17   1.412851e-09   6.968229e-18   24
  1.009966e-01   5.569727e-17   1.089476e-04   3.271842e-18   336
  1.014095e-01   1.494070e-17   0.000000e+00   1.541753e-18   72
  1.017863e-01   5.830831e-17   1.185007e-04   4.489884e-18   168
  1.021279e-01   7.082660e-17   0.000000e+00   5.024655e-18   72
  1.026040e-01   8.855301e-17   0.000000e+00   9.053911e-18   96
  1.029727e-01   3.553839e-17   1.176117e-04   2.853549e-18   216
  1.033141e-01   5.157588e-17   1.412851e-09   3.967500e-18   96
  1.037847e-01   5.574680e-17   0.000000e+00   3.867351e-18   192
  1.040193e-01   5.275037e-17   1.332049e-09   5.068481e-18   144
  1.044868e-01   4.582354e-17   0.000000e+00   4.587954e-18   48
  1.048105e-01   3.366377e-17   1.133915e-04   3.865765e-18   246
  1.052503e-01   4.711210e-17   1.045488e-04   4.194666e-18   168
  1.056465e-01   3.693700e-17   1.957704e-09   3.250731e-18   120
  1.058769e-01   3.611745e-17   0.000000e+00   2.550834e-18   240
  1.063363e-01   5.425186e-17   1.412851e-09   1.018888e-17   24
  1.067022e-01   4.750059e-17   1.119102e-04   2.641794e-18   360
  1.071580e-01   5.617369e-17   1.114340e-04   4.000554e-18   120
  1.074760e-01   6.138439e-17   0.000000e+00   6.629206e-18   144
  1.077025e-01   4.956138e-17   0.000000e+00   4.608307e-18   96
  1.083792e-01   6.403092e-17   0.000000e+00   4.824061e-18   144
  1.086038e-01   6.028542e-17   0.000000e+00   5.246831e-18   132
  1.089195e-01   4.242895e-17   1.099837e-04   3.782306e-18   176
  1.093777e-01   4.612062e-17   1.110614e-04   3.331607e-18   312
  1.099419e-01   5.070185e-17   0.000000e+00   5.557679e-18   96
  1.101633e-01   4.609986e-17   0.000000e+00   4.578205e-18   144
  1.105031e-01   5.225485e-17   1.099474e-04   3.780550e-18   312
  1.110446e-01   1.667513e-17   0.000000e+00   1.480683e-18   48
  1.112639e-01   5.460899e-17   1.412851e-09   3.252988e-18   192
  1.117011e-01   2.539731e-18   0.000000e+00   6.243427e-19   6
  1.119915e-01   3.620299e-17   1.025446e-04   2.276272e-18   288
  1.124620e-01   4.459811e-17   1.083450e-04   4.114677e-18   192
  1.127866e-01   4.391505e-17   3.322713e-09   2.878459e-18   216
  1.130025e-01   5.373049e-17   0.000000e+00   7.947837e-18   72
  1.135403e-01   4.786197e-17   1.073161e-04   4.333305e-18   192
  1.138975e-01   4.575727e-17   7.968796e-05   3.426833e-18   288
  1.142891e-01   7.151818e-17   0.000000e+00   1.225902e-17   24
  1.145916e-01   4.491998e-17   1.049823e-04   2.440356e-18   456
  1.151388e-01   2.729307e-17   1.998073e-09   3.774644e-18   48
  1.154769e-01   3.967114e-17   1.034033e-04   3.029448e-18   240
  1.158655e-01   7.668419e-17   1.045007e-04   5.002478e-18   216
  1.161923e-01   6.473003e-17   0.000000e+00   6.689321e-18   72
  1.164018e-01   4.100896e-17   3.610549e-09   3.886993e-18   168
  1.169935e-01   4.929404e-17   7.767385e-05   3.456790e-18   288
  1.173253e-01   6.267217e-17   1.027758e-04   5.087996e-18   168
  1.178582e-01   5.998730e-17   0.000000e+00   5.739350e-18   192
  1.180648e-01   5.643222e-17   1.332049e-09   4.359169e-18   144
  1.184769e-01   8.585156e-17   0.000000e+00   1.427891e-17   36
  1.188264e-01   3.917846e-17   9.385617e-05   2.723063e-18   342
  1.191605e-01   1.704963e-17   9.637890e-05   1.760930e-18   144
  1.195900e-01   3.586587e-17   1.010773e-04   1.822390e-18   384
  1.201111e-01   8.094198e-17   2.768611e-09   7.659159e-18   120
  1.203690e-01   6.471868e-17   9.013158e-05   4.506898e-18   264
  1.207183e-01   4.179551e-17   4.467827e-09   3.343416e-18   192
  1.210471e-01   4.811594e-17   9.713401e-05   5.048358e-18   152
  1.213224e-01   3.223281e-17   2.664097e-09   3.790746e-18   144
  1.219012e-01   3.821501e-17   6.286607e-05   2.997943e-18   216
  1.221692e-01   5.541119e-17   8.400585e-05   3.331103e-18   312
  1.226409e-01   6.131664e-17   9.736112e-05   3.402586e-18   240
  1.229188e-01   7.183455e-17   1.412851e-09   7.209809e-18   96
  1.234463e-01   2.719618e-17   9.308426e-05   2.383075e-18   144
  1.237714e-01   5.002213e-17   9.149363e-05   2.887633e-18   456
  1.242988e-01   3.710627e-17   0.000000e+00   4.059299e-18   120
  1.244947e-01   3.759332e-17   0.000000e+00   4.179107e-18   144
  1.248856e-01   4.658289e-17   0.000000e+00   6.728972e-18   24
  1.251362e-01   4.734079e-17   8.794658e-05   2.856775e-18   336
  1.255696e-01   4.988144e-17   9.699311e-05   4.315390e-18   198
  1.259757e-01   3.610036e-17   9.432023e-05   2.190107e-18   432
  1.264370e-01   6.046041e-17   0.000000e+00   7.690788e-18   48
  1.266777e-01   6.447076e-17   8.326844e-05   3.926928e-18   384
  1.271098e-01   3.949111e-17   9.585962e-05   3.411141e-18   144
  1.275013e-01   4.996674e-17   9.517601e-05   3.420455e-18   264
  1.279697e-01   6.575441e-17   0.000000e+00   5.402721e-18   48
  1.282839e-01   5.093076e-17   9.049683e-05   3.642334e-18   276
  1.285870e-01   5.211752e-17   8.203293e-05   5.728093e-18   192
  1.289922e-01   5.106903e-17   9.218697e-05   2.483890e-18   552
  1.294841e-01   2.511369e-17   3.196917e-09   3.070007e-18   120
  1.297765e-01   4.188860e-17   9.331596e-05   3.328502e-18   216
  1.300475e-01   4.781223e-17   1.598458e-09   4.946859e-18   120
  1.305316e-01   5.280544e-17   9.189333e-05   3.154464e-18   408
  1.309811e-01   7.473585e-18   1.998073e-09   7.605462e-19   24
  1.312599e-01   5.582552e-17   9.282881e-05   3.647915e-18   384
  1.316492e-01   3.884452e-17   9.069708e-05   2.957687e-18   240
  1.319872e-01   5.887573e-17   9.136125e-05   4.271698e-18   168
  1.324612e-01   3.862080e-17   2.260561e-09   3.962395e-18   120
  1.327667e-01   5.012988e-17   9.523931e-05   3.351893e-18   350
  1.332635e-01   4.744636e-17   1.567823e-04   3.182097e-18   384
  1.335605e-01   1.925331e-17   0.000000e+00   2.017351e-18   144
  1.341067e-01   4.264505e-17   3.767602e-09   2.829237e-18   288
  1.343919e-01   3.339587e-17   8.974411e-05   1.880435e-18   336
  1.347800e-01   5.005423e-17   8.170456e-05   4.321986e-18   168
  1.350122e-01   5.372459e-17   1.614687e-09   3.410332e-18   336
  1.354927e-01   3.822272e-17   8.480446e-05   2.947863e-18   288
  1.357812e-01   4.834480e-17   7.990748e-05   2.784518e-18   264
  1.362699e-01   3.696814e-17   0.000000e+00   2.637511e-18   240
  1.364486e-01   5.823521e-17   2.825702e-09   6.489329e-18   96
  1.370900e-01   5.973130e-17   1.086688e-04   3.626273e-18   360
  1.373893e-01   5.666458e-17   8.010757e-05   6.011505e-18   168
  1.377676e-01   5.285211e-17   8.732558e-05   2.998799e-18   456
  1.382230e-01   4.873147e-17   2.511735e-09   4.305442e-18   108
  1.384792e-01   2.389424e-17   8.761995e-05   1.872812e-18   264
  1.387988e-01   4.290728e-17   7.817127e-05   3.697839e-18   264
  1.392364e-01   5.770591e-17   7.376599e-05   3.274683e-18   312
  1.397814e-01   3.329937e-17   5.481617e-05   2.749247e-18   270
  1.400098e-01   3.592498e-17   6.959603e-05   3.361872e-18   240
  1.404204e-01   3.479574e-17   8.609907e-05   2.002259e-18   384
  1.406696e-01   4.919618e-17   0.000000e+00   3.329470e-18   192
  1.411539e-01   4.843739e-17   6.908303e-05   4.274835e-18   240
  1.414347e-01   4.388449e-17   8.525963e-05   2.964864e-18   336
  1.419630e-01   5.099217e-17   8.583011e-05   2.450669e-18   480
  1.423915e-01   3.494648e-17   0.000000e+00   3.864492e-18   72
  1.426309e-01   3.682107e-17   8.369217e-05   3.243858e-18   240
  1.429564e-01   4.237251e-17   7.865917e-05   2.698287e-18   312
  1.433297e-01   3.674773e-17   8.501169e-05   2.861149e-18   240
  1.438936e-01   4.719683e-17   6.458688e-05   2.758377e-18   408
  1.441169e-01   4.623243e-17   5.914602e-05   3.198091e-18   336
  1.445532e-01   4.499329e-17   7.510087e-05   4.586070e-18   264
  1.447677e-01   2.998709e-17   0.000000e+00   3.862118e-18   144
  1.453643e-01   4.815423e-17   1.040943e-04   3.035523e-18   464
  1.456786e-01   4.171076e-17   8.277629e-05   3.308344e-18   168
  1.459889e-01   4.290506e-17   7.539115e-05   3.296998e-18   336
  1.465498e-01   5.338312e-17   7.921315e-05   3.527401e-18   414
  1.468660e-01   3.529572e-17   8.245619e-05   2.677590e-18   216
  1.472710e-01   7.108732e-17   1.998073e-09   7.707723e-18   96
  1.474364e-01   3.557462e-17   5.994218e-09   2.045269e-18   384
  1.480158e-01   5.007617e-17   8.229688e-05   2.899490e-18   492
  1.483263e-01   4.382101e-17   8.047930e-05   3.083301e-18   240
  1.486772e-01   3.772086e-17   8.171468e-05   2.356329e-18   312
  1.491618e-01   1.090046e-17   8.168777e-05   1.147769e-18   192
  1.494688e-01   4.161593e-17   7.916535e-05   2.319033e-18   504
  1.498761e-01   4.645015e-17   5.240881e-05   2.969205e-18   408
  1.501968e-01   4.697869e-17   1.605609e-04   4.440694e-18   168
  1.505981e-01   5.465257e-17   7.626782e-05   4.256628e-18   288
  1.509348e-01   4.406378e-17   7.959200e-05   3.601596e-18   288
  1.512797e-01   3.631060e-17   8.005014e-05   2.131503e-18   432
  1.517801e-01   5.444467e-17   7.570076e-05   3.680537e-18   216
  1.520474e-01   4.044342e-17   7.554106e-05   2.802620e-18   360
  1.525234e-01   4.979319e-17   7.372735e-05   3.485298e-18   312
  1.529530e-01   9.296313e-17   0.000000e+00   1.238363e-17   48
  1.532006e-01   4.085626e-17   7.904634e-05   2.555157e-18   432
  1.536441e-01   3.198474e-17   1.318501e-04   2.229930e-18   414
  1.539060e-01   3.630051e-17   6.955573e-09   2.981241e-18   312
  1.543946e-01   3.210140e-17   1.156911e-04   2.067505e-18   528
  1.547243e-01   4.893610e-17   6.072803e-05   3.384632e-18   264
  1.551204e-01   3.429708e-17   7.200680e-05   2.014804e-18   480
  1.556380e-01   3.551542e-17   0.000000e+00   2.353497e-18   288
  1.558615e-01   5.597812e-17   7.736908e-05   5.268096e-18   168
  1.562704e-01   4.253086e-17   1.224750e-04   2.276062e-18   504
  1.567302e-01   6.161353e-17   2.664097e-09   4.715359e-18   144
  1.570194e-01   4.430848e-17   7.865832e-05   2.253671e-18   464
  1.574541e-01   3.449987e-17   1.154355e-04   2.051204e-18   432
  1.576603e-01   4.017256e-17   1.998073e-09   3.255534e-18   192
  1.581934e-01   3.902837e-17   8.557628e-05   2.409855e-18   396
  1.585082e-01   3.606886e-17   7.687110e-05   3.337747e-18   288
  1.588263e-01   3.615372e-17   7.593549e-05   2.620178e-18   336
  1.593345e-01   3.378346e-17   4.808388e-05   2.415072e-18   432
  1.596570e-01   4.143430e-17   1.246267e-04   2.737708e-18   360
  1.600192e-01   4.840139e-17   7.371853e-05   2.357973e-18   384
  1.605335e-01   2.868149e-17   6.507077e-05   2.573838e-18   198
  1.607813e-01   3.386152e-17   7.396430e-05   1.780789e-18   552
  1.612434e-01   2.238039e-17   1.035450e-04   1.421771e-18   432
  1.616292e-01   5.204435e-17   0.000000e+00   4.765411e-18   168
  1.619530e-01   3.438358e-17   1.283579e-04   1.957403e-18   480
  1.623813e-01   4.105228e-17   0.000000e+00   3.688871e-18   120
  1.625741e-01   4.092193e-17   1.048372e-04   3.175775e-18   336
  1.630445e-01   3.600358e-17   7.396097e-05   1.732873e-18   672
  1.635097e-01   4.721939e-17   1.075863e-04   2.812300e-18   528
  1.637264e-01   2.292939e-17   3.229373e-09   2.485811e-18   168
  1.642270e-01   3.750783e-17   1.200118e-04   2.251870e-18   456
  1.645324e-01   4.522659e-17   7.329223e-05   5.467178e-18   168
  1.648495e-01   4.693352e-17   7.316065e-05   3.096597e-18   504
  1.653766e-01   2.783500e-17   9.414654e-05   2.340962e-18   336
  1.656953e-01   5.300946e-17   6.786851e-05   3.233831e-18   312
  1.660489e-01   4.404507e-17   6.631214e-05   2.763521e-18   504
  1.665141e-01   4.311760e-17   4.600920e-05   2.223557e-18   432
  1.667329e-01   3.511904e-17   7.109945e-05   2.208407e-18   312
  1.671876e-01   3.788320e-17   7.288039e-05   2.643203e-18   384
  1.676624e-01   2.593165e-17   6.192036e-05   3.930266e-18   126
  1.679555e-01   2.853443e-17   1.087174e-04   1.759204e-18   492
  1.683299e-01   3.956663e-17   6.963360e-05   2.643399e-18   528
  1.687978e-01   3.381326e-17   7.073279e-05   2.021183e-18   480
  1.690879e-01   4.394712e-17   9.771696e-05   2.691947e-18   432
  1.695076e-01   3.967633e-17   7.684145e-05   2.591850e-18   440
  1.699951e-01   3.900464e-17   3.821294e-05   2.357706e-18   312
  1.701781e-01   3.299291e-17   5.726529e-05   2.991102e-18   480
  1.705533e-01   3.694993e-17   1.121243e-04   2.430748e-18   408
  1.711016e-01   4.722889e-17   6.714979e-05   2.612569e-18   360
  1.713332e-01   3.587641e-17   6.479710e-05   2.353051e-18   408
  1.717625e-01   2.818932e-17   6.593925e-05   1.607690e-18   456
  1.722458e-01   5.209803e-17   6.302169e-05   3.172423e-18   264
  1.725141e-01   4.696306e-17   6.839435e-05   3.122995e-18   384
  1.729046e-01   4.059981e-17   1.151467e-04   2.355904e-18   672
  1.733561e-01   3.916846e-17   6.887260e-05   4.439859e-18   240
  1.736166e-01   4.048980e-17   6.988846e-05   2.892326e-18   264
  1.739843e-01   2.503994e-17   8.619588e-05   1.471621e-18   624
  1.745329e-01   2.400006e-17   0.000000e+00   3.412169e-18   150
  1.747283e-01   4.147686e-17   9.658929e-05   2.534715e-18   600
  1.751402e-01   3.675088e-17   6.666345e-05   2.162378e-18   672
  1.756067e-01   3.244631e-17   6.270167e-05   1.997412e-18   336
  1.758666e-01   3.958827e-17   6.820115e-05   2.920429e-18   408
  1.762818e-01   3.517205e-17   6.804049e-05   2.237354e-18   408
  1.767436e-01   4.277840e-17   3.440492e-05   2.748512e-18   360
  1.770283e-01   4.048459e-17   1.263238e-04   2.453458e-18   456
  1.773722e-01   3.790345e-17   6.869566e-05   2.309458e-18   384
  1.778099e-01   3.237913e-17   6.341480e-05   2.329209e-18   348
  1.780464e-01   3.661677e-17   7.817791e-05   2.253443e-18   576
  1.784907e-01   3.709740e-17   6.436923e-05   1.947674e-18   504
  1.789452e-01   4.114586e-17   9.078907e-05   2.725573e-18   432
  1.793419e-01   3.557465e-17   1.235181e-04   1.804777e-18   576
  1.796248e-01   3.009132e-17   0.000000e+00   2.424210e-18   264
  1.800736e-01   3.991063e-17   9.828954e-05   1.990486e-18   768
  1.804640e-01   2.806683e-17   1.323290e-04   2.112000e-18   240
  1.807743e-01   2.699214e-17   1.167016e-04   3.420433e-18   192
  1.812263e-01   3.908792e-17   8.590664e-05   2.088975e-18   504
  1.815615e-01   3.924486e-17   1.157624e-04   2.009868e-18   590
  1.818830e-01   3.385897e-17   1.297055e-04   2.402189e-18   384
  1.822861e-01   3.302832e-17   1.083956e-04   2.577608e-18   504
  1.827729e-01   3.259049e-17   1.043140e-04   1.679680e-18   648
  1.832449e-01   3.002884e-17   2.833030e-05   2.287639e-18   504
  1.834353e-01   3.934960e-17   6.462673e-05   2.883302e-18   312
  1.837714e-01   3.454409e-17   9.311123e-05   1.836120e-18   576
  1.842327e-01   3.779436e-17   6.479663e-05   3.776794e-18   240
  1.845017e-01   3.851537e-17   6.547387e-05   2.352265e-18   552
  1.848823e-01   3.656857e-17   6.147846e-05   2.048834e-18   600
  1.854246e-01   4.092130e-17   7.509108e-05   2.164297e-18   600
  1.857506e-01   4.085248e-17   1.202524e-04   3.018965e-18   312
  1.860753e-01   4.522845e-17   1.047280e-04   2.749420e-18   480
  1.864809e-01   3.706196e-17   6.534019e-05   2.586918e-18   576
  1.868380e-01   4.771031e-17   1.052119e-04   3.832371e-18   408
  1.871548e-01   1.508127e-17   1.227345e-04   1.421358e-18   216
  1.875642e-01   4.096004e-17   9.400084e-05   2.468669e-18   516
  1.880028e-01   4.006792e-17   8.968636e-05   2.072707e-18   744
  1.884552e-01   4.353657e-17   5.990257e-05   2.537877e-18   462
  1.887109e-01   1.980598e-17   6.088230e-05   1.493679e-18   432
  1.891075e-01   3.411182e-17   5.648168e-05   2.015347e-18   648
  1.895737e-01   3.471137e-17   8.264320e-05   2.127040e-18   528
  1.899483e-01   3.327462e-17   9.952305e-05   1.921652e-18   600
  1.903225e-01   4.739892e-17   1.254725e-04   3.381054e-18   240
  1.906850e-01   2.919117e-17   9.611075e-05   1.386002e-18   720
  1.911062e-01   4.122698e-17   7.604100e-05   1.980540e-18   720
  1.915732e-01   1.659167e-17   0.000000e+00   1.914236e-18   144
  1.918190e-01   3.876343e-17   9.803961e-05   1.666837e-18   720
  1.921686e-01   4.142810e-17   5.878648e-05   2.826571e-18   384
  1.926063e-01   4.013301e-17   6.516793e-05   2.302873e-18   672
  1.930215e-01   3.989270e-17   1.141019e-04   3.303921e-18   336
  1.932199e-01   3.907260e-17   0.000000e+00   4.339479e-18   288
  1.937055e-01   3.343167e-17   9.030399e-05   1.661098e-18   776
  1.941551e-01   3.622823e-17   7.726878e-05   1.871288e-18   720
  1.945327e-01   3.243625e-17   6.224567e-05   2.676620e-18   432
  1.948347e-01   4.514460e-17   8.873905e-05   3.559887e-18   504
  1.951706e-01   3.674882e-17   6.217429e-05   2.396613e-18   528
  1.956407e-01   2.437599e-17   8.470885e-05   1.826006e-18   438
  1.960275e-01   2.732545e-17   9.859335e-05   1.464452e-18   624
  1.963189e-01   3.446920e-17   1.207635e-04   2.869582e-18   312
  1.967196e-01   4.562558e-17   6.506437e-05   2.108294e-18   696
  1.971339e-01   3.737970e-17   5.887146e-05   2.088802e-18   552
  1.975648e-01   2.978422e-17   4.554687e-05   1.823300e-18   516
  1.978313e-01   3.989314e-17   9.097645e-05   2.501538e-18   528
  1.981558e-01   2.622450e-17   5.916447e-05   1.705287e-18   528
  1.986168e-01   3.224946e-17   7.802593e-05   1.609109e-18   864
  1.989297e-01   3.645843e-17   1.068795e-04   2.595610e-18   408
  1.992429e-01   5.243904e-17   1.058911e-04   4.272107e-18   192
  1.996868e-01   3.220407e-17   8.762994e-05   1.885233e-18   720
  2.000615e-01   3.358290e-17   8.079911e-05   1.707362e-18   696
  2.005068e-01   3.699659e-17   8.726379e-05   1.887693e-18   720
  2.009142e-01   3.873798e-17   1.182756e-04   2.635556e-18   432
  2.011518e-01   3.332987e-17   6.962164e-05   2.782379e-18   264
  2.015793e-01   3.732959e-17   9.614441e-05   2.008619e-18   672
  2.019616e-01   4.090331e-17   9.843711e-05   2.257311e-18   600
  2.024154e-01   2.006807e-17   5.763483e-05   1.648193e-18   270
  2.026441e-01   2.155990e-17   8.675648e-05   1.772670e-18   528
  2.030077e-01   3.726644e-17   5.940776e-05   1.875703e-18   840
  2.035062e-01   3.398885e-17   1.135983e-04   1.626014e-18   888
  2.039669e-01   2.712980e-17   8.463909e-05   1.360053e-18   744
  2.043562e-01   4.558936e-17   4.349214e-05   3.271852e-18   456
  2.045498e-01   5.093941e-17   5.943469e-05   2.799790e-18   360
  2.048811e-01   1.964021e-17   5.149682e-05   1.441011e-18   384
  2.053895e-01   3.387472e-17   8.260041e-05   1.789471e-18   816
  2.057710e-01   3.409317e-17   1.198416e-04   1.562594e-18   824
  2.062346e-01   3.308713e-17   5.570811e-05   2.737735e-18   360
  2.064829e-01   4.821125e-17   8.220424e-05   2.364152e-18   624
  2.068246e-01   3.915353e-17   5.554917e-05   2.555152e-18   360
  2.072798e-01   3.257095e-17   7.556319e-05   1.715210e-18   876
  2.076909e-01   3.498810e-17   8.974647e-05   2.130316e-18   696
  2.081055e-01   3.455962e-17   5.795238e-05   3.030467e-18   336
  2.083228e-01   4.056055e-17   5.788726e-05   3.216192e-18   504
  2.086818e-01   3.328045e-17   5.838888e-05   2.301808e-18   672
  2.092144e-01   3.267633e-17   1.162387e-04   1.631845e-18   720
  2.095838e-01   2.755625e-17   8.780591e-05   1.610774e-18   774
  2.099915e-01   2.227122e-17   5.025783e-05   1.949799e-18   384
  2.102050e-01   4.360888e-17   9.671763e-05   2.932448e-18   528
  2.105364e-01   3.493578e-17   9.217729e-05   1.909778e-18   744
  2.110694e-01   4.831042e-17   7.602671e-05   2.500856e-18   768
  2.114233e-01   2.168828e-17   8.534571e-05   1.305110e-18   552
  2.118649e-01   3.287810e-17   9.301717e-05   1.750660e-18   696
  2.121934e-01   3.963227e-17   1.130320e-04   2.847734e-18   408
  2.124541e-01   4.001058e-17   4.883074e-05   2.458531e-18   504
  2.128675e-01   3.800512e-17   8.772259e-05   2.073187e-18   888
  2.132743e-01   2.965237e-17   9.116913e-05   1.854691e-18   648
  2.136971e-01   2.908473e-17   9.038766e-05   1.509525e-18   648
  2.140948e-01   3.272763e-17   9.746006e-05   1.893155e-18   792
  2.145162e-01   3.102482e-17   1.425907e-04   2.035143e-18   600
  2.148267e-01   2.942098e-17   9.663487e-05   2.111986e-18   456
  2.151535e-01   3.464579e-17   4.709572e-05   2.035493e-18   648
  2.155732e-01   3.062602e-17   9.184351e-05   1.463208e-18   936
  2.160264e-01   4.874114e-17   5.640375e-05   2.802388e-18   384
  2.164208e-01   5.522165e-19   4.745948e-09   5.812164e-20   198
  2.167253e-01   5.023210e-19   1.431011e-04   2.157913e-20   1224
  2.170537e-01   6.133852e-19   1.042217e-04   3.737397e-20   420
  2.174420e-01   5.113904e-19   1.008648e-04   2.570909e-20   792
  2.178218e-01   4.679776e-19   8.340657e-05   2.420103e-20   680
  2.182552e-01   4.412920e-19   7.658783e-05   2.730834e-20   600
  2.186039e-01   4.183889e-19   1.110734e-04   2.024389e-20   840
  2.190695e-01   3.912967e-19   5.244369e-05   2.026929e-20   432
  2.192474e-01   4.696407e-19   4.914665e-05   2.261461e-20   720
  2.196343e-01   4.010927e-19   9.843213e-05   1.783902e-20   960
  2.201154e-01   3.736516e-19   8.774504e-05   2.428411e-20   528
  2.204670e-01   4.492795e-19   8.969217e-05   2.929740e-20   624
  2.208855e-01   4.095946e-19   7.049743e-05   1.913056e-20   816
  2.213008e-01   3.544223e-19   1.159345e-04   1.755422e-20   696
  2.217599e-01   2.956789e-19   7.830814e-09   2.041520e-20   240
  2.219325e-01   4.213482e-19   6.836935e-05   2.150195e-20   672
  2.223177e-01   3.428299e-19   1.221858e-04   1.668675e-20   864
  2.227499e-01   2.438617e-19   9.375778e-05   9.379941e-21   816
  2.231394e-01   2.753010e-19   5.366372e-05   1.504016e-20   648
  2.235589e-01   4.095708e-19   5.485410e-05   2.121110e-20   843
  2.239151e-01   3.454490e-19   9.869601e-05   2.067782e-20   780
  2.243395e-01   3.088904e-19   5.295844e-05   3.292439e-20   216
  2.246013e-01   3.222934e-19   1.277035e-04   1.602168e-20   1056
  2.250039e-01   2.389643e-19   1.044758e-04   2.484169e-20   228
  2.253767e-01   3.799300e-19   1.300750e-04   2.118919e-20   924
  2.257594e-01   3.155746e-19   4.825052e-05   1.465387e-20   696
  2.261647e-01   2.629932e-19   8.587211e-05   1.408296e-20   996
  2.265793e-01   2.052611e-19   5.069718e-05   1.298989e-20   576
  2.270107e-01   3.105047e-19   7.824775e-05   2.976438e-20   552
  2.273251e-01   3.103630e-19   9.342507e-05   1.806015e-20   516
  2.276442e-01   2.885144e-19   1.358594e-04   1.842984e-20   744
  2.280088e-01   1.624174e-19   6.664715e-05   8.920678e-21   576
  2.283260e-01   2.002121e-19   6.859680e-05   1.004969e-20   792
  2.287768e-01   2.302560e-19   7.841886e-05   1.381510e-20   792
  2.291071e-01   2.330095e-19   8.457391e-05   1.414271e-20   720
  2.295538e-01   2.008568e-19   9.639481e-05   9.551498e-21   656
  2.299724e-01   2.032674e-19   1.052581e-04   9.692717e-21   816
  2.304015e-01   2.267214e-19   5.675340e-05   1.689934e-20   492
  2.306454e-01   2.111185e-19   8.164378e-05   1.166184e-20   552
  2.311032e-01   1.518912e-19   1.419686e-04   8.628617e-21   780
  2.314005e-01   1.738248e-19   8.720963e-05   1.076250e-20   528
  2.317208e-01   1.310173e-19   1.018002e-04   7.958331e-21   600
  2.321929e-01   1.810621e-19   8.460399e-05   7.237819e-21   900
  2.325183e-01   1.666262e-19   4.683822e-05   9.077841e-21   696
  2.329660e-01   1.308490e-19   1.184322e-04   7.257156e-21   696
  2.333991e-01   9.042107e-20   4.804683e-05   3.559736e-21   552
  2.337633e-01   1.304916e-19   5.587403e-05   6.269925e-21   708
  2.341448e-01   1.379672e-19   9.225121e-05   6.611173e-21   876
  2.345418e-01   1.620747e-19   4.898356e-05   1.619222e-20   216
  2.348082e-01   1.387723e-19   1.339767e-04   5.570251e-21   1032
  2.352071e-01   1.014687e-19   1.491682e-04   6.365542e-21   600
  2.356212e-01   8.267552e-20   7.117755e-05   3.913694e-21   600
  2.359371e-01   1.286250e-19   1.256929e-04   6.371408e-21   528
  2.363105e-01   1.156092e-19   6.899988e-05   6.790490e-21   732
  2.367039e-01   1.408388e-19   5.095015e-05   1.019853e-20   336
  2.371566e-01   1.063659e-19   7.261407e-05   5.341398e-21   912
  2.374950e-01   6.975373e-20   7.288252e-05   2.592979e-21   624
  2.378647e-01   1.033830e-19   6.141657e-05   4.663441e-21   768
  2.382963e-01   8.503393e-20   1.108076e-04   3.231783e-21   792
  2.387198e-01   9.423935e-20   5.493383e-05   5.229274e-21   660
  2.390212e-01   9.311672e-20   8.095383e-05   6.427992e-21   504
  2.393329e-01   6.971371e-20   1.322631e-04   3.333404e-21   480
  2.398000e-01   6.602706e-20   1.223261e-04   2.549979e-21   912
  2.401658e-01   8.328169e-20   1.362291e-04   4.980524e-21   432
  2.405113e-01   9.141008e-20   8.088962e-05   5.184169e-21   564
  2.408180e-01   7.064537e-20   7.742251e-05   2.504763e-21   600
  2.412498e-01   8.413028e-20   1.079196e-04   3.396996e-21   876
  2.415741e-01   7.763241e-20   4.852393e-05   5.663953e-21   264
  2.420212e-01   6.274537e-20   9.415549e-05   3.898410e-21   560
  2.423806e-01   6.294428e-20   6.398069e-05   2.558766e-21   840
  2.428168e-01   5.590874e-20   9.863978e-05   2.590446e-21   1008
  2.432202e-01   4.219669e-20   4.412481e-05   1.639043e-21   456
  2.435886e-01   7.097247e-20   5.715745e-05   3.524852e-21   576
  2.439292e-01   6.116517e-20   8.782853e-05   2.736450e-21   612
  2.443783e-01   6.111802e-20   7.844513e-05   2.857348e-21   780
  2.447447e-01   5.283862e-20   8.989453e-05   2.230265e-21   648
  2.451197e-01   6.201638e-20   4.189201e-05   4.200193e-21   312
  2.453594e-01   4.694476e-20   1.064407e-04   2.059175e-21   528
  2.457747e-01   4.359099e-20   1.390063e-04   1.594755e-21   720
  2.461718e-01   5.725468e-20   1.394416e-04   3.125364e-21   576
  2.466533e-01   5.107996e-20   1.202863e-04   2.407335e-21   444
  2.469529e-01   4.720652e-20   1.179621e-04   1.571991e-21   996
  2.473200e-01   4.084934e-20   9.853387e-05   2.441582e-21   432
  2.476669e-01   4.880135e-20   1.078752e-04   2.489574e-21   504
  2.479666e-01   2.950843e-20   4.863583e-05   9.490000e-22   504
  2.483934e-01   4.977459e-20   9.571589e-05   1.811659e-21   876
  2.487796e-01   3.916999e-20   1.101599e-04   2.329015e-21   504
  2.491817e-01   3.667889e-20   7.025420e-05   1.640388e-21   696
  2.495140e-01   3.879854e-20   6.005997e-05   1.616268e-21   492
  2.499662e-01   3.471152e-20   8.597875e-05   1.665005e-21   432
  2.503011e-01   4.129686e-20   8.050968e-05   1.619088e-21   768
  2.506981e-01   3.681846e-20   1.002856e-04   1.535951e-21   648
  2.510772e-01   3.241004e-20   6.542561e-05   1.521818e-21   456
  2.515128e-01   3.829441e-20   8.997083e-05   1.660202e-21   552
  2.518153e-01   3.166985e-20   6.166608e-05   1.219144e-21   648
  2.522317e-01   2.586368e-20   1.005122e-04   8.460639e-22   840
  2.526384e-01   2.994249e-20   4.793217e-05   1.249190e-21   432
  2.530455e-01   3.357109e-20   5.870872e-05   1.672131e-21   600
  2.533287e-01   3.339674e-20   6.255029e-05   1.702042e-21   432
  2.538044e-01   3.114212e-20   6.227491e-05   1.221061e-21   560
  2.541265e-01   2.438929e-20   9.857465e-05   6.901678e-22   840
  2.545299e-01   2.603159e-20   5.838720e-05   1.328844e-21   504
  2.548502e-01   2.422785e-20   1.191648e-04   8.104481e-22   696
  2.553018e-01   3.069129e-20   6.508356e-05   1.474387e-21   384
  2.556535e-01   2.164006e-20   9.533975e-05   7.395565e-22   576
  2.560789e-01   2.243478e-20   5.883893e-05   8.702231e-22   360
  2.564218e-01   2.521408e-20   8.762544e-05   9.232571e-22   828
  2.567917e-01   2.085026e-20   7.804673e-05   9.028908e-22   372
  2.571307e-01   2.212137e-20   1.191923e-04   8.194627e-22   576
  2.575797e-01   2.308477e-20   4.991761e-05   9.370111e-22   636
  2.578996e-01   2.256319e-20   9.622826e-05   9.831775e-22   648
  2.583323e-01   1.900309e-20   7.822306e-05   6.852105e-22   576
  2.586430e-01   2.093400e-20   1.261820e-04   8.005255e-22   528
  2.590561e-01   2.040924e-20   5.394804e-05   1.019830e-21   360
  2.593981e-01   1.817831e-20   1.241007e-04   5.889521e-22   672
  2.598446e-01   2.159912e-20   6.356642e-05   6.561114e-22   804
  2.602163e-01   1.848503e-20   7.012137e-05   9.079893e-22   408
  2.606274e-01   2.386601e-20   4.334263e-05   1.168870e-21   384
  2.609042e-01   1.550509e-20   9.918459e-05   6.445820e-22   480
  2.612947e-01   1.738845e-20   6.408778e-05   8.162582e-22   432
  2.616692e-01   1.735716e-20   1.181001e-04   5.773004e-22   648
  2.621125e-01   1.515430e-20   7.328056e-05   4.926578e-22   624
  2.624367e-01   1.671175e-20   6.665485e-05   8.036105e-22   456
  2.628795e-01   1.477270e-20   9.105646e-05   5.463553e-22   588
  2.631762e-01   1.385066e-20   5.809364e-05   4.377769e-22   600
  2.636094e-01   1.590606e-20   9.061183e-05   5.468767e-22   708
  2.639516e-01   1.571111e-20   5.708370e-05   7.760323e-22   360
  2.643298e-01   1.488138e-20   6.561923e-05   5.868616e-22   552
  2.646923e-01   1.358258e-20   4.603344e-05   6.054268e-22   288
  2.650603e-01   1.394318e-20   8.655546e-05   4.906278e-22   528
  2.654060e-01   1.514643e-20   5.839431e-05   5.567847e-22   456
  2.657924e-01   1.545333e-20   1.035458e-04   5.918783e-22   608
  2.661809e-01   1.188147e-20   5.009661e-05   3.916707e-22   504
  2.666055e-01   1.096683e-20   1.075546e-04   3.630896e-22   540
  2.669384e-01   1.172546e-20   1.154568e-04   5.048194e-22   360
  2.672972e-01   1.291741e-20   5.228475e-05   4.606306e-22   540
  2.676146e-01   1.176554e-20   4.489266e-05   3.936550e-22   576
  2.680762e-01   1.161418e-20   1.040909e-04   4.000358e-22   588
  2.685150e-01   1.045766e-20   1.436140e-04   3.047447e-22   672
  2.688920e-01   1.184782e-20   1.097654e-04   4.476202e-22   552
  2.691959e-01   1.187680e-20   1.098209e-04   8.192678e-22   144
  2.695837e-01   1.192735e-20   9.330411e-05   4.128809e-22   600
  2.699514e-01   9.668920e-21   1.169304e-04   3.049679e-22   504
  2.703595e-01   9.946638e-21   1.201111e-04   4.571045e-22   336
  2.707887e-01   1.081413e-20   1.350054e-04   3.831533e-22   600
  2.711731e-01   9.901164e-21   8.712810e-05   3.324570e-22   636
  2.715880e-01   9.404392e-21   7.005178e-05   4.423810e-22   384
  2.718789e-01   8.743110e-21   9.771396e-05   3.317828e-22   504
  2.722982e-01   7.080045e-21   4.100918e-05   3.407449e-22   240
  2.726291e-01   9.371088e-21   9.633639e-05   2.796326e-22   744
  2.730261e-01   8.893713e-21   6.578310e-05   2.956957e-22   648
  2.733790e-01   1.105585e-20   4.366878e-05   7.692862e-22   120
  2.737925e-01   8.808192e-21   6.859799e-05   2.690976e-22   564
  2.741050e-01   9.213884e-21   1.077373e-04   4.456094e-22   432
  2.745220e-01   9.371350e-21   8.362543e-05   3.641711e-22   480
  2.748361e-01   7.273413e-21   6.155045e-05   2.611792e-22   456
  2.752067e-01   8.281938e-21   1.018569e-04   2.843920e-22   444
  2.756274e-01   7.869389e-21   1.558464e-04   2.863201e-22   528
  2.759969e-01   8.109053e-21   1.157439e-04   3.798360e-22   264
  2.763555e-01   8.260411e-21   1.186203e-04   3.487960e-22   444
  2.768379e-01   8.005330e-21   1.299311e-04   2.492150e-22   696
  2.772383e-01   7.223633e-21   6.949148e-05   3.209668e-22   384
  2.775311e-01   7.491193e-21   8.780831e-05   3.326116e-22   432
  2.779866e-01   6.950036e-21   6.067143e-05   2.545659e-22   488
  2.782823e-01   7.784488e-21   9.143939e-05   3.073030e-22   480
  2.787111e-01   6.075787e-21   1.019738e-04   2.247880e-22   480
  2.790432e-01   7.990669e-21   4.278510e-05   3.831566e-22   240
  2.794202e-01   7.689741e-21   9.994261e-05   3.031079e-22   600
  2.797758e-01   6.258673e-21   8.708975e-05   2.794795e-22   288
  2.801544e-01   7.958398e-21   8.377397e-05   3.116616e-22   480
  2.805379e-01   6.570595e-21   1.490189e-04   2.141640e-22   504
  2.809155e-01   8.100267e-21   6.393839e-05   4.550068e-22   216
  2.813970e-01   5.614002e-21   1.046773e-04   1.941617e-22   504
  2.817720e-01   5.678267e-21   8.419242e-05   1.952916e-22   456
  2.821825e-01   7.049181e-21   4.828579e-05   2.802257e-22   384
  2.824544e-01   6.163544e-21   9.800271e-05   2.146324e-22   480
  2.828408e-01   5.271199e-21   8.605736e-05   1.665323e-22   504
  2.831988e-01   5.366794e-21   5.458940e-05   2.350805e-22   312
  2.835845e-01   6.413528e-21   8.796897e-05   2.343112e-22   492
  2.839260e-01   5.992355e-21   8.245044e-05   2.511798e-22   312
  2.843655e-01   5.784716e-21   1.339342e-04   1.860709e-22   576
  2.847524e-01   5.543652e-21   1.236321e-04   2.282428e-22   336
  2.850738e-01   5.076481e-21   9.519099e-05   2.546080e-22   240
  2.855192e-01   5.756115e-21   1.261991e-04   2.069864e-22   468
  2.859039e-01   6.846839e-21   7.901891e-05   3.911392e-22   192
  2.863065e-01   5.443326e-21   7.925442e-05   2.605802e-22   324
  2.866016e-01   4.794431e-21   5.752155e-05   1.804414e-22   600
  2.870037e-01   4.878041e-21   9.332283e-05   1.845644e-22   456
  2.873023e-01   4.524530e-21   4.197661e-05   2.329481e-22   336
  2.877972e-01   5.059432e-21   1.256898e-04   1.708898e-22   612
  2.881573e-01   4.443275e-21   1.054844e-04   3.062578e-22   144
  2.884978e-01   5.151410e-21   1.231274e-04   1.617733e-22   552
  2.889609e-01   4.983359e-21   4.848907e-05   2.458221e-22   264
  2.892225e-01   4.566724e-21   1.122646e-04   1.760532e-22   336
  2.896353e-01   5.084846e-21   7.418058e-05   2.149610e-22   384
  2.899932e-01   4.649377e-21   4.175634e-05   2.422004e-22   216
  2.903894e-01   4.684824e-21   8.853205e-05   2.360321e-22   344
  2.907507e-01   4.311002e-21   1.320940e-04   1.770022e-22   408
  2.911910e-01   3.583410e-21   1.015056e-04   2.018500e-22   264
  2.915811e-01   3.433429e-21   1.415038e-04   1.140326e-22   612
  2.919709e-01   5.194419e-21   7.282870e-05   2.047837e-22   408
  2.923718e-01   3.370639e-21   7.293338e-05   1.236631e-22   444
  2.926663e-01   5.280108e-21   4.079109e-05   3.566924e-22   120
  2.930609e-01   4.321122e-21   1.126983e-04   1.766492e-22   336
  2.933538e-01   4.048445e-21   3.916222e-05   2.183205e-22   288
  2.937496e-01   4.566128e-21   1.218735e-04   1.640735e-22   552
  2.942938e-01   3.765256e-21   6.525678e-09   3.944103e-22   72
  2.945736e-01   4.529826e-21   1.210514e-04   1.931628e-22   504
  2.949004e-01   3.215638e-21   3.895317e-05   1.750143e-22   216
  2.953239e-01   3.678764e-21   6.954821e-05   2.141856e-22   312
  2.957040e-01   4.242391e-21   7.919158e-05   1.876971e-22   336
  2.960663e-01   3.566926e-21   1.097684e-04   2.313460e-22   204
  2.964271e-01   3.722504e-21   1.275676e-04   1.613179e-22   504
  2.968098e-01   3.539961e-21   1.214810e-04   1.523896e-22   396
  2.971778e-01   3.855634e-21   1.114044e-04   2.004120e-22   312
  2.976240e-01   3.705923e-21   6.808000e-05   1.933150e-22   216
  2.979383e-01   4.708850e-21   3.694832e-05   4.106499e-22   168
  2.983203e-01   3.815223e-21   9.329657e-05   1.177311e-22   588
  2.987563e-01   3.156770e-21   1.266392e-04   1.677158e-22   240
  2.990950e-01   3.276813e-21   1.118436e-04   2.212691e-22   264
  2.994922e-01   3.407469e-21   1.383176e-04   2.040215e-22   288
  2.998446e-01   4.159497e-21   6.907007e-05   2.653135e-22   288
  3.002913e-01   3.130733e-21   6.486779e-05   1.301978e-22   288
  3.005921e-01   3.950775e-21   7.514392e-05   2.845806e-22   192
  3.009705e-01   2.944297e-21   7.996067e-05   1.613016e-22   264
  3.013310e-01   3.554177e-21   1.315242e-04   1.925039e-22   372
  3.017189e-01   3.431850e-21   1.420518e-04   1.836349e-22   360
  3.021924e-01   3.987218e-21   6.011768e-05   2.759288e-22   144
  3.024371e-01   2.377139e-21   8.350082e-05   1.137537e-22   296
  3.028234e-01   3.470643e-21   8.996782e-05   2.356416e-22   288
  3.032657e-01   3.669355e-21   1.344546e-04   1.636902e-22   480
  3.036471e-01   2.187114e-21   1.117190e-04   1.738694e-22   192
  3.040181e-01   4.008297e-21   1.198338e-04   2.301434e-22   192
  3.043553e-01   2.860405e-21   7.637151e-05   1.764775e-22   288
  3.048242e-01   2.068494e-21   6.648036e-05   1.733883e-22   108
  3.050604e-01   3.578531e-21   6.391272e-05   1.752840e-22   240
  3.054775e-01   3.098889e-21   1.192307e-04   1.657612e-22   384
  3.059059e-01   3.725055e-21   1.454479e-04   3.398587e-22   108
  3.062848e-01   3.208000e-21   8.527881e-05   1.543120e-22   348
  3.066832e-01   2.022314e-21   8.900031e-05   1.115993e-22   312
  3.070391e-01   1.147604e-21   8.648246e-05   9.402870e-23   96
  3.073663e-01   3.216497e-21   1.151358e-04   1.624906e-22   384
  3.077328e-01   3.277185e-21   7.919012e-05   2.861231e-22   144
  3.080912e-01   3.243026e-21   1.216791e-04   1.682358e-22   408
  3.085368e-01   2.377596e-21   5.427748e-05   2.192413e-22   144
  3.089578e-01   2.356962e-21   1.043490e-04   1.622417e-22   192
  3.092074e-01   4.387468e-21   1.174468e-04   3.827119e-22   144
  3.096144e-01   2.911326e-21   9.548855e-05   2.258197e-22   144
  3.099983e-01   3.317003e-21   1.167025e-04   1.691254e-22   336
  3.104685e-01   2.305608e-21   8.634502e-05   1.406266e-22   240
  3.107666e-01   2.446855e-21   3.920851e-05   2.501301e-22   96
  3.111825e-01   2.524247e-21   1.149797e-04   1.666045e-22   372
  3.116031e-01   1.853310e-21   1.367659e-04   1.425797e-22   132
  3.119726e-01   2.478107e-21   8.462908e-05   1.563959e-22   264
  3.123032e-01   3.128138e-21   6.499128e-05   1.888423e-22   168
  3.126560e-01   3.423605e-21   1.039086e-04   2.255794e-22   216
  3.129676e-01   2.005343e-21   6.357256e-05   1.450356e-22   216
  3.134215e-01   1.741365e-21   1.166292e-04   1.544811e-22   96
  3.138333e-01   2.732062e-21   7.608990e-05   2.744373e-22   120
  3.142110e-01   2.725347e-21   9.673168e-05   2.008864e-22   216
  3.145221e-01   2.463536e-21   4.227207e-05   2.119142e-22   200
  3.149340e-01   2.373818e-21   1.094242e-04   1.770787e-22   288
  3.154623e-01   1.245337e-21   2.879164e-05   1.218471e-22   144
  3.156848e-01   3.239977e-21   8.959781e-05   4.219605e-22   168
  3.161391e-01   2.086234e-21   1.008340e-04   1.860232e-22   159
  3.164937e-01   2.112192e-21   1.057991e-04   1.637383e-22   174
  3.168369e-01   2.262880e-21   9.593494e-05   1.754160e-22   144
  3.172863e-01   2.773169e-21   5.539549e-05   1.848818e-22   222
  3.175869e-01   2.211372e-21   5.589895e-05   1.862245e-22   168
  3.181060e-01   2.741983e-21   1.226079e-04   4.075966e-22   30
  3.183205e-01   9.221296e-22   1.082537e-04   9.898589e-23   72
  3.187244e-01   2.015550e-21   9.661517e-05   1.839630e-22   258
  3.191684e-01   1.835569e-21   6.051257e-05   1.435053e-22   264
  3.193905e-01   2.312583e-21   0.000000e+00   3.331730e-22   72
  3.198532e-01   1.153854e-21   1.199385e-04   1.010276e-22   174
  3.202721e-01   2.160137e-21   1.277123e-04   2.526001e-22   168
  3.206090e-01   6.654979e-22   3.996146e-09   7.499802e-23   48
  3.209705e-01   1.158279e-21   7.212215e-05   9.400883e-23   150
  3.213898e-01   3.164652e-21   1.326739e-04   2.277627e-22   168
  3.218102e-01   1.786021e-21   8.081877e-05   1.436638e-22   144
  3.221967e-01   1.990530e-21   7.550312e-05   2.762938e-22   102
  3.224847e-01   7.206266e-22   1.117576e-04   6.593602e-23   96
  3.229415e-01   6.951536e-22   1.109119e-04   5.160593e-23   120
  3.232799e-01   6.477578e-22   1.189559e-04   4.205790e-23   168
  3.236458e-01   2.893153e-21   8.783953e-05   2.371093e-22   126
  3.239576e-01   1.518392e-21   6.624856e-05   1.698637e-22   168
  3.243872e-01   8.882623e-22   1.062297e-04   1.095619e-22   72
  3.247626e-01   8.895626e-22   1.330232e-04   6.552675e-23   168
  3.250914e-01   2.135718e-21   3.646820e-05   3.704606e-22   78
  3.255420e-01   7.209715e-22   5.987806e-05   7.059448e-23   60
  3.259049e-01   3.058118e-21   9.713191e-05   4.514495e-22   96
  3.262812e-01   1.252120e-21   1.178615e-04   9.111958e-23   168
  3.266349e-01   1.066777e-21   7.457817e-05   1.634821e-22   86
  3.270060e-01   5.451421e-22   6.665520e-05   7.243810e-23   120
  3.275378e-01   8.724937e-22   4.753401e-05   6.689282e-23   168
  3.278247e-01   5.328193e-22   0.000000e+00   6.079215e-23   48
  3.282110e-01   1.857429e-21   8.660181e-05   1.825920e-22   120
  3.284330e-01   1.204687e-21   6.317951e-05   1.608051e-22   126
  3.289749e-01   1.272243e-21   1.111151e-04   1.216616e-22   96
  3.293266e-01   1.021678e-21   3.204012e-05   9.772988e-23   96
  3.296039e-01   5.643130e-22   0.000000e+00   4.083736e-23   72
  3.301949e-01   7.544679e-22   3.996146e-09   9.855842e-23   24
  3.305637e-01   1.206017e-21   6.593782e-05   1.054412e-22   120
  3.308514e-01   9.438250e-22   9.618300e-05   1.186072e-22   126
  3.311713e-01   4.720425e-22   8.018157e-05   5.010595e-23   96
  3.315452e-01   2.875032e-22   1.385771e-04   2.362027e-23   72
  3.319614e-01   6.276425e-22   5.993927e-05   4.964648e-23   144
  3.323038e-01   6.673655e-22   3.457157e-05   7.066363e-23   72
  3.326459e-01   1.088573e-21   6.905176e-05   2.109114e-22   54
  3.329469e-01   1.062223e-21   6.085106e-05   1.294334e-22   108
  3.335726e-01   1.182397e-21   5.964977e-05   1.084393e-22   72
  3.337673e-01   9.957556e-22   3.441997e-05   1.177853e-22   72
  3.342294e-01   4.924025e-22   6.921527e-09   7.301827e-23   24
  3.346666e-01   1.880112e-22   7.281693e-05   2.500723e-23   48
  3.349321e-01   8.065948e-22   5.546771e-05   1.193387e-22   102
  3.353317e-01   5.095134e-22   1.254449e-04   4.974013e-23   168
  3.358538e-01   3.158010e-22   6.841470e-05   2.855609e-23   72
  3.360473e-01   4.019036e-22   0.000000e+00   5.072448e-23   48
  3.364531e-01   6.133718e-22   1.176775e-04   5.083904e-23   120
  3.369887e-01   5.284343e-22   7.231517e-05   3.314343e-23   96
  3.374945e-01   1.288175e-21   7.830814e-09   4.231906e-22   30
  3.380957e-01   1.118558e-21   3.397687e-05   1.398767e-22   72
  3.383599e-01   5.036955e-22   3.996146e-09   1.078886e-22   24
  3.386992e-01   1.502035e-22   5.036212e-05   1.055573e-23   56
  3.390793e-01   1.643394e-22   7.186930e-05   1.231215e-23   96
  3.395342e-01   4.680160e-22   7.936128e-05   4.690930e-23   144
  3.398849e-01   6.619450e-22   4.505822e-05   2.022560e-22   54
  3.403944e-01   3.998956e-22   6.750198e-05   2.879608e-23   108
  3.409071e-01   1.150290e-21   3.574199e-05   1.945138e-22   48
  3.413952e-01   4.328623e-22   1.345800e-04   3.708426e-23   72
  3.425664e-01   8.738533e-22   8.891744e-05   1.226969e-22   78
  3.428909e-01   1.077954e-22   6.701044e-05   7.221193e-24   72
  3.432698e-01   1.938427e-22   6.692725e-05   2.194303e-23   72
  3.436659e-01   4.155812e-22   1.615028e-04   5.287658e-23   96
  3.439790e-01   2.502908e-22   6.678928e-05   1.749450e-23   72
  3.443566e-01   3.456080e-22   0.000000e+00   5.159557e-23   24
  3.447338e-01   4.415480e-22   1.332770e-04   3.498323e-23   72
  3.455858e-01   5.070380e-22   8.463498e-05   8.472160e-23   30
  3.457691e-01   5.643981e-22   0.000000e+00   9.074226e-23   24
  3.467544e-01   8.880828e-23   7.027855e-05   7.819452e-24   48
  3.470634e-01   2.658702e-22   1.512394e-04   4.059722e-23   120
  3.474798e-01   1.443151e-22   6.612537e-05   1.165572e-23   72
  3.479003e-01   1.816578e-22   6.604543e-05   2.582305e-23   36
  3.481894e-01   2.960360e-22   1.305365e-04   4.384411e-23   78
  3.489960e-01   3.757057e-22   6.982714e-05   3.527140e-23   48
  3.500419e-01   6.037787e-22   5.651403e-09   4.494181e-23   24
  3.507870e-01   7.147197e-23   4.862619e-05   1.020130e-23   56
  3.511622e-01   1.034591e-22   7.482652e-05   9.621922e-24   102
  3.516395e-01   1.582196e-22   5.328194e-09   1.278983e-23   72
  3.519166e-01   2.090617e-22   0.000000e+00   4.118557e-23   24
  3.524009e-01   1.678631e-22   6.915246e-05   1.706336e-23   48
  3.532988e-01   2.701981e-22   0.000000e+00   4.989019e-23   24
  3.544007e-01   3.515344e-22   0.000000e+00   9.823196e-23   6
  3.547443e-01   5.722585e-23   0.000000e+00   9.167084e-24   24
  3.549732e-01   6.588434e-23   6.472929e-05   4.998043e-24   72
  3.553914e-01   7.861953e-23   1.207586e-04   5.140800e-24   84
  3.558418e-01   1.754064e-22   0.000000e+00   3.761148e-23   24
  3.559787e-01   1.758880e-22   5.651403e-09   1.649800e-23   24
  3.566626e-01   2.594129e-22   3.996146e-09   3.911622e-23   24
  3.576179e-01   1.566290e-22   0.000000e+00   3.483589e-23   6
  3.588424e-01   4.303609e-23   6.791113e-05   6.305429e-24   48
  3.591365e-01   4.960894e-23   1.279335e-04   3.865486e-24   72
  3.595209e-01   8.313421e-23   6.778297e-05   8.527836e-24   48
  3.601304e-01   2.091116e-22   0.000000e+00   2.995038e-23   24
  3.609415e-01   4.235779e-22   3.996146e-09   7.406070e-23   6
  3.627599e-01   3.207704e-23   0.000000e+00   6.715295e-24   8
  3.628942e-01   4.832778e-23   3.996146e-09   4.288259e-24   48
  3.632164e-01   5.400256e-23   6.573533e-05   4.955676e-24   60
  3.636991e-01   1.033394e-22   0.000000e+00   2.146167e-23   24
  3.643686e-01   1.553371e-22   0.000000e+00   2.918974e-23   6
  3.668348e-01   2.784407e-23   0.000000e+00   4.596305e-24   24
  3.670341e-01   4.414443e-23   6.639546e-05   4.492408e-24   48
  3.673659e-01   6.405655e-23   0.000000e+00   1.210263e-23   24
  3.678962e-01   2.000684e-23   3.996146e-09   4.300408e-24   6
  3.709088e-01   2.380782e-23   6.194064e-05   2.414748e-24   36
  3.711278e-01   3.367794e-23   0.000000e+00   5.076951e-24   24
  3.715215e-01   7.530604e-23   0.000000e+00   2.714193e-23   6
  3.749494e-01   1.169632e-23   5.629118e-05   1.273450e-24   32
  3.752417e-01   1.347181e-23   3.996146e-09   4.092582e-24   6
  3.789254e-01   1.293370e-23   0.000000e+00   2.429260e-24   12
  3.790540e-01   1.988913e-23   0.000000e+00   4.092970e-24   6
  3.829556e-01   3.923272e-24   5.651403e-09   1.563623e-24   6
