# power spectrum of pi_k
# redshift z=0.924333
# k              Pk             sigma(k)       sigma(Pk)      count
  3.141593e-02   1.216648e-03   0.000000e+00   4.918390e-04   6
  4.442883e-02   3.983041e-04   0.000000e+00   7.787838e-05   12
  5.441398e-02   2.270266e-04   5.960464e-10   4.600707e-05   8
  6.283185e-02   6.539255e-04   0.000000e+00   7.909115e-05   6
  7.024815e-02   3.976994e-04   1.123916e-09   1.280342e-04   24
  7.695299e-02   4.931371e-04   1.123916e-09   8.711201e-05   24
  8.885766e-02   1.410141e-04   0.000000e+00   6.072247e-05   12
  9.424778e-02   1.575891e-04   1.271566e-09   2.946222e-05   30
  9.934588e-02   1.778637e-04   0.000000e+00   3.713465e-05   24
  1.041948e-01   1.614314e-04   1.946680e-09   4.216363e-05   24
  1.088280e-01   1.580563e-04   1.192093e-09   2.915994e-05   8
  1.132717e-01   1.229364e-04   1.589457e-09   1.644051e-05   24
  1.175476e-01   1.156655e-04   0.000000e+00   1.638354e-05   48
  1.256637e-01   1.129141e-04   0.000000e+00   4.844293e-05   6
  1.295312e-01   9.664525e-05   1.589457e-09   1.398921e-05   48
  1.332865e-01   8.376386e-05   1.498555e-09   9.420150e-06   36
  1.369388e-01   1.222957e-04   1.589457e-09   2.673771e-05   24
  1.404963e-01   6.622066e-05   2.247832e-09   1.021978e-05   24
  1.439659e-01   5.567077e-05   0.000000e+00   7.316235e-06   48
  1.473538e-01   7.858667e-05   2.247832e-09   1.098571e-05   24
  1.539060e-01   5.846124e-05   2.247832e-09   8.604960e-06   24
  1.570796e-01   3.451599e-05   0.000000e+00   5.989689e-06   30
  1.601904e-01   3.777548e-05   0.000000e+00   4.056911e-06   72
  1.632419e-01   3.631695e-05   2.384186e-09   7.970068e-06   32
  1.691799e-01   4.288356e-05   0.000000e+00   4.914531e-06   72
  1.720721e-01   2.455036e-05   0.000000e+00   3.570149e-06   48
  1.777153e-01   1.218492e-05   0.000000e+00   3.332280e-06   12
  1.804708e-01   2.465540e-05   0.000000e+00   3.620876e-06   48
  1.831848e-01   2.029992e-05   0.000000e+00   2.064535e-06   48
  1.858591e-01   2.582482e-05   2.247832e-09   3.278451e-06   48
  1.884956e-01   3.196244e-05   2.543132e-09   5.696234e-06   30
  1.910956e-01   2.746149e-05   0.000000e+00   5.907519e-06   24
  1.936608e-01   2.887792e-05   4.738846e-09   2.977422e-06   72
  1.986918e-01   1.289365e-05   0.000000e+00   2.796076e-06   24
  2.011601e-01   2.274962e-05   0.000000e+00   2.275881e-06   96
  2.035985e-01   1.672256e-05   0.000000e+00   2.382136e-06   48
  2.060080e-01   1.352949e-05   3.893359e-09   3.169066e-06   24
  2.083897e-01   9.249315e-06   3.893359e-09   2.011534e-06   24
  2.107444e-01   2.208040e-05   0.000000e+00   2.557243e-06   72
  2.130732e-01   1.615762e-05   0.000000e+00   2.413950e-06   48
  2.176559e-01   1.139666e-05   2.384186e-09   3.310802e-06   8
  2.199115e-01   1.847964e-05   2.825702e-09   2.223991e-06   54
  2.221441e-01   1.244312e-05   0.000000e+00   2.190354e-06   84
  2.243546e-01   1.330801e-05   0.000000e+00   1.781400e-06   48
  2.265435e-01   7.489835e-06   3.178914e-09   1.344242e-06   24
  2.287114e-01   9.607103e-06   4.238553e-09   1.090626e-06   72
  2.308590e-01   1.327262e-05   0.000000e+00   1.521641e-06   96
  2.350953e-01   1.629341e-05   0.000000e+00   1.774360e-06   48
  2.371850e-01   9.303686e-06   0.000000e+00   9.002350e-07   48
  2.392566e-01   8.036631e-06   0.000000e+00   1.619137e-06   24
  2.413103e-01   8.582581e-06   0.000000e+00   9.252757e-07   72
  2.453662e-01   8.694953e-06   0.000000e+00   1.045514e-06   72
  2.473693e-01   7.978757e-06   0.000000e+00   9.152271e-07   96
  2.513274e-01   1.064757e-05   0.000000e+00   5.081515e-06   6
  2.532833e-01   8.250272e-06   0.000000e+00   8.316526e-07   96
  2.552242e-01   8.292311e-06   3.178914e-09   9.015734e-07   96
  2.571504e-01   5.218617e-06   0.000000e+00   1.257315e-06   24
  2.590624e-01   5.866462e-06   3.178914e-09   7.105856e-07   48
  2.609603e-01   5.768878e-06   0.000000e+00   5.836123e-07   96
  2.628445e-01   6.863871e-06   0.000000e+00   9.517675e-07   48
  2.665730e-01   5.507245e-06   2.997109e-09   9.802287e-07   36
  2.684178e-01   5.411484e-06   5.506041e-09   6.943794e-07   48
  2.702500e-01   5.831022e-06   6.229375e-09   5.199451e-07   120
  2.720699e-01   5.254419e-06   0.000000e+00   7.143710e-07   56
  2.738777e-01   2.710408e-06   3.178914e-09   5.308979e-07   24
  2.756736e-01   3.891741e-06   0.000000e+00   3.566064e-07   96
  2.774580e-01   4.177649e-06   0.000000e+00   5.377077e-07   48
  2.809926e-01   4.415508e-06   4.495664e-09   7.945289e-07   24
  2.827433e-01   4.999376e-06   0.000000e+00   5.193340e-07   102
  2.844833e-01   5.163528e-06   3.178914e-09   8.196572e-07   48
  2.862127e-01   4.486828e-06   0.000000e+00   4.363522e-07   72
  2.879317e-01   4.035760e-06   0.000000e+00   4.057250e-07   48
  2.896405e-01   4.249983e-06   0.000000e+00   8.117071e-07   48
  2.913393e-01   3.468995e-06   7.193062e-09   3.015854e-07   120
  2.947075e-01   5.337060e-06   4.495664e-09   9.074968e-07   24
  2.963773e-01   2.906756e-06   4.238553e-09   2.482206e-07   144
  2.980376e-01   2.980767e-06   5.086263e-09   2.969895e-07   120
  2.996888e-01   2.230553e-06   4.495664e-09   3.251978e-07   48
  3.029642e-01   3.285976e-06   4.495664e-09   4.352305e-07   48
  3.045887e-01   2.551174e-06   4.495664e-09   2.688416e-07   96
  3.088780e-01   3.239438e-06   7.537918e-04   4.021543e-07   72
  3.110018e-01   2.290390e-06   3.996146e-09   1.815123e-07   108
  3.125845e-01   2.703141e-06   0.000000e+00   2.816671e-07   72
  3.141593e-01   1.628097e-06   0.000000e+00   3.258883e-07   30
  3.157262e-01   2.682566e-06   0.000000e+00   2.149706e-07   168
  3.172853e-01   2.771951e-06   0.000000e+00   3.023901e-07   48
  3.203808e-01   1.742723e-06   0.000000e+00   2.090184e-07   72
  3.219175e-01   2.181926e-06   0.000000e+00   2.154961e-07   96
  3.234468e-01   2.060372e-06   8.477105e-09   3.170318e-07   72
  3.249689e-01   2.428541e-06   0.000000e+00   2.514372e-07   72
  3.275279e-01   2.137208e-06   6.960077e-04   1.519393e-07   104
  3.294930e-01   1.952495e-06   5.994218e-09   1.393978e-07   144
  3.339559e-01   1.238598e-06   1.005261e-08   1.149877e-07   96
  3.354303e-01   1.402292e-06   0.000000e+00   1.515689e-07   96
  3.377752e-01   1.786572e-06   7.160371e-04   1.645215e-07   120
  3.398152e-01   1.407730e-06   0.000000e+00   1.240308e-07   120
  3.412643e-01   1.791478e-06   0.000000e+00   2.012760e-07   72
  3.441442e-01   1.674889e-06   0.000000e+00   2.218793e-07   48
  3.455752e-01   1.768595e-06   7.825020e-09   2.069142e-07   78
  3.474057e-01   1.693528e-06   6.411427e-04   1.323362e-07   168
  3.512407e-01   1.501924e-06   7.341388e-09   1.322356e-07   144
  3.526429e-01   1.557388e-06   5.994218e-09   1.089630e-07   144
  3.567097e-01   1.298316e-06   3.692465e-04   1.150246e-07   156
  3.581967e-01   9.078461e-07   7.786718e-09   1.752407e-07   48
  3.595717e-01   1.152048e-06   5.086263e-09   1.133616e-07   120
  3.609415e-01   8.368133e-07   0.000000e+00   9.053811e-08   48
  3.633635e-01   1.159785e-06   5.651992e-04   7.938508e-08   216
  3.663695e-01   9.723521e-07   0.000000e+00   1.232793e-07   48
  3.677140e-01   8.689548e-07   4.495664e-09   7.332904e-08   96
  3.696256e-01   9.924111e-07   6.605235e-04   8.720734e-08   168
  3.717183e-01   7.871522e-07   4.495664e-09   1.074233e-07   48
  3.730435e-01   9.945623e-07   0.000000e+00   9.877312e-08   96
  3.743640e-01   9.870776e-07   0.000000e+00   1.865890e-07   48
  3.769911e-01   1.089947e-06   5.086263e-09   1.087313e-07   30
  3.782979e-01   7.197078e-07   0.000000e+00   5.786323e-08   96
  3.798596e-01   7.908636e-07   5.191127e-04   5.373972e-08   240
  3.818679e-01   1.078016e-06   5.600478e-04   1.473230e-07   32
  3.834803e-01   6.133788e-07   0.000000e+00   4.455670e-08   168
  3.847649e-01   6.923758e-07   0.000000e+00   6.976142e-08   120
  3.873216e-01   5.369681e-07   9.477692e-09   6.173994e-08   72
  3.885936e-01   8.934426e-07   4.238553e-09   8.043060e-08   144
  3.898614e-01   6.216406e-07   0.000000e+00   6.607128e-08   96
  3.911251e-01   7.888550e-07   0.000000e+00   6.336631e-08   96
  3.936404e-01   7.347546e-07   0.000000e+00   8.475448e-08   72
  3.948921e-01   6.232210e-07   6.357829e-09   6.071356e-08   96
  3.973835e-01   5.884598e-07   0.000000e+00   1.017137e-07   24
  3.986234e-01   6.841760e-07   0.000000e+00   5.092931e-08   192
  4.000835e-01   6.029374e-07   4.752666e-04   4.469783e-08   132
  4.023202e-01   6.386551e-07   0.000000e+00   5.650007e-08   96
  4.035449e-01   4.611390e-07   0.000000e+00   4.502600e-08   96
  4.047659e-01   6.104256e-07   5.086263e-09   5.179006e-08   120
  4.071969e-01   6.384505e-07   0.000000e+00   8.583973e-08   48
  4.091897e-01   3.914632e-07   5.759849e-04   2.544472e-08   222
  4.108165e-01   4.829393e-07   0.000000e+00   4.367745e-08   120
  4.120160e-01   5.479857e-07   7.786718e-09   1.141646e-07   24
  4.137624e-01   5.550165e-07   5.945000e-04   2.943946e-08   312
  4.175676e-01   5.915569e-07   5.573676e-04   6.513533e-08   72
  4.191407e-01   3.880880e-07   7.786718e-09   4.945125e-08   96
  4.207561e-01   4.728698e-07   5.676017e-04   3.563730e-08   192
  4.226581e-01   4.365920e-07   7.193062e-09   4.327099e-08   120
  4.238240e-01   4.271269e-07   0.000000e+00   4.329636e-08   144
  4.261464e-01   3.743014e-07   0.000000e+00   5.140441e-08   48
  4.277971e-01   3.617036e-07   5.707434e-04   2.133897e-08   336
  4.296063e-01   3.895959e-07   0.000000e+00   5.120110e-08   48
  4.318976e-01   3.525288e-07   0.000000e+00   3.066206e-08   192
  4.330387e-01   3.724835e-07   0.000000e+00   4.223527e-08   48
  4.362823e-01   3.600688e-07   3.961708e-04   4.300847e-08   56
  4.378950e-01   3.413558e-07   5.088179e-04   1.890525e-08   336
  4.398230e-01   3.248611e-07   5.651403e-09   4.516564e-08   54
  4.415024e-01   2.979393e-07   5.588647e-04   1.717556e-08   240
  4.449889e-01   2.800002e-07   5.351174e-04   2.051349e-08   228
  4.465042e-01   3.287102e-07   5.994218e-09   4.231917e-08   72
  4.479751e-01   3.206557e-07   5.190769e-04   2.390996e-08   144
  4.498076e-01   2.483521e-07   0.000000e+00   2.401529e-08   96
  4.509034e-01   2.639602e-07   7.193062e-09   1.616433e-08   240
  4.530869e-01   2.249726e-07   6.357829e-09   4.131327e-08   24
  4.544849e-01   2.692385e-07   4.902641e-04   1.594501e-08   336
  4.563427e-01   2.457029e-07   0.000000e+00   2.843147e-08   72
  4.580385e-01   2.919086e-07   5.332530e-04   2.099092e-08   168
  4.595754e-01   1.886969e-07   0.000000e+00   1.745384e-08   72
  4.617179e-01   2.854751e-07   0.000000e+00   2.620704e-08   96
  4.633772e-01   2.362436e-07   5.292526e-04   1.666250e-08   216
  4.649133e-01   1.705828e-07   0.000000e+00   1.347838e-08   96
  4.670313e-01   2.090718e-07   6.357829e-09   1.422684e-08   192
  4.680868e-01   1.988805e-07   5.994218e-09   1.545383e-08   144
  4.701905e-01   2.007112e-07   0.000000e+00   2.558948e-08   48
  4.716471e-01   2.251187e-07   5.102617e-04   1.464865e-08   246
  4.736262e-01   2.594095e-07   4.704694e-04   2.020510e-08   168
  4.754092e-01   1.869524e-07   1.245875e-08   1.997880e-08   120
  4.764461e-01   1.607737e-07   0.000000e+00   1.100863e-08   240
  4.785131e-01   1.142365e-07   0.000000e+00   2.386835e-08   24
  4.801601e-01   1.786576e-07   5.035960e-04   1.108324e-08   360
  4.822112e-01   1.611155e-07   5.014531e-04   1.207710e-08   120
  4.836420e-01   1.828824e-07   0.000000e+00   1.484752e-08   144
  4.846613e-01   1.760498e-07   0.000000e+00   1.556332e-08   96
  4.877063e-01   1.654665e-07   0.000000e+00   1.319155e-08   144
  4.887171e-01   1.731045e-07   0.000000e+00   1.472706e-08   132
  4.901376e-01   1.583572e-07   4.949267e-04   1.169631e-08   176
  4.921997e-01   1.518785e-07   4.997763e-04   7.919608e-09   312
  4.947385e-01   2.085765e-07   0.000000e+00   3.174944e-08   96
  4.957350e-01   1.412885e-07   0.000000e+00   1.241531e-08   144
  4.972638e-01   1.428491e-07   4.947633e-04   8.082072e-09   312
  4.997009e-01   1.690815e-07   0.000000e+00   1.666656e-08   48
  5.006875e-01   1.233147e-07   6.357829e-09   9.371362e-09   192
  5.026548e-01   2.932629e-08   0.000000e+00   1.025659e-08   6
  5.039619e-01   1.271574e-07   4.614506e-04   7.262276e-09   288
  5.060790e-01   1.094563e-07   4.875525e-04   7.989148e-09   192
  5.075398e-01   1.019820e-07   1.495221e-08   6.423618e-09   216
  5.085112e-01   1.265853e-07   0.000000e+00   1.691912e-08   72
  5.109313e-01   1.021875e-07   4.829223e-04   7.830864e-09   192
  5.125386e-01   1.300791e-07   3.585958e-04   7.633343e-09   288
  5.143009e-01   1.120217e-07   0.000000e+00   2.297258e-08   24
  5.156624e-01   1.156156e-07   4.724202e-04   5.056096e-09   456
  5.181247e-01   7.469494e-08   6.357829e-09   1.102590e-08   48
  5.196462e-01   1.037645e-07   4.653150e-04   7.524428e-09   240
  5.213948e-01   1.115166e-07   4.702532e-04   7.214110e-09   216
  5.228652e-01   8.857178e-08   0.000000e+00   1.081119e-08   72
  5.238082e-01   8.942592e-08   1.624747e-08   7.076214e-09   168
  5.264706e-01   1.018360e-07   3.495323e-04   6.195471e-09   288
  5.279636e-01   9.819427e-08   4.624911e-04   6.821632e-09   168
  5.303619e-01   1.099540e-07   0.000000e+00   7.520613e-09   192
  5.312915e-01   8.627470e-08   5.994218e-09   6.169046e-09   144
  5.331460e-01   1.047485e-07   5.994218e-09   1.258244e-08   36
  5.347186e-01   8.089951e-08   4.223528e-04   7.355914e-09   342
  5.362222e-01   8.702903e-08   4.337051e-04   6.647853e-09   144
  5.381552e-01   7.835233e-08   4.548480e-04   4.074042e-09   384
  5.405000e-01   8.819721e-08   1.245875e-08   8.042185e-09   120
  5.416606e-01   8.799415e-08   4.055921e-04   5.448533e-09   264
  5.432322e-01   7.468705e-08   2.010522e-08   5.339153e-09   192
  5.447121e-01   8.111742e-08   4.371030e-04   6.344156e-09   152
  5.459506e-01   7.245918e-08   1.198844e-08   6.699478e-09   144
  5.485556e-01   5.878263e-08   2.828973e-04   4.326131e-09   216
  5.497613e-01   7.533056e-08   3.780263e-04   4.129601e-09   312
  5.518839e-01   6.420308e-08   4.381250e-04   3.477671e-09   240
  5.531345e-01   7.572366e-08   6.357829e-09   7.707615e-09   96
  5.555083e-01   6.759859e-08   4.188792e-04   5.416086e-09   144
  5.569713e-01   6.396454e-08   4.117214e-04   3.099009e-09   456
  5.593447e-01   5.095516e-08   0.000000e+00   3.430600e-09   120
  5.602262e-01   5.528407e-08   0.000000e+00   5.332358e-09   144
  5.619852e-01   3.935022e-08   8.991328e-09   6.247803e-09   24
  5.631129e-01   6.160786e-08   3.957596e-04   3.103493e-09   336
  5.650632e-01   5.763072e-08   4.364690e-04   4.452253e-09   198
  5.668907e-01   6.902460e-08   4.244410e-04   4.866982e-09   432
  5.689666e-01   6.341063e-08   6.357829e-09   6.086122e-09   48
  5.700496e-01   6.319308e-08   3.747080e-04   3.208587e-09   384
  5.719941e-01   5.776464e-08   4.313683e-04   4.813600e-09   144
  5.737560e-01   5.649950e-08   4.282921e-04   3.383314e-09   264
  5.758634e-01   4.600280e-08   0.000000e+00   4.315323e-09   48
  5.772774e-01   5.081607e-08   4.072357e-04   3.038188e-09   276
  5.786417e-01   4.522579e-08   3.691482e-04   3.695435e-09   192
  5.804649e-01   4.694438e-08   4.148414e-04   2.000283e-09   552
  5.826786e-01   3.247432e-08   1.438612e-08   2.900609e-09   120
  5.839944e-01   4.992541e-08   4.199218e-04   3.440926e-09   216
  5.852139e-01   4.301637e-08   7.193062e-09   3.349095e-09   120
  5.873922e-01   4.982207e-08   4.135200e-04   2.553097e-09   408
  5.894150e-01   4.291962e-08   8.991328e-09   5.373793e-09   24
  5.906694e-01   3.895868e-08   4.177296e-04   2.186770e-09   384
  5.924213e-01   3.879422e-08   4.081368e-04   2.654838e-09   240
  5.939425e-01   3.676784e-08   4.111256e-04   2.535453e-09   168
  5.960753e-01   3.176425e-08   1.017253e-08   3.101017e-09   120
  5.974502e-01   5.200897e-08   4.285769e-04   6.989930e-09   350
  5.996859e-01   3.977201e-08   7.055203e-04   2.301656e-09   384
  6.010221e-01   4.140968e-08   0.000000e+00   3.627958e-09   144
  6.034802e-01   3.071997e-08   1.695421e-08   1.784773e-09   288
  6.047637e-01   3.352116e-08   4.038485e-04   1.637759e-09   336
  6.065098e-01   3.883424e-08   3.676705e-04   2.858801e-09   168
  6.075551e-01   3.381523e-08   7.266090e-09   1.984049e-09   336
  6.097171e-01   2.980499e-08   3.816201e-04   1.814214e-09   288
  6.110156e-01   3.056780e-08   3.595837e-04   1.820764e-09   264
  6.132144e-01   3.236495e-08   0.000000e+00   2.030723e-09   240
  6.140186e-01   3.176632e-08   1.271566e-08   2.660009e-09   96
  6.169049e-01   3.331422e-08   4.890096e-04   1.702211e-09   360
  6.182520e-01   3.151134e-08   3.604841e-04   2.625011e-09   168
  6.199540e-01   3.094938e-08   3.929651e-04   1.353720e-09   456
  6.220036e-01   2.834208e-08   7.992291e-09   2.482880e-09   108
  6.231564e-01   2.919125e-08   3.942898e-04   2.103197e-09   264
  6.245946e-01   2.693503e-08   3.517707e-04   1.721804e-09   264
  6.265640e-01   3.036346e-08   3.319469e-04   1.831400e-09   312
  6.290162e-01   4.567113e-08   2.466728e-04   5.452569e-09   270
  6.300440e-01   2.859907e-08   3.131822e-04   1.975256e-09   240
  6.318916e-01   2.773111e-08   3.874458e-04   1.260506e-09   384
  6.330134e-01   2.248833e-08   0.000000e+00   1.497416e-09   192
  6.351924e-01   2.756165e-08   3.108737e-04   1.992370e-09   240
  6.364563e-01   2.479750e-08   3.836683e-04   1.309932e-09   336
  6.388333e-01   2.527196e-08   3.862355e-04   1.130733e-09   480
  6.407617e-01   2.437744e-08   0.000000e+00   2.840626e-09   72
  6.418389e-01   2.559133e-08   3.766148e-04   1.631471e-09   240
  6.433040e-01   2.261680e-08   3.539663e-04   1.296090e-09   312
  6.449835e-01   2.121299e-08   3.825526e-04   1.458999e-09   240
  6.475214e-01   2.250021e-08   2.906410e-04   1.105727e-09   408
  6.485261e-01   2.111636e-08   2.661571e-04   1.219589e-09   336
  6.504896e-01   2.186592e-08   3.379539e-04   1.570940e-09   264
  6.514545e-01   2.609465e-08   0.000000e+00   2.161918e-09   144
  6.541393e-01   2.126535e-08   4.684242e-04   1.004190e-09   464
  6.555537e-01   1.600490e-08   3.724933e-04   1.146785e-09   168
  6.569502e-01   2.527843e-08   3.392602e-04   1.354188e-09   336
  6.594741e-01   2.814319e-08   3.564592e-04   6.351737e-09   414
  6.608969e-01   3.545485e-08   3.710529e-04   3.384422e-09   216
  6.627197e-01   2.048152e-08   8.991328e-09   1.986186e-09   96
  6.634639e-01   1.928680e-08   2.697398e-08   9.633318e-10   384
  6.660710e-01   1.974651e-08   3.703360e-04   9.721457e-10   492
  6.674682e-01   1.539442e-08   3.621568e-04   9.279407e-10   240
  6.690474e-01   1.488452e-08   3.677161e-04   8.732588e-10   312
  6.712282e-01   1.822431e-08   3.675950e-04   1.434870e-09   192
  6.726096e-01   1.784644e-08   3.562441e-04   8.101357e-10   504
  6.744424e-01   1.683720e-08   2.358397e-04   8.536660e-10   408
  6.758855e-01   1.897226e-08   7.225239e-04   1.480702e-09   168
  6.776913e-01   1.499406e-08   3.432052e-04   9.682538e-10   288
  6.792066e-01   1.528191e-08   3.581640e-04   1.016068e-09   288
  6.807589e-01   1.629414e-08   3.602256e-04   7.982916e-10   432
  6.830104e-01   1.681467e-08   3.406534e-04   1.119092e-09   216
  6.842135e-01   1.552746e-08   3.399348e-04   7.391256e-10   360
  6.863554e-01   1.619961e-08   3.317731e-04   9.095118e-10   312
  6.882885e-01   1.702948e-08   0.000000e+00   2.723141e-09   48
  6.894028e-01   1.453853e-08   3.557085e-04   7.145266e-10   432
  6.913984e-01   2.418040e-08   5.933254e-04   3.536937e-09   414
  6.925769e-01   1.746399e-08   3.130008e-08   1.274343e-09   312
  6.947756e-01   1.665712e-08   5.206101e-04   8.127470e-10   528
  6.962593e-01   1.477137e-08   2.732762e-04   9.144455e-10   264
  6.980417e-01   1.316631e-08   3.240306e-04   6.459608e-10   480
  7.003709e-01   1.348721e-08   0.000000e+00   7.072344e-10   288
  7.013766e-01   1.349705e-08   3.481608e-04   1.109527e-09   168
  7.032168e-01   1.308735e-08   5.511376e-04   5.550937e-10   504
  7.052858e-01   1.386676e-08   1.198844e-08   9.681202e-10   144
  7.065874e-01   1.189196e-08   3.539624e-04   5.478023e-10   464
  7.085433e-01   1.050667e-08   5.194598e-04   4.919119e-10   432
  7.094715e-01   1.368652e-08   0.000000e+00   9.435137e-10   192
  7.118702e-01   1.089622e-08   3.850933e-04   4.858012e-10   396
  7.132867e-01   1.163332e-08   3.459199e-04   6.980451e-10   288
  7.147184e-01   1.173047e-08   3.417097e-04   6.461786e-10   336
  7.170054e-01   1.064472e-08   2.163775e-04   4.627721e-10   432
  7.184567e-01   1.131718e-08   5.608202e-04   5.522863e-10   360
  7.200863e-01   1.100465e-08   3.317334e-04   5.226427e-10   384
  7.224007e-01   3.272402e-08   2.928185e-04   1.662215e-08   198
  7.235158e-01   1.610613e-08   3.328394e-04   1.126051e-09   552
  7.255952e-01   1.093870e-08   4.659523e-04   8.268635e-10   432
  7.273313e-01   1.092621e-08   0.000000e+00   8.267817e-10   168
  7.287883e-01   1.064891e-08   5.776104e-04   4.709451e-10   480
  7.307158e-01   7.499614e-09   0.000000e+00   6.823736e-10   120
  7.315834e-01   9.284037e-09   4.717672e-04   5.506117e-10   336
  7.337004e-01   9.749962e-09   3.328244e-04   3.380601e-10   672
  7.357937e-01   9.603488e-09   4.841385e-04   4.334348e-10   528
  7.367688e-01   8.876306e-09   1.453218e-08   5.733211e-10   168
  7.390213e-01   9.114161e-09   5.400533e-04   3.994014e-10   456
  7.403958e-01   1.015233e-08   3.298151e-04   8.558188e-10   168
  7.418226e-01   9.084085e-09   3.292229e-04   4.392892e-10   504
  7.441946e-01   8.357226e-09   4.236594e-04   4.659575e-10   336
  7.456288e-01   9.421374e-09   3.054083e-04   5.229514e-10   312
  7.472199e-01   8.775782e-09   2.984046e-04   3.860202e-10   504
  7.493135e-01   8.229703e-09   2.070414e-04   3.506926e-10   432
  7.502979e-01   7.449911e-09   3.199475e-04   4.261813e-10   312
  7.523441e-01   7.677237e-09   3.279618e-04   3.528417e-10   384
  7.544807e-01   5.501126e-08   2.786416e-04   1.342760e-08   126
  7.557997e-01   1.109390e-08   4.892282e-04   7.583949e-10   492
  7.574845e-01   8.772537e-09   3.133512e-04   4.035187e-10   528
  7.595900e-01   7.463669e-09   3.182975e-04   3.136531e-10   480
  7.608954e-01   7.652075e-09   4.397263e-04   3.627836e-10   432
  7.627844e-01   8.116477e-09   3.457865e-04   3.590311e-10   440
  7.649782e-01   7.044338e-09   1.719582e-04   3.966255e-10   312
  7.658014e-01   7.508520e-09   2.576938e-04   4.168027e-10   480
  7.674900e-01   6.782364e-09   5.045595e-04   3.424760e-10   408
  7.699572e-01   6.696584e-09   3.021740e-04   3.356968e-10   360
  7.709996e-01   6.564375e-09   2.915870e-04   3.274370e-10   408
  7.729312e-01   6.391953e-09   2.967266e-04   2.865312e-10   456
  7.751062e-01   6.740289e-09   2.835976e-04   3.973510e-10   264
  7.763135e-01   6.065825e-09   3.077746e-04   3.273568e-10   384
  7.780708e-01   6.304289e-09   5.181601e-04   2.447694e-10   672
  7.801024e-01   6.109805e-09   3.099267e-04   3.997250e-10   240
  7.812746e-01   6.235151e-09   3.144981e-04   3.606364e-10   264
  7.829292e-01   5.401941e-09   3.878815e-04   2.323878e-10   624
  7.853982e-01   4.142644e-08   0.000000e+00   2.443593e-08   150
  7.862772e-01   1.208973e-08   4.346518e-04   1.175472e-09   600
  7.881310e-01   6.660198e-09   2.999855e-04   3.212050e-10   672
  7.902303e-01   5.804738e-09   2.821575e-04   3.238858e-10   336
  7.913996e-01   6.248273e-09   3.069052e-04   3.331752e-10   408
  7.932681e-01   5.356727e-09   3.061822e-04   2.564083e-10   408
  7.953464e-01   4.989995e-09   1.548222e-04   2.526670e-10   360
  7.966274e-01   5.593214e-09   5.684571e-04   2.656203e-10   456
  7.981747e-01   5.055151e-09   3.091305e-04   2.330011e-10   384
  8.001443e-01   5.828691e-09   2.853666e-04   2.921856e-10   348
  8.012087e-01   5.085355e-09   3.518006e-04   2.099985e-10   576
  8.032080e-01   5.046817e-09   2.896616e-04   2.326648e-10   504
  8.052533e-01   4.851437e-09   4.085508e-04   2.231474e-10   432
  8.070386e-01   4.414747e-09   5.558314e-04   1.750028e-10   576
  8.083117e-01   4.718137e-09   0.000000e+00   2.747180e-10   264
  8.103314e-01   4.652518e-09   4.423029e-04   1.597767e-10   768
  8.120878e-01   5.431071e-09   5.954803e-04   3.664607e-10   240
  8.134843e-01   4.358118e-09   5.251573e-04   3.432326e-10   192
  8.155184e-01   4.280837e-09   3.865799e-04   1.781936e-10   504
  8.170269e-01   1.554395e-08   5.209309e-04   3.386594e-09   590
  8.184736e-01   8.529164e-09   5.836745e-04   8.929187e-10   384
  8.202876e-01   5.261775e-09   4.877800e-04   2.813466e-10   504
  8.224778e-01   4.740492e-09   4.694128e-04   1.801248e-10   648
  8.246022e-01   4.309877e-09   1.274863e-04   1.845594e-10   504
  8.254588e-01   4.270221e-09   2.908203e-04   2.195293e-10   312
  8.269711e-01   3.795041e-09   4.190005e-04   1.470933e-10   576
  8.290471e-01   3.953412e-09   2.915849e-04   2.395757e-10   240
  8.302574e-01   3.706998e-09   2.946324e-04   1.516316e-10   552
  8.319706e-01   4.045547e-09   2.766531e-04   1.621446e-10   600
  8.344107e-01   3.678444e-09   3.379098e-04   1.360149e-10   600
  8.358778e-01   3.963492e-09   5.411359e-04   2.326217e-10   312
  8.373389e-01   3.876396e-09   4.712758e-04   1.690804e-10   480
  8.391640e-01   3.874921e-09   2.940309e-04   1.577893e-10   576
  8.407709e-01   3.623627e-09   4.734535e-04   1.845773e-10   408
  8.421967e-01   3.652721e-09   5.523054e-04   2.257981e-10   216
  8.440389e-01   3.054398e-09   4.230038e-04   1.389303e-10   516
  8.460125e-01   3.626891e-09   4.035886e-04   1.424307e-10   744
  8.480486e-01   1.518286e-08   2.695616e-04   8.307889e-09   462
  8.491990e-01   1.259518e-08   2.739703e-04   1.707093e-09   432
  8.509836e-01   5.064205e-09   2.541675e-04   3.191877e-10   648
  8.530818e-01   3.800058e-09   3.718944e-04   1.843061e-10   528
  8.547671e-01   3.287839e-09   4.478537e-04   1.461765e-10   600
  8.564512e-01   3.078724e-09   5.646264e-04   2.513417e-10   240
  8.580823e-01   3.073734e-09   4.324984e-04   1.091876e-10   720
  8.599780e-01   3.295253e-09   3.421845e-04   1.153090e-10   720
  8.620796e-01   2.614364e-09   0.000000e+00   1.911698e-10   144
  8.631855e-01   2.804125e-09   4.411782e-04   1.001908e-10   720
  8.647586e-01   3.331351e-09   2.645391e-04   1.830829e-10   384
  8.667282e-01   2.842750e-09   2.932557e-04   1.104812e-10   672
  8.685969e-01   2.823286e-09   5.134584e-04   1.470060e-10   336
  8.694893e-01   3.185905e-09   0.000000e+00   1.921831e-10   288
  8.716748e-01   2.695017e-09   4.063680e-04   9.389148e-11   776
  8.736979e-01   2.908328e-09   3.477095e-04   1.101115e-10   720
  8.753970e-01   2.760778e-09   2.801055e-04   1.417556e-10   432
  8.767560e-01   2.656824e-09   3.993257e-04   1.429826e-10   504
  8.782678e-01   2.494281e-09   2.797843e-04   1.119447e-10   528
  8.803833e-01   2.284067e-08   3.811898e-04   5.276286e-09   438
  8.821237e-01   4.079079e-09   4.436701e-04   3.229582e-10   624
  8.834351e-01   3.031197e-09   5.434359e-04   1.888398e-10   312
  8.852381e-01   2.736465e-09   2.927896e-04   1.010086e-10   696
  8.871024e-01   2.569981e-09   2.649216e-04   1.141459e-10   552
  8.890414e-01   2.359925e-09   2.049609e-04   9.686986e-11   516
  8.902410e-01   2.329194e-09   4.093940e-04   9.633171e-11   528
  8.917013e-01   2.253540e-09   2.662401e-04   1.043328e-10   528
  8.937755e-01   2.281793e-09   3.511167e-04   8.018299e-11   864
  8.951836e-01   2.055034e-09   4.809576e-04   9.965199e-11   408
  8.965930e-01   2.158598e-09   4.765097e-04   1.483360e-10   192
  8.985906e-01   2.230954e-09   3.943347e-04   8.142052e-11   720
  9.002770e-01   1.963270e-09   3.635960e-04   7.064147e-11   696
  9.022808e-01   2.187270e-09   3.926871e-04   7.767019e-11   720
  9.041141e-01   2.020958e-09   5.322402e-04   9.663215e-11   432
  9.051831e-01   1.870244e-09   3.132974e-04   1.143217e-10   264
  9.071068e-01   2.076590e-09   4.326498e-04   7.641373e-11   672
  9.088274e-01   2.039084e-09   4.429670e-04   8.194447e-11   600
  9.108692e-01   2.256552e-08   2.593567e-04   1.447509e-08   270
  9.118985e-01   1.014595e-08   3.904042e-04   1.526072e-09   528
  9.135346e-01   3.462491e-09   2.673349e-04   2.440531e-10   840
  9.157780e-01   2.334624e-09   5.111923e-04   9.959569e-11   888
  9.178509e-01   1.944508e-09   3.808759e-04   7.443285e-11   744
  9.196028e-01   2.169090e-09   1.957146e-04   1.051701e-10   456
  9.204741e-01   2.070037e-09   2.674561e-04   1.037730e-10   360
  9.219651e-01   1.848602e-09   2.317357e-04   8.633427e-11   384
  9.242528e-01   1.898460e-09   3.717018e-04   6.697290e-11   816
  9.259693e-01   1.888056e-09   5.392874e-04   6.257949e-11   824
  9.280557e-01   1.793781e-09   2.506865e-04   9.853951e-11   360
  9.291730e-01   2.004532e-09   3.699191e-04   8.212124e-11   624
  9.307106e-01   1.585043e-09   2.499713e-04   7.685438e-11   360
  9.327590e-01   1.738525e-09   3.400343e-04   5.716989e-11   876
  9.346089e-01   1.610276e-09   4.038591e-04   6.630837e-11   696
  9.364747e-01   1.785100e-09   2.607857e-04   9.643110e-11   336
  9.374528e-01   1.767077e-09   2.604927e-04   8.185796e-11   504
  9.390682e-01   1.640742e-09   2.627499e-04   6.026146e-11   672
  9.414648e-01   1.507337e-09   5.230740e-04   5.565192e-11   720
  9.431269e-01   1.452309e-08   3.951266e-04   3.481721e-09   774
  9.449616e-01   4.897971e-09   2.261602e-04   5.388275e-10   384
  9.459224e-01   1.629996e-09   4.352293e-04   8.755505e-11   528
  9.474136e-01   1.869899e-09   4.147978e-04   7.889092e-11   744
  9.498123e-01   1.694745e-09   3.421202e-04   6.620662e-11   768
  9.514049e-01   1.666697e-09   3.840557e-04   7.264191e-11   552
  9.533920e-01   1.423907e-09   4.185773e-04   5.352276e-11   696
  9.548702e-01   1.573483e-09   5.086441e-04   8.252919e-11   408
  9.560436e-01   1.451347e-09   2.197383e-04   6.630749e-11   504
  9.579038e-01   1.363249e-09   3.947516e-04   4.846575e-11   888
  9.597342e-01   1.311799e-09   4.102611e-04   5.103715e-11   648
  9.616367e-01   1.341466e-09   4.067445e-04   5.529091e-11   648
  9.634268e-01   1.360362e-09   4.385703e-04   4.780104e-11   792
  9.653228e-01   1.293052e-09   6.416583e-04   5.267843e-11   600
  9.667199e-01   1.246507e-09   4.348569e-04   5.921836e-11   456
  9.681906e-01   1.356363e-09   2.119307e-04   5.213011e-11   648
  9.700794e-01   1.232953e-09   4.132958e-04   3.939322e-11   936
  9.721186e-01   1.251250e-09   2.538169e-04   5.921965e-11   384
  9.738937e-01   3.487610e-08   0.000000e+00   2.440581e-08   198
  9.752636e-01   4.516741e-09   6.439552e-04   7.706498e-10   1224
  9.767415e-01   2.345631e-09   4.689976e-04   4.473382e-10   420
  9.784892e-01   5.792997e-10   4.538916e-04   9.510962e-11   792
  9.801982e-01   1.414462e-10   3.753296e-04   2.819328e-11   680
  9.821484e-01   1.929433e-10   3.446453e-04   2.827967e-11   600
  9.837176e-01   4.884344e-11   4.998301e-04   7.888973e-12   840
  9.858129e-01   2.041872e-12   2.359966e-04   2.398470e-13   432
  9.866135e-01   4.851395e-11   2.211599e-04   5.534665e-12   720
  9.883541e-01   1.287321e-11   4.429446e-04   2.904351e-12   960
  9.905192e-01   1.850554e-11   3.948527e-04   3.060593e-12   528
  9.921014e-01   1.538632e-11   4.036147e-04   2.704196e-12   624
  9.939846e-01   9.854908e-12   3.172384e-04   1.576398e-12   816
  9.958538e-01   4.378298e-12   5.217054e-04   7.095647e-13   696
  9.979194e-01   6.191594e-13   3.523866e-08   1.007254e-13   240
  9.986961e-01   5.533637e-12   3.076621e-04   6.873718e-13   672
  1.000430e+00   5.279730e-12   5.498361e-04   6.674051e-13   864
  1.002374e+00   1.334840e-12   4.219100e-04   2.094006e-13   816
  1.004127e+00   1.596876e-12   2.414867e-04   2.450070e-13   648
  1.006015e+00   6.931671e-09   2.468434e-04   2.533525e-09   843
  1.007618e+00   9.674155e-10   4.441320e-04   2.150279e-10   780
  1.009528e+00   3.946396e-10   2.383130e-04   1.032038e-10   216
  1.010706e+00   1.275316e-10   5.746657e-04   3.339375e-11   1056
  1.012518e+00   7.183107e-11   4.701411e-04   2.697105e-11   228
  1.014195e+00   5.040773e-11   5.853373e-04   9.777548e-12   924
  1.015917e+00   1.423351e-12   2.171273e-04   1.533292e-13   696
  1.017741e+00   2.456338e-11   3.864245e-04   4.567553e-12   996
  1.019607e+00   8.434586e-12   2.281373e-04   2.306376e-12   576
  1.021548e+00   1.023347e-11   3.521149e-04   2.279450e-12   552
  1.022963e+00   9.683371e-12   4.204128e-04   1.942068e-12   516
  1.024399e+00   6.264439e-12   6.113675e-04   1.040872e-12   744
  1.026040e+00   5.681361e-13   2.999122e-04   1.021562e-13   576
  1.027467e+00   1.783479e-12   3.086856e-04   3.418997e-13   792
  1.029495e+00   5.734259e-12   3.528849e-04   1.118002e-12   792
  1.030982e+00   3.978957e-12   3.805826e-04   8.540015e-13   720
  1.032992e+00   1.737350e-12   4.337767e-04   5.379925e-13   656
  1.034876e+00   1.181210e-12   4.736616e-04   2.187382e-13   816
  1.036807e+00   2.557122e-12   2.553903e-04   3.701454e-13   492
  1.037904e+00   8.915296e-13   3.673970e-04   1.835285e-13   552
  1.039964e+00   1.182005e-12   6.388587e-04   2.360076e-13   780
  1.041302e+00   6.083670e-13   3.924433e-04   9.517110e-14   528
  1.042744e+00   3.607620e-13   4.581007e-04   7.614961e-14   600
  1.044868e+00   5.458456e-13   3.807180e-04   7.588146e-14   900
  1.046332e+00   7.878260e-13   2.107720e-04   1.241223e-13   696
  1.048347e+00   6.525058e-13   5.329451e-04   9.735172e-14   696
  1.050296e+00   1.254689e-13   2.162108e-04   1.411729e-14   552
  1.051935e+00   2.938158e-13   2.514331e-04   4.216750e-14   708
  1.053652e+00   4.144107e-13   4.151305e-04   5.089060e-14   876
  1.055438e+00   6.585740e-13   2.204260e-04   1.483807e-13   216
  1.056637e+00   2.552710e-13   6.028951e-04   2.935407e-14   1032
  1.058432e+00   1.989856e-13   6.712571e-04   4.287049e-14   600
  1.060296e+00   1.813412e-13   3.202990e-04   3.522820e-14   600
  1.061717e+00   2.812741e-13   5.656180e-04   4.290404e-14   528
  1.063397e+00   1.530394e-13   3.104995e-04   2.055374e-14   732
  1.065167e+00   3.066391e-13   2.292757e-04   5.342690e-14   336
  1.067205e+00   1.996619e-13   3.267633e-04   2.766386e-14   912
  1.068728e+00   5.175631e-14   3.279713e-04   4.318484e-15   624
  1.070391e+00   1.679002e-13   2.763746e-04   1.869325e-14   768
  1.072333e+00   9.752712e-14   4.986341e-04   6.762793e-15   792
  1.074239e+00   1.716275e-13   2.472022e-04   1.992289e-14   660
  1.075595e+00   1.480406e-13   3.642922e-04   2.013434e-14   504
  1.076998e+00   8.686381e-14   5.951837e-04   1.354573e-14   480
  1.079100e+00   4.744684e-14   5.504674e-04   5.551706e-15   912
  1.080746e+00   1.115950e-13   6.130308e-04   1.481162e-14   432
  1.082301e+00   1.073899e-13   3.640033e-04   1.124986e-14   564
  1.083681e+00   5.082469e-14   3.484013e-04   2.891591e-15   600
  1.085624e+00   1.001306e-13   4.856383e-04   7.623874e-15   876
  1.087083e+00   7.925336e-14   2.183577e-04   1.787180e-14   264
  1.089095e+00   5.772728e-14   4.236997e-04   8.638674e-15   560
  1.090713e+00   6.975855e-14   2.879131e-04   6.188395e-15   840
  1.092676e+00   4.264439e-14   4.438790e-04   3.808528e-15   1008
  1.094491e+00   2.443382e-14   1.985617e-04   1.807408e-15   456
  1.096149e+00   6.516438e-14   2.572085e-04   7.339538e-15   576
  1.097681e+00   6.343847e-14   3.952284e-04   5.790479e-15   612
  1.099702e+00   6.978439e-14   3.530031e-04   5.531575e-15   780
  1.101351e+00   4.161353e-14   4.045254e-04   4.147072e-15   648
  1.103039e+00   5.050689e-14   1.885140e-04   5.067832e-15   312
  1.104117e+00   3.509796e-14   4.789832e-04   5.490080e-15   528
  1.105986e+00   2.379257e-14   6.255282e-04   1.403850e-15   720
  1.107773e+00   4.883952e-14   6.274871e-04   4.973649e-15   576
  1.109940e+00   3.286728e-14   5.412886e-04   3.992572e-15   444
  1.111288e+00   4.462486e-14   5.308295e-04   2.823717e-15   996
  1.112940e+00   1.886605e-14   4.434024e-04   2.130857e-15   432
  1.114501e+00   3.423310e-14   4.854384e-04   2.941916e-15   504
  1.115850e+00   1.546860e-14   2.188612e-04   1.057782e-15   504
  1.117770e+00   4.264871e-14   4.307215e-04   2.996269e-15   876
  1.119508e+00   2.299487e-14   4.957194e-04   1.811062e-15   504
  1.121318e+00   2.620246e-14   3.161439e-04   2.477738e-15   696
  1.122813e+00   2.717051e-14   2.702699e-04   2.746549e-15   492
  1.124848e+00   2.060813e-14   3.869044e-04   1.817074e-15   432
  1.126355e+00   3.072922e-14   3.622936e-04   2.222452e-15   768
  1.128142e+00   2.292271e-14   4.512853e-04   1.977442e-15   648
  1.129847e+00   2.257606e-14   2.944152e-04   2.270358e-15   456
  1.131808e+00   2.548799e-14   4.048687e-04   1.733846e-15   552
  1.133169e+00   2.851351e-14   2.774973e-04   2.646907e-15   648
  1.135043e+00   1.556793e-14   4.523051e-04   1.146806e-15   840
  1.136873e+00   1.750128e-14   2.156948e-04   9.530370e-16   432
  1.138705e+00   2.268543e-14   2.641893e-04   1.773370e-15   600
  1.139979e+00   2.266111e-14   2.814763e-04   1.736733e-15   432
  1.142120e+00   1.877180e-14   2.802371e-04   1.306704e-15   560
  1.143569e+00   1.405856e-14   4.435859e-04   8.160503e-16   840
  1.145384e+00   1.653732e-14   2.627424e-04   1.317402e-15   504
  1.146826e+00   1.323581e-14   5.362415e-04   7.632874e-16   696
  1.148858e+00   2.024173e-14   2.928760e-04   1.552007e-15   384
  1.150441e+00   1.252954e-14   4.290289e-04   1.108226e-15   576
  1.152355e+00   1.129633e-14   2.647752e-04   8.464210e-16   360
  1.153898e+00   1.980361e-14   3.943145e-04   1.811645e-15   828
  1.155563e+00   1.991367e-14   3.512103e-04   2.784155e-15   372
  1.157088e+00   1.408801e-14   5.363655e-04   9.444556e-16   576
  1.159108e+00   2.916177e-14   2.246293e-04   3.087659e-15   636
  1.160548e+00   1.172331e-14   4.330272e-04   7.490005e-16   648
  1.162495e+00   1.046238e-14   3.520038e-04   6.585591e-16   576
  1.163893e+00   1.119582e-14   5.678192e-04   9.580599e-16   528
  1.165752e+00   1.190292e-14   2.427662e-04   8.972718e-16   360
  1.167291e+00   9.776357e-15   5.584532e-04   4.960719e-16   672
  1.169301e+00   2.144465e-14   2.860489e-04   2.210778e-15   804
  1.170973e+00   1.356778e-14   3.155462e-04   1.070875e-15   408
  1.172823e+00   1.225637e-14   1.950418e-04   9.337788e-16   384
  1.174069e+00   8.311873e-15   4.463307e-04   5.866893e-16   480
  1.175826e+00   1.165963e-14   2.883950e-04   9.860845e-16   432
  1.177511e+00   1.286204e-14   5.314505e-04   7.985705e-16   648
  1.179506e+00   1.177485e-14   3.297625e-04   8.359565e-16   624
  1.180965e+00   1.006629e-14   2.999468e-04   6.617105e-16   456
  1.182958e+00   1.026430e-14   4.097541e-04   8.614034e-16   588
  1.184293e+00   9.390391e-15   2.614214e-04   4.606785e-16   600
  1.186242e+00   1.223400e-14   4.077532e-04   1.626519e-15   708
  1.187782e+00   1.537694e-14   2.568767e-04   1.637032e-15   360
  1.189484e+00   1.037222e-14   2.952866e-04   6.680308e-16   552
  1.191115e+00   9.342014e-15   2.071505e-04   8.225097e-16   288
  1.192771e+00   8.701832e-15   3.894996e-04   5.299320e-16   528
  1.194327e+00   1.227071e-14   2.627744e-04   1.266020e-15   456
  1.196066e+00   9.271279e-15   4.659561e-04   5.531052e-16   608
  1.197814e+00   6.634947e-15   2.254347e-04   3.769839e-16   504
  1.199725e+00   1.888864e-14   4.839956e-04   3.218125e-15   540
  1.201223e+00   8.355796e-15   5.195556e-04   5.336241e-16   360
  1.202838e+00   1.041684e-14   2.352814e-04   1.030355e-15   540
  1.204266e+00   6.982014e-15   2.020170e-04   3.985615e-16   576
  1.206343e+00   2.003283e-14   4.684089e-04   3.313737e-15   588
  1.208318e+00   6.794039e-15   6.462628e-04   3.187510e-16   672
  1.210014e+00   7.428877e-15   4.939442e-04   4.109772e-16   552
  1.211382e+00   6.676225e-15   4.941939e-04   5.899746e-16   144
  1.213127e+00   7.368665e-15   4.198685e-04   3.311375e-16   600
  1.214781e+00   5.927690e-15   5.261868e-04   3.473677e-16   504
  1.216618e+00   6.773884e-15   5.405001e-04   5.745404e-16   336
  1.218549e+00   6.732928e-15   6.075245e-04   3.484609e-16   600
  1.220279e+00   1.219543e-14   3.920764e-04   2.423315e-15   636
  1.222146e+00   9.362446e-15   3.152330e-04   1.148620e-15   384
  1.223455e+00   9.476820e-15   4.397128e-04   1.028666e-15   504
  1.225342e+00   5.483865e-15   1.845413e-04   4.171439e-16   240
  1.226831e+00   8.077275e-15   4.335137e-04   5.982402e-16   744
  1.228618e+00   5.431267e-15   2.960240e-04   2.488401e-16   648
  1.230205e+00   8.452519e-15   1.965095e-04   9.621020e-16   120
  1.232066e+00   7.823182e-15   3.086910e-04   7.911533e-16   564
  1.233472e+00   7.734577e-15   4.848178e-04   5.066761e-16   432
  1.235349e+00   5.305811e-15   3.763145e-04   2.989423e-16   480
  1.236762e+00   3.915524e-15   2.769770e-04   2.079108e-16   456
  1.238430e+00   7.008844e-15   4.583559e-04   9.209787e-16   444
  1.240323e+00   3.901836e-15   7.013087e-04   2.426492e-16   528
  1.241986e+00   4.686435e-15   5.208476e-04   3.680337e-16   264
  1.243600e+00   1.434606e-14   5.337912e-04   3.560827e-15   444
  1.245770e+00   5.117185e-15   5.846898e-04   2.198507e-16   696
  1.247572e+00   2.222777e-14   3.127117e-04   4.366267e-15   384
  1.248890e+00   4.755359e-15   3.951374e-04   2.684239e-16   432
  1.250940e+00   4.763081e-15   2.730215e-04   2.166661e-16   488
  1.252270e+00   4.932803e-15   4.114773e-04   2.733825e-16   480
  1.254200e+00   4.028981e-15   4.588823e-04   2.212393e-16   480
  1.255694e+00   4.125395e-15   1.925330e-04   2.599807e-16   240
  1.257391e+00   1.145242e-14   4.497418e-04   2.270862e-15   600
  1.258991e+00   3.597592e-15   3.919039e-04   2.586112e-16   288
  1.260695e+00   4.938937e-15   3.769828e-04   3.256823e-16   480
  1.262421e+00   3.667968e-15   6.705851e-04   1.918208e-16   504
  1.264120e+00   5.272259e-15   2.877228e-04   4.760337e-16   216
  1.266287e+00   7.289501e-15   4.710480e-04   8.642355e-16   504
  1.267974e+00   6.407407e-15   3.788659e-04   8.332604e-16   456
  1.269821e+00   4.719016e-15   2.172861e-04   3.006336e-16   384
  1.271045e+00   7.342747e-15   4.410122e-04   9.853463e-16   480
  1.272784e+00   3.273322e-15   3.872581e-04   1.635797e-16   504
  1.274394e+00   3.746417e-15   2.456523e-04   2.223007e-16   312
  1.276130e+00   6.040995e-15   3.958603e-04   7.074102e-16   492
  1.277667e+00   4.485347e-15   3.710270e-04   4.470500e-16   312
  1.279645e+00   3.319626e-15   6.027038e-04   1.642591e-16   576
  1.281386e+00   4.273589e-15   5.563444e-04   2.957935e-16   336
  1.282832e+00   2.213304e-15   4.283594e-04   1.637591e-16   240
  1.284837e+00   4.395175e-15   5.678961e-04   2.479394e-16   468
  1.286567e+00   3.319152e-15   3.555851e-04   2.476149e-16   192
  1.288379e+00   3.858306e-15   3.566449e-04   3.112783e-16   324
  1.289707e+00   1.327312e-14   2.588470e-04   2.332397e-15   600
  1.291517e+00   5.042071e-15   4.199527e-04   3.348644e-16   456
  1.292860e+00   3.878197e-15   1.888947e-04   2.560283e-16   336
  1.295088e+00   9.621321e-15   5.656042e-04   1.840818e-15   612
  1.296708e+00   3.471604e-15   4.746798e-04   3.724038e-16   144
  1.298240e+00   3.399206e-15   5.540731e-04   1.901229e-16   552
  1.300324e+00   2.721661e-15   2.182008e-04   2.136913e-16   264
  1.301501e+00   3.445265e-15   5.051906e-04   1.937700e-16   336
  1.303359e+00   2.867020e-15   3.338126e-04   2.129782e-16   384
  1.304969e+00   4.116372e-15   1.879035e-04   3.537471e-16   216
  1.306752e+00   2.723299e-15   3.983942e-04   1.764896e-16   344
  1.308378e+00   3.240005e-15   5.944229e-04   2.699740e-16   408
  1.310359e+00   7.763469e-15   4.567753e-04   1.857141e-15   264
  1.312115e+00   6.044206e-15   6.367673e-04   8.621189e-16   612
  1.313869e+00   4.596910e-15   3.277292e-04   2.943116e-16   408
  1.315673e+00   4.546887e-15   3.282002e-04   7.092701e-16   444
  1.316998e+00   5.503439e-15   1.835599e-04   5.950381e-16   120
  1.318774e+00   3.298374e-15   5.071424e-04   2.187287e-16   336
  1.320092e+00   2.733136e-15   1.762300e-04   1.849376e-16   288
  1.321873e+00   2.692206e-15   5.484307e-04   1.276614e-16   552
  1.324322e+00   4.155267e-15   2.936555e-08   6.859789e-16   72
  1.325581e+00   2.837649e-15   5.447315e-04   1.818733e-16   504
  1.327052e+00   2.143258e-15   1.752893e-04   2.168857e-16   216
  1.328957e+00   2.478032e-15   3.129669e-04   1.865825e-16   312
  1.330668e+00   2.573344e-15   3.563621e-04   1.612467e-16   336
  1.332298e+00   2.160756e-14   4.939578e-04   6.759092e-15   204
  1.333922e+00   3.348557e-15   5.740541e-04   2.626329e-16   504
  1.335644e+00   1.431666e-14   5.466644e-04   3.969174e-15   396
  1.337300e+00   2.920344e-15   5.013198e-04   2.225015e-16   312
  1.339308e+00   3.574218e-15   3.063600e-04   3.326283e-16   216
  1.340723e+00   2.539786e-15   1.662675e-04   2.093894e-16   168
  1.342442e+00   2.828957e-15   4.198346e-04   1.397553e-16   588
  1.344403e+00   2.078186e-15   5.698763e-04   1.471842e-16   240
  1.345927e+00   2.176801e-15   5.032962e-04   1.946494e-16   264
  1.347715e+00   2.468846e-15   6.224294e-04   1.864306e-16   288
  1.349301e+00   2.552430e-15   3.108153e-04   2.046556e-16   288
  1.351311e+00   2.139422e-15   2.919050e-04   1.381422e-16   288
  1.352664e+00   2.188618e-15   3.381477e-04   1.827027e-16   192
  1.354367e+00   1.802013e-15   3.598230e-04   1.598225e-16   264
  1.355989e+00   8.755040e-15   5.918590e-04   1.452842e-15   372
  1.357735e+00   3.538555e-15   6.392333e-04   2.813946e-16   360
  1.359866e+00   3.014745e-15   2.705296e-04   2.956258e-16   144
  1.360967e+00   1.875207e-15   3.757537e-04   1.326327e-16   296
  1.362705e+00   1.988524e-15   4.048552e-04   1.646788e-16   288
  1.364696e+00   2.190644e-15   6.050459e-04   1.347868e-16   480
  1.366412e+00   1.574615e-15   5.027354e-04   1.475891e-16   192
  1.368081e+00   2.348645e-15   5.392523e-04   2.033835e-16   192
  1.369599e+00   1.769970e-15   3.436718e-04   1.536774e-16   288
  1.371709e+00   1.635306e-15   2.991616e-04   1.486229e-16   108
  1.372772e+00   2.245482e-15   2.876072e-04   1.897663e-16   240
  1.374649e+00   1.681012e-15   5.365380e-04   1.012867e-16   384
  1.376577e+00   1.530190e-15   6.545156e-04   1.366535e-16   108
  1.378282e+00   1.359788e-14   3.837546e-04   3.538698e-15   348
  1.380075e+00   2.063238e-15   4.005014e-04   2.026963e-16   312
  1.381676e+00   2.173969e-15   3.891711e-04   5.904020e-16   96
  1.383148e+00   2.814023e-15   5.181111e-04   3.616098e-16   384
  1.384797e+00   1.474598e-15   3.563555e-04   1.691690e-16   144
  1.386411e+00   1.951406e-15   5.475560e-04   1.310829e-16   408
  1.388416e+00   1.526855e-15   2.442487e-04   1.585435e-16   144
  1.390310e+00   2.138166e-15   4.695706e-04   2.182631e-16   192
  1.391433e+00   2.102566e-15   5.285104e-04   1.990910e-16   144
  1.393265e+00   1.464851e-15   4.296985e-04   1.193074e-16   144
  1.394992e+00   1.616103e-15   5.251611e-04   1.121984e-16   336
  1.397108e+00   1.393576e-15   3.885526e-04   9.322628e-17   240
  1.398450e+00   1.676921e-15   1.764383e-04   1.696638e-16   96
  1.400321e+00   4.481735e-15   5.174086e-04   1.147225e-15   372
  1.402214e+00   2.687193e-15   6.154464e-04   7.372252e-16   132
  1.403877e+00   1.166751e-15   3.808309e-04   6.497947e-17   264
  1.405364e+00   2.108088e-15   2.924607e-04   2.196246e-16   168
  1.406952e+00   1.853093e-15   4.675886e-04   1.294533e-16   216
  1.408354e+00   1.542658e-15   2.860765e-04   1.507236e-16   216
  1.410397e+00   1.173023e-15   5.248313e-04   1.228880e-16   96
  1.412250e+00   2.073296e-15   3.424046e-04   2.296690e-16   120
  1.413949e+00   1.420589e-15   4.352925e-04   9.037318e-17   216
  1.415349e+00   1.169252e-15   1.902243e-04   8.078457e-17   200
  1.417203e+00   1.591394e-15   4.924091e-04   1.146914e-16   288
  1.419580e+00   8.748829e-16   1.295624e-04   6.746396e-17   144
  1.420582e+00   1.351785e-15   4.031902e-04   1.143995e-16   168
  1.422626e+00   7.933499e-15   4.537530e-04   4.508354e-15   159
  1.424222e+00   1.593051e-15   4.760960e-04   2.184326e-16   174
  1.425766e+00   1.312100e-15   4.317072e-04   1.133701e-16   144
  1.427789e+00   1.852299e-15   2.492797e-04   2.128987e-16   222
  1.429141e+00   1.150562e-15   2.515453e-04   1.095387e-16   168
  1.431477e+00   1.912183e-15   5.517354e-04   3.087770e-16   30
  1.432442e+00   1.051877e-15   4.871418e-04   1.382300e-16   72
  1.434260e+00   1.302322e-15   4.347683e-04   1.017751e-16   258
  1.436258e+00   1.494894e-15   2.723066e-04   1.063310e-16   264
  1.437257e+00   1.450809e-15   0.000000e+00   1.496203e-16   72
  1.439339e+00   1.122430e-15   5.397231e-04   1.211104e-16   174
  1.441225e+00   1.546637e-15   5.747054e-04   1.680097e-16   168
  1.442740e+00   7.853539e-16   1.798266e-08   1.212502e-16   48
  1.444367e+00   1.013636e-15   3.245497e-04   9.653487e-17   150
  1.446254e+00   1.538016e-15   5.970324e-04   1.453614e-16   168
  1.448146e+00   1.449994e-15   3.636845e-04   1.419444e-16   144
  1.449885e+00   1.452910e-15   3.397640e-04   1.469753e-16   102
  1.451181e+00   9.050207e-16   5.029091e-04   9.301894e-17   96
  1.453237e+00   8.800996e-16   4.991035e-04   7.442809e-17   120
  1.454759e+00   1.081449e-15   5.353016e-04   8.862305e-17   168
  1.456406e+00   1.723682e-15   3.952779e-04   1.431391e-16   126
  1.457809e+00   9.934614e-16   2.981185e-04   8.252609e-17   168
  1.459742e+00   8.698505e-16   4.780335e-04   8.778652e-17   72
  1.461432e+00   1.118163e-15   5.986044e-04   7.940293e-17   168
  1.462911e+00   1.617669e-15   1.641069e-04   3.236275e-16   78
  1.464939e+00   1.224667e-15   2.694513e-04   1.494623e-16   60
  1.466572e+00   1.444929e-15   4.370936e-04   1.824960e-16   96
  1.468265e+00   9.529479e-16   5.303767e-04   8.540606e-17   168
  1.469857e+00   8.981691e-16   3.356018e-04   1.223338e-16   86
  1.471527e+00   7.769657e-16   2.999484e-04   6.693776e-17   120
  1.473920e+00   9.687020e-16   2.139030e-04   8.679034e-17   168
  1.475211e+00   7.342939e-16   0.000000e+00   7.615849e-17   48
  1.476949e+00   1.258763e-15   3.897081e-04   1.282633e-16   120
  1.477948e+00   9.233428e-16   2.843078e-04   7.593127e-17   126
  1.480387e+00   9.740704e-16   5.000182e-04   9.525358e-17   96
  1.481970e+00   9.808286e-16   1.441806e-04   7.988488e-17   96
  1.483218e+00   6.475880e-16   1.695421e-08   9.280104e-17   72
  1.485877e+00   7.423233e-16   1.798266e-08   1.304670e-16   24
  1.487537e+00   7.944791e-16   2.967202e-04   7.790316e-17   120
  1.488831e+00   8.285319e-16   4.328235e-04   7.235400e-17   126
  1.490271e+00   7.697060e-16   3.608170e-04   6.581954e-17   96
  1.491953e+00   6.730834e-16   6.235971e-04   7.537318e-17   72
  1.493826e+00   7.908029e-16   2.697267e-04   6.391443e-17   144
  1.495367e+00   8.912343e-16   1.555721e-04   1.242655e-16   72
  1.496907e+00   9.235610e-16   3.107329e-04   2.174396e-16   54
  1.498261e+00   1.184817e-15   2.738298e-04   1.186194e-16   108
  1.501076e+00   1.492003e-15   2.684240e-04   2.343683e-16   72
  1.501953e+00   7.761337e-16   1.548899e-04   9.543361e-17   72
  1.504032e+00   1.034483e-15   3.114687e-08   1.825767e-16   24
  1.506000e+00   8.136410e-16   3.276762e-04   1.051469e-16   48
  1.507194e+00   8.685136e-16   2.496047e-04   8.310669e-17   102
  1.508993e+00   9.102027e-16   5.645020e-04   6.736184e-17   168
  1.511342e+00   5.746427e-16   3.078662e-04   7.549348e-17   72
  1.512213e+00   7.767016e-16   0.000000e+00   1.067573e-16   48
  1.514039e+00   8.380957e-16   5.295485e-04   8.424170e-17   120
  1.516449e+00   8.226161e-16   3.254183e-04   7.333372e-17   96
  1.518725e+00   1.717944e-15   2.877225e-08   2.311049e-16   30
  1.521431e+00   1.109075e-15   1.528959e-04   1.214452e-16   72
  1.522619e+00   6.117377e-16   1.798266e-08   1.063002e-16   24
  1.524147e+00   8.029578e-16   2.266295e-04   8.688309e-17   56
  1.525857e+00   1.010349e-15   3.234118e-04   1.091653e-16   96
  1.527904e+00   6.975773e-16   3.571257e-04   5.172161e-17   144
  1.529482e+00   7.416302e-16   2.027620e-04   1.035507e-16   54
  1.531775e+00   8.019996e-16   3.037589e-04   7.497548e-17   108
  1.534082e+00   1.088329e-15   1.608389e-04   1.518476e-16   48
  1.536278e+00   7.812094e-16   6.056100e-04   9.435641e-17   72
  1.541549e+00   8.069323e-16   4.001285e-04   9.849986e-17   78
  1.543009e+00   8.006516e-16   3.015470e-04   6.992058e-17   72
  1.544714e+00   9.819974e-16   3.011726e-04   1.117768e-16   72
  1.546496e+00   8.739282e-16   7.267626e-04   1.017809e-16   96
  1.547905e+00   8.720378e-16   3.005518e-04   1.051682e-16   72
  1.549605e+00   7.184646e-16   0.000000e+00   8.148303e-17   24
  1.551302e+00   9.393787e-16   5.997465e-04   1.021781e-16   72
  1.555136e+00   8.800771e-16   3.808574e-04   8.432410e-17   30
  1.555961e+00   1.757132e-15   0.000000e+00   3.695884e-16   24
  1.560395e+00   8.597830e-16   3.162535e-04   9.508220e-17   48
  1.561785e+00   5.979304e-16   6.805772e-04   6.039809e-17   120
  1.563659e+00   6.390445e-16   2.975642e-04   6.237991e-17   72
  1.565552e+00   5.838459e-16   2.972044e-04   7.354250e-17   36
  1.566852e+00   7.430580e-16   5.874143e-04   8.014429e-17   78
  1.570482e+00   7.603222e-16   3.142221e-04   9.323163e-17   48
  1.575188e+00   1.226323e-15   2.543132e-08   2.114027e-16   24
  1.578541e+00   9.992761e-16   2.188179e-04   9.720608e-17   56
  1.580230e+00   7.952051e-16   3.367194e-04   5.785238e-17   102
  1.582378e+00   8.789586e-16   2.397687e-08   7.646227e-17   72
  1.583624e+00   8.133282e-16   1.798266e-08   1.737319e-16   24
  1.585804e+00   7.148257e-16   3.111861e-04   1.271204e-16   48
  1.589845e+00   7.064324e-16   0.000000e+00   1.413588e-16   24
  1.594803e+00   3.581334e-16   0.000000e+00   3.570351e-17   6
  1.596350e+00   7.213830e-16   0.000000e+00   1.713011e-16   24
  1.597380e+00   8.425680e-16   2.912818e-04   9.196204e-17   72
  1.599261e+00   8.456329e-16   5.434137e-04   1.056396e-16   84
  1.601288e+00   7.443716e-16   0.000000e+00   1.190436e-16   24
  1.601904e+00   4.440721e-16   2.543132e-08   7.970368e-17   24
  1.604982e+00   7.427042e-16   3.114687e-08   1.432986e-16   24
  1.609281e+00   1.029855e-15   0.000000e+00   3.892715e-16   6
  1.614791e+00   5.595434e-16   3.056001e-04   7.947853e-17   48
  1.616114e+00   6.556069e-16   5.757006e-04   1.017310e-16   72
  1.617844e+00   6.420332e-16   3.050234e-04   1.099218e-16   48
  1.620587e+00   9.492322e-16   0.000000e+00   1.208387e-16   24
  1.624237e+00   8.885401e-16   0.000000e+00   8.829728e-17   6
  1.632419e+00   5.172324e-16   0.000000e+00   1.011389e-16   8
  1.633024e+00   6.435879e-16   1.798266e-08   8.536838e-17   48
  1.634474e+00   6.287571e-16   2.958090e-04   8.852489e-17   60
  1.636646e+00   6.647942e-16   0.000000e+00   7.508035e-17   24
  1.639659e+00   6.322071e-16   0.000000e+00   1.596047e-16   6
  1.650757e+00   9.216853e-16   0.000000e+00   1.454791e-16   24
  1.651653e+00   6.296022e-16   2.987795e-04   8.503475e-17   48
  1.653147e+00   4.922462e-16   0.000000e+00   7.276875e-17   24
  1.655533e+00   2.510870e-15   0.000000e+00   5.601545e-16   6
  1.669090e+00   1.015626e-15   2.787329e-04   1.423242e-16   36
  1.670075e+00   7.017358e-16   0.000000e+00   8.480031e-17   24
  1.671847e+00   9.238561e-16   0.000000e+00   4.535908e-16   6
  1.687272e+00   5.168538e-16   2.533103e-04   1.183237e-16   32
  1.688588e+00   1.234929e-15   0.000000e+00   3.826862e-16   6
  1.705164e+00   6.524999e-16   0.000000e+00   1.063274e-16   12
  1.705743e+00   8.238118e-16   0.000000e+00   1.496280e-16   6
  1.723300e+00   1.159170e-15   0.000000e+00   3.361658e-16   6
