# power spectrum of delta_N
# redshift z=0.924333
# k              Pk             sigma(k)       sigma(Pk)      count
  3.141593e-02   1.928145e-03   0.000000e+00   8.497891e-04   6
  4.442883e-02   2.911992e-03   0.000000e+00   6.046941e-04   12
  5.441398e-02   3.420471e-03   5.960464e-10   7.220513e-04   8
  6.283185e-02   5.238697e-02   0.000000e+00   1.263507e-02   6
  7.024815e-02   1.748330e-02   1.123916e-09   5.582217e-03   24
  7.695299e-02   3.107262e-02   1.123916e-09   5.325377e-03   24
  8.885766e-02   1.710206e-02   0.000000e+00   7.142212e-03   12
  9.424778e-02   2.436538e-02   1.271566e-09   4.019788e-03   30
  9.934588e-02   3.395417e-02   0.000000e+00   7.587781e-03   24
  1.041948e-01   3.254690e-02   1.946680e-09   8.277117e-03   24
  1.088280e-01   3.841793e-02   1.192093e-09   7.207582e-03   8
  1.132717e-01   4.029060e-02   1.589457e-09   5.658454e-03   24
  1.175476e-01   4.282781e-02   0.000000e+00   6.623029e-03   48
  1.256637e-01   1.029367e+00   0.000000e+00   6.788651e-02   6
  1.295312e-01   5.074885e-02   1.589457e-09   7.838147e-03   48
  1.332865e-01   5.308342e-02   1.498555e-09   6.242076e-03   36
  1.369388e-01   8.448704e-02   1.589457e-09   1.755135e-02   24
  1.404963e-01   5.724912e-02   2.247832e-09   9.485987e-03   24
  1.439659e-01   4.868339e-02   0.000000e+00   5.798833e-03   48
  1.473538e-01   7.724980e-02   2.247832e-09   1.115406e-02   24
  1.539060e-01   6.845897e-02   2.247832e-09   9.779612e-03   24
  1.570796e-01   9.232909e-02   0.000000e+00   3.187254e-02   30
  1.601904e-01   5.712935e-02   0.000000e+00   6.751711e-03   72
  1.632419e-01   5.235282e-02   2.384186e-09   1.311824e-02   32
  1.691799e-01   8.601021e-02   0.000000e+00   9.819321e-03   72
  1.720721e-01   4.958002e-02   0.000000e+00   8.504867e-03   48
  1.777153e-01   4.067288e-02   0.000000e+00   1.497740e-02   12
  1.804708e-01   6.833700e-02   0.000000e+00   1.047084e-02   48
  1.831848e-01   7.011175e-02   0.000000e+00   7.214821e-03   48
  1.858591e-01   7.647567e-02   2.247832e-09   9.169245e-03   48
  1.884956e-01   9.695218e-01   2.543132e-09   3.385178e-01   30
  1.910956e-01   9.462269e-02   0.000000e+00   2.078720e-02   24
  1.936608e-01   1.217475e-01   4.738846e-09   1.320838e-02   72
  1.986918e-01   4.708010e-02   0.000000e+00   9.925010e-03   24
  2.011601e-01   1.040682e-01   0.000000e+00   1.113733e-02   96
  2.035985e-01   8.064148e-02   0.000000e+00   1.376324e-02   48
  2.060080e-01   7.475339e-02   3.893359e-09   1.444580e-02   24
  2.083897e-01   3.131037e-02   3.893359e-09   5.594373e-03   24
  2.107444e-01   1.160907e-01   0.000000e+00   1.242799e-02   72
  2.130732e-01   8.983473e-02   0.000000e+00   1.157434e-02   48
  2.176559e-01   7.109268e-02   2.384186e-09   1.694893e-02   8
  2.199115e-01   2.274570e-01   2.825702e-09   7.368291e-02   54
  2.221441e-01   8.804191e-02   0.000000e+00   1.311994e-02   84
  2.243546e-01   1.045084e-01   0.000000e+00   1.407768e-02   48
  2.265435e-01   9.632093e-02   3.178914e-09   1.530193e-02   24
  2.287114e-01   8.974535e-02   4.238553e-09   8.551741e-03   72
  2.308590e-01   1.161525e-01   0.000000e+00   1.263640e-02   96
  2.350953e-01   1.477325e-01   0.000000e+00   1.516489e-02   48
  2.371850e-01   1.143755e-01   0.000000e+00   1.250542e-02   48
  2.392566e-01   9.457777e-02   0.000000e+00   1.964601e-02   24
  2.413103e-01   1.008099e-01   0.000000e+00   1.063824e-02   72
  2.453662e-01   1.100812e-01   0.000000e+00   1.486500e-02   72
  2.473693e-01   1.051308e-01   0.000000e+00   1.090921e-02   96
  2.513274e-01   1.329631e+01   0.000000e+00   2.040029e+00   6
  2.532833e-01   1.243058e-01   0.000000e+00   1.257155e-02   96
  2.552242e-01   1.411057e-01   3.178914e-09   1.504387e-02   96
  2.571504e-01   5.902847e-02   0.000000e+00   1.015811e-02   24
  2.590624e-01   1.085513e-01   3.178914e-09   1.630147e-02   48
  2.609603e-01   1.015232e-01   0.000000e+00   1.077785e-02   96
  2.628445e-01   1.097747e-01   0.000000e+00   1.802133e-02   48
  2.665730e-01   1.202406e-01   2.997109e-09   2.288211e-02   36
  2.684178e-01   1.050202e-01   5.506041e-09   1.480615e-02   48
  2.702500e-01   1.256317e-01   6.229375e-09   1.102534e-02   120
  2.720699e-01   1.218336e-01   0.000000e+00   1.668719e-02   56
  2.738777e-01   6.258593e-02   3.178914e-09   1.144957e-02   24
  2.756736e-01   1.025343e-01   0.000000e+00   1.157344e-02   96
  2.774580e-01   1.378412e-01   0.000000e+00   1.429548e-02   48
  2.809926e-01   1.506510e-01   4.495664e-09   2.870453e-02   24
  2.827433e-01   2.270335e-01   0.000000e+00   5.197984e-02   102
  2.844833e-01   1.408276e-01   3.178914e-09   2.056163e-02   48
  2.862127e-01   1.312074e-01   0.000000e+00   1.333316e-02   72
  2.879317e-01   1.327045e-01   0.000000e+00   1.373941e-02   48
  2.896405e-01   1.505752e-01   0.000000e+00   2.740266e-02   48
  2.913393e-01   1.299455e-01   7.193062e-09   9.895873e-03   120
  2.947075e-01   1.979780e-01   4.495664e-09   2.161170e-02   24
  2.963773e-01   1.202256e-01   4.238553e-09   1.029290e-02   144
  2.980376e-01   1.178432e-01   5.086263e-09   1.370560e-02   120
  2.996888e-01   1.137009e-01   4.495664e-09   1.700306e-02   48
  3.029642e-01   1.513159e-01   4.495664e-09   2.426890e-02   48
  3.045887e-01   1.279327e-01   4.495664e-09   1.279732e-02   96
  3.088780e-01   1.515233e-01   7.537918e-04   1.930970e-02   72
  3.110018e-01   1.454392e-01   3.996146e-09   1.355913e-02   108
  3.125845e-01   1.576265e-01   0.000000e+00   1.471888e-02   72
  3.141593e-01   4.344782e+00   0.000000e+00   1.720152e+00   30
  3.157262e-01   1.503096e-01   0.000000e+00   1.178285e-02   168
  3.172853e-01   1.911728e-01   0.000000e+00   2.014351e-02   48
  3.203808e-01   1.181091e-01   0.000000e+00   1.237752e-02   72
  3.219175e-01   1.484647e-01   0.000000e+00   1.615427e-02   96
  3.234468e-01   1.347092e-01   8.477105e-09   1.668313e-02   72
  3.249689e-01   1.493764e-01   0.000000e+00   1.305516e-02   72
  3.275279e-01   1.564511e-01   6.960077e-04   1.375791e-02   104
  3.294930e-01   1.509477e-01   5.994218e-09   1.085170e-02   144
  3.339559e-01   1.150801e-01   1.005261e-08   1.299458e-02   96
  3.354303e-01   1.200979e-01   0.000000e+00   1.239152e-02   96
  3.377752e-01   1.900701e-01   7.160371e-04   1.817246e-02   120
  3.398152e-01   1.357367e-01   0.000000e+00   1.282517e-02   120
  3.412643e-01   2.071000e-01   0.000000e+00   2.476586e-02   72
  3.441442e-01   1.770084e-01   0.000000e+00   1.854462e-02   48
  3.455752e-01   4.770031e-01   7.825020e-09   1.829875e-01   78
  3.474057e-01   1.643290e-01   6.411427e-04   1.272746e-02   168
  3.512407e-01   1.535340e-01   7.341388e-09   1.295686e-02   144
  3.526429e-01   1.955353e-01   5.994218e-09   1.390380e-02   144
  3.567097e-01   1.793014e-01   3.692465e-04   1.512102e-02   156
  3.581967e-01   1.452419e-01   7.786718e-09   2.159410e-02   48
  3.595717e-01   1.535234e-01   5.086263e-09   1.668533e-02   120
  3.609415e-01   1.838359e-01   0.000000e+00   3.414047e-02   48
  3.633635e-01   1.831325e-01   5.651992e-04   1.286619e-02   216
  3.663695e-01   1.252203e-01   0.000000e+00   1.377323e-02   48
  3.677140e-01   1.596483e-01   4.495664e-09   1.416151e-02   96
  3.696256e-01   1.678706e-01   6.605235e-04   1.257054e-02   168
  3.717183e-01   1.660890e-01   4.495664e-09   2.005884e-02   48
  3.730435e-01   1.528297e-01   0.000000e+00   1.309060e-02   96
  3.743640e-01   1.912813e-01   0.000000e+00   2.658153e-02   48
  3.769911e-01   5.321055e+00   5.086263e-09   2.108944e+00   30
  3.782979e-01   1.953131e-01   0.000000e+00   1.756176e-02   96
  3.798596e-01   1.609427e-01   5.191127e-04   1.003742e-02   240
  3.818679e-01   1.918167e-01   5.600478e-04   2.304675e-02   32
  3.834803e-01   1.513327e-01   0.000000e+00   1.126995e-02   168
  3.847649e-01   1.402929e-01   0.000000e+00   1.438528e-02   120
  3.873216e-01   1.581875e-01   9.477692e-09   1.780063e-02   72
  3.885936e-01   2.324795e-01   4.238553e-09   1.813995e-02   144
  3.898614e-01   1.682101e-01   0.000000e+00   1.472464e-02   96
  3.911251e-01   2.144956e-01   0.000000e+00   1.975590e-02   96
  3.936404e-01   2.011961e-01   0.000000e+00   2.112754e-02   72
  3.948921e-01   1.787283e-01   6.357829e-09   1.728720e-02   96
  3.973835e-01   2.706898e-01   0.000000e+00   3.396806e-02   24
  3.986234e-01   2.131236e-01   0.000000e+00   1.565765e-02   192
  4.000835e-01   1.672079e-01   4.752666e-04   1.392369e-02   132
  4.023202e-01   1.764351e-01   0.000000e+00   1.700819e-02   96
  4.035449e-01   1.515870e-01   0.000000e+00   1.353536e-02   96
  4.047659e-01   2.651393e-01   5.086263e-09   2.195118e-02   120
  4.071969e-01   2.141754e-01   0.000000e+00   1.758488e-02   48
  4.091897e-01   2.172575e-01   5.759849e-04   3.760043e-02   222
  4.108165e-01   2.336471e-01   0.000000e+00   1.880549e-02   120
  4.120160e-01   2.015271e-01   7.786718e-09   5.188406e-02   24
  4.137624e-01   1.956218e-01   5.945000e-04   1.109952e-02   312
  4.175676e-01   2.454050e-01   5.573676e-04   2.581086e-02   72
  4.191407e-01   2.261161e-01   7.786718e-09   2.059462e-02   96
  4.207561e-01   1.890168e-01   5.676017e-04   1.260536e-02   192
  4.226581e-01   2.478613e-01   7.193062e-09   2.376161e-02   120
  4.238240e-01   1.753486e-01   0.000000e+00   1.398192e-02   144
  4.261464e-01   2.225780e-01   0.000000e+00   2.530632e-02   48
  4.277971e-01   2.119057e-01   5.707434e-04   1.350694e-02   336
  4.296063e-01   2.160060e-01   0.000000e+00   2.806240e-02   48
  4.318976e-01   2.254770e-01   0.000000e+00   1.521933e-02   192
  4.330387e-01   1.508996e-01   0.000000e+00   2.443246e-02   48
  4.362823e-01   2.070093e-01   3.961708e-04   1.996677e-02   56
  4.378950e-01   1.922678e-01   5.088179e-04   1.051981e-02   336
  4.398230e-01   2.162039e+00   5.651403e-09   8.569968e-01   54
  4.415024e-01   1.988105e-01   5.588647e-04   1.177000e-02   240
  4.449889e-01   2.043429e-01   5.351174e-04   1.234127e-02   228
  4.465042e-01   2.769637e-01   5.994218e-09   3.336918e-02   72
  4.479751e-01   2.251402e-01   5.190769e-04   1.641991e-02   144
  4.498076e-01   1.949849e-01   0.000000e+00   1.737479e-02   96
  4.509034e-01   2.229711e-01   7.193062e-09   1.323708e-02   240
  4.530869e-01   2.472294e-01   6.357829e-09   3.992868e-02   24
  4.544849e-01   2.392720e-01   4.902641e-04   1.423059e-02   336
  4.563427e-01   1.959323e-01   0.000000e+00   2.432757e-02   72
  4.580385e-01   2.219110e-01   5.332530e-04   1.736976e-02   168
  4.595754e-01   2.355940e-01   0.000000e+00   2.634297e-02   72
  4.617179e-01   2.568406e-01   0.000000e+00   2.310937e-02   96
  4.633772e-01   2.533613e-01   5.292526e-04   1.729338e-02   216
  4.649133e-01   2.125542e-01   0.000000e+00   1.953358e-02   96
  4.670313e-01   2.164112e-01   6.357829e-09   1.645133e-02   192
  4.680868e-01   1.733564e-01   5.994218e-09   1.196418e-02   144
  4.701905e-01   2.232559e-01   0.000000e+00   2.155847e-02   48
  4.716471e-01   2.687814e-01   5.102617e-04   3.091452e-02   246
  4.736262e-01   2.833575e-01   4.704694e-04   2.214245e-02   168
  4.754092e-01   2.193479e-01   1.245875e-08   1.677808e-02   120
  4.764461e-01   1.928548e-01   0.000000e+00   1.200517e-02   240
  4.785131e-01   3.123147e-01   0.000000e+00   6.122376e-02   24
  4.801601e-01   2.177886e-01   5.035960e-04   1.025587e-02   360
  4.822112e-01   2.241931e-01   5.014531e-04   2.229681e-02   120
  4.836420e-01   2.169963e-01   0.000000e+00   1.586777e-02   144
  4.846613e-01   2.536165e-01   0.000000e+00   2.027222e-02   96
  4.877063e-01   2.065668e-01   0.000000e+00   1.615446e-02   144
  4.887171e-01   2.977459e-01   0.000000e+00   2.436934e-02   132
  4.901376e-01   2.503781e-01   4.949267e-04   2.040507e-02   176
  4.921997e-01   2.577370e-01   4.997763e-04   1.538581e-02   312
  4.947385e-01   2.667253e-01   0.000000e+00   3.175305e-02   96
  4.957350e-01   2.448701e-01   0.000000e+00   1.903101e-02   144
  4.972638e-01   1.957154e-01   4.947633e-04   1.150101e-02   312
  4.997009e-01   3.044642e-01   0.000000e+00   5.394419e-02   48
  5.006875e-01   2.589476e-01   6.357829e-09   1.744091e-02   192
  5.026548e-01   2.062760e+01   0.000000e+00   4.133185e+00   6
  5.039619e-01   2.257670e-01   4.614506e-04   1.160761e-02   288
  5.060790e-01   2.536668e-01   4.875525e-04   1.632395e-02   192
  5.075398e-01   2.170945e-01   1.495221e-08   1.310839e-02   216
  5.085112e-01   2.542304e-01   0.000000e+00   2.667838e-02   72
  5.109313e-01   2.535265e-01   4.829223e-04   1.857097e-02   192
  5.125386e-01   2.544873e-01   3.585958e-04   1.632148e-02   288
  5.143009e-01   2.522574e-01   0.000000e+00   4.117806e-02   24
  5.156624e-01   2.165861e-01   4.724202e-04   9.801406e-03   456
  5.181247e-01   3.533805e-01   6.357829e-09   4.789077e-02   48
  5.196462e-01   2.582042e-01   4.653150e-04   1.613389e-02   240
  5.213948e-01   2.631913e-01   4.702532e-04   2.003249e-02   216
  5.228652e-01   2.508393e-01   0.000000e+00   3.129654e-02   72
  5.238082e-01   2.240216e-01   1.624747e-08   1.654692e-02   168
  5.264706e-01   2.788245e-01   3.495323e-04   1.810514e-02   288
  5.279636e-01   2.727242e-01   4.624911e-04   1.883208e-02   168
  5.303619e-01   3.077531e-01   0.000000e+00   2.229121e-02   192
  5.312915e-01   2.485572e-01   5.994218e-09   2.045587e-02   144
  5.331460e-01   2.453058e-01   5.994218e-09   4.375695e-02   36
  5.347186e-01   2.568258e-01   4.223528e-04   2.479674e-02   342
  5.362222e-01   3.091237e-01   4.337051e-04   2.348707e-02   144
  5.381552e-01   2.680554e-01   4.548480e-04   1.311837e-02   384
  5.405000e-01   2.723170e-01   1.245875e-08   1.875852e-02   120
  5.416606e-01   2.789281e-01   4.055921e-04   1.715933e-02   264
  5.432322e-01   2.772847e-01   2.010522e-08   2.167207e-02   192
  5.447121e-01   2.916939e-01   4.371030e-04   2.222999e-02   152
  5.459506e-01   2.949096e-01   1.198844e-08   2.948444e-02   144
  5.485556e-01   2.260809e-01   2.828973e-04   1.372711e-02   216
  5.497613e-01   2.480656e-01   3.780263e-04   1.449663e-02   312
  5.518839e-01   2.270364e-01   4.381250e-04   1.432077e-02   240
  5.531345e-01   2.441374e-01   6.357829e-09   2.048818e-02   96
  5.555083e-01   2.748934e-01   4.188792e-04   2.565006e-02   144
  5.569713e-01   2.469624e-01   4.117214e-04   1.096361e-02   456
  5.593447e-01   2.365653e-01   0.000000e+00   2.001921e-02   120
  5.602262e-01   2.737326e-01   0.000000e+00   2.253838e-02   144
  5.619852e-01   2.596341e-01   8.991328e-09   5.247309e-02   24
  5.631129e-01   2.786115e-01   3.957596e-04   1.471502e-02   336
  5.650632e-01   1.128201e+00   4.364690e-04   3.818647e-01   198
  5.668907e-01   2.774161e-01   4.244410e-04   1.503053e-02   432
  5.689666e-01   2.087090e-01   6.357829e-09   3.447109e-02   48
  5.700496e-01   2.764829e-01   3.747080e-04   1.442142e-02   384
  5.719941e-01   2.777710e-01   4.313683e-04   1.915374e-02   144
  5.737560e-01   2.938764e-01   4.282921e-04   1.839435e-02   264
  5.758634e-01   2.801615e-01   0.000000e+00   3.239346e-02   48
  5.772774e-01   2.277309e-01   4.072357e-04   1.456935e-02   276
  5.786417e-01   2.924667e-01   3.691482e-04   2.147663e-02   192
  5.804649e-01   2.543485e-01   4.148414e-04   1.149018e-02   552
  5.826786e-01   2.750414e-01   1.438612e-08   2.187602e-02   120
  5.839944e-01   2.851701e-01   4.199218e-04   2.100211e-02   216
  5.852139e-01   2.808525e-01   7.193062e-09   2.087338e-02   120
  5.873922e-01   2.929915e-01   4.135200e-04   1.380999e-02   408
  5.894150e-01   2.143312e-01   8.991328e-09   4.493716e-02   24
  5.906694e-01   2.892623e-01   4.177296e-04   1.691329e-02   384
  5.924213e-01   3.279615e-01   4.081368e-04   1.867523e-02   240
  5.939425e-01   2.351270e-01   4.111256e-04   1.569810e-02   168
  5.960753e-01   2.464806e-01   1.017253e-08   2.016978e-02   120
  5.974502e-01   3.335770e-01   4.285769e-04   2.987419e-02   350
  5.996859e-01   2.664465e-01   7.055203e-04   1.332505e-02   384
  6.010221e-01   3.215362e-01   0.000000e+00   2.494269e-02   144
  6.034802e-01   2.769285e-01   1.695421e-08   1.868428e-02   288
  6.047637e-01   2.613649e-01   4.038485e-04   1.505203e-02   336
  6.065098e-01   2.790149e-01   3.676705e-04   2.286190e-02   168
  6.075551e-01   2.967657e-01   7.266090e-09   1.696588e-02   336
  6.097171e-01   2.707586e-01   3.816201e-04   1.369427e-02   288
  6.110156e-01   2.464724e-01   3.595837e-04   1.484785e-02   264
  6.132144e-01   3.122648e-01   0.000000e+00   2.064159e-02   240
  6.140186e-01   2.801746e-01   1.271566e-08   2.489041e-02   96
  6.169049e-01   2.774841e-01   4.890096e-04   1.431888e-02   360
  6.182520e-01   3.244797e-01   3.604841e-04   2.536041e-02   168
  6.199540e-01   3.067512e-01   3.929651e-04   1.269428e-02   456
  6.220036e-01   2.955572e-01   7.992291e-09   3.099255e-02   108
  6.231564e-01   2.818190e-01   3.942898e-04   1.655519e-02   264
  6.245946e-01   2.772290e-01   3.517707e-04   1.800245e-02   264
  6.265640e-01   2.667749e-01   3.319469e-04   1.650018e-02   312
  6.290162e-01   1.202768e+00   2.466728e-04   4.123785e-01   270
  6.300440e-01   3.700802e-01   3.131822e-04   2.347808e-02   240
  6.318916e-01   3.016301e-01   3.874458e-04   1.533730e-02   384
  6.330134e-01   3.095449e-01   0.000000e+00   2.652844e-02   192
  6.351924e-01   2.792353e-01   3.108737e-04   1.894882e-02   240
  6.364563e-01   2.971412e-01   3.836683e-04   1.605902e-02   336
  6.388333e-01   3.205142e-01   3.862355e-04   1.349701e-02   480
  6.407617e-01   3.304885e-01   0.000000e+00   4.294533e-02   72
  6.418389e-01   3.131235e-01   3.766148e-04   2.243488e-02   240
  6.433040e-01   2.945119e-01   3.539663e-04   1.496447e-02   312
  6.449835e-01   2.941406e-01   3.825526e-04   2.116542e-02   240
  6.475214e-01   3.094608e-01   2.906410e-04   1.616709e-02   408
  6.485261e-01   2.850477e-01   2.661571e-04   1.577837e-02   336
  6.504896e-01   2.925234e-01   3.379539e-04   1.817942e-02   264
  6.514545e-01   3.754007e-01   0.000000e+00   3.128143e-02   144
  6.541393e-01   3.126170e-01   4.684242e-04   1.373541e-02   464
  6.555537e-01   3.340585e-01   3.724933e-04   2.073207e-02   168
  6.569502e-01   3.048710e-01   3.392602e-04   1.900144e-02   336
  6.594741e-01   3.458072e-01   3.564592e-04   4.954577e-02   414
  6.608969e-01   3.128970e-01   3.710529e-04   2.050822e-02   216
  6.627197e-01   3.013642e-01   8.991328e-09   2.648009e-02   96
  6.634639e-01   3.267155e-01   2.697398e-08   1.637803e-02   384
  6.660710e-01   3.411199e-01   3.703360e-04   1.757940e-02   492
  6.674682e-01   3.433152e-01   3.621568e-04   2.379071e-02   240
  6.690474e-01   3.213693e-01   3.677161e-04   1.848198e-02   312
  6.712282e-01   3.696468e-01   3.675950e-04   2.528582e-02   192
  6.726096e-01   2.982086e-01   3.562441e-04   1.430184e-02   504
  6.744424e-01   3.172610e-01   2.358397e-04   1.622007e-02   408
  6.758855e-01   3.263228e-01   7.225239e-04   2.507588e-02   168
  6.776913e-01   3.367761e-01   3.432052e-04   1.922665e-02   288
  6.792066e-01   3.361831e-01   3.581640e-04   2.169093e-02   288
  6.807589e-01   3.152857e-01   3.602256e-04   1.695055e-02   432
  6.830104e-01   3.276491e-01   3.406534e-04   2.191659e-02   216
  6.842135e-01   3.487650e-01   3.399348e-04   1.765086e-02   360
  6.863554e-01   3.196636e-01   3.317731e-04   1.545106e-02   312
  6.882885e-01   1.982043e-01   0.000000e+00   2.048087e-02   48
  6.894028e-01   2.808731e-01   3.557085e-04   1.361798e-02   432
  6.913984e-01   9.721684e-01   5.933254e-04   2.800581e-01   414
  6.925769e-01   3.416419e-01   3.130008e-08   1.886363e-02   312
  6.947756e-01   3.729121e-01   5.206101e-04   1.677116e-02   528
  6.962593e-01   3.596802e-01   2.732762e-04   1.818887e-02   264
  6.980417e-01   3.632150e-01   3.240306e-04   1.715701e-02   480
  7.003709e-01   3.560247e-01   0.000000e+00   2.356677e-02   288
  7.013766e-01   3.064398e-01   3.481608e-04   1.939811e-02   168
  7.032168e-01   3.674208e-01   5.511376e-04   1.587155e-02   504
  7.052858e-01   3.702339e-01   1.198844e-08   2.447072e-02   144
  7.065874e-01   3.068984e-01   3.539624e-04   1.535118e-02   464
  7.085433e-01   3.161395e-01   5.194598e-04   1.410956e-02   432
  7.094715e-01   3.811323e-01   0.000000e+00   2.846509e-02   192
  7.118702e-01   2.892495e-01   3.850933e-04   1.527194e-02   396
  7.132867e-01   4.068007e-01   3.459199e-04   2.182731e-02   288
  7.147184e-01   3.407913e-01   3.417097e-04   1.755934e-02   336
  7.170054e-01   3.885086e-01   2.163775e-04   1.714824e-02   432
  7.184567e-01   3.565688e-01   5.608202e-04   1.932792e-02   360
  7.200863e-01   3.263595e-01   3.317334e-04   1.483687e-02   384
  7.224007e-01   5.116382e-01   2.928185e-04   5.838050e-02   198
  7.235158e-01   3.435854e-01   3.328394e-04   1.481773e-02   552
  7.255952e-01   3.396892e-01   4.659523e-04   1.772828e-02   432
  7.273313e-01   4.015174e-01   0.000000e+00   3.561086e-02   168
  7.287883e-01   3.776455e-01   5.776104e-04   1.708307e-02   480
  7.307158e-01   3.376961e-01   0.000000e+00   3.695845e-02   120
  7.315834e-01   3.716121e-01   4.717672e-04   2.165307e-02   336
  7.337004e-01   3.383700e-01   3.328244e-04   1.344554e-02   672
  7.357937e-01   3.516404e-01   4.841385e-04   1.509917e-02   528
  7.367688e-01   3.503455e-01   1.453218e-08   2.618800e-02   168
  7.390213e-01   3.422880e-01   5.400533e-04   1.481416e-02   456
  7.403958e-01   3.562482e-01   3.298151e-04   2.437702e-02   168
  7.418226e-01   3.406617e-01   3.292229e-04   1.530561e-02   504
  7.441946e-01   3.382682e-01   4.236594e-04   1.822323e-02   336
  7.456288e-01   3.630903e-01   3.054083e-04   2.142701e-02   312
  7.472199e-01   3.404408e-01   2.984046e-04   1.535450e-02   504
  7.493135e-01   3.152732e-01   2.070414e-04   1.472381e-02   432
  7.502979e-01   3.479037e-01   3.199475e-04   2.167007e-02   312
  7.523441e-01   3.300606e-01   3.279618e-04   1.622175e-02   384
  7.544807e-01   2.354006e+00   2.786416e-04   8.614980e-01   126
  7.557997e-01   3.241606e-01   4.892282e-04   1.458250e-02   492
  7.574845e-01   3.452605e-01   3.133512e-04   1.316001e-02   528
  7.595900e-01   3.480886e-01   3.182975e-04   1.798532e-02   480
  7.608954e-01   3.699985e-01   4.397263e-04   1.928598e-02   432
  7.627844e-01   3.659284e-01   3.457865e-04   1.668260e-02   440
  7.649782e-01   3.817764e-01   1.719582e-04   2.103399e-02   312
  7.658014e-01   3.585616e-01   2.576938e-04   1.509532e-02   480
  7.674900e-01   3.044668e-01   5.045595e-04   1.529851e-02   408
  7.699572e-01   3.902255e-01   3.021740e-04   2.064361e-02   360
  7.709996e-01   3.704299e-01   2.915870e-04   1.848033e-02   408
  7.729312e-01   3.776225e-01   2.967266e-04   1.725724e-02   456
  7.751062e-01   4.077351e-01   2.835976e-04   2.428975e-02   264
  7.763135e-01   3.474507e-01   3.077746e-04   2.037393e-02   384
  7.780708e-01   3.668861e-01   5.181601e-04   1.436195e-02   672
  7.801024e-01   3.623575e-01   3.099267e-04   2.387600e-02   240
  7.812746e-01   3.307209e-01   3.144981e-04   1.871313e-02   264
  7.829292e-01   4.072707e-01   3.878815e-04   1.604518e-02   624
  7.853982e-01   4.978747e-01   0.000000e+00   7.746492e-02   150
  7.862772e-01   3.995120e-01   4.346518e-04   1.686962e-02   600
  7.881310e-01   3.722093e-01   2.999855e-04   1.444412e-02   672
  7.902303e-01   3.859673e-01   2.821575e-04   2.152332e-02   336
  7.913996e-01   3.982803e-01   3.069052e-04   2.201408e-02   408
  7.932681e-01   3.621631e-01   3.061822e-04   1.817987e-02   408
  7.953464e-01   3.572967e-01   1.548222e-04   1.836440e-02   360
  7.966274e-01   3.778263e-01   5.684571e-04   2.137889e-02   456
  7.981747e-01   3.990038e-01   3.091305e-04   1.955212e-02   384
  8.001443e-01   3.291941e-01   2.853666e-04   1.601541e-02   348
  8.012087e-01   3.949786e-01   3.518006e-04   1.716567e-02   576
  8.032080e-01   3.914887e-01   2.896616e-04   1.887811e-02   504
  8.052533e-01   3.851001e-01   4.085508e-04   1.800071e-02   432
  8.070386e-01   3.382800e-01   5.558314e-04   1.365115e-02   576
  8.083117e-01   3.721856e-01   0.000000e+00   2.064314e-02   264
  8.103314e-01   3.864265e-01   4.423029e-04   1.340390e-02   768
  8.120878e-01   3.982202e-01   5.954803e-04   2.795529e-02   240
  8.134843e-01   4.062952e-01   5.251573e-04   3.010317e-02   192
  8.155184e-01   3.767142e-01   3.865799e-04   1.768635e-02   504
  8.170269e-01   7.895193e-01   5.209309e-04   1.976658e-01   590
  8.184736e-01   4.072127e-01   5.836745e-04   2.013037e-02   384
  8.202876e-01   3.905901e-01   4.877800e-04   1.731076e-02   504
  8.224778e-01   4.101796e-01   4.694128e-04   1.509454e-02   648
  8.246022e-01   4.226999e-01   1.274863e-04   1.793339e-02   504
  8.254588e-01   3.792070e-01   2.908203e-04   2.232037e-02   312
  8.269711e-01   4.377377e-01   4.190005e-04   2.074366e-02   576
  8.290471e-01   4.372457e-01   2.915849e-04   2.693352e-02   240
  8.302574e-01   3.521209e-01   2.946324e-04   1.409171e-02   552
  8.319706e-01   4.261160e-01   2.766531e-04   1.604564e-02   600
  8.344107e-01   3.895185e-01   3.379098e-04   1.450144e-02   600
  8.358778e-01   3.974673e-01   5.411359e-04   2.306568e-02   312
  8.373389e-01   4.184690e-01   4.712758e-04   1.837217e-02   480
  8.391640e-01   3.964062e-01   2.940309e-04   1.541205e-02   576
  8.407709e-01   4.019976e-01   4.734535e-04   2.069130e-02   408
  8.421967e-01   3.539453e-01   5.523054e-04   2.617577e-02   216
  8.440389e-01   3.727187e-01   4.230038e-04   1.679284e-02   516
  8.460125e-01   4.142835e-01   4.035886e-04   1.513745e-02   744
  8.480486e-01   4.282672e-01   2.695616e-04   5.195217e-02   462
  8.491990e-01   4.125279e-01   2.739703e-04   2.461986e-02   432
  8.509836e-01   4.088094e-01   2.541675e-04   1.515990e-02   648
  8.530818e-01   4.114098e-01   3.718944e-04   1.591193e-02   528
  8.547671e-01   3.931617e-01   4.478537e-04   1.581007e-02   600
  8.564512e-01   3.870704e-01   5.646264e-04   2.220417e-02   240
  8.580823e-01   4.313875e-01   4.324984e-04   1.643530e-02   720
  8.599780e-01   3.873080e-01   3.421845e-04   1.429366e-02   720
  8.620796e-01   4.731485e-01   0.000000e+00   3.957629e-02   144
  8.631855e-01   3.991581e-01   4.411782e-04   1.451916e-02   720
  8.647586e-01   4.470244e-01   2.645391e-04   2.178669e-02   384
  8.667282e-01   4.017279e-01   2.932557e-04   1.556433e-02   672
  8.685969e-01   4.233730e-01   5.134584e-04   1.903234e-02   336
  8.694893e-01   3.928482e-01   0.000000e+00   2.170884e-02   288
  8.716748e-01   4.392555e-01   4.063680e-04   1.701509e-02   776
  8.736979e-01   4.099575e-01   3.477095e-04   1.626207e-02   720
  8.753970e-01   4.506728e-01   2.801055e-04   2.230027e-02   432
  8.767560e-01   4.170344e-01   3.993257e-04   1.837911e-02   504
  8.782678e-01   4.297201e-01   2.797843e-04   1.780961e-02   528
  8.803833e-01   9.272112e-01   3.811898e-04   1.967073e-01   438
  8.821237e-01   4.429128e-01   4.436701e-04   1.851725e-02   624
  8.834351e-01   4.331955e-01   5.434359e-04   2.397316e-02   312
  8.852381e-01   4.537683e-01   2.927896e-04   1.829206e-02   696
  8.871024e-01   3.715589e-01   2.649216e-04   1.519674e-02   552
  8.890414e-01   4.032188e-01   2.049609e-04   1.574541e-02   516
  8.902410e-01   4.629167e-01   4.093940e-04   2.125248e-02   528
  8.917013e-01   3.999974e-01   2.662401e-04   1.645430e-02   528
  8.937755e-01   4.137209e-01   3.511167e-04   1.384407e-02   864
  8.951836e-01   3.863041e-01   4.809576e-04   1.835570e-02   408
  8.965930e-01   4.334548e-01   4.765097e-04   4.003861e-02   192
  8.985906e-01   3.898112e-01   3.943347e-04   1.541133e-02   720
  9.002770e-01   3.832039e-01   3.635960e-04   1.424002e-02   696
  9.022808e-01   4.574740e-01   3.926871e-04   1.765905e-02   720
  9.041141e-01   4.538563e-01   5.322402e-04   2.139162e-02   432
  9.051831e-01   3.181547e-01   3.132974e-04   1.890385e-02   264
  9.071068e-01   4.237236e-01   4.326498e-04   1.720182e-02   672
  9.088274e-01   4.042610e-01   4.429670e-04   1.817765e-02   600
  9.108692e-01   4.379235e-01   2.593567e-04   5.220900e-02   270
  9.118985e-01   4.110108e-01   3.904042e-04   1.795159e-02   528
  9.135346e-01   4.156481e-01   2.673349e-04   1.371641e-02   840
  9.157780e-01   3.912196e-01   5.111923e-04   1.432037e-02   888
  9.178509e-01   4.088401e-01   3.808759e-04   1.525310e-02   744
  9.196028e-01   3.317994e-01   1.957146e-04   1.774332e-02   456
  9.204741e-01   4.935028e-01   2.674561e-04   2.854494e-02   360
  9.219651e-01   3.842047e-01   2.317357e-04   1.917256e-02   384
  9.242528e-01   3.969081e-01   3.717018e-04   1.349664e-02   816
  9.259693e-01   4.499495e-01   5.392874e-04   1.594916e-02   824
  9.280557e-01   4.103207e-01   2.506865e-04   2.132264e-02   360
  9.291730e-01   4.149025e-01   3.699191e-04   1.630850e-02   624
  9.307106e-01   4.295835e-01   2.499713e-04   2.141318e-02   360
  9.327590e-01   4.147198e-01   3.400343e-04   1.405584e-02   876
  9.346089e-01   3.954387e-01   4.038591e-04   1.544752e-02   696
  9.364747e-01   3.571123e-01   2.607857e-04   2.007378e-02   336
  9.374528e-01   4.978466e-01   2.604927e-04   2.419727e-02   504
  9.390682e-01   3.812806e-01   2.627499e-04   1.420333e-02   672
  9.414648e-01   4.185438e-01   5.230740e-04   1.607911e-02   720
  9.431269e-01   4.884018e-01   3.951266e-04   3.205030e-02   774
  9.449616e-01   5.101675e-01   2.261602e-04   2.774341e-02   384
  9.459224e-01   3.966104e-01   4.352293e-04   1.754250e-02   528
  9.474136e-01   4.770811e-01   4.147978e-04   2.072063e-02   744
  9.498123e-01   4.540813e-01   3.421202e-04   1.847242e-02   768
  9.514049e-01   4.790004e-01   3.840557e-04   2.131394e-02   552
  9.533920e-01   3.826743e-01   4.185773e-04   1.592920e-02   696
  9.548702e-01   3.696179e-01   5.086441e-04   1.985440e-02   408
  9.560436e-01   4.739646e-01   2.197383e-04   2.184789e-02   504
  9.579038e-01   3.622832e-01   3.947516e-04   1.207019e-02   888
  9.597342e-01   4.055315e-01   4.102611e-04   1.620299e-02   648
  9.616367e-01   3.801012e-01   4.067445e-04   1.609122e-02   648
  9.634268e-01   3.989420e-01   4.385703e-04   1.473173e-02   792
  9.653228e-01   4.298433e-01   6.416583e-04   1.889763e-02   600
  9.667199e-01   3.857764e-01   4.348569e-04   1.748772e-02   456
  9.681906e-01   4.429637e-01   2.119307e-04   1.766481e-02   648
  9.700794e-01   3.874474e-01   4.132958e-04   1.282398e-02   936
  9.721186e-01   3.863022e-01   2.538169e-04   2.060972e-02   384
  9.738937e-01   4.212665e-01   0.000000e+00   2.990292e-02   198
  9.752636e-01   3.603905e-01   6.439552e-04   1.141327e-02   1224
  9.767415e-01   5.033785e-01   4.689976e-04   2.672771e-02   420
  9.784892e-01   4.040057e-01   4.538916e-04   1.510734e-02   792
  9.801982e-01   4.406823e-01   3.753296e-04   1.727498e-02   680
  9.821484e-01   3.676681e-01   3.446453e-04   1.691377e-02   600
  9.837176e-01   3.699534e-01   4.998301e-04   1.357287e-02   840
  9.858129e-01   3.937043e-01   2.359966e-04   1.906864e-02   432
  9.866135e-01   4.024291e-01   2.211599e-04   1.541882e-02   720
  9.883541e-01   3.649063e-01   4.429446e-04   1.206649e-02   960
  9.905192e-01   3.834450e-01   3.948527e-04   1.824753e-02   528
  9.921014e-01   3.485674e-01   4.036147e-04   1.366540e-02   624
  9.939846e-01   3.703986e-01   3.172384e-04   1.488699e-02   816
  9.958538e-01   3.616807e-01   5.217054e-04   1.514569e-02   696
  9.979194e-01   3.710394e-01   3.523866e-08   2.366972e-02   240
  9.986961e-01   3.982941e-01   3.076621e-04   1.626310e-02   672
  1.000430e+00   3.846192e-01   5.498361e-04   1.364751e-02   864
  1.002374e+00   3.814261e-01   4.219100e-04   1.306146e-02   816
  1.004127e+00   3.503508e-01   2.414867e-04   1.507481e-02   648
  1.006015e+00   4.483751e-01   2.468434e-04   1.766693e-02   843
  1.007618e+00   3.840653e-01   4.441320e-04   1.909812e-02   780
  1.009528e+00   4.306399e-01   2.383130e-04   3.242878e-02   216
  1.010706e+00   3.670989e-01   5.746657e-04   1.227963e-02   1056
  1.012518e+00   3.048569e-01   4.701411e-04   1.838729e-02   228
  1.014195e+00   3.830936e-01   5.853373e-04   1.523429e-02   924
  1.015917e+00   3.813228e-01   2.171273e-04   1.438033e-02   696
  1.017741e+00   3.707795e-01   3.864245e-04   1.183838e-02   996
  1.019607e+00   3.425995e-01   2.281373e-04   1.369554e-02   576
  1.021548e+00   3.627310e-01   3.521149e-04   1.606793e-02   552
  1.022963e+00   3.914389e-01   4.204128e-04   1.960033e-02   516
  1.024399e+00   3.689193e-01   6.113675e-04   1.454106e-02   744
  1.026040e+00   3.686233e-01   2.999122e-04   1.724976e-02   576
  1.027467e+00   3.823519e-01   3.086856e-04   1.373432e-02   792
  1.029495e+00   3.913991e-01   3.528849e-04   1.604027e-02   792
  1.030982e+00   3.996840e-01   3.805826e-04   1.523785e-02   720
  1.032992e+00   4.027151e-01   4.337767e-04   1.675118e-02   656
  1.034876e+00   3.620137e-01   4.736616e-04   1.330440e-02   816
  1.036807e+00   4.073221e-01   2.553903e-04   2.068996e-02   492
  1.037904e+00   3.990471e-01   3.673970e-04   1.917818e-02   552
  1.039964e+00   3.315370e-01   6.388587e-04   1.313033e-02   780
  1.041302e+00   3.580795e-01   3.924433e-04   1.677125e-02   528
  1.042744e+00   3.481566e-01   4.581007e-04   1.441093e-02   600
  1.044868e+00   3.573281e-01   3.807180e-04   1.352573e-02   900
  1.046332e+00   3.680224e-01   2.107720e-04   1.535999e-02   696
  1.048347e+00   3.566401e-01   5.329451e-04   1.344562e-02   696
  1.050296e+00   3.593469e-01   2.162108e-04   1.350797e-02   552
  1.051935e+00   3.484747e-01   2.514331e-04   1.384507e-02   708
  1.053652e+00   3.608477e-01   4.151305e-04   1.317321e-02   876
  1.055438e+00   3.653267e-01   2.204260e-04   2.537359e-02   216
  1.056637e+00   3.612675e-01   6.028951e-04   1.212215e-02   1032
  1.058432e+00   3.359094e-01   6.712571e-04   1.301044e-02   600
  1.060296e+00   3.396449e-01   3.202990e-04   1.357423e-02   600
  1.061717e+00   3.399723e-01   5.656180e-04   1.440575e-02   528
  1.063397e+00   3.759675e-01   3.104995e-04   1.406689e-02   732
  1.065167e+00   3.572057e-01   2.292757e-04   1.951744e-02   336
  1.067205e+00   3.123002e-01   3.267633e-04   1.166759e-02   912
  1.068728e+00   3.364052e-01   3.279713e-04   1.275320e-02   624
  1.070391e+00   3.444525e-01   2.763746e-04   1.194492e-02   768
  1.072333e+00   3.455614e-01   4.986341e-04   1.220286e-02   792
  1.074239e+00   3.226411e-01   2.472022e-04   1.347054e-02   660
  1.075595e+00   3.351201e-01   3.642922e-04   1.759707e-02   504
  1.076998e+00   3.333529e-01   5.951837e-04   1.503894e-02   480
  1.079100e+00   3.175346e-01   5.504674e-04   1.002269e-02   912
  1.080746e+00   3.358625e-01   6.130308e-04   1.597052e-02   432
  1.082301e+00   3.715111e-01   3.640033e-04   1.620181e-02   564
  1.083681e+00   2.964703e-01   3.484013e-04   1.232614e-02   600
  1.085624e+00   3.704781e-01   4.856383e-04   1.318039e-02   876
  1.087083e+00   3.679832e-01   2.183577e-04   2.411824e-02   264
  1.089095e+00   3.074138e-01   4.236997e-04   1.418468e-02   560
  1.090713e+00   3.353476e-01   2.879131e-04   1.276506e-02   840
  1.092676e+00   3.298144e-01   4.438790e-04   1.051742e-02   1008
  1.094491e+00   2.982546e-01   1.985617e-04   1.386265e-02   456
  1.096149e+00   3.084506e-01   2.572085e-04   1.321131e-02   576
  1.097681e+00   3.774454e-01   3.952284e-04   1.644675e-02   612
  1.099702e+00   3.374215e-01   3.530031e-04   1.221383e-02   780
  1.101351e+00   3.342067e-01   4.045254e-04   1.322113e-02   648
  1.103039e+00   3.509164e-01   1.885140e-04   2.109383e-02   312
  1.104117e+00   3.333980e-01   4.789832e-04   1.399965e-02   528
  1.105986e+00   3.090440e-01   6.255282e-04   1.205444e-02   720
  1.107773e+00   3.692026e-01   6.274871e-04   1.664728e-02   576
  1.109940e+00   3.854678e-01   5.412886e-04   1.741748e-02   444
  1.111288e+00   3.367817e-01   5.308295e-04   1.058546e-02   996
  1.112940e+00   3.313811e-01   4.434024e-04   1.643609e-02   432
  1.114501e+00   3.350555e-01   4.854384e-04   1.453038e-02   504
  1.115850e+00   3.070840e-01   2.188612e-04   1.307878e-02   504
  1.117770e+00   3.430659e-01   4.307215e-04   1.260350e-02   876
  1.119508e+00   3.149573e-01   4.957194e-04   1.423624e-02   504
  1.121318e+00   3.318896e-01   3.161439e-04   1.474916e-02   696
  1.122813e+00   3.335050e-01   2.702699e-04   1.555453e-02   492
  1.124848e+00   3.053586e-01   3.869044e-04   1.505634e-02   432
  1.126355e+00   3.742162e-01   3.622936e-04   1.286014e-02   768
  1.128142e+00   3.271881e-01   4.512853e-04   1.298127e-02   648
  1.129847e+00   3.130009e-01   2.944152e-04   1.440428e-02   456
  1.131808e+00   3.119359e-01   4.048687e-04   1.259148e-02   552
  1.133169e+00   3.131128e-01   2.774973e-04   1.146438e-02   648
  1.135043e+00   3.411738e-01   4.523051e-04   1.150442e-02   840
  1.136873e+00   3.341550e-01   2.156948e-04   1.571058e-02   432
  1.138705e+00   2.899771e-01   2.641893e-04   1.213024e-02   600
  1.139979e+00   3.149120e-01   2.814763e-04   1.437301e-02   432
  1.142120e+00   3.277234e-01   2.802371e-04   1.412104e-02   560
  1.143569e+00   2.983310e-01   4.435859e-04   1.019647e-02   840
  1.145384e+00   3.474847e-01   2.627424e-04   1.509873e-02   504
  1.146826e+00   3.574603e-01   5.362415e-04   1.519312e-02   696
  1.148858e+00   3.797093e-01   2.928760e-04   2.526339e-02   384
  1.150441e+00   3.219483e-01   4.290289e-04   1.456049e-02   576
  1.152355e+00   3.485608e-01   2.647752e-04   1.656414e-02   360
  1.153898e+00   3.313378e-01   3.943145e-04   1.246165e-02   828
  1.155563e+00   3.488032e-01   3.512103e-04   1.884456e-02   372
  1.157088e+00   3.174175e-01   5.363655e-04   1.331665e-02   576
  1.159108e+00   3.313521e-01   2.246293e-04   1.412095e-02   636
  1.160548e+00   3.113474e-01   4.330272e-04   1.163887e-02   648
  1.162495e+00   3.469152e-01   3.520038e-04   1.449306e-02   576
  1.163893e+00   3.389643e-01   5.678192e-04   1.607292e-02   528
  1.165752e+00   3.389468e-01   2.427662e-04   1.882826e-02   360
  1.167291e+00   3.279118e-01   5.584532e-04   1.470795e-02   672
  1.169301e+00   3.364130e-01   2.860489e-04   1.330645e-02   804
  1.170973e+00   3.274709e-01   3.155462e-04   1.599181e-02   408
  1.172823e+00   3.407098e-01   1.950418e-04   1.949485e-02   384
  1.174069e+00   2.956805e-01   4.463307e-04   1.419515e-02   480
  1.175826e+00   3.457007e-01   2.883950e-04   1.635890e-02   432
  1.177511e+00   3.872157e-01   5.314505e-04   1.504539e-02   648
  1.179506e+00   2.937488e-01   3.297625e-04   1.251576e-02   624
  1.180965e+00   3.438483e-01   2.999468e-04   1.723226e-02   456
  1.182958e+00   3.154596e-01   4.097541e-04   1.276629e-02   588
  1.184293e+00   3.330676e-01   2.614214e-04   1.432973e-02   600
  1.186242e+00   3.322480e-01   4.077532e-04   1.178427e-02   708
  1.187782e+00   3.211368e-01   2.568767e-04   1.581790e-02   360
  1.189484e+00   3.206640e-01   2.952866e-04   1.298557e-02   552
  1.191115e+00   3.315610e-01   2.071505e-04   1.949801e-02   288
  1.192771e+00   3.552232e-01   3.894996e-04   1.387518e-02   528
  1.194327e+00   3.299612e-01   2.627744e-04   1.391949e-02   456
  1.196066e+00   3.404109e-01   4.659561e-04   1.482033e-02   608
  1.197814e+00   3.291128e-01   2.254347e-04   1.510227e-02   504
  1.199725e+00   3.219357e-01   4.839956e-04   1.497098e-02   540
  1.201223e+00   3.188161e-01   5.195556e-04   1.815614e-02   360
  1.202838e+00   3.298621e-01   2.352814e-04   1.343438e-02   540
  1.204266e+00   3.230038e-01   2.020170e-04   1.369123e-02   576
  1.206343e+00   3.543306e-01   4.684089e-04   1.439895e-02   588
  1.208318e+00   3.392913e-01   6.462628e-04   1.360984e-02   672
  1.210014e+00   3.395677e-01   4.939442e-04   1.503216e-02   552
  1.211382e+00   3.367752e-01   4.941939e-04   2.825440e-02   144
  1.213127e+00   3.450786e-01   4.198685e-04   1.493609e-02   600
  1.214781e+00   3.270603e-01   5.261868e-04   1.529950e-02   504
  1.216618e+00   3.186656e-01   5.405001e-04   1.986954e-02   336
  1.218549e+00   3.159437e-01   6.075245e-04   1.362707e-02   600
  1.220279e+00   2.939792e-01   3.920764e-04   1.228100e-02   636
  1.222146e+00   3.509936e-01   3.152330e-04   1.760070e-02   384
  1.223455e+00   3.628140e-01   4.397128e-04   1.592529e-02   504
  1.225342e+00   3.131296e-01   1.845413e-04   2.386332e-02   240
  1.226831e+00   3.632582e-01   4.335137e-04   1.351732e-02   744
  1.228618e+00   3.166146e-01   2.960240e-04   1.433796e-02   648
  1.230205e+00   3.309265e-01   1.965095e-04   2.330458e-02   120
  1.232066e+00   3.527154e-01   3.086910e-04   1.608718e-02   564
  1.233472e+00   3.438918e-01   4.848178e-04   1.538524e-02   432
  1.235349e+00   3.219394e-01   3.763145e-04   1.461699e-02   480
  1.236762e+00   3.058227e-01   2.769770e-04   1.334200e-02   456
  1.238430e+00   3.383959e-01   4.583559e-04   1.596944e-02   444
  1.240323e+00   3.038450e-01   7.013087e-04   1.204626e-02   528
  1.241986e+00   3.707834e-01   5.208476e-04   2.263027e-02   264
  1.243600e+00   3.326352e-01   5.337912e-04   1.547762e-02   444
  1.245770e+00   3.791628e-01   5.846898e-04   1.523529e-02   696
  1.247572e+00   3.429721e-01   3.127117e-04   1.833739e-02   384
  1.248890e+00   3.391842e-01   3.951374e-04   1.689437e-02   432
  1.250940e+00   3.250563e-01   2.730215e-04   1.392531e-02   488
  1.252270e+00   3.427629e-01   4.114773e-04   1.606131e-02   480
  1.254200e+00   3.244514e-01   4.588823e-04   1.705803e-02   480
  1.255694e+00   2.601560e-01   1.925330e-04   1.436182e-02   240
  1.257391e+00   3.469127e-01   4.497418e-04   1.522233e-02   600
  1.258991e+00   3.604980e-01   3.919039e-04   2.373821e-02   288
  1.260695e+00   3.797602e-01   3.769828e-04   1.939300e-02   480
  1.262421e+00   3.320661e-01   6.705851e-04   1.370462e-02   504
  1.264120e+00   3.805636e-01   2.877228e-04   2.975577e-02   216
  1.266287e+00   3.723827e-01   4.710480e-04   1.583870e-02   504
  1.267974e+00   3.488728e-01   3.788659e-04   1.541609e-02   456
  1.269821e+00   3.564882e-01   2.172861e-04   1.994917e-02   384
  1.271045e+00   3.431039e-01   4.410122e-04   1.594221e-02   480
  1.272784e+00   3.442156e-01   3.872581e-04   1.808188e-02   504
  1.274394e+00   3.056918e-01   2.456523e-04   1.874985e-02   312
  1.276130e+00   3.793160e-01   3.958603e-04   1.939460e-02   492
  1.277667e+00   3.636228e-01   3.710270e-04   2.320207e-02   312
  1.279645e+00   2.976285e-01   6.027038e-04   1.253673e-02   576
  1.281386e+00   3.837979e-01   5.563444e-04   2.000188e-02   336
  1.282832e+00   2.752057e-01   4.283594e-04   1.821479e-02   240
  1.284837e+00   3.753397e-01   5.678961e-04   1.798077e-02   468
  1.286567e+00   3.192504e-01   3.555851e-04   2.479264e-02   192
  1.288379e+00   3.471531e-01   3.566449e-04   2.233238e-02   324
  1.289707e+00   3.495413e-01   2.588470e-04   1.421359e-02   600
  1.291517e+00   3.918345e-01   4.199527e-04   2.063128e-02   456
  1.292860e+00   3.429656e-01   1.888947e-04   1.800860e-02   336
  1.295088e+00   3.948982e-01   5.656042e-04   1.831101e-02   612
  1.296708e+00   3.190644e-01   4.746798e-04   2.304371e-02   144
  1.298240e+00   3.962815e-01   5.540731e-04   1.807310e-02   552
  1.300324e+00   3.127558e-01   2.182008e-04   2.098425e-02   264
  1.301501e+00   3.411443e-01   5.051906e-04   2.093425e-02   336
  1.303359e+00   3.209633e-01   3.338126e-04   1.760409e-02   384
  1.304969e+00   3.540345e-01   1.879035e-04   2.783065e-02   216
  1.306752e+00   3.550560e-01   3.983942e-04   2.169122e-02   344
  1.308378e+00   3.579880e-01   5.944229e-04   1.804387e-02   408
  1.310359e+00   3.589117e-01   4.567753e-04   2.374221e-02   264
  1.312115e+00   3.860824e-01   6.367673e-04   1.696379e-02   612
  1.313869e+00   4.538277e-01   3.277292e-04   2.298306e-02   408
  1.315673e+00   3.142910e-01   3.282002e-04   1.692163e-02   444
  1.316998e+00   4.143146e-01   1.835599e-04   4.340817e-02   120
  1.318774e+00   3.790186e-01   5.071424e-04   2.247243e-02   336
  1.320092e+00   3.620452e-01   1.762300e-04   1.951310e-02   288
  1.321873e+00   3.499569e-01   5.484307e-04   1.397517e-02   552
  1.324322e+00   4.016389e-01   2.936555e-08   6.062388e-02   72
  1.325581e+00   3.364091e-01   5.447315e-04   1.527720e-02   504
  1.327052e+00   3.870047e-01   1.752893e-04   3.609303e-02   216
  1.328957e+00   3.705350e-01   3.129669e-04   2.127020e-02   312
  1.330668e+00   3.601324e-01   3.563621e-04   1.953399e-02   336
  1.332298e+00   3.498267e-01   4.939578e-04   3.313748e-02   204
  1.333922e+00   3.976547e-01   5.740541e-04   1.961836e-02   504
  1.335644e+00   4.395873e-01   5.466644e-04   2.332186e-02   396
  1.337300e+00   3.974133e-01   5.013198e-04   1.998605e-02   312
  1.339308e+00   3.619861e-01   3.063600e-04   2.115734e-02   216
  1.340723e+00   4.215124e-01   1.662675e-04   3.587979e-02   168
  1.342442e+00   3.969678e-01   4.198346e-04   1.713282e-02   588
  1.344403e+00   3.367665e-01   5.698763e-04   2.073798e-02   240
  1.345927e+00   3.393141e-01   5.032962e-04   2.141303e-02   264
  1.347715e+00   3.918948e-01   6.224294e-04   2.691951e-02   288
  1.349301e+00   3.471188e-01   3.108153e-04   2.130633e-02   288
  1.351311e+00   3.853889e-01   2.919050e-04   2.357607e-02   288
  1.352664e+00   3.842897e-01   3.381477e-04   2.459813e-02   192
  1.354367e+00   3.328020e-01   3.598230e-04   2.273432e-02   264
  1.355989e+00   4.678543e-01   5.918590e-04   2.706040e-02   372
  1.357735e+00   4.425939e-01   6.392333e-04   2.243272e-02   360
  1.359866e+00   4.304181e-01   2.705296e-04   4.317886e-02   144
  1.360967e+00   3.604853e-01   3.757537e-04   2.148567e-02   296
  1.362705e+00   3.336376e-01   4.048552e-04   2.143191e-02   288
  1.364696e+00   3.682251e-01   6.050459e-04   1.725811e-02   480
  1.366412e+00   3.084864e-01   5.027354e-04   2.459458e-02   192
  1.368081e+00   3.545586e-01   5.392523e-04   2.285036e-02   192
  1.369599e+00   3.237097e-01   3.436718e-04   1.978823e-02   288
  1.371709e+00   3.354962e-01   2.991616e-04   2.991319e-02   108
  1.372772e+00   3.601732e-01   2.876072e-04   2.386630e-02   240
  1.374649e+00   3.794976e-01   5.365380e-04   2.135226e-02   384
  1.376577e+00   2.469318e-01   6.545156e-04   2.407628e-02   108
  1.378282e+00   5.326042e-01   3.837546e-04   2.940668e-02   348
  1.380075e+00   3.255824e-01   4.005014e-04   2.003909e-02   312
  1.381676e+00   3.083112e-01   3.891711e-04   3.554021e-02   96
  1.383148e+00   3.815509e-01   5.181111e-04   2.129315e-02   384
  1.384797e+00   4.129620e-01   3.563555e-04   4.140047e-02   144
  1.386411e+00   3.715836e-01   5.475560e-04   2.006639e-02   408
  1.388416e+00   3.513575e-01   2.442487e-04   2.970522e-02   144
  1.390310e+00   3.737799e-01   4.695706e-04   2.430178e-02   192
  1.391433e+00   4.261510e-01   5.285104e-04   4.109399e-02   144
  1.393265e+00   3.706906e-01   4.296985e-04   3.041148e-02   144
  1.394992e+00   3.668461e-01   5.251611e-04   2.460797e-02   336
  1.397108e+00   3.572438e-01   3.885526e-04   2.581625e-02   240
  1.398450e+00   3.604471e-01   1.764383e-04   3.346996e-02   96
  1.400321e+00   4.508527e-01   5.174086e-04   2.348590e-02   372
  1.402214e+00   3.419463e-01   6.154464e-04   2.732524e-02   132
  1.403877e+00   3.123170e-01   3.808309e-04   1.795574e-02   264
  1.405364e+00   4.169120e-01   2.924607e-04   3.461917e-02   168
  1.406952e+00   3.766080e-01   4.675886e-04   2.732202e-02   216
  1.408354e+00   4.598632e-01   2.860765e-04   3.515247e-02   216
  1.410397e+00   3.726265e-01   5.248313e-04   4.403904e-02   96
  1.412250e+00   5.250984e-01   3.424046e-04   4.232087e-02   120
  1.413949e+00   3.704349e-01   4.352925e-04   2.427409e-02   216
  1.415349e+00   2.852467e-01   1.902243e-04   2.030714e-02   200
  1.417203e+00   3.572085e-01   4.924091e-04   2.150274e-02   288
  1.419580e+00   2.908230e-01   1.295624e-04   2.375368e-02   144
  1.420582e+00   4.355672e-01   4.031902e-04   3.617250e-02   168
  1.422626e+00   3.378286e-01   4.537530e-04   3.115559e-02   159
  1.424222e+00   3.236779e-01   4.760960e-04   2.677997e-02   174
  1.425766e+00   2.778009e-01   4.317072e-04   2.043247e-02   144
  1.427789e+00   3.991718e-01   2.492797e-04   2.144780e-02   222
  1.429141e+00   3.539238e-01   2.515453e-04   2.708186e-02   168
  1.431477e+00   5.420715e-01   5.517354e-04   5.096387e-02   30
  1.432442e+00   3.297330e-01   4.871418e-04   3.257103e-02   72
  1.434260e+00   3.560532e-01   4.347683e-04   2.169344e-02   258
  1.436258e+00   4.239610e-01   2.723066e-04   2.283574e-02   264
  1.437257e+00   2.898756e-01   0.000000e+00   2.705232e-02   72
  1.439339e+00   3.574746e-01   5.397231e-04   2.202616e-02   174
  1.441225e+00   3.734206e-01   5.747054e-04   2.694684e-02   168
  1.442740e+00   3.447828e-01   1.798266e-08   5.408042e-02   48
  1.444367e+00   3.863427e-01   3.245497e-04   3.992210e-02   150
  1.446254e+00   4.363909e-01   5.970324e-04   3.783364e-02   168
  1.448146e+00   3.657216e-01   3.636845e-04   3.359590e-02   144
  1.449885e+00   4.398274e-01   3.397640e-04   3.879763e-02   102
  1.451181e+00   2.514595e-01   5.029091e-04   2.572132e-02   96
  1.453237e+00   3.647405e-01   4.991035e-04   3.048203e-02   120
  1.454759e+00   3.330271e-01   5.353016e-04   2.456240e-02   168
  1.456406e+00   4.809815e-01   3.952779e-04   4.954929e-02   126
  1.457809e+00   2.691902e-01   2.981185e-04   2.434550e-02   168
  1.459742e+00   2.160691e-01   4.780335e-04   2.718684e-02   72
  1.461432e+00   3.672314e-01   5.986044e-04   2.733380e-02   168
  1.462911e+00   4.625923e-01   1.641069e-04   5.206114e-02   78
  1.464939e+00   4.741888e-01   2.694513e-04   7.225612e-02   60
  1.466572e+00   4.105840e-01   4.370936e-04   5.312138e-02   96
  1.468265e+00   3.054325e-01   5.303767e-04   2.232388e-02   168
  1.469857e+00   3.274252e-01   3.356018e-04   3.115148e-02   86
  1.471527e+00   3.615730e-01   2.999484e-04   3.195375e-02   120
  1.473920e+00   3.080651e-01   2.139030e-04   2.444184e-02   168
  1.475211e+00   3.119141e-01   0.000000e+00   3.792122e-02   48
  1.476949e+00   4.273137e-01   3.897081e-04   4.042256e-02   120
  1.477948e+00   3.772157e-01   2.843078e-04   3.342206e-02   126
  1.480387e+00   3.811551e-01   5.000182e-04   5.056816e-02   96
  1.481970e+00   3.403939e-01   1.441806e-04   3.163499e-02   96
  1.483218e+00   3.943645e-01   1.695421e-08   3.263708e-02   72
  1.485877e+00   2.945576e-01   1.798266e-08   6.952257e-02   24
  1.487537e+00   2.795063e-01   2.967202e-04   2.451039e-02   120
  1.488831e+00   4.197060e-01   4.328235e-04   4.282454e-02   126
  1.490271e+00   3.191343e-01   3.608170e-04   3.268463e-02   96
  1.491953e+00   3.248447e-01   6.235971e-04   3.811404e-02   72
  1.493826e+00   4.037379e-01   2.697267e-04   3.603116e-02   144
  1.495367e+00   4.150355e-01   1.555721e-04   5.661035e-02   72
  1.496907e+00   3.538706e-01   3.107329e-04   5.322896e-02   54
  1.498261e+00   3.413602e-01   2.738298e-04   3.238772e-02   108
  1.501076e+00   3.642617e-01   2.684240e-04   3.903841e-02   72
  1.501953e+00   2.755175e-01   1.548899e-04   2.041818e-02   72
  1.504032e+00   3.633613e-01   3.114687e-08   7.849033e-02   24
  1.506000e+00   3.398497e-01   3.276762e-04   4.896268e-02   48
  1.507194e+00   3.846935e-01   2.496047e-04   4.558727e-02   102
  1.508993e+00   3.798134e-01   5.645020e-04   2.940337e-02   168
  1.511342e+00   2.815420e-01   3.078662e-04   3.217559e-02   72
  1.512213e+00   2.857678e-01   0.000000e+00   4.253487e-02   48
  1.514039e+00   3.931206e-01   5.295485e-04   3.771787e-02   120
  1.516449e+00   3.686761e-01   3.254183e-04   4.225334e-02   96
  1.518725e+00   5.189291e-01   2.877225e-08   7.118891e-02   30
  1.521431e+00   5.039220e-01   1.528959e-04   5.463282e-02   72
  1.522619e+00   3.610097e-01   1.798266e-08   6.358932e-02   24
  1.524147e+00   4.060126e-01   2.266295e-04   5.272402e-02   56
  1.525857e+00   4.494255e-01   3.234118e-04   4.890180e-02   96
  1.527904e+00   4.095309e-01   3.571257e-04   3.113972e-02   144
  1.529482e+00   3.797912e-01   2.027620e-04   3.824386e-02   54
  1.531775e+00   4.883258e-01   3.037589e-04   5.311919e-02   108
  1.534082e+00   3.764092e-01   1.608389e-04   4.232132e-02   48
  1.536278e+00   4.913722e-01   6.056100e-04   7.576201e-02   72
  1.541549e+00   3.161793e-01   4.001285e-04   3.049178e-02   78
  1.543009e+00   4.580808e-01   3.015470e-04   3.408652e-02   72
  1.544714e+00   4.737125e-01   3.011726e-04   4.807339e-02   72
  1.546496e+00   3.568049e-01   7.267626e-04   3.216348e-02   96
  1.547905e+00   4.807792e-01   3.005518e-04   4.961409e-02   72
  1.549605e+00   5.015509e-01   0.000000e+00   9.905408e-02   24
  1.551302e+00   4.952489e-01   5.997465e-04   4.560222e-02   72
  1.555136e+00   3.361457e-01   3.808574e-04   4.701913e-02   30
  1.555961e+00   6.145598e-01   0.000000e+00   8.194998e-02   24
  1.560395e+00   4.710960e-01   3.162535e-04   5.965988e-02   48
  1.561785e+00   4.048741e-01   6.805772e-04   3.488225e-02   120
  1.563659e+00   2.783659e-01   2.975642e-04   3.669479e-02   72
  1.565552e+00   4.530486e-01   2.972044e-04   7.294506e-02   36
  1.566852e+00   5.236205e-01   5.874143e-04   4.862811e-02   78
  1.570482e+00   4.685046e-01   3.142221e-04   4.747214e-02   48
  1.575188e+00   7.514563e-01   2.543132e-08   1.414530e-01   24
  1.578541e+00   4.292845e-01   2.188179e-04   4.448528e-02   56
  1.580230e+00   4.054666e-01   3.367194e-04   4.288710e-02   102
  1.582378e+00   4.578734e-01   2.397687e-08   4.643222e-02   72
  1.583624e+00   4.056057e-01   1.798266e-08   8.260079e-02   24
  1.585804e+00   4.868462e-01   3.111861e-04   6.021760e-02   48
  1.589845e+00   2.982104e-01   0.000000e+00   4.713884e-02   24
  1.594803e+00   4.271542e-01   0.000000e+00   1.304449e-01   6
  1.596350e+00   3.679913e-01   0.000000e+00   8.861271e-02   24
  1.597380e+00   4.369629e-01   2.912818e-04   5.141837e-02   72
  1.599261e+00   5.410872e-01   5.434137e-04   4.825596e-02   84
  1.601288e+00   3.290886e-01   0.000000e+00   4.804674e-02   24
  1.601904e+00   4.024069e-01   2.543132e-08   8.076348e-02   24
  1.604982e+00   5.457678e-01   3.114687e-08   8.302151e-02   24
  1.609281e+00   9.342412e-01   0.000000e+00   3.497973e-01   6
  1.614791e+00   3.078834e-01   3.056001e-04   5.056130e-02   48
  1.616114e+00   4.720679e-01   5.757006e-04   6.112516e-02   72
  1.617844e+00   6.956828e-01   3.050234e-04   9.291490e-02   48
  1.620587e+00   5.983444e-01   0.000000e+00   9.360856e-02   24
  1.624237e+00   7.212505e-01   0.000000e+00   1.853139e-01   6
  1.632419e+00   6.748718e-02   0.000000e+00   1.754403e-02   8
  1.633024e+00   4.528300e-01   1.798266e-08   7.672526e-02   48
  1.634474e+00   4.286865e-01   2.958090e-04   6.180111e-02   60
  1.636646e+00   5.349860e-01   0.000000e+00   9.544655e-02   24
  1.639659e+00   6.860984e-01   0.000000e+00   1.515450e-01   6
  1.650757e+00   3.938106e-01   0.000000e+00   7.726168e-02   24
  1.651653e+00   5.343323e-01   2.987795e-04   7.804400e-02   48
  1.653147e+00   4.038205e-01   0.000000e+00   5.108248e-02   24
  1.655533e+00   1.340218e+00   0.000000e+00   5.658998e-01   6
  1.669090e+00   5.677959e-01   2.787329e-04   9.681108e-02   36
  1.670075e+00   5.382747e-01   0.000000e+00   8.944368e-02   24
  1.671847e+00   6.796110e-01   0.000000e+00   1.823041e-01   6
  1.687272e+00   4.974152e-01   2.533103e-04   7.630788e-02   32
  1.688588e+00   1.144784e-01   0.000000e+00   4.545495e-02   6
  1.705164e+00   7.017240e-01   0.000000e+00   1.276824e-01   12
  1.705743e+00   9.315533e-01   0.000000e+00   3.081165e-01   6
  1.723300e+00   1.098706e+00   0.000000e+00   5.708146e-01   6
