# power spectrum of hij
# redshift z=30.000000
# k              Pk             sigma(k)       sigma(Pk)      count
  6.981317e-03   5.908623e-18   0.000000e+00   1.517039e-18   6
  9.873073e-03   3.305721e-18   0.000000e+00   5.574740e-19   12
  1.209200e-02   3.118523e-18   1.324548e-10   8.224281e-19   8
  1.396263e-02   1.100299e-18   0.000000e+00   2.199580e-19   6
  1.561070e-02   1.835256e-18   0.000000e+00   2.601658e-19   24
  1.710066e-02   1.376273e-18   2.497591e-10   2.725894e-19   24
  1.974615e-02   8.547652e-19   0.000000e+00   1.393002e-19   12
  2.094395e-02   8.153144e-19   2.825702e-10   8.984792e-20   30
  2.207686e-02   5.469248e-19   0.000000e+00   4.593975e-20   24
  2.315441e-02   3.723917e-19   4.325955e-10   4.785416e-20   24
  2.418399e-02   4.766012e-19   2.649095e-10   1.010319e-19   8
  2.517150e-02   5.629550e-19   3.532127e-10   5.872221e-20   24
  2.612170e-02   4.208932e-19   0.000000e+00   3.027219e-20   48
  2.792527e-02   3.810199e-19   0.000000e+00   2.706347e-20   6
  2.878471e-02   2.755517e-19   4.995182e-10   2.646363e-20   48
  2.961922e-02   4.202222e-19   0.000000e+00   4.012699e-20   36
  3.043086e-02   3.689187e-19   3.532127e-10   3.232081e-20   24
  3.122140e-02   1.898588e-19   0.000000e+00   2.462800e-20   24
  3.199241e-02   2.446950e-19   0.000000e+00   2.392751e-20   48
  3.274528e-02   1.388219e-19   4.995182e-10   1.349929e-20   24
  3.420133e-02   1.815780e-19   4.995182e-10   2.743107e-20   24
  3.490659e-02   1.435368e-19   0.000000e+00   1.717296e-20   30
  3.559787e-02   1.686066e-19   0.000000e+00   1.546886e-20   72
  3.627599e-02   1.548254e-19   5.298191e-10   2.419439e-20   32
  3.759554e-02   1.502891e-19   0.000000e+00   1.154177e-20   72
  3.823825e-02   1.301155e-19   0.000000e+00   1.026554e-20   48
  3.949229e-02   1.284551e-19   0.000000e+00   2.622003e-20   12
  4.010461e-02   8.234900e-20   0.000000e+00   7.453241e-21   48
  4.070772e-02   6.672368e-20   0.000000e+00   6.630128e-21   48
  4.130203e-02   8.605133e-20   4.995182e-10   8.124649e-21   48
  4.188790e-02   1.088967e-19   5.651403e-10   2.122242e-20   30
  4.246569e-02   8.658581e-20   4.995182e-10   1.506468e-20   24
  4.303573e-02   8.763057e-20   1.053077e-09   7.029100e-21   72
  4.415373e-02   7.087908e-20   0.000000e+00   9.560840e-21   24
  4.470224e-02   6.488380e-20   0.000000e+00   5.136922e-21   96
  4.524411e-02   5.665331e-20   0.000000e+00   4.285882e-21   48
  4.577956e-02   6.401578e-20   8.651909e-10   7.799343e-21   24
  4.630882e-02   4.320194e-20   8.651909e-10   8.302531e-21   24
  4.683210e-02   5.389746e-20   0.000000e+00   3.751716e-21   72
  4.734960e-02   4.177014e-20   0.000000e+00   3.307931e-21   48
  4.836798e-02   5.131566e-20   5.298191e-10   1.251964e-20   8
  4.886922e-02   4.002733e-20   6.279337e-10   3.956695e-21   54
  4.936537e-02   4.108389e-20   0.000000e+00   3.742016e-21   84
  4.985658e-02   4.524776e-20   0.000000e+00   5.494253e-21   48
  5.034299e-02   5.167805e-20   7.064254e-10   7.272946e-21   24
  5.082475e-02   3.828859e-20   6.660243e-10   2.633887e-21   72
  5.130199e-02   3.953081e-20   0.000000e+00   2.724180e-21   96
  5.224339e-02   2.887740e-20   0.000000e+00   2.821691e-21   48
  5.270779e-02   2.925347e-20   0.000000e+00   2.490193e-21   48
  5.316813e-02   4.114901e-20   7.064254e-10   5.302466e-21   24
  5.362451e-02   2.962469e-20   0.000000e+00   2.226758e-21   72
  5.452583e-02   2.687170e-20   6.660243e-10   2.115089e-21   72
  5.497095e-02   3.296399e-20   0.000000e+00   2.148427e-21   96
  5.585054e-02   2.064201e-20   0.000000e+00   6.309891e-21   6
  5.628518e-02   3.176709e-20   0.000000e+00   2.228406e-21   96
  5.671649e-02   2.871631e-20   7.064254e-10   2.141554e-21   96
  5.714454e-02   2.172230e-20   0.000000e+00   2.745868e-21   24
  5.756941e-02   3.172236e-20   9.990364e-10   2.253119e-21   48
  5.799117e-02   2.768827e-20   0.000000e+00   1.881587e-21   96
  5.840989e-02   1.953829e-20   0.000000e+00   1.822812e-21   48
  5.923844e-02   2.284373e-20   0.000000e+00   2.386548e-21   36
  5.964840e-02   2.026533e-20   1.223565e-09   2.433976e-21   48
  6.005556e-02   1.836776e-20   1.384305e-09   1.136034e-21   120
  6.045998e-02   1.993505e-20   0.000000e+00   1.905130e-21   56
  6.086171e-02   2.290220e-20   7.064254e-10   2.299422e-21   24
  6.126081e-02   1.933396e-20   0.000000e+00   1.275178e-21   96
  6.165732e-02   2.809819e-20   0.000000e+00   3.329674e-21   48
  6.244280e-02   1.841431e-20   0.000000e+00   2.411868e-21   24
  6.283185e-02   1.549217e-20   0.000000e+00   1.195805e-21   102
  6.321851e-02   1.572782e-20   0.000000e+00   1.256937e-21   48
  6.360282e-02   1.599700e-20   0.000000e+00   1.534391e-21   72
  6.398483e-02   1.508439e-20   0.000000e+00   1.351577e-21   48
  6.436456e-02   1.517864e-20   0.000000e+00   1.714106e-21   48
  6.474207e-02   1.323663e-20   1.598458e-09   9.491638e-22   120
  6.549056e-02   1.253297e-20   9.990364e-10   1.463898e-21   24
  6.586161e-02   1.252169e-20   9.419006e-10   6.970295e-22   144
  6.623059e-02   1.275586e-20   1.130281e-09   8.187319e-22   120
  6.659752e-02   9.805768e-21   9.990364e-10   9.225578e-22   48
  6.732538e-02   1.518570e-20   9.990364e-10   1.661973e-21   48
  6.768638e-02   1.069423e-20   9.990364e-10   7.455963e-22   96
  6.863955e-02   1.204665e-20   1.675093e-04   1.026549e-21   72
  6.911151e-02   1.194354e-20   1.255867e-09   5.866789e-22   108
  6.946323e-02   1.054680e-20   0.000000e+00   7.037329e-22   72
  6.981317e-02   1.665340e-20   0.000000e+00   2.108399e-21   30
  7.016137e-02   9.616482e-21   0.000000e+00   6.153019e-22   168
  7.050785e-02   9.827197e-21   0.000000e+00   1.096807e-21   48
  7.119574e-02   9.466901e-21   0.000000e+00   8.370711e-22   72
  7.153721e-02   9.106242e-21   0.000000e+00   6.323346e-22   96
  7.187706e-02   7.617825e-21   1.883801e-09   6.534861e-22   72
  7.221530e-02   9.808515e-21   0.000000e+00   7.533650e-22   72
  7.278398e-02   1.029779e-20   1.546684e-04   8.385858e-22   104
  7.322067e-02   8.579470e-21   1.332049e-09   4.909430e-22   144
  7.421242e-02   6.692521e-21   2.233913e-09   4.408509e-22   96
  7.454007e-02   7.959370e-21   0.000000e+00   6.859275e-22   96
  7.506116e-02   6.692621e-21   1.591194e-04   3.574337e-22   120
  7.551449e-02   7.600099e-21   0.000000e+00   4.477605e-22   120
  7.583651e-02   8.288752e-21   0.000000e+00   6.689692e-22   72
  7.647650e-02   8.384025e-21   0.000000e+00   9.616680e-22   48
  7.679449e-02   6.527338e-21   1.505926e-09   6.196500e-22   78
  7.720128e-02   7.102551e-21   1.424762e-04   3.432724e-22   168
  7.805350e-02   7.439213e-21   1.332049e-09   4.495782e-22   144
  7.836509e-02   5.944228e-21   1.332049e-09   3.472908e-22   144
  7.926883e-02   5.690050e-21   8.205478e-05   3.710037e-22   156
  7.959926e-02   7.321626e-21   1.730382e-09   6.544116e-22   48
  7.990483e-02   4.893303e-21   1.130281e-09   3.195770e-22   120
  8.020923e-02   4.170125e-21   0.000000e+00   4.465425e-22   48
  8.074745e-02   5.713516e-21   1.255998e-04   2.453735e-22   216
  8.141545e-02   4.735198e-21   0.000000e+00   4.900302e-22   48
  8.171422e-02   4.439341e-21   9.990364e-10   3.836820e-22   96
  8.213902e-02   5.992457e-21   1.467830e-04   3.650765e-22   168
  8.260406e-02   4.673748e-21   9.990364e-10   4.324320e-22   48
  8.289855e-02   4.954437e-21   0.000000e+00   3.337855e-22   96
  8.319199e-02   4.720334e-21   0.000000e+00   4.048447e-22   48
  8.377580e-02   4.903602e-21   1.130281e-09   4.334389e-22   30
  8.406619e-02   4.260629e-21   9.990364e-10   2.633236e-22   96
  8.441325e-02   4.212542e-21   1.153584e-04   2.118082e-22   240
  8.485953e-02   5.665745e-21   1.244551e-04   5.490646e-22   32
  8.521783e-02   4.126007e-21   0.000000e+00   1.948598e-22   168
  8.550332e-02   4.175243e-21   0.000000e+00   2.203442e-22   120
  8.607146e-02   4.406072e-21   2.106154e-09   3.384865e-22   72
  8.635412e-02   4.089242e-21   1.332049e-09   2.225583e-22   144
  8.663587e-02   4.565024e-21   0.000000e+00   2.998596e-22   96
  8.691670e-02   3.692351e-21   0.000000e+00   2.534129e-22   96
  8.747565e-02   4.362708e-21   1.631420e-09   3.056797e-22   72
  8.775379e-02   3.472336e-21   1.412851e-09   2.862173e-22   96
  8.830745e-02   4.255419e-21   0.000000e+00   5.698181e-22   24
  8.858298e-02   3.522068e-21   0.000000e+00   1.812749e-22   192
  8.890745e-02   3.021256e-21   1.056148e-04   1.495396e-22   132
  8.940448e-02   3.296468e-21   0.000000e+00   2.451519e-22   96
  8.967664e-02   3.165796e-21   0.000000e+00   2.421558e-22   96
  8.994798e-02   2.950628e-21   1.130281e-09   1.675879e-22   120
  9.048821e-02   3.828877e-21   0.000000e+00   3.333341e-22   48
  9.093103e-02   3.001744e-21   1.279966e-04   1.328555e-22   222
  9.129257e-02   3.571069e-21   0.000000e+00   2.210258e-22   120
  9.155911e-02   2.404880e-21   1.730382e-09   3.347568e-22   24
  9.194720e-02   2.596586e-21   1.321111e-04   9.469998e-23   312
  9.279280e-02   3.210436e-21   1.238595e-04   2.536266e-22   72
  9.314239e-02   2.491083e-21   9.990364e-10   1.957784e-22   96
  9.350136e-02   2.570093e-21   1.261337e-04   1.293040e-22   192
  9.392401e-02   2.890912e-21   1.598458e-09   1.884349e-22   120
  9.418312e-02   2.670289e-21   0.000000e+00   1.636648e-22   144
  9.469919e-02   2.389129e-21   0.000000e+00   1.932983e-22   48
  9.506602e-02   2.349091e-21   1.268319e-04   9.264033e-23   336
  9.546807e-02   2.662310e-21   0.000000e+00   3.004300e-22   48
  9.597724e-02   2.352507e-21   0.000000e+00   1.115182e-22   192
  9.623081e-02   2.411864e-21   0.000000e+00   2.246458e-22   48
  9.695161e-02   2.173950e-21   8.803796e-05   1.642302e-22   56
  9.731001e-02   2.445354e-21   1.130706e-04   9.064511e-23   336
  9.773844e-02   2.080679e-21   1.255867e-09   2.408592e-22   54
  9.811165e-02   2.088860e-21   1.241922e-04   9.575626e-23   240
  9.888643e-02   1.980953e-21   1.189150e-04   7.542784e-23   228
  9.922316e-02   2.059321e-21   1.332049e-09   1.525826e-22   72
  9.955002e-02   2.074657e-21   1.153504e-04   1.139712e-22   144
  9.995725e-02   1.429170e-21   0.000000e+00   9.510913e-23   96
  1.002007e-01   1.929072e-21   1.598458e-09   9.257766e-23   240
  1.006860e-01   2.210966e-21   1.412851e-09   3.153921e-22   24
  1.009966e-01   1.830054e-21   1.089476e-04   7.961082e-23   336
  1.014095e-01   1.574075e-21   0.000000e+00   1.162341e-22   72
  1.017863e-01   1.983268e-21   1.185007e-04   1.216454e-22   168
  1.021279e-01   1.817089e-21   0.000000e+00   2.143097e-22   72
  1.026040e-01   2.115763e-21   0.000000e+00   1.444544e-22   96
  1.029727e-01   1.544729e-21   1.176117e-04   7.683979e-23   216
  1.033141e-01   1.511917e-21   1.412851e-09   1.069542e-22   96
  1.037847e-01   1.597484e-21   0.000000e+00   7.807863e-23   192
  1.040193e-01   1.570013e-21   1.332049e-09   1.034005e-22   144
  1.044868e-01   1.407455e-21   0.000000e+00   1.341741e-22   48
  1.048105e-01   1.402896e-21   1.133915e-04   6.155678e-23   246
  1.052503e-01   1.382371e-21   1.045488e-04   6.932342e-23   168
  1.056465e-01   1.371873e-21   1.957704e-09   9.460371e-23   120
  1.058769e-01   1.414574e-21   0.000000e+00   6.902179e-23   240
  1.063363e-01   1.550070e-21   1.412851e-09   1.783577e-22   24
  1.067022e-01   1.406813e-21   1.119102e-04   5.082713e-23   360
  1.071580e-01   1.253930e-21   1.114340e-04   8.501385e-23   120
  1.074760e-01   1.442583e-21   0.000000e+00   7.614743e-23   144
  1.077025e-01   1.468585e-21   0.000000e+00   1.092665e-22   96
  1.083792e-01   1.168843e-21   0.000000e+00   7.250383e-23   144
  1.086038e-01   1.430252e-21   0.000000e+00   9.086550e-23   132
  1.089195e-01   1.151048e-21   1.099837e-04   4.802184e-23   176
  1.093777e-01   1.251989e-21   1.110614e-04   5.230108e-23   312
  1.099419e-01   1.250928e-21   0.000000e+00   8.194761e-23   96
  1.101633e-01   9.834627e-22   0.000000e+00   5.297210e-23   144
  1.105031e-01   1.183833e-21   1.099474e-04   5.109787e-23   312
  1.110446e-01   1.051711e-21   0.000000e+00   1.123217e-22   48
  1.112639e-01   1.065478e-21   1.412851e-09   6.340054e-23   192
  1.117011e-01   1.076225e-21   0.000000e+00   1.938720e-22   6
  1.119915e-01   9.768398e-22   1.025446e-04   4.080601e-23   288
  1.124620e-01   1.035793e-21   1.083450e-04   5.556593e-23   192
  1.127866e-01   1.062383e-21   3.322713e-09   5.461140e-23   216
  1.130025e-01   9.622288e-22   0.000000e+00   7.933107e-23   72
  1.135403e-01   1.047909e-21   1.073161e-04   5.346364e-23   192
  1.138975e-01   9.206962e-22   7.968796e-05   3.833124e-23   288
  1.142891e-01   1.040952e-21   0.000000e+00   9.836107e-23   24
  1.145916e-01   9.812472e-22   1.049823e-04   3.227449e-23   456
  1.151388e-01   9.200817e-22   1.998073e-09   1.037316e-22   48
  1.154769e-01   8.577032e-22   1.034033e-04   3.345144e-23   240
  1.158655e-01   8.537046e-22   1.045007e-04   5.110837e-23   216
  1.161923e-01   9.083071e-22   0.000000e+00   7.237039e-23   72
  1.164018e-01   9.159561e-22   3.610549e-09   5.627358e-23   168
  1.169935e-01   7.645527e-22   7.767385e-05   3.275126e-23   288
  1.173253e-01   7.204013e-22   1.027758e-04   3.628545e-23   168
  1.178582e-01   8.211646e-22   0.000000e+00   4.510234e-23   192
  1.180648e-01   7.389777e-22   1.332049e-09   4.538266e-23   144
  1.184769e-01   7.972103e-22   0.000000e+00   9.812149e-23   36
  1.188264e-01   7.644686e-22   9.385617e-05   3.074191e-23   342
  1.191605e-01   7.833045e-22   9.637890e-05   4.609853e-23   144
  1.195900e-01   7.219151e-22   1.010773e-04   2.552213e-23   384
  1.201111e-01   8.007210e-22   2.768611e-09   4.751642e-23   120
  1.203690e-01   7.149835e-22   9.013158e-05   3.281673e-23   264
  1.207183e-01   7.270830e-22   4.467827e-09   4.781676e-23   192
  1.210471e-01   6.193478e-22   9.713401e-05   3.920558e-23   152
  1.213224e-01   7.393622e-22   2.664097e-09   4.351116e-23   144
  1.219012e-01   7.364210e-22   6.286607e-05   3.469709e-23   216
  1.221692e-01   6.969127e-22   8.400585e-05   2.581282e-23   312
  1.226409e-01   7.146334e-22   9.736112e-05   2.820308e-23   240
  1.229188e-01   5.426049e-22   1.412851e-09   4.517161e-23   96
  1.234463e-01   5.918258e-22   9.308426e-05   3.391624e-23   144
  1.237714e-01   6.333454e-22   9.149363e-05   2.014075e-23   456
  1.242988e-01   6.119556e-22   0.000000e+00   3.828658e-23   120
  1.244947e-01   5.923756e-22   0.000000e+00   3.345231e-23   144
  1.248856e-01   4.354604e-22   0.000000e+00   5.222550e-23   24
  1.251362e-01   5.843644e-22   8.794658e-05   2.404936e-23   336
  1.255696e-01   6.073915e-22   9.699311e-05   3.121937e-23   198
  1.259757e-01   5.843509e-22   9.432023e-05   2.220330e-23   432
  1.264370e-01   5.641976e-22   0.000000e+00   6.954218e-23   48
  1.266777e-01   5.665855e-22   8.326844e-05   2.023137e-23   384
  1.271098e-01   4.478021e-22   9.585962e-05   2.525868e-23   144
  1.275013e-01   6.123499e-22   9.517601e-05   3.288581e-23   264
  1.279697e-01   4.883652e-22   0.000000e+00   3.819883e-23   48
  1.282839e-01   4.840346e-22   9.049683e-05   2.037263e-23   276
  1.285870e-01   5.322248e-22   8.203293e-05   2.660278e-23   192
  1.289922e-01   4.934671e-22   9.218697e-05   1.635283e-23   552
  1.294841e-01   4.486051e-22   3.196917e-09   2.731842e-23   120
  1.297765e-01   3.972528e-22   9.331596e-05   1.725843e-23   216
  1.300475e-01   4.366638e-22   1.598458e-09   3.235463e-23   120
  1.305316e-01   4.930615e-22   9.189333e-05   1.869306e-23   408
  1.309811e-01   4.390914e-22   1.998073e-09   4.070915e-23   24
  1.312599e-01   4.735420e-22   9.282881e-05   1.861983e-23   384
  1.316492e-01   4.560107e-22   9.069708e-05   1.976848e-23   240
  1.319872e-01   4.646431e-22   9.136125e-05   2.721203e-23   168
  1.324612e-01   4.097117e-22   2.260561e-09   2.910430e-23   120
  1.327667e-01   4.472395e-22   9.523931e-05   2.012441e-23   350
  1.332635e-01   4.603028e-22   1.567823e-04   1.587903e-23   384
  1.335605e-01   4.356928e-22   0.000000e+00   2.472696e-23   144
  1.341067e-01   4.112679e-22   3.767602e-09   1.645651e-23   288
  1.343919e-01   3.862076e-22   8.974411e-05   1.499945e-23   336
  1.347800e-01   3.904350e-22   8.170456e-05   2.132106e-23   168
  1.350122e-01   3.919713e-22   1.614687e-09   1.531572e-23   336
  1.354927e-01   4.329154e-22   8.480446e-05   1.776778e-23   288
  1.357812e-01   3.813461e-22   7.990748e-05   1.612728e-23   264
  1.362699e-01   3.607904e-22   0.000000e+00   1.616700e-23   240
  1.364486e-01   3.710593e-22   2.825702e-09   2.536619e-23   96
  1.370900e-01   3.699611e-22   1.086688e-04   1.318902e-23   360
  1.373893e-01   4.248545e-22   8.010757e-05   2.620706e-23   168
  1.377676e-01   3.319109e-22   8.732558e-05   1.160240e-23   456
  1.382230e-01   3.625830e-22   2.511735e-09   2.029639e-23   108
  1.384792e-01   3.167589e-22   8.761995e-05   1.431227e-23   264
  1.387988e-01   3.426828e-22   7.817127e-05   1.344487e-23   264
  1.392364e-01   3.536153e-22   7.376599e-05   1.345675e-23   312
  1.397814e-01   3.178688e-22   5.481617e-05   1.452768e-23   270
  1.400098e-01   2.815302e-22   6.959603e-05   1.406122e-23   240
  1.404204e-01   3.220748e-22   8.609907e-05   1.203264e-23   384
  1.406696e-01   3.185967e-22   0.000000e+00   1.950273e-23   192
  1.411539e-01   3.604964e-22   6.908303e-05   1.638916e-23   240
  1.414347e-01   3.107985e-22   8.525963e-05   1.286900e-23   336
  1.419630e-01   3.175776e-22   8.583011e-05   9.168986e-24   480
  1.423915e-01   3.658146e-22   0.000000e+00   3.115623e-23   72
  1.426309e-01   2.815142e-22   8.369217e-05   1.506588e-23   240
  1.429564e-01   3.017309e-22   7.865917e-05   1.226026e-23   312
  1.433297e-01   2.920315e-22   8.501169e-05   1.377006e-23   240
  1.438936e-01   2.775526e-22   6.458688e-05   1.033300e-23   408
  1.441169e-01   2.954283e-22   5.914602e-05   1.126398e-23   336
  1.445532e-01   3.203734e-22   7.510087e-05   1.607607e-23   264
  1.447677e-01   2.354108e-22   0.000000e+00   1.204449e-23   144
  1.453643e-01   2.490553e-22   1.040943e-04   8.234373e-24   464
  1.456786e-01   2.545482e-22   8.277629e-05   1.154176e-23   168
  1.459889e-01   2.347400e-22   7.539115e-05   1.058836e-23   336
  1.465498e-01   2.874443e-22   7.921315e-05   1.059347e-23   414
  1.468660e-01   2.766135e-22   8.245619e-05   1.417547e-23   216
  1.472710e-01   2.518848e-22   1.998073e-09   1.606366e-23   96
  1.474364e-01   2.373596e-22   5.994218e-09   9.335329e-24   384
  1.480158e-01   2.433851e-22   8.229688e-05   8.173852e-24   492
  1.483263e-01   2.804788e-22   8.047930e-05   1.316335e-23   240
  1.486772e-01   2.388703e-22   8.171468e-05   9.439984e-24   312
  1.491618e-01   2.203365e-22   8.168777e-05   1.264911e-23   192
  1.494688e-01   2.162907e-22   7.916535e-05   7.245458e-24   504
  1.498761e-01   2.150996e-22   5.240881e-05   7.654355e-24   408
  1.501968e-01   2.114117e-22   1.605609e-04   1.111290e-23   168
  1.505981e-01   2.278921e-22   7.626782e-05   9.973174e-24   288
  1.509348e-01   2.038409e-22   7.959200e-05   8.218294e-24   288
  1.512797e-01   1.976902e-22   8.005014e-05   7.257142e-24   432
  1.517801e-01   2.095903e-22   7.570076e-05   1.021455e-23   216
  1.520474e-01   1.982751e-22   7.554106e-05   7.344472e-24   360
  1.525234e-01   2.021171e-22   7.372735e-05   7.784586e-24   312
  1.529530e-01   2.725053e-22   0.000000e+00   2.516425e-23   48
  1.532006e-01   2.019592e-22   7.904634e-05   6.880535e-24   432
  1.536441e-01   1.869208e-22   1.318501e-04   6.952821e-24   414
  1.539060e-01   2.171110e-22   6.955573e-09   9.169494e-24   312
  1.543946e-01   1.910633e-22   1.156911e-04   6.047759e-24   528
  1.547243e-01   1.965106e-22   6.072803e-05   9.127786e-24   264
  1.551204e-01   1.914806e-22   7.200680e-05   6.329101e-24   480
  1.556380e-01   1.906156e-22   0.000000e+00   7.534464e-24   288
  1.558615e-01   2.075129e-22   7.736908e-05   1.113578e-23   168
  1.562704e-01   1.726985e-22   1.224750e-04   6.611450e-24   504
  1.567302e-01   2.001481e-22   2.664097e-09   1.289798e-23   144
  1.570194e-01   1.842482e-22   7.865832e-05   6.455917e-24   464
  1.574541e-01   1.892376e-22   1.154355e-04   6.900230e-24   432
  1.576603e-01   1.914888e-22   1.998073e-09   9.107507e-24   192
  1.581934e-01   1.596049e-22   8.557628e-05   5.845737e-24   396
  1.585082e-01   1.489373e-22   7.687110e-05   7.073061e-24   288
  1.588263e-01   1.675269e-22   7.593549e-05   7.960605e-24   336
  1.593345e-01   1.548555e-22   4.808388e-05   6.241704e-24   432
  1.596570e-01   1.646707e-22   1.246267e-04   6.440873e-24   360
  1.600192e-01   1.628894e-22   7.371853e-05   5.961119e-24   384
  1.605335e-01   1.529335e-22   6.507077e-05   8.506978e-24   198
  1.607813e-01   1.573919e-22   7.396430e-05   4.873575e-24   552
  1.612434e-01   1.489045e-22   1.035450e-04   5.360881e-24   432
  1.616292e-01   1.651677e-22   0.000000e+00   1.020237e-23   168
  1.619530e-01   1.374505e-22   1.283579e-04   4.810704e-24   480
  1.623813e-01   1.389639e-22   0.000000e+00   8.195739e-24   120
  1.625741e-01   1.559940e-22   1.048372e-04   8.017791e-24   336
  1.630445e-01   1.432569e-22   7.396097e-05   4.262515e-24   672
  1.635097e-01   1.688304e-22   1.075863e-04   5.067131e-24   528
  1.637264e-01   1.323333e-22   3.229373e-09   8.137033e-24   168
  1.642270e-01   1.439622e-22   1.200118e-04   4.799974e-24   456
  1.645324e-01   1.626711e-22   7.329223e-05   9.110140e-24   168
  1.648495e-01   1.533729e-22   7.316065e-05   5.660789e-24   504
  1.653766e-01   1.235763e-22   9.414654e-05   5.524589e-24   336
  1.656953e-01   1.383568e-22   6.786851e-05   5.323358e-24   312
  1.660489e-01   1.348476e-22   6.631214e-05   4.708089e-24   504
  1.665141e-01   1.247992e-22   4.600920e-05   4.691634e-24   432
  1.667329e-01   1.495061e-22   7.109945e-05   6.272933e-24   312
  1.671876e-01   1.303692e-22   7.288039e-05   4.902234e-24   384
  1.676624e-01   1.288648e-22   6.192036e-05   6.994580e-24   126
  1.679555e-01   1.320525e-22   1.087174e-04   4.536041e-24   492
  1.683299e-01   1.232831e-22   6.963360e-05   4.073126e-24   528
  1.687978e-01   1.147352e-22   7.073279e-05   3.722734e-24   480
  1.690879e-01   1.340187e-22   9.771696e-05   4.947741e-24   432
  1.695076e-01   1.215095e-22   7.684145e-05   4.791257e-24   440
  1.699951e-01   1.342327e-22   3.821294e-05   5.922653e-24   312
  1.701781e-01   1.056322e-22   5.726529e-05   3.600128e-24   480
  1.705533e-01   1.126268e-22   1.121243e-04   4.429360e-24   408
  1.711016e-01   1.279440e-22   6.714979e-05   5.076435e-24   360
  1.713332e-01   1.116963e-22   6.479710e-05   4.749257e-24   408
  1.717625e-01   1.059424e-22   6.593925e-05   3.648098e-24   456
  1.722458e-01   1.086114e-22   6.302169e-05   4.946596e-24   264
  1.725141e-01   1.197855e-22   6.839435e-05   5.156016e-24   384
  1.729046e-01   1.195407e-22   1.151467e-04   3.637553e-24   672
  1.733561e-01   1.170716e-22   6.887260e-05   6.178541e-24   240
  1.736166e-01   1.031577e-22   6.988846e-05   4.711807e-24   264
  1.739843e-01   9.675529e-23   8.619588e-05   2.736293e-24   624
  1.745329e-01   8.829803e-23   0.000000e+00   5.656150e-24   150
  1.747283e-01   1.032410e-22   9.658929e-05   3.567298e-24   600
  1.751402e-01   1.101351e-22   6.666345e-05   3.282651e-24   672
  1.756067e-01   9.678598e-23   6.270167e-05   3.900842e-24   336
  1.758666e-01   9.375960e-23   6.820115e-05   3.706047e-24   408
  1.762818e-01   1.143136e-22   6.804049e-05   4.825937e-24   408
  1.767436e-01   1.140994e-22   3.440492e-05   4.875313e-24   360
  1.770283e-01   1.031625e-22   1.263238e-04   3.845988e-24   456
  1.773722e-01   8.967306e-23   6.869566e-05   3.256882e-24   384
  1.778099e-01   8.287521e-23   6.341480e-05   3.642168e-24   348
  1.780464e-01   9.197461e-23   7.817791e-05   3.206824e-24   576
  1.784907e-01   9.726659e-23   6.436923e-05   3.178090e-24   504
  1.789452e-01   9.725428e-23   9.078907e-05   4.069090e-24   432
  1.793419e-01   9.611297e-23   1.235181e-04   3.150818e-24   576
  1.796248e-01   9.269881e-23   0.000000e+00   4.516128e-24   264
  1.800736e-01   9.524496e-23   9.828954e-05   2.789739e-24   768
  1.804640e-01   8.174445e-23   1.323290e-04   3.326710e-24   240
  1.807743e-01   8.477993e-23   1.167016e-04   6.121168e-24   192
  1.812263e-01   9.181131e-23   8.590664e-05   3.155570e-24   504
  1.815615e-01   9.153410e-23   1.157624e-04   2.761436e-24   590
  1.818830e-01   8.571948e-23   1.297055e-04   3.576909e-24   384
  1.822861e-01   7.638818e-23   1.083956e-04   2.873703e-24   504
  1.827729e-01   7.998481e-23   1.043140e-04   2.436705e-24   648
  1.832449e-01   7.278600e-23   2.833030e-05   2.489897e-24   504
  1.834353e-01   8.193175e-23   6.462673e-05   3.448556e-24   312
  1.837714e-01   9.055109e-23   9.311123e-05   3.354372e-24   576
  1.842327e-01   9.333465e-23   6.479663e-05   4.477550e-24   240
  1.845017e-01   8.263629e-23   6.547387e-05   3.021033e-24   552
  1.848823e-01   7.986404e-23   6.147846e-05   2.621508e-24   600
  1.854246e-01   8.105457e-23   7.509108e-05   2.787485e-24   600
  1.857506e-01   7.886773e-23   1.202524e-04   3.707260e-24   312
  1.860753e-01   8.301704e-23   1.047280e-04   3.490304e-24   480
  1.864809e-01   7.843091e-23   6.534019e-05   2.875325e-24   576
  1.868380e-01   7.248222e-23   1.052119e-04   2.966206e-24   408
  1.871548e-01   5.038332e-23   1.227345e-04   3.064909e-24   216
  1.875642e-01   8.113901e-23   9.400084e-05   2.836375e-24   516
  1.880028e-01   7.695395e-23   8.968636e-05   2.256604e-24   744
  1.884552e-01   7.684069e-23   5.990257e-05   2.873845e-24   462
  1.887109e-01   6.406095e-23   6.088230e-05   2.689949e-24   432
  1.891075e-01   7.083490e-23   5.648168e-05   2.357229e-24   648
  1.895737e-01   6.554199e-23   8.264320e-05   2.409865e-24   528
  1.899483e-01   7.847831e-23   9.952305e-05   2.647740e-24   600
  1.903225e-01   7.958764e-23   1.254725e-04   4.014254e-24   240
  1.906850e-01   6.578581e-23   9.611075e-05   2.047653e-24   720
  1.911062e-01   6.827869e-23   7.604100e-05   2.254328e-24   720
  1.915732e-01   4.256187e-23   0.000000e+00   2.453130e-24   144
  1.918190e-01   7.433733e-23   9.803961e-05   2.368355e-24   720
  1.921686e-01   7.038980e-23   5.878648e-05   3.331998e-24   384
  1.926063e-01   6.594139e-23   6.516793e-05   2.155613e-24   672
  1.930215e-01   6.963892e-23   1.141019e-04   3.767683e-24   336
  1.932199e-01   5.753342e-23   0.000000e+00   3.366822e-24   288
  1.937055e-01   5.796446e-23   9.030399e-05   1.922540e-24   776
  1.941551e-01   6.315644e-23   7.726878e-05   2.031251e-24   720
  1.945327e-01   6.021212e-23   6.224567e-05   2.579643e-24   432
  1.948347e-01   7.056723e-23   8.873905e-05   2.709516e-24   504
  1.951706e-01   7.098455e-23   6.217429e-05   3.119198e-24   528
  1.956407e-01   5.630273e-23   8.470885e-05   2.478957e-24   438
  1.960275e-01   5.982037e-23   9.859335e-05   2.122518e-24   624
  1.963189e-01   5.750433e-23   1.207635e-04   2.880344e-24   312
  1.967196e-01   6.798575e-23   6.506437e-05   1.996543e-24   696
  1.971339e-01   5.672954e-23   5.887146e-05   2.006394e-24   552
  1.975648e-01   6.079682e-23   4.554687e-05   2.595180e-24   516
  1.978313e-01   6.051585e-23   9.097645e-05   2.336804e-24   528
  1.981558e-01   5.144770e-23   5.916447e-05   1.952659e-24   528
  1.986168e-01   5.424240e-23   7.802593e-05   1.586164e-24   864
  1.989297e-01   5.702800e-23   1.068795e-04   2.484135e-24   408
  1.992429e-01   7.766279e-23   1.058911e-04   5.411944e-24   192
  1.996868e-01   5.052315e-23   8.762994e-05   1.797170e-24   720
  2.000615e-01   5.693156e-23   8.079911e-05   2.120111e-24   696
  2.005068e-01   5.342283e-23   8.726379e-05   1.680082e-24   720
  2.009142e-01   6.397317e-23   1.182756e-04   2.577710e-24   432
  2.011518e-01   4.903684e-23   6.962164e-05   2.556214e-24   264
  2.015793e-01   5.365209e-23   9.614441e-05   1.916364e-24   672
  2.019616e-01   5.074831e-23   9.843711e-05   1.761944e-24   600
  2.024154e-01   3.773154e-23   5.763483e-05   1.652684e-24   270
  2.026441e-01   4.649081e-23   8.675648e-05   2.170127e-24   528
  2.030077e-01   5.195708e-23   5.940776e-05   1.610557e-24   840
  2.035062e-01   5.319888e-23   1.135983e-04   1.568989e-24   888
  2.039669e-01   4.727376e-23   8.463909e-05   1.450476e-24   744
  2.043562e-01   5.032512e-23   4.349214e-05   1.814133e-24   456
  2.045498e-01   6.048048e-23   5.943469e-05   2.386983e-24   360
  2.048811e-01   4.066886e-23   5.149682e-05   1.826239e-24   384
  2.053895e-01   4.811519e-23   8.260041e-05   1.480192e-24   816
  2.057710e-01   4.587456e-23   1.198416e-04   1.497747e-24   824
  2.062346e-01   4.241145e-23   5.570811e-05   2.096389e-24   360
  2.064829e-01   4.642552e-23   8.220424e-05   1.525664e-24   624
  2.068246e-01   5.452019e-23   5.554917e-05   2.735572e-24   360
  2.072798e-01   4.519901e-23   7.556319e-05   1.460394e-24   876
  2.076909e-01   4.744032e-23   8.974647e-05   1.794508e-24   696
  2.081055e-01   4.443812e-23   5.795238e-05   2.122650e-24   336
  2.083228e-01   4.756945e-23   5.788726e-05   2.097597e-24   504
  2.086818e-01   4.251554e-23   5.838888e-05   1.675934e-24   672
  2.092144e-01   4.339413e-23   1.162387e-04   1.395142e-24   720
  2.095838e-01   4.459279e-23   8.780591e-05   1.586222e-24   774
  2.099915e-01   3.775893e-23   5.025783e-05   1.960507e-24   384
  2.102050e-01   4.838952e-23   9.671763e-05   1.944964e-24   528
  2.105364e-01   4.590931e-23   9.217729e-05   1.639309e-24   744
  2.110694e-01   4.895524e-23   7.602671e-05   1.622352e-24   768
  2.114233e-01   3.645827e-23   8.534571e-05   1.369547e-24   552
  2.118649e-01   4.321138e-23   9.301717e-05   1.725550e-24   696
  2.121934e-01   4.376659e-23   1.130320e-04   1.811117e-24   408
  2.124541e-01   4.305417e-23   4.883074e-05   1.653999e-24   504
  2.128675e-01   4.164442e-23   8.772259e-05   1.351536e-24   888
  2.132743e-01   4.318362e-23   9.116913e-05   1.719935e-24   648
  2.136971e-01   3.922323e-23   9.038766e-05   1.655266e-24   648
  2.140948e-01   3.763934e-23   9.746006e-05   1.331321e-24   792
  2.145162e-01   3.712090e-23   1.425907e-04   1.584864e-24   600
  2.148267e-01   3.298098e-23   9.663487e-05   1.565651e-24   456
  2.151535e-01   3.913676e-23   4.709572e-05   1.438062e-24   648
  2.155732e-01   3.484750e-23   9.184351e-05   1.043249e-24   936
  2.160264e-01   5.045701e-23   5.640375e-05   2.355292e-24   384
  2.164208e-01   3.663842e-23   4.745948e-09   2.650367e-24   198
  2.167253e-01   3.623002e-23   1.431011e-04   9.887014e-25   1224
  2.170537e-01   4.499617e-23   1.042217e-04   2.016301e-24   420
  2.174420e-01   3.717282e-23   1.008648e-04   1.217924e-24   792
  2.178218e-01   3.621852e-23   8.340657e-05   1.443153e-24   680
  2.182552e-01   3.279618e-23   7.658783e-05   1.205379e-24   600
  2.186039e-01   3.458075e-23   1.110734e-04   1.193213e-24   840
  2.190695e-01   3.924681e-23   5.244369e-05   1.963118e-24   432
  2.192474e-01   3.737402e-23   4.914665e-05   1.459445e-24   720
  2.196343e-01   3.746628e-23   9.843213e-05   1.225257e-24   960
  2.201154e-01   3.495458e-23   8.774504e-05   1.598021e-24   528
  2.204670e-01   3.529420e-23   8.969217e-05   1.819404e-24   624
  2.208855e-01   3.668632e-23   7.049743e-05   1.243292e-24   816
  2.213008e-01   3.196609e-23   1.159345e-04   1.273853e-24   696
  2.217599e-01   3.062255e-23   7.830814e-09   1.871829e-24   240
  2.219325e-01   3.723513e-23   6.836935e-05   1.676080e-24   672
  2.223177e-01   3.326071e-23   1.221858e-04   1.291781e-24   864
  2.227499e-01   2.671493e-23   9.375778e-05   8.968808e-25   816
  2.231394e-01   3.037172e-23   5.366372e-05   1.325841e-24   648
  2.235589e-01   3.610918e-23   5.485410e-05   1.266292e-24   843
  2.239151e-01   3.037068e-23   9.869601e-05   1.119112e-24   780
  2.243395e-01   2.590917e-23   5.295844e-05   2.038197e-24   216
  2.246013e-01   3.093157e-23   1.277035e-04   9.725332e-25   1056
  2.250039e-01   3.138362e-23   1.044758e-04   2.198844e-24   228
  2.253767e-01   3.372473e-23   1.300750e-04   1.190372e-24   924
  2.257594e-01   3.348495e-23   4.825052e-05   1.248638e-24   696
  2.261647e-01   2.640405e-23   8.587211e-05   9.578217e-25   996
  2.265793e-01   2.398057e-23   5.069718e-05   1.010910e-24   576
  2.270107e-01   2.721951e-23   7.824775e-05   1.439551e-24   552
  2.273251e-01   3.378135e-23   9.342507e-05   1.512297e-24   516
  2.276442e-01   2.840505e-23   1.358594e-04   1.136841e-24   744
  2.280088e-01   2.206358e-23   6.664715e-05   9.319649e-25   576
  2.283260e-01   2.437522e-23   6.859680e-05   9.193240e-25   792
  2.287768e-01   2.892482e-23   7.841886e-05   9.716432e-25   792
  2.291071e-01   2.577982e-23   8.457391e-05   1.048034e-24   720
  2.295538e-01   2.483434e-23   9.639481e-05   9.057475e-25   656
  2.299724e-01   2.498236e-23   1.052581e-04   9.188761e-25   816
  2.304015e-01   2.340498e-23   5.675340e-05   1.255932e-24   492
  2.306454e-01   2.833215e-23   8.164378e-05   1.176027e-24   552
  2.311032e-01   2.148864e-23   1.419686e-04   1.063274e-24   780
  2.314005e-01   2.374372e-23   8.720963e-05   1.066893e-24   528
  2.317208e-01   1.983521e-23   1.018002e-04   6.951432e-25   600
  2.321929e-01   2.815174e-23   8.460399e-05   9.225468e-25   900
  2.325183e-01   2.341976e-23   4.683822e-05   1.064204e-24   696
  2.329660e-01   2.138411e-23   1.184322e-04   8.510328e-25   696
  2.333991e-01   1.925581e-23   4.804683e-05   6.806347e-25   552
  2.337633e-01   1.946009e-23   5.587403e-05   8.170425e-25   708
  2.341448e-01   2.112662e-23   9.225121e-05   7.997922e-25   876
  2.345418e-01   2.599903e-23   4.898356e-05   2.786056e-24   216
  2.348082e-01   2.184472e-23   1.339767e-04   7.336534e-25   1032
  2.352071e-01   1.800145e-23   1.491682e-04   8.885733e-25   600
  2.356212e-01   1.604524e-23   7.117755e-05   7.699813e-25   600
  2.359371e-01   2.080181e-23   1.256929e-04   9.054549e-25   528
  2.363105e-01   2.026467e-23   6.899988e-05   8.386721e-25   732
  2.367039e-01   2.057063e-23   5.095015e-05   1.149853e-24   336
  2.371566e-01   1.830622e-23   7.261407e-05   7.409324e-25   912
  2.374950e-01   1.505860e-23   7.288252e-05   5.476975e-25   624
  2.378647e-01   1.973893e-23   6.141657e-05   7.684234e-25   768
  2.382963e-01   1.892287e-23   1.108076e-04   6.914436e-25   792
  2.387198e-01   1.780388e-23   5.493383e-05   9.007842e-25   660
  2.390212e-01   1.825116e-23   8.095383e-05   9.940096e-25   504
  2.393329e-01   1.503083e-23   1.322631e-04   6.596795e-25   480
  2.398000e-01   1.333684e-23   1.223261e-04   4.898731e-25   912
  2.401658e-01   1.722312e-23   1.362291e-04   9.268117e-25   432
  2.405113e-01   1.726462e-23   8.088962e-05   9.254979e-25   564
  2.408180e-01   1.567575e-23   7.742251e-05   5.905404e-25   600
  2.412498e-01   1.806937e-23   1.079196e-04   6.565088e-25   876
  2.415741e-01   1.590532e-23   4.852393e-05   1.090441e-24   264
  2.420212e-01   1.490535e-23   9.415549e-05   7.560124e-25   560
  2.423806e-01   1.398864e-23   6.398069e-05   4.856523e-25   840
  2.428168e-01   1.249659e-23   9.863978e-05   4.552352e-25   1008
  2.432202e-01   1.167234e-23   4.412481e-05   5.024129e-25   456
  2.435886e-01   1.591395e-23   5.715745e-05   7.413307e-25   576
  2.439292e-01   1.500548e-23   8.782853e-05   6.957090e-25   612
  2.443783e-01   1.467470e-23   7.844513e-05   6.150908e-25   780
  2.447447e-01   1.477085e-23   8.989453e-05   5.766874e-25   648
  2.451197e-01   1.457110e-23   4.189201e-05   1.018900e-24   312
  2.453594e-01   1.088636e-23   1.064407e-04   4.569655e-25   528
  2.457747e-01   1.115886e-23   1.390063e-04   4.031132e-25   720
  2.461718e-01   1.369229e-23   1.394416e-04   7.649198e-25   576
  2.466533e-01   1.221664e-23   1.202863e-04   6.434262e-25   444
  2.469529e-01   1.360184e-23   1.179621e-04   4.511668e-25   996
  2.473200e-01   1.110813e-23   9.853387e-05   6.748799e-25   432
  2.476669e-01   1.315725e-23   1.078752e-04   5.843332e-25   504
  2.479666e-01   9.299674e-24   4.863583e-05   4.847466e-25   504
  2.483934e-01   1.366352e-23   9.571589e-05   4.744221e-25   876
  2.487796e-01   1.130175e-23   1.101599e-04   5.430271e-25   504
  2.491817e-01   1.042441e-23   7.025420e-05   4.687154e-25   696
  2.495140e-01   1.198229e-23   6.005997e-05   5.173325e-25   492
  2.499662e-01   9.303107e-24   8.597875e-05   4.544024e-25   432
  2.503011e-01   1.233217e-23   8.050968e-05   4.741776e-25   768
  2.506981e-01   9.840075e-24   1.002856e-04   4.056335e-25   648
  2.510772e-01   8.559036e-24   6.542561e-05   4.503268e-25   456
  2.515128e-01   1.016750e-23   8.997083e-05   4.617872e-25   552
  2.518153e-01   9.317913e-24   6.166608e-05   4.272039e-25   648
  2.522317e-01   9.286446e-24   1.005122e-04   2.916052e-25   840
  2.526384e-01   9.899891e-24   4.793217e-05   4.873119e-25   432
  2.530455e-01   9.833145e-24   5.870872e-05   5.058509e-25   600
  2.533287e-01   1.164823e-23   6.255029e-05   5.777765e-25   432
  2.538044e-01   1.054965e-23   6.227491e-05   4.466325e-25   560
  2.541265e-01   8.006028e-24   9.857465e-05   2.977178e-25   840
  2.545299e-01   9.603932e-24   5.838720e-05   4.608240e-25   504
  2.548502e-01   7.842981e-24   1.191648e-04   2.972419e-25   696
  2.553018e-01   1.054200e-23   6.508356e-05   5.544344e-25   384
  2.556535e-01   7.387607e-24   9.533975e-05   2.975120e-25   576
  2.560789e-01   7.672917e-24   5.883893e-05   4.217660e-25   360
  2.564218e-01   8.527069e-24   8.762544e-05   3.310418e-25   828
  2.567917e-01   7.684095e-24   7.804673e-05   4.191900e-25   372
  2.571307e-01   7.566413e-24   1.191923e-04   2.770220e-25   576
  2.575797e-01   8.872905e-24   4.991761e-05   3.692616e-25   636
  2.578996e-01   7.849562e-24   9.622826e-05   3.329878e-25   648
  2.583323e-01   7.060428e-24   7.822306e-05   3.064827e-25   576
  2.586430e-01   7.476294e-24   1.261820e-04   3.238863e-25   528
  2.590561e-01   7.790025e-24   5.394804e-05   4.667154e-25   360
  2.593981e-01   6.338702e-24   1.241007e-04   2.213256e-25   672
  2.598446e-01   8.270038e-24   6.356642e-05   3.055950e-25   804
  2.602163e-01   7.194590e-24   7.012137e-05   3.481999e-25   408
  2.606274e-01   8.164297e-24   4.334263e-05   4.162839e-25   384
  2.609042e-01   5.285646e-24   9.918459e-05   3.026513e-25   480
  2.612947e-01   5.769989e-24   6.408778e-05   2.580883e-25   432
  2.616692e-01   7.869301e-24   1.181001e-04   3.057699e-25   648
  2.621125e-01   6.955284e-24   7.328056e-05   2.801703e-25   624
  2.624367e-01   6.346811e-24   6.665485e-05   3.398169e-25   456
  2.628795e-01   6.195391e-24   9.105646e-05   2.984648e-25   588
  2.631762e-01   5.919716e-24   5.809364e-05   2.257137e-25   600
  2.636094e-01   5.715478e-24   9.061183e-05   2.318680e-25   708
  2.639516e-01   6.067146e-24   5.708370e-05   3.151152e-25   360
  2.643298e-01   7.033804e-24   6.561923e-05   3.459122e-25   552
  2.646923e-01   5.607404e-24   4.603344e-05   4.097048e-25   288
  2.650603e-01   5.627731e-24   8.655546e-05   2.684715e-25   528
  2.654060e-01   6.327104e-24   5.839431e-05   2.529911e-25   456
  2.657924e-01   6.015142e-24   1.035458e-04   2.744359e-25   608
  2.661809e-01   5.149909e-24   5.009661e-05   2.196261e-25   504
  2.666055e-01   3.860410e-24   1.075546e-04   1.650584e-25   540
  2.669384e-01   6.652340e-24   1.154568e-04   3.359649e-25   360
  2.672972e-01   6.767044e-24   5.228475e-05   3.227847e-25   540
  2.676146e-01   5.247385e-24   4.489266e-05   2.439491e-25   576
  2.680762e-01   5.744976e-24   1.040909e-04   2.598152e-25   588
  2.685150e-01   5.258545e-24   1.436140e-04   2.495903e-25   672
  2.688920e-01   6.143915e-24   1.097654e-04   2.473678e-25   552
  2.691959e-01   4.373594e-24   1.098209e-04   3.542493e-25   144
  2.695837e-01   5.775039e-24   9.330411e-05   2.548863e-25   600
  2.699514e-01   3.992719e-24   1.169304e-04   1.917763e-25   504
  2.703595e-01   4.740825e-24   1.201111e-04   2.911639e-25   336
  2.707887e-01   4.733467e-24   1.350054e-04   1.955787e-25   600
  2.711731e-01   4.471646e-24   8.712810e-05   2.259477e-25   636
  2.715880e-01   4.898903e-24   7.005178e-05   3.349240e-25   384
  2.718789e-01   5.117145e-24   9.771396e-05   2.451305e-25   504
  2.722982e-01   3.818084e-24   4.100918e-05   2.564822e-25   240
  2.726291e-01   4.473493e-24   9.633639e-05   1.637052e-25   744
  2.730261e-01   4.233537e-24   6.578310e-05   1.708046e-25   648
  2.733790e-01   7.241339e-24   4.366878e-05   5.365028e-25   120
  2.737925e-01   3.660170e-24   6.859799e-05   1.437850e-25   564
  2.741050e-01   4.876936e-24   1.077373e-04   2.758871e-25   432
  2.745220e-01   3.731409e-24   8.362543e-05   1.794776e-25   480
  2.748361e-01   3.046912e-24   6.155045e-05   1.632969e-25   456
  2.752067e-01   4.259701e-24   1.018569e-04   2.137740e-25   444
  2.756274e-01   3.782182e-24   1.558464e-04   2.193399e-25   528
  2.759969e-01   4.910481e-24   1.157439e-04   3.727538e-25   264
  2.763555e-01   3.943920e-24   1.186203e-04   2.148207e-25   444
  2.768379e-01   4.201018e-24   1.299311e-04   1.613022e-25   696
  2.772383e-01   4.473942e-24   6.949148e-05   2.895626e-25   384
  2.775311e-01   3.212185e-24   8.780831e-05   1.539745e-25   432
  2.779866e-01   4.357263e-24   6.067143e-05   2.024305e-25   488
  2.782823e-01   4.223938e-24   9.143939e-05   2.129458e-25   480
  2.787111e-01   3.322536e-24   1.019738e-04   1.862042e-25   480
  2.790432e-01   2.972224e-24   4.278510e-05   1.738915e-25   240
  2.794202e-01   3.972216e-24   9.994261e-05   2.000705e-25   600
  2.797758e-01   2.692854e-24   8.708975e-05   1.806367e-25   288
  2.801544e-01   3.469636e-24   8.377397e-05   1.745135e-25   480
  2.805379e-01   2.892304e-24   1.490189e-04   1.620436e-25   504
  2.809155e-01   3.515400e-24   6.393839e-05   2.069342e-25   216
  2.813970e-01   3.222382e-24   1.046773e-04   1.674258e-25   504
  2.817720e-01   2.637656e-24   8.419242e-05   1.320012e-25   456
  2.821825e-01   4.011167e-24   4.828579e-05   2.009660e-25   384
  2.824544e-01   4.047433e-24   9.800271e-05   2.342771e-25   480
  2.828408e-01   2.531243e-24   8.605736e-05   1.539117e-25   504
  2.831988e-01   3.070882e-24   5.458940e-05   2.026837e-25   312
  2.835845e-01   3.330807e-24   8.796897e-05   1.825573e-25   492
  2.839260e-01   3.994304e-24   8.245044e-05   2.699920e-25   312
  2.843655e-01   2.763185e-24   1.339342e-04   1.336887e-25   576
  2.847524e-01   3.437572e-24   1.236321e-04   2.290423e-25   336
  2.850738e-01   2.009462e-24   9.519099e-05   1.615855e-25   240
  2.855192e-01   3.096494e-24   1.261991e-04   1.627145e-25   468
  2.859039e-01   3.142719e-24   7.901891e-05   2.596119e-25   192
  2.863065e-01   2.494608e-24   7.925442e-05   1.748731e-25   324
  2.866016e-01   2.770985e-24   5.752155e-05   1.265765e-25   600
  2.870037e-01   3.000650e-24   9.332283e-05   1.462716e-25   456
  2.873023e-01   2.889893e-24   4.197661e-05   2.067371e-25   336
  2.877972e-01   3.228704e-24   1.256898e-04   1.768372e-25   612
  2.881573e-01   2.680258e-24   1.054844e-04   3.715668e-25   144
  2.884978e-01   2.931030e-24   1.231274e-04   1.379917e-25   552
  2.889609e-01   1.640021e-24   4.848907e-05   1.043553e-25   264
  2.892225e-01   2.538399e-24   1.122646e-04   1.825213e-25   336
  2.896353e-01   2.034604e-24   7.418058e-05   1.167674e-25   384
  2.899932e-01   2.769021e-24   4.175634e-05   2.023677e-25   216
  2.903894e-01   1.731714e-24   8.853205e-05   1.088727e-25   344
  2.907507e-01   2.053699e-24   1.320940e-04   1.270456e-25   408
  2.911910e-01   1.992239e-24   1.015056e-04   1.632440e-25   264
  2.915811e-01   2.392358e-24   1.415038e-04   1.380921e-25   612
  2.919709e-01   3.400358e-24   7.282870e-05   2.145308e-25   408
  2.923718e-01   2.152063e-24   7.293338e-05   1.574909e-25   444
  2.926663e-01   4.241323e-24   4.079109e-05   3.413990e-25   120
  2.930609e-01   2.678294e-24   1.126983e-04   1.937316e-25   336
  2.933538e-01   2.141588e-24   3.916222e-05   1.582757e-25   288
  2.937496e-01   2.147280e-24   1.218735e-04   1.116218e-25   552
  2.942938e-01   2.858965e-24   6.525678e-09   3.507368e-25   72
  2.945736e-01   2.096720e-24   1.210514e-04   1.303895e-25   504
  2.949004e-01   1.082783e-24   3.895317e-05   7.698233e-26   216
  2.953239e-01   1.531856e-24   6.954821e-05   1.168734e-25   312
  2.957040e-01   1.645232e-24   7.919158e-05   1.145064e-25   336
  2.960663e-01   1.324553e-24   1.097684e-04   1.237246e-25   204
  2.964271e-01   2.894811e-24   1.275676e-04   2.014232e-25   504
  2.968098e-01   2.500602e-24   1.214810e-04   1.667555e-25   396
  2.971778e-01   2.049536e-24   1.114044e-04   1.584161e-25   312
  2.976240e-01   2.888424e-24   6.808000e-05   2.609772e-25   216
  2.979383e-01   1.848747e-24   3.694832e-05   1.730254e-25   168
  2.983203e-01   1.780091e-24   9.329657e-05   9.921191e-26   588
  2.987563e-01   1.280576e-24   1.266392e-04   1.271419e-25   240
  2.990950e-01   1.201367e-24   1.118436e-04   9.531842e-26   264
  2.994922e-01   1.464560e-24   1.383176e-04   1.094388e-25   288
  2.998446e-01   1.634429e-24   6.907007e-05   1.558287e-25   288
  3.002913e-01   1.288688e-24   6.486779e-05   1.013124e-25   288
  3.005921e-01   1.290015e-24   7.514392e-05   1.110254e-25   192
  3.009705e-01   8.870237e-25   7.996067e-05   6.150671e-26   264
  3.013310e-01   2.668599e-24   1.315242e-04   1.672483e-25   372
  3.017189e-01   2.759640e-24   1.420518e-04   2.059159e-25   360
  3.021924e-01   2.488990e-24   6.011768e-05   3.120634e-25   144
  3.024371e-01   1.497837e-24   8.350082e-05   1.489455e-25   296
  3.028234e-01   1.567566e-24   8.996782e-05   1.204385e-25   288
  3.032657e-01   1.579698e-24   1.344546e-04   1.011048e-25   480
  3.036471e-01   1.040403e-24   1.117190e-04   1.401692e-25   192
  3.040181e-01   1.918761e-24   1.198338e-04   1.893571e-25   192
  3.043553e-01   1.376480e-24   7.637151e-05   1.272009e-25   288
  3.048242e-01   6.525431e-25   6.648036e-05   6.150064e-26   108
  3.050604e-01   1.393456e-24   6.391272e-05   1.062843e-25   240
  3.054775e-01   1.003706e-24   1.192307e-04   8.971428e-26   384
  3.059059e-01   1.505067e-24   1.454479e-04   1.697515e-25   108
  3.062848e-01   1.901837e-24   8.527881e-05   1.142905e-25   348
  3.066832e-01   1.321521e-24   8.900031e-05   1.282829e-25   312
  3.070391e-01   1.262010e-24   8.648246e-05   2.461417e-25   96
  3.073663e-01   1.180750e-24   1.151358e-04   8.749423e-26   384
  3.077328e-01   1.317310e-24   7.919012e-05   1.445157e-25   144
  3.080912e-01   1.303982e-24   1.216791e-04   9.435265e-26   408
  3.085368e-01   6.149303e-25   5.427748e-05   5.580286e-26   144
  3.089578e-01   1.292608e-24   1.043490e-04   1.401716e-25   192
  3.092074e-01   1.639274e-24   1.174468e-04   1.369019e-25   144
  3.096144e-01   6.743913e-25   9.548855e-05   6.878141e-26   144
  3.099983e-01   1.141302e-24   1.167025e-04   8.645976e-26   336
  3.104685e-01   6.533364e-25   8.634502e-05   4.888293e-26   240
  3.107666e-01   7.196481e-25   3.920851e-05   1.153092e-25   96
  3.111825e-01   1.494344e-24   1.149797e-04   1.303567e-25   372
  3.116031e-01   1.036143e-24   1.367659e-04   1.646224e-25   132
  3.119726e-01   6.567611e-25   8.462908e-05   4.429422e-26   264
  3.123032e-01   1.287061e-24   6.499128e-05   1.473924e-25   168
  3.126560e-01   1.146598e-24   1.039086e-04   9.733592e-26   216
  3.129676e-01   9.972099e-25   6.357256e-05   1.698441e-25   216
  3.134215e-01   3.858790e-25   1.166292e-04   3.260483e-26   96
  3.138333e-01   1.518271e-24   7.608990e-05   2.335324e-25   120
  3.142110e-01   7.518563e-25   9.673168e-05   6.877906e-26   216
  3.145221e-01   6.372716e-25   4.227207e-05   6.022320e-26   200
  3.149340e-01   7.980373e-25   1.094242e-04   8.617262e-26   288
  3.154623e-01   2.691283e-25   2.879164e-05   2.003680e-26   144
  3.156848e-01   9.647738e-25   8.959781e-05   1.318136e-25   168
  3.161391e-01   1.371986e-24   1.008340e-04   2.157072e-25   159
  3.164937e-01   5.672900e-25   1.057991e-04   5.275758e-26   174
  3.168369e-01   6.071788e-25   9.593494e-05   5.605215e-26   144
  3.172863e-01   9.476541e-25   5.539549e-05   9.409631e-26   222
  3.175869e-01   5.126021e-25   5.589895e-05   5.539893e-26   168
  3.181060e-01   1.163335e-24   1.226079e-04   1.890236e-25   30
  3.183205e-01   1.830292e-25   1.082537e-04   1.624039e-26   72
  3.187244e-01   5.227139e-25   9.661517e-05   5.958278e-26   258
  3.191684e-01   4.498994e-25   6.051257e-05   3.567769e-26   264
  3.193905e-01   7.040583e-25   0.000000e+00   1.073761e-25   72
  3.198532e-01   3.045830e-25   1.199385e-04   3.211028e-26   174
  3.202721e-01   4.940987e-25   1.277123e-04   5.629398e-26   168
  3.206090e-01   1.306129e-25   3.996146e-09   9.435579e-27   48
  3.209705e-01   3.083826e-25   7.212215e-05   4.374974e-26   150
  3.213898e-01   6.619145e-25   1.326739e-04   5.004659e-26   168
  3.218102e-01   3.184279e-25   8.081877e-05   2.393406e-26   144
  3.221967e-01   7.569984e-25   7.550312e-05   1.119042e-25   102
  3.224847e-01   1.734082e-25   1.117576e-04   1.579203e-26   96
  3.229415e-01   1.611678e-25   1.109119e-04   1.276026e-26   120
  3.232799e-01   1.165350e-25   1.189559e-04   5.971029e-27   168
  3.236458e-01   6.855980e-25   8.783953e-05   5.339216e-26   126
  3.239576e-01   4.503455e-25   6.624856e-05   5.595283e-26   168
  3.243872e-01   2.201017e-25   1.062297e-04   2.071478e-26   72
  3.247626e-01   2.029011e-25   1.330232e-04   1.274211e-26   168
  3.250914e-01   5.640863e-25   3.646820e-05   1.347212e-25   78
  3.255420e-01   1.826585e-25   5.987806e-05   1.350336e-26   60
  3.259049e-01   7.197111e-25   9.713191e-05   8.621484e-26   96
  3.262812e-01   2.687638e-25   1.178615e-04   2.020675e-26   168
  3.266349e-01   2.552796e-25   7.457817e-05   5.406066e-26   86
  3.270060e-01   1.099106e-25   6.665520e-05   1.079284e-26   120
  3.275378e-01   1.729573e-25   4.753401e-05   1.265429e-26   168
  3.278247e-01   1.156761e-25   0.000000e+00   1.243921e-26   48
  3.282110e-01   3.745483e-25   8.660181e-05   3.364273e-26   120
  3.284330e-01   2.244161e-25   6.317951e-05   3.184684e-26   126
  3.289749e-01   2.542676e-25   1.111151e-04   2.440862e-26   96
  3.293266e-01   2.196419e-25   3.204012e-05   1.969583e-26   96
  3.296039e-01   1.543555e-25   0.000000e+00   1.302996e-26   72
  3.301949e-01   1.618914e-25   3.996146e-09   2.409708e-26   24
  3.305637e-01   2.651700e-25   6.593782e-05   3.670923e-26   120
  3.308514e-01   2.525579e-25   9.618300e-05   3.150062e-26   126
  3.311713e-01   1.176831e-25   8.018157e-05   1.419259e-26   96
  3.315452e-01   7.533773e-26   1.385771e-04   4.972463e-27   72
  3.319614e-01   1.111752e-25   5.993927e-05   7.759062e-27   144
  3.323038e-01   1.309699e-25   3.457157e-05   1.337878e-26   72
  3.326459e-01   1.839538e-25   6.905176e-05   4.585660e-26   54
  3.329469e-01   2.120870e-25   6.085106e-05   3.312614e-26   108
  3.335726e-01   2.451404e-25   5.964977e-05   2.730208e-26   72
  3.337673e-01   1.633286e-25   3.441997e-05   1.792072e-26   72
  3.342294e-01   1.500958e-25   6.921527e-09   1.963511e-26   24
  3.346666e-01   4.578884e-26   7.281693e-05   5.416909e-27   48
  3.349321e-01   1.524202e-25   5.546771e-05   2.501858e-26   102
  3.353317e-01   1.189456e-25   1.254449e-04   1.170189e-26   168
  3.358538e-01   6.425942e-26   6.841470e-05   6.498385e-27   72
  3.360473e-01   8.292338e-26   0.000000e+00   1.063551e-26   48
  3.364531e-01   1.131707e-25   1.176775e-04   6.775400e-27   120
  3.369887e-01   8.707727e-26   7.231517e-05   5.736031e-27   96
  3.374945e-01   3.577822e-25   7.830814e-09   1.191457e-25   30
  3.380957e-01   1.883465e-25   3.397687e-05   1.893742e-26   72
  3.383599e-01   9.798673e-26   3.996146e-09   1.658074e-26   24
  3.386992e-01   5.013549e-26   5.036212e-05   4.500170e-27   56
  3.390793e-01   3.307595e-26   7.186930e-05   2.317033e-27   96
  3.395342e-01   8.058584e-26   7.936128e-05   5.907767e-27   144
  3.398849e-01   1.307508e-25   4.505822e-05   3.515877e-26   54
  3.403944e-01   7.310227e-26   6.750198e-05   4.470912e-27   108
  3.409071e-01   1.648877e-25   3.574199e-05   2.440812e-26   48
  3.413952e-01   8.050205e-26   1.345800e-04   6.619262e-27   72
  3.425664e-01   1.130526e-25   8.891744e-05   1.306387e-26   78
  3.428909e-01   3.070658e-26   6.701044e-05   3.127903e-27   72
  3.432698e-01   3.835884e-26   6.692725e-05   2.745704e-27   72
  3.436659e-01   7.329410e-26   1.615028e-04   8.463425e-27   96
  3.439790e-01   5.044650e-26   6.678928e-05   3.806606e-27   72
  3.443566e-01   6.060238e-26   0.000000e+00   1.000150e-26   24
  3.447338e-01   6.896971e-26   1.332770e-04   5.430322e-27   72
  3.455858e-01   7.747577e-26   8.463498e-05   5.065852e-27   30
  3.457691e-01   8.936879e-26   0.000000e+00   1.130096e-26   24
  3.467544e-01   2.229703e-26   7.027855e-05   2.349496e-27   48
  3.470634e-01   3.960268e-26   1.512394e-04   3.233916e-27   120
  3.474798e-01   3.166968e-26   6.612537e-05   2.635580e-27   72
  3.479003e-01   3.921749e-26   6.604543e-05   4.206738e-27   36
  3.481894e-01   4.781375e-26   1.305365e-04   7.561208e-27   78
  3.489960e-01   5.113142e-26   6.982714e-05   6.283842e-27   48
  3.500419e-01   1.031970e-25   5.651403e-09   1.062629e-26   24
  3.507870e-01   1.795002e-26   4.862619e-05   1.799045e-27   56
  3.511622e-01   2.628131e-26   7.482652e-05   2.562379e-27   102
  3.516395e-01   3.290452e-26   5.328194e-09   3.011243e-27   72
  3.519166e-01   3.577946e-26   0.000000e+00   5.193525e-27   24
  3.524009e-01   2.986269e-26   6.915246e-05   2.955741e-27   48
  3.532988e-01   5.655096e-26   0.000000e+00   8.849879e-27   24
  3.544007e-01   7.273069e-26   0.000000e+00   1.700640e-26   6
  3.547443e-01   1.082447e-26   0.000000e+00   1.379095e-27   24
  3.549732e-01   2.029998e-26   6.472929e-05   1.293184e-27   72
  3.553914e-01   1.923965e-26   1.207586e-04   1.322652e-27   84
  3.558418e-01   2.658374e-26   0.000000e+00   4.420236e-27   24
  3.559787e-01   2.191027e-26   5.651403e-09   2.424314e-27   24
  3.566626e-01   3.568628e-26   3.996146e-09   3.978878e-27   24
  3.576179e-01   6.011248e-26   0.000000e+00   1.535053e-26   6
  3.588424e-01   1.583392e-26   6.791113e-05   1.546365e-27   48
  3.591365e-01   1.367231e-26   1.279335e-04   1.273538e-27   72
  3.595209e-01   1.961138e-26   6.778297e-05   1.926888e-27   48
  3.601304e-01   2.349493e-26   0.000000e+00   4.001894e-27   24
  3.609415e-01   6.316068e-26   3.996146e-09   1.930989e-26   6
  3.627599e-01   7.430705e-27   0.000000e+00   2.025968e-27   8
  3.628942e-01   1.156833e-26   3.996146e-09   1.008413e-27   48
  3.632164e-01   1.358223e-26   6.573533e-05   1.146983e-27   60
  3.636991e-01   1.546437e-26   0.000000e+00   2.972532e-27   24
  3.643686e-01   2.660695e-26   0.000000e+00   1.635288e-27   6
  3.668348e-01   1.158977e-26   0.000000e+00   1.445394e-27   24
  3.670341e-01   1.130956e-26   6.639546e-05   1.072406e-27   48
  3.673659e-01   1.618982e-26   0.000000e+00   1.873727e-27   24
  3.678962e-01   1.121460e-26   3.996146e-09   2.389064e-27   6
  3.709088e-01   8.157038e-27   6.194064e-05   1.029994e-27   36
  3.711278e-01   8.849648e-27   0.000000e+00   8.988839e-28   24
  3.715215e-01   1.774387e-26   0.000000e+00   3.765932e-27   6
  3.749494e-01   6.814111e-27   5.629118e-05   7.506844e-28   32
  3.752417e-01   9.751806e-27   3.996146e-09   2.018287e-27   6
  3.789254e-01   1.225218e-26   0.000000e+00   1.273533e-27   12
  3.790540e-01   1.918180e-27   0.000000e+00   5.032310e-28   6
  3.829556e-01   3.442610e-27   5.651403e-09   1.158128e-27   6
