# power spectrum of delta for linear fields (CLASS)
# redshift z=1.000000
# k              Pk             sigma(k)       sigma(Pk)      count
  6.981317e-03   4.612515e-08   0.000000e+00   1.862899e-08   6
  9.873073e-03   1.020549e-07   0.000000e+00   2.041303e-08   12
  1.209200e-02   1.655352e-07   1.324548e-10   3.375295e-08   8
  1.396263e-02   9.435200e-07   0.000000e+00   1.017324e-07   6
  1.561070e-02   9.923967e-07   0.000000e+00   3.169996e-07   24
  1.710066e-02   1.980962e-06   2.497591e-10   3.344112e-07   24
  1.974615e-02   1.482791e-06   0.000000e+00   6.687364e-07   12
  2.094395e-02   2.121878e-06   2.825702e-10   3.916588e-07   30
  2.207686e-02   3.192642e-06   0.000000e+00   7.050071e-07   24
  2.315441e-02   3.440215e-06   4.325955e-10   8.544790e-07   24
  2.418399e-02   4.670898e-06   2.649095e-10   9.486999e-07   8
  2.517150e-02   4.535649e-06   3.532127e-10   5.646141e-07   24
  2.612170e-02   4.841589e-06   0.000000e+00   6.817358e-07   48
  2.792527e-02   7.169264e-06   0.000000e+00   3.158493e-06   6
  2.878471e-02   6.356453e-06   4.995182e-10   8.943493e-07   48
  2.961922e-02   6.482787e-06   0.000000e+00   6.755475e-07   36
  3.043086e-02   1.020717e-05   3.532127e-10   2.138677e-06   24
  3.122140e-02   6.518422e-06   0.000000e+00   1.124422e-06   24
  3.199241e-02   6.327791e-06   0.000000e+00   8.622219e-07   48
  3.274528e-02   1.060992e-05   4.995182e-10   1.513248e-06   24
  3.420133e-02   9.750459e-06   4.995182e-10   1.536815e-06   24
  3.490659e-02   7.127312e-06   0.000000e+00   1.168947e-06   30
  3.559787e-02   8.118764e-06   0.000000e+00   8.984993e-07   72
  3.627599e-02   8.425084e-06   5.298191e-10   1.718674e-06   32
  3.759554e-02   1.268091e-05   0.000000e+00   1.473797e-06   72
  3.823825e-02   8.168640e-06   0.000000e+00   1.196622e-06   48
  3.949229e-02   4.846909e-06   0.000000e+00   1.444644e-06   12
  4.010461e-02   1.009490e-05   0.000000e+00   1.517101e-06   48
  4.070772e-02   9.386801e-06   0.000000e+00   9.362681e-07   48
  4.130203e-02   1.308608e-05   4.995182e-10   1.654080e-06   48
  4.188790e-02   1.651270e-05   5.651403e-10   2.900403e-06   30
  4.246569e-02   1.529910e-05   4.995182e-10   3.447999e-06   24
  4.303573e-02   1.655176e-05   1.053077e-09   1.667470e-06   72
  4.415373e-02   1.068698e-05   0.000000e+00   2.032671e-06   24
  4.470224e-02   1.710660e-05   0.000000e+00   1.698339e-06   96
  4.524411e-02   1.375336e-05   0.000000e+00   1.829983e-06   48
  4.577956e-02   1.198299e-05   8.651909e-10   2.949370e-06   24
  4.630882e-02   9.034082e-06   8.651909e-10   1.858858e-06   24
  4.683210e-02   2.251559e-05   0.000000e+00   2.754325e-06   72
  4.734960e-02   1.749232e-05   0.000000e+00   2.698161e-06   48
  4.836798e-02   1.646737e-05   5.298191e-10   4.925506e-06   8
  4.886922e-02   2.499829e-05   6.279337e-10   2.989255e-06   54
  4.936537e-02   1.749966e-05   0.000000e+00   3.066711e-06   84
  4.985658e-02   1.989269e-05   0.000000e+00   2.859492e-06   48
  5.034299e-02   1.280247e-05   7.064254e-10   2.288396e-06   24
  5.082475e-02   1.760683e-05   6.660243e-10   2.093466e-06   72
  5.130199e-02   2.395052e-05   0.000000e+00   2.731854e-06   96
  5.224339e-02   3.477307e-05   0.000000e+00   3.800235e-06   48
  5.270779e-02   1.961183e-05   0.000000e+00   1.841454e-06   48
  5.316813e-02   1.753864e-05   7.064254e-10   3.419217e-06   24
  5.362451e-02   2.056449e-05   0.000000e+00   2.218595e-06   72
  5.452583e-02   2.265856e-05   6.660243e-10   2.686981e-06   72
  5.497095e-02   2.269740e-05   0.000000e+00   2.592357e-06   96
  5.585054e-02   3.287690e-05   0.000000e+00   1.447776e-05   6
  5.628518e-02   2.786377e-05   0.000000e+00   2.702994e-06   96
  5.671649e-02   2.935801e-05   7.064254e-10   3.143952e-06   96
  5.714454e-02   2.026926e-05   0.000000e+00   4.829006e-06   24
  5.756941e-02   2.307081e-05   9.990364e-10   2.880174e-06   48
  5.799117e-02   2.382603e-05   0.000000e+00   2.413076e-06   96
  5.840989e-02   2.851782e-05   0.000000e+00   3.849280e-06   48
  5.923844e-02   2.645663e-05   0.000000e+00   4.974747e-06   36
  5.964840e-02   2.722661e-05   1.223565e-09   3.444499e-06   48
  6.005556e-02   3.081892e-05   1.384305e-09   2.771988e-06   120
  6.045998e-02   2.825837e-05   0.000000e+00   3.738625e-06   56
  6.086171e-02   1.621846e-05   7.064254e-10   2.843554e-06   24
  6.126081e-02   2.400124e-05   0.000000e+00   2.139885e-06   96
  6.165732e-02   2.597784e-05   0.000000e+00   3.358948e-06   48
  6.244280e-02   3.285188e-05   0.000000e+00   6.106027e-06   24
  6.283185e-02   3.658022e-05   0.000000e+00   3.667410e-06   102
  6.321851e-02   3.848304e-05   0.000000e+00   5.812843e-06   48
  6.360282e-02   3.605474e-05   0.000000e+00   3.599445e-06   72
  6.398483e-02   3.353194e-05   0.000000e+00   3.393927e-06   48
  6.436456e-02   3.664452e-05   0.000000e+00   6.802864e-06   48
  6.474207e-02   3.193350e-05   1.598458e-09   2.812159e-06   120
  6.549056e-02   5.263447e-05   9.990364e-10   8.828114e-06   24
  6.586161e-02   3.101470e-05   9.419006e-10   2.614648e-06   144
  6.623059e-02   3.245498e-05   1.130281e-09   3.126670e-06   120
  6.659752e-02   2.569249e-05   9.990364e-10   3.607230e-06   48
  6.732538e-02   4.002056e-05   9.990364e-10   5.347969e-06   48
  6.768638e-02   3.321353e-05   9.990364e-10   3.472895e-06   96
  6.863955e-02   4.614519e-05   1.675093e-04   5.681976e-06   72
  6.911151e-02   3.467671e-05   1.255867e-09   2.653111e-06   108
  6.946323e-02   4.180250e-05   0.000000e+00   4.488014e-06   72
  6.981317e-02   2.574850e-05   0.000000e+00   4.798774e-06   30
  7.016137e-02   4.399732e-05   0.000000e+00   3.503066e-06   168
  7.050785e-02   4.405299e-05   0.000000e+00   4.817629e-06   48
  7.119574e-02   3.128748e-05   0.000000e+00   3.673827e-06   72
  7.153721e-02   4.160446e-05   0.000000e+00   4.017925e-06   96
  7.187706e-02   4.140771e-05   1.883801e-09   6.373272e-06   72
  7.221530e-02   4.933149e-05   0.000000e+00   5.241007e-06   72
  7.278398e-02   4.513046e-05   1.546684e-04   3.318638e-06   104
  7.322067e-02   4.378575e-05   1.332049e-09   3.199801e-06   144
  7.421242e-02   3.173301e-05   2.233913e-09   2.986945e-06   96
  7.454007e-02   3.547807e-05   0.000000e+00   3.673592e-06   96
  7.506116e-02   4.919730e-05   1.591194e-04   4.570906e-06   120
  7.551449e-02   4.170327e-05   0.000000e+00   3.801176e-06   120
  7.583651e-02   5.059391e-05   0.000000e+00   5.494953e-06   72
  7.647650e-02   5.157116e-05   0.000000e+00   6.844325e-06   48
  7.679449e-02   5.579867e-05   1.505926e-09   6.379436e-06   78
  7.720128e-02   5.873388e-05   1.424762e-04   4.659623e-06   168
  7.805350e-02   5.575510e-05   1.332049e-09   4.826845e-06   144
  7.836509e-02   5.809324e-05   1.332049e-09   4.152957e-06   144
  7.926883e-02   5.404201e-05   8.205478e-05   4.607465e-06   156
  7.959926e-02   3.979489e-05   1.730382e-09   7.429060e-06   48
  7.990483e-02   4.984774e-05   1.130281e-09   4.899662e-06   120
  8.020923e-02   3.613778e-05   0.000000e+00   3.812739e-06   48
  8.074745e-02   5.472856e-05   1.255998e-04   3.725081e-06   216
  8.141545e-02   4.965407e-05   0.000000e+00   6.143907e-06   48
  8.171422e-02   4.611841e-05   9.990364e-10   4.065009e-06   96
  8.213902e-02   5.339813e-05   1.467830e-04   4.688655e-06   168
  8.260406e-02   4.341882e-05   9.990364e-10   6.222922e-06   48
  8.289855e-02   5.773398e-05   0.000000e+00   5.772968e-06   96
  8.319199e-02   5.629633e-05   0.000000e+00   1.026804e-05   48
  8.377580e-02   6.644820e-05   1.130281e-09   6.634183e-06   30
  8.406619e-02   4.247076e-05   9.990364e-10   3.455674e-06   96
  8.441325e-02   5.298347e-05   1.153584e-04   3.606772e-06   240
  8.485953e-02   7.398106e-05   1.244551e-04   1.022427e-05   32
  8.521783e-02   4.245109e-05   0.000000e+00   3.152257e-06   168
  8.550332e-02   5.081255e-05   0.000000e+00   4.990922e-06   120
  8.607146e-02   4.087484e-05   2.106154e-09   4.602846e-06   72
  8.635412e-02   6.725917e-05   1.332049e-09   6.191027e-06   144
  8.663587e-02   4.858325e-05   0.000000e+00   4.981380e-06   96
  8.691670e-02   6.473181e-05   0.000000e+00   5.192390e-06   96
  8.747565e-02   6.427584e-05   1.631420e-09   7.766648e-06   72
  8.775379e-02   5.449698e-05   1.412851e-09   5.291444e-06   96
  8.830745e-02   5.355496e-05   0.000000e+00   9.882052e-06   24
  8.858298e-02   6.275889e-05   0.000000e+00   4.641995e-06   192
  8.890745e-02   5.999750e-05   1.056148e-04   4.434804e-06   132
  8.940448e-02   6.509366e-05   0.000000e+00   5.896767e-06   96
  8.967664e-02   4.799804e-05   0.000000e+00   4.847886e-06   96
  8.994798e-02   6.336036e-05   1.130281e-09   5.411397e-06   120
  9.048821e-02   6.787307e-05   0.000000e+00   9.342284e-06   48
  9.093103e-02   4.431137e-05   1.279966e-04   2.910230e-06   222
  9.129257e-02   5.808822e-05   0.000000e+00   5.510971e-06   120
  9.155911e-02   6.557347e-05   1.730382e-09   1.323982e-05   24
  9.194720e-02   6.920153e-05   1.321111e-04   3.663151e-06   312
  9.279280e-02   7.794381e-05   1.238595e-04   8.715802e-06   72
  9.314239e-02   5.478691e-05   9.990364e-10   7.402274e-06   96
  9.350136e-02   6.729675e-05   1.261337e-04   5.095914e-06   192
  9.392401e-02   6.376877e-05   1.598458e-09   6.481226e-06   120
  9.418312e-02   6.395177e-05   0.000000e+00   6.582710e-06   144
  9.469919e-02   5.782116e-05   0.000000e+00   8.298149e-06   48
  9.506602e-02   5.792090e-05   1.268319e-04   3.382576e-06   336
  9.546807e-02   6.627377e-05   0.000000e+00   9.086018e-06   48
  9.597724e-02   6.066979e-05   0.000000e+00   5.317029e-06   192
  9.623081e-02   6.616045e-05   0.000000e+00   8.101269e-06   48
  9.695161e-02   6.737463e-05   8.803796e-05   8.181324e-06   56
  9.731001e-02   6.613663e-05   1.130706e-04   3.663167e-06   336
  9.773844e-02   6.650295e-05   1.255867e-09   9.487957e-06   54
  9.811165e-02   6.101384e-05   1.241922e-04   3.754683e-06   240
  9.888643e-02   6.269788e-05   1.189150e-04   4.661927e-06   228
  9.922316e-02   7.535559e-05   1.332049e-09   9.644037e-06   72
  9.955002e-02   7.531149e-05   1.153504e-04   5.608643e-06   144
  9.995725e-02   6.180602e-05   0.000000e+00   6.043603e-06   96
  1.002007e-01   6.426884e-05   1.598458e-09   4.038478e-06   240
  1.006860e-01   5.892606e-05   1.412851e-09   1.134607e-05   24
  1.009966e-01   6.977252e-05   1.089476e-04   4.165870e-06   336
  1.014095e-01   6.667809e-05   0.000000e+00   7.864090e-06   72
  1.017863e-01   8.013383e-05   1.185007e-04   5.793633e-06   168
  1.021279e-01   5.321269e-05   0.000000e+00   4.718735e-06   72
  1.026040e-01   8.316961e-05   0.000000e+00   7.639312e-06   96
  1.029727e-01   7.192155e-05   1.176117e-04   5.129624e-06   216
  1.033141e-01   5.477073e-05   1.412851e-09   4.084440e-06   96
  1.037847e-01   6.768385e-05   0.000000e+00   4.563433e-06   192
  1.040193e-01   6.681213e-05   1.332049e-09   5.221244e-06   144
  1.044868e-01   7.194494e-05   0.000000e+00   9.335544e-06   48
  1.048105e-01   7.496469e-05   1.133915e-04   5.100142e-06   246
  1.052503e-01   9.302239e-05   1.045488e-04   7.217084e-06   168
  1.056465e-01   7.371684e-05   1.957704e-09   7.374960e-06   120
  1.058769e-01   6.194666e-05   0.000000e+00   4.241927e-06   240
  1.063363e-01   4.460161e-05   1.412851e-09   9.077248e-06   24
  1.067022e-01   7.269652e-05   1.119102e-04   4.551843e-06   360
  1.071580e-01   6.854946e-05   1.114340e-04   5.110785e-06   120
  1.074760e-01   8.158931e-05   0.000000e+00   6.565677e-06   144
  1.077025e-01   8.055936e-05   0.000000e+00   7.124286e-06   96
  1.083792e-01   7.880603e-05   0.000000e+00   6.341847e-06   144
  1.086038e-01   8.511752e-05   0.000000e+00   7.282808e-06   132
  1.089195e-01   7.813094e-05   1.099837e-04   5.735922e-06   176
  1.093777e-01   7.839168e-05   1.110614e-04   3.990539e-06   312
  1.099419e-01   1.130790e-04   0.000000e+00   1.723969e-05   96
  1.101633e-01   7.693381e-05   0.000000e+00   6.726229e-06   144
  1.105031e-01   8.179040e-05   1.099474e-04   4.547044e-06   312
  1.110446e-01   9.777075e-05   0.000000e+00   9.712068e-06   48
  1.112639e-01   7.344776e-05   1.412851e-09   5.490432e-06   192
  1.117011e-01   2.478346e-05   0.000000e+00   7.653475e-06   6
  1.119915e-01   7.226215e-05   1.025446e-04   3.992343e-06   288
  1.124620e-01   7.099516e-05   1.083450e-04   5.046667e-06   192
  1.127866e-01   6.858073e-05   3.322713e-09   4.398451e-06   216
  1.130025e-01   8.694727e-05   0.000000e+00   1.182272e-05   72
  1.135403e-01   7.242175e-05   1.073161e-04   5.603780e-06   192
  1.138975e-01   9.579264e-05   7.968796e-05   5.671095e-06   288
  1.142891e-01   8.344412e-05   0.000000e+00   1.614111e-05   24
  1.145916e-01   9.065375e-05   1.049823e-04   3.925513e-06   456
  1.151388e-01   5.882921e-05   1.998073e-09   8.667015e-06   48
  1.154769e-01   8.512119e-05   1.034033e-04   6.244278e-06   240
  1.158655e-01   9.683208e-05   1.045007e-04   6.174748e-06   216
  1.161923e-01   7.718088e-05   0.000000e+00   9.485020e-06   72
  1.164018e-01   8.074183e-05   3.610549e-09   6.380095e-06   168
  1.169935e-01   9.596552e-05   7.767385e-05   5.826042e-06   288
  1.173253e-01   9.495760e-05   1.027758e-04   6.521994e-06   168
  1.178582e-01   1.096745e-04   0.000000e+00   7.597228e-06   192
  1.180648e-01   8.860012e-05   1.332049e-09   6.305760e-06   144
  1.184769e-01   1.108270e-04   0.000000e+00   1.379232e-05   36
  1.188264e-01   7.598638e-05   9.385617e-05   3.895062e-06   342
  1.191605e-01   9.116409e-05   9.637890e-05   6.910981e-06   144
  1.195900e-01   8.822693e-05   1.010773e-04   4.541474e-06   384
  1.201111e-01   1.055625e-04   2.768611e-09   9.624123e-06   120
  1.203690e-01   1.069031e-04   9.013158e-05   6.638572e-06   264
  1.207183e-01   9.258544e-05   4.467827e-09   6.759527e-06   192
  1.210471e-01   1.032007e-04   9.713401e-05   7.886419e-06   152
  1.213224e-01   9.500312e-05   2.664097e-09   8.592114e-06   144
  1.219012e-01   8.133882e-05   6.286607e-05   5.951235e-06   216
  1.221692e-01   1.060787e-04   8.400585e-05   5.798112e-06   312
  1.226409e-01   9.290113e-05   9.736112e-05   5.172728e-06   240
  1.229188e-01   1.131431e-04   1.412851e-09   1.173198e-05   96
  1.234463e-01   1.043785e-04   9.308426e-05   8.419723e-06   144
  1.237714e-01   1.009614e-04   9.149363e-05   4.878503e-06   456
  1.242988e-01   8.248327e-05   0.000000e+00   5.396544e-06   120
  1.244947e-01   9.026215e-05   0.000000e+00   8.305311e-06   144
  1.248856e-01   6.847302e-05   0.000000e+00   1.133435e-05   24
  1.251362e-01   1.066644e-04   8.794658e-05   5.393104e-06   336
  1.255696e-01   1.012480e-04   9.699311e-05   7.972261e-06   198
  1.259757e-01   1.014850e-04   9.432023e-05   5.320591e-06   432
  1.264370e-01   1.070878e-04   0.000000e+00   1.090705e-05   48
  1.266777e-01   1.206899e-04   8.326844e-05   6.245098e-06   384
  1.271098e-01   1.173653e-04   9.585962e-05   9.669733e-06   144
  1.275013e-01   1.157278e-04   9.517601e-05   6.654320e-06   264
  1.279697e-01   9.433097e-05   0.000000e+00   9.081409e-06   48
  1.282839e-01   1.116103e-04   9.049683e-05   6.751177e-06   276
  1.285870e-01   1.000661e-04   8.203293e-05   8.246198e-06   192
  1.289922e-01   1.069897e-04   9.218697e-05   4.498585e-06   552
  1.294841e-01   7.624559e-05   3.196917e-09   6.699674e-06   120
  1.297765e-01   1.201972e-04   9.331596e-05   8.115325e-06   216
  1.300475e-01   1.068656e-04   1.598458e-09   8.392569e-06   120
  1.305316e-01   1.251510e-04   9.189333e-05   6.403489e-06   408
  1.309811e-01   1.175242e-04   1.998073e-09   1.576178e-05   24
  1.312599e-01   1.035866e-04   9.282881e-05   5.815738e-06   384
  1.316492e-01   1.038703e-04   9.069708e-05   7.193137e-06   240
  1.319872e-01   1.023406e-04   9.136125e-05   6.970523e-06   168
  1.324612e-01   9.314615e-05   2.260561e-09   9.027749e-06   120
  1.327667e-01   1.136730e-04   9.523931e-05   5.755426e-06   350
  1.332635e-01   1.142064e-04   1.567823e-04   5.980204e-06   384
  1.335605e-01   1.241056e-04   0.000000e+00   1.116745e-05   144
  1.341067e-01   1.001681e-04   3.767602e-09   5.816943e-06   288
  1.343919e-01   1.048839e-04   8.974411e-05   5.027449e-06   336
  1.347800e-01   1.288438e-04   8.170456e-05   9.458091e-06   168
  1.350122e-01   1.141978e-04   1.614687e-09   6.756592e-06   336
  1.354927e-01   1.037173e-04   8.480446e-05   6.373547e-06   288
  1.357812e-01   1.065607e-04   7.990748e-05   6.508176e-06   264
  1.362699e-01   1.175569e-04   0.000000e+00   7.314738e-06   240
  1.364486e-01   1.159575e-04   2.825702e-09   9.675625e-06   96
  1.370900e-01   1.278790e-04   1.086688e-04   6.487431e-06   360
  1.373893e-01   1.255028e-04   8.010757e-05   1.052216e-05   168
  1.377676e-01   1.230332e-04   8.732558e-05   5.427417e-06   456
  1.382230e-01   1.139361e-04   2.511735e-09   1.028409e-05   108
  1.384792e-01   1.204824e-04   8.761995e-05   8.698672e-06   264
  1.387988e-01   1.138335e-04   7.817127e-05   7.226536e-06   264
  1.392364e-01   1.309258e-04   7.376599e-05   7.936471e-06   312
  1.397814e-01   1.298646e-04   5.481617e-05   8.290453e-06   270
  1.400098e-01   1.193889e-04   6.959603e-05   8.180407e-06   240
  1.404204e-01   1.230850e-04   8.609907e-05   5.971569e-06   384
  1.406696e-01   1.065138e-04   0.000000e+00   7.117180e-06   192
  1.411539e-01   1.306044e-04   6.908303e-05   9.227641e-06   240
  1.414347e-01   1.227412e-04   8.525963e-05   6.562721e-06   336
  1.419630e-01   1.289410e-04   8.583011e-05   5.756927e-06   480
  1.423915e-01   1.302986e-04   0.000000e+00   1.528238e-05   72
  1.426309e-01   1.335397e-04   8.369217e-05   8.370518e-06   240
  1.429564e-01   1.196446e-04   7.865917e-05   6.993429e-06   312
  1.433297e-01   1.149240e-04   8.501169e-05   7.985676e-06   240
  1.438936e-01   1.274002e-04   6.458688e-05   6.193359e-06   408
  1.441169e-01   1.203628e-04   5.914602e-05   6.921724e-06   336
  1.445532e-01   1.279704e-04   7.510087e-05   9.143299e-06   264
  1.447677e-01   1.554719e-04   0.000000e+00   1.295155e-05   144
  1.453643e-01   1.282085e-04   1.040943e-04   6.076192e-06   464
  1.456786e-01   9.969016e-05   8.277629e-05   7.142287e-06   168
  1.459889e-01   1.604561e-04   7.539115e-05   8.501408e-06   336
  1.465498e-01   1.263694e-04   7.921315e-05   6.380070e-06   414
  1.468660e-01   1.417689e-04   8.245619e-05   8.897177e-06   216
  1.472710e-01   1.276553e-04   1.998073e-09   1.269732e-05   96
  1.474364e-01   1.266769e-04   5.994218e-09   5.725118e-06   384
  1.480158e-01   1.359719e-04   8.229688e-05   6.744056e-06   492
  1.483263e-01   1.070494e-04   8.047930e-05   6.510756e-06   240
  1.486772e-01   1.093837e-04   8.171468e-05   6.251017e-06   312
  1.491618e-01   1.358036e-04   8.168777e-05   1.073324e-05   192
  1.494688e-01   1.344718e-04   7.916535e-05   6.099155e-06   504
  1.498761e-01   1.292147e-04   5.240881e-05   6.515043e-06   408
  1.501968e-01   1.494051e-04   1.605609e-04   1.169391e-05   168
  1.505981e-01   1.192613e-04   7.626782e-05   7.634957e-06   288
  1.509348e-01   1.240499e-04   7.959200e-05   8.302299e-06   288
  1.512797e-01   1.360523e-04   8.005014e-05   6.656438e-06   432
  1.517801e-01   1.440672e-04   7.570076e-05   9.659389e-06   216
  1.520474e-01   1.339205e-04   7.554106e-05   6.366499e-06   360
  1.525234e-01   1.439958e-04   7.372735e-05   8.128754e-06   312
  1.529530e-01   1.535450e-04   0.000000e+00   2.430855e-05   48
  1.532006e-01   1.337129e-04   7.904634e-05   6.649937e-06   432
  1.536441e-01   1.263946e-04   1.318501e-04   5.904222e-06   414
  1.539060e-01   1.292529e-04   6.955573e-09   7.208450e-06   312
  1.543946e-01   1.416649e-04   1.156911e-04   5.973442e-06   528
  1.547243e-01   1.421463e-04   6.072803e-05   8.872396e-06   264
  1.551204e-01   1.298235e-04   7.200680e-05   6.426139e-06   480
  1.556380e-01   1.346479e-04   0.000000e+00   7.138279e-06   288
  1.558615e-01   1.411247e-04   7.736908e-05   1.155005e-05   168
  1.562704e-01   1.381870e-04   1.224750e-04   5.784351e-06   504
  1.567302e-01   1.505990e-04   2.664097e-09   1.074538e-05   144
  1.570194e-01   1.318106e-04   7.865832e-05   6.061064e-06   464
  1.574541e-01   1.195512e-04   1.154355e-04   5.614263e-06   432
  1.576603e-01   1.566700e-04   1.998073e-09   1.092381e-05   192
  1.581934e-01   1.287579e-04   8.557628e-05   5.749763e-06   396
  1.585082e-01   1.376351e-04   7.687110e-05   8.249704e-06   288
  1.588263e-01   1.408774e-04   7.593549e-05   7.690999e-06   336
  1.593345e-01   1.317526e-04   4.808388e-05   5.715921e-06   432
  1.596570e-01   1.422590e-04   1.246267e-04   7.000617e-06   360
  1.600192e-01   1.416842e-04   7.371853e-05   6.812490e-06   384
  1.605335e-01   1.194874e-04   6.507077e-05   9.214781e-06   198
  1.607813e-01   1.391569e-04   7.396430e-05   5.331264e-06   552
  1.612434e-01   1.159693e-04   1.035450e-04   6.120325e-06   432
  1.616292e-01   1.531936e-04   0.000000e+00   1.154639e-05   168
  1.619530e-01   1.414468e-04   1.283579e-04   6.311757e-06   480
  1.623813e-01   1.066814e-04   0.000000e+00   9.703128e-06   120
  1.625741e-01   1.317617e-04   1.048372e-04   7.936918e-06   336
  1.630445e-01   1.448554e-04   7.396097e-05   5.077272e-06   672
  1.635097e-01   1.439522e-04   1.075863e-04   6.514106e-06   528
  1.637264e-01   1.367735e-04   3.229373e-09   8.720394e-06   168
  1.642270e-01   1.432532e-04   1.200118e-04   6.285250e-06   456
  1.645324e-01   1.599270e-04   7.329223e-05   1.428086e-05   168
  1.648495e-01   1.472553e-04   7.316065e-05   7.157816e-06   504
  1.653766e-01   1.404398e-04   9.414654e-05   7.799703e-06   336
  1.656953e-01   1.596504e-04   6.786851e-05   8.817034e-06   312
  1.660489e-01   1.514737e-04   6.631214e-05   6.653870e-06   504
  1.665141e-01   1.453614e-04   4.600920e-05   6.169117e-06   432
  1.667329e-01   1.330181e-04   7.109945e-05   7.675088e-06   312
  1.671876e-01   1.405211e-04   7.288039e-05   6.454517e-06   384
  1.676624e-01   1.614247e-04   6.192036e-05   1.496364e-05   126
  1.679555e-01   1.477786e-04   1.087174e-04   7.388096e-06   492
  1.683299e-01   1.516202e-04   6.963360e-05   6.235050e-06   528
  1.687978e-01   1.441634e-04   7.073279e-05   6.241688e-06   480
  1.690879e-01   1.530663e-04   9.771696e-05   7.098671e-06   432
  1.695076e-01   1.620433e-04   7.684145e-05   7.331907e-06   440
  1.699951e-01   1.442785e-04   3.821294e-05   8.333975e-06   312
  1.701781e-01   1.587935e-04   5.726529e-05   8.670925e-06   480
  1.705533e-01   1.457893e-04   1.121243e-04   7.538136e-06   408
  1.711016e-01   1.477255e-04   6.714979e-05   7.348047e-06   360
  1.713332e-01   1.449783e-04   6.479710e-05   7.235508e-06   408
  1.717625e-01   1.472313e-04   6.593925e-05   6.676088e-06   456
  1.722458e-01   1.576875e-04   6.302169e-05   9.313622e-06   264
  1.725141e-01   1.448653e-04   6.839435e-05   7.771511e-06   384
  1.729046e-01   1.542043e-04   1.151467e-04   6.073394e-06   672
  1.733561e-01   1.495534e-04   6.887260e-05   9.779438e-06   240
  1.736166e-01   1.579339e-04   6.988846e-05   9.172708e-06   264
  1.739843e-01   1.387882e-04   8.619588e-05   5.986506e-06   624
  1.745329e-01   1.729468e-04   0.000000e+00   1.334961e-05   150
  1.747283e-01   1.641142e-04   9.658929e-05   7.212596e-06   600
  1.751402e-01   1.421082e-04   6.666345e-05   5.944802e-06   672
  1.756067e-01   1.572135e-04   6.270167e-05   9.162835e-06   336
  1.758666e-01   1.596926e-04   6.820115e-05   8.004311e-06   408
  1.762818e-01   1.499034e-04   6.804049e-05   7.394620e-06   408
  1.767436e-01   1.437878e-04   3.440492e-05   7.367306e-06   360
  1.770283e-01   1.629089e-04   1.263238e-04   7.595875e-06   456
  1.773722e-01   1.512033e-04   6.869566e-05   6.845589e-06   384
  1.778099e-01   1.831157e-04   6.341480e-05   9.184253e-06   348
  1.780464e-01   1.570945e-04   7.817791e-05   6.543484e-06   576
  1.784907e-01   1.635386e-04   6.436923e-05   7.553329e-06   504
  1.789452e-01   1.602776e-04   9.078907e-05   7.346017e-06   432
  1.793419e-01   1.484175e-04   1.235181e-04   5.907174e-06   576
  1.796248e-01   1.602099e-04   0.000000e+00   9.287409e-06   264
  1.800736e-01   1.633154e-04   9.828954e-05   5.654297e-06   768
  1.804640e-01   1.944692e-04   1.323290e-04   1.305553e-05   240
  1.807743e-01   1.570878e-04   1.167016e-04   1.203335e-05   192
  1.812263e-01   1.584317e-04   8.590664e-05   6.615574e-06   504
  1.815615e-01   1.499794e-04   1.157624e-04   6.185111e-06   590
  1.818830e-01   1.561772e-04   1.297055e-04   7.740692e-06   384
  1.822861e-01   1.656167e-04   1.083956e-04   7.447706e-06   504
  1.827729e-01   1.758432e-04   1.043140e-04   6.469662e-06   648
  1.832449e-01   1.690895e-04   2.833030e-05   7.366096e-06   504
  1.834353e-01   1.751752e-04   6.462673e-05   9.005392e-06   312
  1.837714e-01   1.531247e-04   9.311123e-05   5.815528e-06   576
  1.842327e-01   1.637348e-04   6.479663e-05   1.028311e-05   240
  1.845017e-01   1.609012e-04   6.547387e-05   6.548762e-06   552
  1.848823e-01   1.769050e-04   6.147846e-05   7.042739e-06   600
  1.854246e-01   1.661769e-04   7.509108e-05   6.063180e-06   600
  1.857506e-01   1.839071e-04   1.202524e-04   1.086402e-05   312
  1.860753e-01   1.807426e-04   1.047280e-04   7.940281e-06   480
  1.864809e-01   1.872802e-04   6.534019e-05   7.593768e-06   576
  1.868380e-01   1.799212e-04   1.052119e-04   9.100615e-06   408
  1.871548e-01   1.830001e-04   1.227345e-04   1.132443e-05   216
  1.875642e-01   1.532626e-04   9.400084e-05   6.879944e-06   516
  1.880028e-01   1.856596e-04   8.968636e-05   7.287936e-06   744
  1.884552e-01   1.740448e-04   5.990257e-05   8.030505e-06   462
  1.887109e-01   1.879275e-04   6.088230e-05   9.181969e-06   432
  1.891075e-01   1.897949e-04   5.648168e-05   6.737462e-06   648
  1.895737e-01   1.935075e-04   8.264320e-05   7.999553e-06   528
  1.899483e-01   1.657680e-04   9.952305e-05   6.938283e-06   600
  1.903225e-01   1.665692e-04   1.254725e-04   1.264239e-05   240
  1.906850e-01   1.720457e-04   9.611075e-05   6.250829e-06   720
  1.911062e-01   1.965076e-04   7.604100e-05   6.950517e-06   720
  1.915732e-01   1.621975e-04   0.000000e+00   1.196382e-05   144
  1.918190e-01   1.709775e-04   9.803961e-05   6.128143e-06   720
  1.921686e-01   2.100507e-04   5.878648e-05   1.147841e-05   384
  1.926063e-01   1.821069e-04   6.516793e-05   7.035570e-06   672
  1.930215e-01   1.849959e-04   1.141019e-04   9.690671e-06   336
  1.932199e-01   2.081480e-04   0.000000e+00   1.271400e-05   288
  1.937055e-01   1.812144e-04   9.030399e-05   6.315627e-06   776
  1.941551e-01   2.007369e-04   7.726878e-05   7.624345e-06   720
  1.945327e-01   1.938552e-04   6.224567e-05   1.004040e-05   432
  1.948347e-01   1.882328e-04   8.873905e-05   1.005758e-05   504
  1.951706e-01   1.790902e-04   6.217429e-05   7.951082e-06   528
  1.956407e-01   1.911880e-04   8.470885e-05   8.887035e-06   438
  1.960275e-01   1.742073e-04   9.859335e-05   7.026470e-06   624
  1.963189e-01   2.048613e-04   1.207635e-04   1.114980e-05   312
  1.967196e-01   1.930161e-04   6.506437e-05   6.925646e-06   696
  1.971339e-01   1.873776e-04   5.887146e-05   7.967420e-06   552
  1.975648e-01   1.756810e-04   4.554687e-05   7.199666e-06   516
  1.978313e-01   1.844039e-04   9.097645e-05   7.546726e-06   528
  1.981558e-01   1.864429e-04   5.916447e-05   8.669297e-06   528
  1.986168e-01   1.890137e-04   7.802593e-05   6.686670e-06   864
  1.989297e-01   1.699371e-04   1.068795e-04   7.927607e-06   408
  1.992429e-01   1.874268e-04   1.058911e-04   1.257077e-05   192
  1.996868e-01   1.959226e-04   8.762994e-05   7.201432e-06   720
  2.000615e-01   1.731449e-04   8.079911e-05   6.148642e-06   696
  2.005068e-01   1.962041e-04   8.726379e-05   7.063661e-06   720
  2.009142e-01   1.857758e-04   1.182756e-04   8.877346e-06   432
  2.011518e-01   1.751315e-04   6.962164e-05   1.068679e-05   264
  2.015793e-01   1.975097e-04   9.614441e-05   7.245403e-06   672
  2.019616e-01   1.948363e-04   9.843711e-05   7.749749e-06   600
  2.024154e-01   1.926948e-04   5.763483e-05   1.232554e-05   270
  2.026441e-01   1.926654e-04   8.675648e-05   8.572800e-06   528
  2.030077e-01   2.129140e-04   5.940776e-05   8.066204e-06   840
  2.035062e-01   2.004581e-04   1.135983e-04   6.955106e-06   888
  2.039669e-01   1.961644e-04   8.463909e-05   7.652551e-06   744
  2.043562e-01   2.159453e-04   4.349214e-05   1.066818e-05   456
  2.045498e-01   1.868482e-04   5.943469e-05   8.877982e-06   360
  2.048811e-01   1.943641e-04   5.149682e-05   9.131027e-06   384
  2.053895e-01   2.075891e-04   8.260041e-05   7.406299e-06   816
  2.057710e-01   2.076402e-04   1.198416e-04   6.992417e-06   824
  2.062346e-01   2.030927e-04   5.570811e-05   1.109607e-05   360
  2.064829e-01   2.307974e-04   8.220424e-05   9.447338e-06   624
  2.068246e-01   1.802450e-04   5.554917e-05   8.823755e-06   360
  2.072798e-01   2.057975e-04   7.556319e-05   6.810234e-06   876
  2.076909e-01   1.938659e-04   8.974647e-05   8.001636e-06   696
  2.081055e-01   2.195415e-04   5.795238e-05   1.179554e-05   336
  2.083228e-01   2.184347e-04   5.788726e-05   1.016601e-05   504
  2.086818e-01   2.044526e-04   5.838888e-05   7.446957e-06   672
  2.092144e-01   1.923672e-04   1.162387e-04   7.143521e-06   720
  2.095838e-01   1.890803e-04   8.780591e-05   7.517905e-06   774
  2.099915e-01   2.063207e-04   5.025783e-05   9.873124e-06   384
  2.102050e-01   2.045827e-04   9.671763e-05   9.046788e-06   528
  2.105364e-01   2.089195e-04   9.217729e-05   7.503570e-06   744
  2.110694e-01   2.130488e-04   7.602671e-05   7.568688e-06   768
  2.114233e-01   2.080189e-04   8.534571e-05   8.634284e-06   552
  2.118649e-01   1.954836e-04   9.301717e-05   7.465496e-06   696
  2.121934e-01   2.181314e-04   1.130320e-04   1.146909e-05   408
  2.124541e-01   2.027960e-04   4.883074e-05   9.147812e-06   504
  2.128675e-01   1.982651e-04   8.772259e-05   7.058215e-06   888
  2.132743e-01   1.930478e-04   9.116913e-05   7.584133e-06   648
  2.136971e-01   1.993901e-04   9.038766e-05   8.278081e-06   648
  2.140948e-01   2.070565e-04   9.746006e-05   7.299465e-06   792
  2.145162e-01   2.008723e-04   1.425907e-04   8.181101e-06   600
  2.148267e-01   1.957587e-04   9.663487e-05   9.320365e-06   456
  2.151535e-01   2.125323e-04   4.709572e-05   8.197041e-06   648
  2.155732e-01   1.972255e-04   9.184351e-05   6.284666e-06   936
  2.160264e-01   2.010607e-04   5.640375e-05   9.576868e-06   384
  2.164208e-01   4.383370e-35   4.745948e-09   4.734293e-36   198
  2.167253e-01   3.366281e-35   1.431011e-04   1.275423e-36   1224
  2.170537e-01   4.320436e-35   1.042217e-04   2.712890e-36   420
  2.174420e-01   3.672060e-35   1.008648e-04   1.922822e-36   792
  2.178218e-01   4.238291e-35   8.340657e-05   2.411743e-36   680
  2.182552e-01   3.663325e-35   7.658783e-05   2.149374e-36   600
  2.186039e-01   3.674695e-35   1.110734e-04   1.661225e-36   840
  2.190695e-01   4.022605e-35   5.244369e-05   2.711406e-36   432
  2.192474e-01   4.398557e-35   4.914665e-05   2.065821e-36   720
  2.196343e-01   3.894921e-35   9.843213e-05   1.708754e-36   960
  2.201154e-01   3.903462e-35   8.774504e-05   2.252578e-36   528
  2.204670e-01   3.993017e-35   8.969217e-05   2.318836e-36   624
  2.208855e-01   3.840514e-35   7.049743e-05   1.813722e-36   816
  2.213008e-01   3.981044e-35   1.159345e-04   1.871869e-36   696
  2.217599e-01   2.893633e-35   7.830814e-09   1.984860e-36   240
  2.219325e-01   3.523311e-35   6.836935e-05   1.774269e-36   672
  2.223177e-01   3.406302e-35   1.221858e-04   1.506373e-36   864
  2.227499e-01   3.952751e-35   9.375778e-05   1.909694e-36   816
  2.231394e-01   4.021635e-35   5.366372e-05   1.991053e-36   648
  2.235589e-01   3.772444e-35   5.485410e-05   1.643162e-36   843
  2.239151e-01   3.589674e-35   9.869601e-05   1.469923e-36   780
  2.243395e-01   3.458559e-35   5.295844e-05   2.883147e-36   216
  2.246013e-01   4.084393e-35   1.277035e-04   1.705896e-36   1056
  2.250039e-01   3.504824e-35   1.044758e-04   2.688025e-36   228
  2.253767e-01   3.735093e-35   1.300750e-04   1.526711e-36   924
  2.257594e-01   4.560454e-35   4.825052e-05   2.356648e-36   696
  2.261647e-01   4.306421e-35   8.587211e-05   1.781333e-36   996
  2.265793e-01   3.757924e-35   5.069718e-05   1.873558e-36   576
  2.270107e-01   3.422438e-35   7.824775e-05   1.830010e-36   552
  2.273251e-01   3.536663e-35   9.342507e-05   1.851317e-36   516
  2.276442e-01   4.251841e-35   1.358594e-04   2.088056e-36   744
  2.280088e-01   3.928820e-35   6.664715e-05   2.315186e-36   576
  2.283260e-01   3.853876e-35   6.859680e-05   1.630599e-36   792
  2.287768e-01   4.266365e-35   7.841886e-05   1.864977e-36   792
  2.291071e-01   3.562102e-35   8.457391e-05   1.552645e-36   720
  2.295538e-01   3.936502e-35   9.639481e-05   1.811417e-36   656
  2.299724e-01   4.142510e-35   1.052581e-04   1.819187e-36   816
  2.304015e-01   3.481826e-35   5.675340e-05   1.748857e-36   492
  2.306454e-01   4.442676e-35   8.164378e-05   2.478556e-36   552
  2.311032e-01   3.386867e-35   1.419686e-04   1.354657e-36   780
  2.314005e-01   4.567433e-35   8.720963e-05   2.868482e-36   528
  2.317208e-01   4.520776e-35   1.018002e-04   2.730750e-36   600
  2.321929e-01   4.046145e-35   8.460399e-05   1.830195e-36   900
  2.325183e-01   4.454719e-35   4.683822e-05   2.079901e-36   696
  2.329660e-01   4.002083e-35   1.184322e-04   1.820392e-36   696
  2.333991e-01   4.603458e-35   4.804683e-05   2.301998e-36   552
  2.337633e-01   4.061535e-35   5.587403e-05   1.846922e-36   708
  2.341448e-01   4.013908e-35   9.225121e-05   1.627528e-36   876
  2.345418e-01   3.834296e-35   4.898356e-05   2.808268e-36   216
  2.348082e-01   4.400626e-35   1.339767e-04   1.760609e-36   1032
  2.352071e-01   4.215773e-35   1.491682e-04   2.161362e-36   600
  2.356212e-01   4.224213e-35   7.117755e-05   2.097374e-36   600
  2.359371e-01   4.687951e-35   1.256929e-04   2.746390e-36   528
  2.363105e-01   4.562040e-35   6.899988e-05   1.935144e-36   732
  2.367039e-01   5.120446e-35   5.095015e-05   3.147311e-36   336
  2.371566e-01   4.101447e-35   7.261407e-05   1.664725e-36   912
  2.374950e-01   4.302338e-35   7.288252e-05   1.914568e-36   624
  2.378647e-01   3.929867e-35   6.141657e-05   2.104972e-36   768
  2.382963e-01   4.587437e-35   1.108076e-04   2.001098e-36   792
  2.387198e-01   4.333816e-35   5.493383e-05   1.920467e-36   660
  2.390212e-01   4.342343e-35   8.095383e-05   2.478319e-36   504
  2.393329e-01   4.938625e-35   1.322631e-04   2.868929e-36   480
  2.398000e-01   5.214141e-35   1.223261e-04   2.271266e-36   912
  2.401658e-01   4.008341e-35   1.362291e-04   2.360892e-36   432
  2.405113e-01   4.693759e-35   8.088962e-05   2.462140e-36   564
  2.408180e-01   4.652390e-35   7.742251e-05   2.378924e-36   600
  2.412498e-01   4.614148e-35   1.079196e-04   1.901026e-36   876
  2.415741e-01   4.655636e-35   4.852393e-05   4.301354e-36   264
  2.420212e-01   4.637399e-35   9.415549e-05   2.811021e-36   560
  2.423806e-01   4.654058e-35   6.398069e-05   1.991073e-36   840
  2.428168e-01   4.592245e-35   9.863978e-05   1.601305e-36   1008
  2.432202e-01   4.244766e-35   4.412481e-05   2.117987e-36   456
  2.435886e-01   4.874429e-35   5.715745e-05   2.633294e-36   576
  2.439292e-01   4.565725e-35   8.782853e-05   2.364388e-36   612
  2.443783e-01   4.292286e-35   7.844513e-05   1.753365e-36   780
  2.447447e-01   4.804708e-35   8.989453e-05   2.242307e-36   648
  2.451197e-01   4.236361e-35   4.189201e-05   3.177781e-36   312
  2.453594e-01   4.555613e-35   1.064407e-04   2.575317e-36   528
  2.457747e-01   4.171619e-35   1.390063e-04   1.773791e-36   720
  2.461718e-01   4.376072e-35   1.394416e-04   2.049582e-36   576
  2.466533e-01   4.854020e-35   1.202863e-04   2.966646e-36   444
  2.469529e-01   5.284191e-35   1.179621e-04   2.232808e-36   996
  2.473200e-01   4.734898e-35   9.853387e-05   2.379873e-36   432
  2.476669e-01   5.851478e-35   1.078752e-04   3.630395e-36   504
  2.479666e-01   4.750559e-35   4.863583e-05   2.548304e-36   504
  2.483934e-01   4.948336e-35   9.571589e-05   2.047250e-36   876
  2.487796e-01   5.238017e-35   1.101599e-04   2.633506e-36   504
  2.491817e-01   4.697513e-35   7.025420e-05   2.099824e-36   696
  2.495140e-01   5.185839e-35   6.005997e-05   2.703256e-36   492
  2.499662e-01   5.640025e-35   8.597875e-05   3.721507e-36   432
  2.503011e-01   5.193951e-35   8.050968e-05   2.285300e-36   768
  2.506981e-01   4.892653e-35   1.002856e-04   2.049636e-36   648
  2.510772e-01   4.943581e-35   6.542561e-05   3.104359e-36   456
  2.515128e-01   5.537219e-35   8.997083e-05   3.000508e-36   552
  2.518153e-01   4.478815e-35   6.166608e-05   1.945798e-36   648
  2.522317e-01   5.196261e-35   1.005122e-04   2.145337e-36   840
  2.526384e-01   5.024585e-35   4.793217e-05   2.874090e-36   432
  2.530455e-01   4.632415e-35   5.870872e-05   2.204596e-36   600
  2.533287e-01   5.792049e-35   6.255029e-05   3.568983e-36   432
  2.538044e-01   5.437156e-35   6.227491e-05   2.989535e-36   560
  2.541265e-01   5.660264e-35   9.857465e-05   2.770016e-36   840
  2.545299e-01   4.777244e-35   5.838720e-05   2.738559e-36   504
  2.548502e-01   5.527775e-35   1.191648e-04   2.406013e-36   696
  2.553018e-01   4.767190e-35   6.508356e-05   2.353559e-36   384
  2.556535e-01   4.930372e-35   9.533975e-05   2.355721e-36   576
  2.560789e-01   5.008956e-35   5.883893e-05   2.741110e-36   360
  2.564218e-01   5.584291e-35   8.762544e-05   2.615908e-36   828
  2.567917e-01   5.711526e-35   7.804673e-05   3.184079e-36   372
  2.571307e-01   6.194987e-35   1.191923e-04   3.168454e-36   576
  2.575797e-01   5.773222e-35   4.991761e-05   3.101916e-36   636
  2.578996e-01   5.068048e-35   9.622826e-05   2.311011e-36   648
  2.583323e-01   5.304198e-35   7.822306e-05   2.472959e-36   576
  2.586430e-01   5.691407e-35   1.261820e-04   2.899532e-36   528
  2.590561e-01   5.619179e-35   5.394804e-05   3.997507e-36   360
  2.593981e-01   5.634560e-35   1.241007e-04   2.619532e-36   672
  2.598446e-01   5.319678e-35   6.356642e-05   2.156170e-36   804
  2.602163e-01   5.326459e-35   7.012137e-05   2.828358e-36   408
  2.606274e-01   5.797520e-35   4.334263e-05   4.047426e-36   384
  2.609042e-01   5.981069e-35   9.918459e-05   3.004895e-36   480
  2.612947e-01   4.914309e-35   6.408778e-05   2.489364e-36   432
  2.616692e-01   6.578432e-35   1.181001e-04   3.140080e-36   648
  2.621125e-01   5.589695e-35   7.328056e-05   2.541943e-36   624
  2.624367e-01   5.315419e-35   6.665485e-05   3.402880e-36   456
  2.628795e-01   5.698548e-35   9.105646e-05   3.061095e-36   588
  2.631762e-01   6.342307e-35   5.809364e-05   3.309009e-36   600
  2.636094e-01   6.423820e-35   9.061183e-05   3.050556e-36   708
  2.639516e-01   5.844850e-35   5.708370e-05   3.436823e-36   360
  2.643298e-01   6.702754e-35   6.561923e-05   3.322267e-36   552
  2.646923e-01   6.534925e-35   4.603344e-05   4.730415e-36   288
  2.650603e-01   6.038027e-35   8.655546e-05   3.503836e-36   528
  2.654060e-01   5.963394e-35   5.839431e-05   3.352080e-36   456
  2.657924e-01   5.921962e-35   1.035458e-04   2.853334e-36   608
  2.661809e-01   6.028282e-35   5.009661e-05   3.188424e-36   504
  2.666055e-01   5.734887e-35   1.075546e-04   2.963124e-36   540
  2.669384e-01   6.678298e-35   1.154568e-04   4.567502e-36   360
  2.672972e-01   6.787813e-35   5.228475e-05   3.520158e-36   540
  2.676146e-01   6.424764e-35   4.489266e-05   3.100675e-36   576
  2.680762e-01   5.973386e-35   1.040909e-04   2.833892e-36   588
  2.685150e-01   5.876662e-35   1.436140e-04   2.685794e-36   672
  2.688920e-01   6.943269e-35   1.097654e-04   3.743459e-36   552
  2.691959e-01   7.572582e-35   1.098209e-04   7.287105e-36   144
  2.695837e-01   6.773542e-35   9.330411e-05   3.649130e-36   600
  2.699514e-01   6.623440e-35   1.169304e-04   3.871396e-36   504
  2.703595e-01   5.386677e-35   1.201111e-04   3.353367e-36   336
  2.707887e-01   6.697667e-35   1.350054e-04   3.601043e-36   600
  2.711731e-01   6.017938e-35   8.712810e-05   2.592820e-36   636
  2.715880e-01   6.113532e-35   7.005178e-05   3.813960e-36   384
  2.718789e-01   6.549245e-35   9.771396e-05   3.786457e-36   504
  2.722982e-01   7.387166e-35   4.100918e-05   5.212334e-36   240
  2.726291e-01   7.325362e-35   9.633639e-05   3.084787e-36   744
  2.730261e-01   7.004749e-35   6.578310e-05   3.243418e-36   648
  2.733790e-01   9.737211e-35   4.366878e-05   1.243375e-35   120
  2.737925e-01   6.379769e-35   6.859799e-05   2.986560e-36   564
  2.741050e-01   6.745102e-35   1.077373e-04   4.050005e-36   432
  2.745220e-01   6.049667e-35   8.362543e-05   3.203492e-36   480
  2.748361e-01   7.117515e-35   6.155045e-05   3.368782e-36   456
  2.752067e-01   6.362521e-35   1.018569e-04   3.441447e-36   444
  2.756274e-01   6.004516e-35   1.558464e-04   2.964209e-36   528
  2.759969e-01   5.737833e-35   1.157439e-04   3.291572e-36   264
  2.763555e-01   6.129831e-35   1.186203e-04   3.233092e-36   444
  2.768379e-01   6.891349e-35   1.299311e-04   2.950607e-36   696
  2.772383e-01   6.178669e-35   6.949148e-05   3.755902e-36   384
  2.775311e-01   7.042795e-35   8.780831e-05   3.834032e-36   432
  2.779866e-01   6.479522e-35   6.067143e-05   3.258351e-36   488
  2.782823e-01   6.840025e-35   9.143939e-05   3.851498e-36   480
  2.787111e-01   7.255112e-35   1.019738e-04   4.511451e-36   480
  2.790432e-01   7.343894e-35   4.278510e-05   5.165162e-36   240
  2.794202e-01   6.003424e-35   9.994261e-05   3.120034e-36   600
  2.797758e-01   6.903708e-35   8.708975e-05   3.998156e-36   288
  2.801544e-01   7.315885e-35   8.377397e-05   4.152009e-36   480
  2.805379e-01   7.205163e-35   1.490189e-04   3.960998e-36   504
  2.809155e-01   8.175966e-35   6.393839e-05   6.592246e-36   216
  2.813970e-01   7.628660e-35   1.046773e-04   4.393366e-36   504
  2.817720e-01   7.831699e-35   8.419242e-05   4.765393e-36   456
  2.821825e-01   8.978846e-35   4.828579e-05   6.469319e-36   384
  2.824544e-01   6.442788e-35   9.800271e-05   3.052936e-36   480
  2.828408e-01   7.123231e-35   8.605736e-05   3.708545e-36   504
  2.831988e-01   8.970021e-35   5.458940e-05   6.485764e-36   312
  2.835845e-01   7.828329e-35   8.796897e-05   4.925343e-36   492
  2.839260e-01   8.601695e-35   8.245044e-05   6.626730e-36   312
  2.843655e-01   7.809397e-35   1.339342e-04   3.679156e-36   576
  2.847524e-01   7.614369e-35   1.236321e-04   4.991354e-36   336
  2.850738e-01   7.959235e-35   9.519099e-05   5.748122e-36   240
  2.855192e-01   7.159264e-35   1.261991e-04   4.345499e-36   468
  2.859039e-01   6.757091e-35   7.901891e-05   6.824087e-36   192
  2.863065e-01   8.017340e-35   7.925442e-05   5.446737e-36   324
  2.866016e-01   7.821181e-35   5.752155e-05   3.755993e-36   600
  2.870037e-01   9.638917e-35   9.332283e-05   7.623525e-36   456
  2.873023e-01   7.724521e-35   4.197661e-05   5.122480e-36   336
  2.877972e-01   8.377676e-35   1.256898e-04   4.515895e-36   612
  2.881573e-01   6.899842e-35   1.054844e-04   9.247663e-36   144
  2.884978e-01   8.435780e-35   1.231274e-04   5.549744e-36   552
  2.889609e-01   7.574280e-35   4.848907e-05   5.504474e-36   264
  2.892225e-01   7.542963e-35   1.122646e-04   4.715865e-36   336
  2.896353e-01   7.621194e-35   7.418058e-05   4.840013e-36   384
  2.899932e-01   8.266562e-35   4.175634e-05   5.603780e-36   216
  2.903894e-01   7.554398e-35   8.853205e-05   4.895222e-36   344
  2.907507e-01   7.249540e-35   1.320940e-04   4.199360e-36   408
  2.911910e-01   9.005345e-35   1.015056e-04   6.144432e-36   264
  2.915811e-01   9.105973e-35   1.415038e-04   4.490768e-36   612
  2.919709e-01   7.896616e-35   7.282870e-05   4.553886e-36   408
  2.923718e-01   7.837381e-35   7.293338e-05   4.337720e-36   444
  2.926663e-01   1.251748e-34   4.079109e-05   1.768493e-35   120
  2.930609e-01   9.431474e-35   1.126983e-04   6.720806e-36   336
  2.933538e-01   8.178966e-35   3.916222e-05   6.415249e-36   288
  2.937496e-01   7.530592e-35   1.218735e-04   4.499895e-36   552
  2.942938e-01   8.469952e-35   6.525678e-09   1.058317e-35   72
  2.945736e-01   8.050595e-35   1.210514e-04   4.362119e-36   504
  2.949004e-01   7.704441e-35   3.895317e-05   5.252813e-36   216
  2.953239e-01   8.586675e-35   6.954821e-05   5.169418e-36   312
  2.957040e-01   8.395570e-35   7.919158e-05   5.098400e-36   336
  2.960663e-01   8.841480e-35   1.097684e-04   8.341628e-36   204
  2.964271e-01   8.173250e-35   1.275676e-04   4.482438e-36   504
  2.968098e-01   8.315444e-35   1.214810e-04   4.840310e-36   396
  2.971778e-01   8.909841e-35   1.114044e-04   7.106799e-36   312
  2.976240e-01   8.847587e-35   6.808000e-05   8.739658e-36   216
  2.979383e-01   8.989653e-35   3.694832e-05   9.319542e-36   168
  2.983203e-01   8.772566e-35   9.329657e-05   4.200020e-36   588
  2.987563e-01   8.251486e-35   1.266392e-04   5.926757e-36   240
  2.990950e-01   9.749860e-35   1.118436e-04   6.293502e-36   264
  2.994922e-01   1.009909e-34   1.383176e-04   6.953771e-36   288
  2.998446e-01   7.840028e-35   6.907007e-05   5.155744e-36   288
  3.002913e-01   1.021403e-34   6.486779e-05   7.070513e-36   288
  3.005921e-01   8.483451e-35   7.514392e-05   5.331218e-36   192
  3.009705e-01   8.218211e-35   7.996067e-05   6.045494e-36   264
  3.013310e-01   8.887038e-35   1.315242e-04   6.077369e-36   372
  3.017189e-01   1.018567e-34   1.420518e-04   6.309592e-36   360
  3.021924e-01   8.155860e-35   6.011768e-05   1.072984e-35   144
  3.024371e-01   9.947890e-35   8.350082e-05   7.473636e-36   296
  3.028234e-01   9.406614e-35   8.996782e-05   5.835928e-36   288
  3.032657e-01   9.127603e-35   1.344546e-04   4.034803e-36   480
  3.036471e-01   8.258131e-35   1.117190e-04   6.939795e-36   192
  3.040181e-01   9.810024e-35   1.198338e-04   9.118239e-36   192
  3.043553e-01   1.000862e-34   7.637151e-05   1.056878e-35   288
  3.048242e-01   1.245629e-34   6.648036e-05   1.129358e-35   108
  3.050604e-01   1.066217e-34   6.391272e-05   9.505560e-36   240
  3.054775e-01   1.005504e-34   1.192307e-04   5.478948e-36   384
  3.059059e-01   8.599511e-35   1.454479e-04   8.603317e-36   108
  3.062848e-01   9.756749e-35   8.527881e-05   5.960211e-36   348
  3.066832e-01   1.047322e-34   8.900031e-05   7.425387e-36   312
  3.070391e-01   6.196937e-35   8.648246e-05   5.872801e-36   96
  3.073663e-01   9.232187e-35   1.151358e-04   4.687245e-36   384
  3.077328e-01   9.637036e-35   7.919012e-05   7.003390e-36   144
  3.080912e-01   1.003157e-34   1.216791e-04   7.131260e-36   408
  3.085368e-01   1.045990e-34   5.427748e-05   1.042424e-35   144
  3.089578e-01   9.189167e-35   1.043490e-04   6.406103e-36   192
  3.092074e-01   7.038136e-35   1.174468e-04   6.128839e-36   144
  3.096144e-01   1.083951e-34   9.548855e-05   9.571764e-36   144
  3.099983e-01   1.014548e-34   1.167025e-04   6.465684e-36   336
  3.104685e-01   8.536017e-35   8.634502e-05   6.720528e-36   240
  3.107666e-01   7.968509e-35   3.920851e-05   8.875015e-36   96
  3.111825e-01   1.090485e-34   1.149797e-04   8.664706e-36   372
  3.116031e-01   9.534807e-35   1.367659e-04   1.070694e-35   132
  3.119726e-01   9.205506e-35   8.462908e-05   6.871040e-36   264
  3.123032e-01   9.556127e-35   6.499128e-05   1.075945e-35   168
  3.126560e-01   9.366258e-35   1.039086e-04   6.938621e-36   216
  3.129676e-01   1.068004e-34   6.357256e-05   7.707952e-36   216
  3.134215e-01   9.527845e-35   1.166292e-04   9.877466e-36   96
  3.138333e-01   1.026247e-34   7.608990e-05   8.966109e-36   120
  3.142110e-01   9.784722e-35   9.673168e-05   7.065354e-36   216
  3.145221e-01   9.136941e-35   4.227207e-05   6.810407e-36   200
  3.149340e-01   1.110491e-34   1.094242e-04   7.318609e-36   288
  3.154623e-01   1.041892e-34   2.879164e-05   1.057617e-35   144
  3.156848e-01   9.637842e-35   8.959781e-05   8.014880e-36   168
  3.161391e-01   1.008717e-34   1.008340e-04   6.610409e-36   159
  3.164937e-01   1.159534e-34   1.057991e-04   7.873538e-36   174
  3.168369e-01   9.092481e-35   9.593494e-05   8.073393e-36   144
  3.172863e-01   1.185690e-34   5.539549e-05   7.172935e-36   222
  3.175869e-01   1.085363e-34   5.589895e-05   8.763818e-36   168
  3.181060e-01   7.621731e-35   1.226079e-04   1.034033e-35   30
  3.183205e-01   1.467567e-34   1.082537e-04   1.481215e-35   72
  3.187244e-01   1.138363e-34   9.661517e-05   8.092717e-36   258
  3.191684e-01   1.348681e-34   6.051257e-05   8.524383e-36   264
  3.193905e-01   1.213729e-34   0.000000e+00   1.779066e-35   72
  3.198532e-01   1.057522e-34   1.199385e-04   7.452708e-36   174
  3.202721e-01   1.055631e-34   1.277123e-04   8.130609e-36   168
  3.206090e-01   1.129095e-34   3.996146e-09   1.260109e-35   48
  3.209705e-01   1.195035e-34   7.212215e-05   1.117025e-35   150
  3.213898e-01   1.247529e-34   1.326739e-04   9.817516e-36   168
  3.218102e-01   1.064398e-34   8.081877e-05   8.312006e-36   144
  3.221967e-01   1.092385e-34   7.550312e-05   1.162446e-35   102
  3.224847e-01   1.133359e-34   1.117576e-04   1.023196e-35   96
  3.229415e-01   1.059049e-34   1.109119e-04   1.044363e-35   120
  3.232799e-01   1.253059e-34   1.189559e-04   1.245818e-35   168
  3.236458e-01   1.011916e-34   8.783953e-05   8.769431e-36   126
  3.239576e-01   9.596714e-35   6.624856e-05   6.781706e-36   168
  3.243872e-01   1.572988e-34   1.062297e-04   1.651078e-35   72
  3.247626e-01   1.213772e-34   1.330232e-04   9.312064e-36   168
  3.250914e-01   9.018071e-35   3.646820e-05   9.999748e-36   78
  3.255420e-01   1.068461e-34   5.987806e-05   1.395645e-35   60
  3.259049e-01   1.451623e-34   9.713191e-05   1.611684e-35   96
  3.262812e-01   1.178848e-34   1.178615e-04   9.786343e-36   168
  3.266349e-01   1.094586e-34   7.457817e-05   1.398801e-35   86
  3.270060e-01   1.389661e-34   6.665520e-05   1.386100e-35   120
  3.275378e-01   1.170238e-34   4.753401e-05   1.036536e-35   168
  3.278247e-01   1.002111e-34   0.000000e+00   1.383257e-35   48
  3.282110e-01   9.409293e-35   8.660181e-05   8.848903e-36   120
  3.284330e-01   9.625957e-35   6.317951e-05   8.895622e-36   126
  3.289749e-01   1.284159e-34   1.111151e-04   1.481924e-35   96
  3.293266e-01   1.267964e-34   3.204012e-05   1.510672e-35   96
  3.296039e-01   1.588894e-34   0.000000e+00   1.787606e-35   72
  3.301949e-01   1.316917e-34   3.996146e-09   3.448774e-35   24
  3.305637e-01   1.299010e-34   6.593782e-05   1.589922e-35   120
  3.308514e-01   1.324678e-34   9.618300e-05   1.347002e-35   126
  3.311713e-01   1.083636e-34   8.018157e-05   9.229110e-36   96
  3.315452e-01   1.318934e-34   1.385771e-04   1.499744e-35   72
  3.319614e-01   1.475853e-34   5.993927e-05   1.573825e-35   144
  3.323038e-01   1.393072e-34   3.457157e-05   1.600116e-35   72
  3.326459e-01   1.825578e-34   6.905176e-05   2.742016e-35   54
  3.329469e-01   1.651039e-34   6.085106e-05   1.629436e-35   108
  3.335726e-01   1.571994e-34   5.964977e-05   2.086266e-35   72
  3.337673e-01   1.230796e-34   3.441997e-05   1.458825e-35   72
  3.342294e-01   1.372688e-34   6.921527e-09   2.307639e-35   24
  3.346666e-01   1.353089e-34   7.281693e-05   1.648778e-35   48
  3.349321e-01   1.259610e-34   5.546771e-05   1.737379e-35   102
  3.353317e-01   1.353706e-34   1.254449e-04   1.056781e-35   168
  3.358538e-01   2.083319e-34   6.841470e-05   2.514182e-35   72
  3.360473e-01   1.835588e-34   0.000000e+00   2.604706e-35   48
  3.364531e-01   1.373245e-34   1.176775e-04   1.216057e-35   120
  3.369887e-01   1.554598e-34   7.231517e-05   1.445226e-35   96
  3.374945e-01   1.120664e-34   7.830814e-09   2.412570e-35   30
  3.380957e-01   1.969342e-34   3.397687e-05   2.143324e-35   72
  3.383599e-01   1.040709e-34   3.996146e-09   2.563558e-35   24
  3.386992e-01   1.654263e-34   5.036212e-05   2.364279e-35   56
  3.390793e-01   1.652974e-34   7.186930e-05   1.724401e-35   96
  3.395342e-01   1.828962e-34   7.936128e-05   1.631062e-35   144
  3.398849e-01   1.351746e-34   4.505822e-05   2.154949e-35   54
  3.403944e-01   1.383872e-34   6.750198e-05   1.548286e-35   108
  3.409071e-01   8.711809e-35   3.574199e-05   1.786501e-35   48
  3.413952e-01   1.527839e-34   1.345800e-04   1.983300e-35   72
  3.425664e-01   1.468014e-34   8.891744e-05   1.560366e-35   78
  3.428909e-01   1.433038e-34   6.701044e-05   2.232326e-35   72
  3.432698e-01   1.733326e-34   6.692725e-05   2.599266e-35   72
  3.436659e-01   1.587897e-34   1.615028e-04   1.657670e-35   96
  3.439790e-01   1.148635e-34   6.678928e-05   1.214831e-35   72
  3.443566e-01   1.044956e-34   0.000000e+00   1.757785e-35   24
  3.447338e-01   1.726147e-34   1.332770e-04   1.609179e-35   72
  3.455858e-01   1.877593e-34   8.463498e-05   2.549159e-35   30
  3.457691e-01   1.550889e-34   0.000000e+00   2.825458e-35   24
  3.467544e-01   1.289532e-34   7.027855e-05   2.054193e-35   48
  3.470634e-01   1.762104e-34   1.512394e-04   2.081812e-35   120
  3.474798e-01   1.943263e-34   6.612537e-05   1.777537e-35   72
  3.479003e-01   1.170455e-34   6.604543e-05   2.200488e-35   36
  3.481894e-01   1.642007e-34   1.305365e-04   1.950611e-35   78
  3.489960e-01   1.472696e-34   6.982714e-05   2.502243e-35   48
  3.500419e-01   2.397550e-34   5.651403e-09   4.142009e-35   24
  3.507870e-01   2.325753e-34   4.862619e-05   2.817549e-35   56
  3.511622e-01   2.023185e-34   7.482652e-05   2.069167e-35   102
  3.516395e-01   2.404267e-34   5.328194e-09   2.752965e-35   72
  3.519166e-01   1.548936e-34   0.000000e+00   2.074530e-35   24
  3.524009e-01   1.634074e-34   6.915246e-05   2.488408e-35   48
  3.532988e-01   1.039913e-34   0.000000e+00   1.425645e-35   24
  3.544007e-01   1.849770e-34   0.000000e+00   7.278324e-35   6
  3.547443e-01   2.271177e-34   0.000000e+00   3.098837e-35   24
  3.549732e-01   1.748401e-34   6.472929e-05   1.720860e-35   72
  3.553914e-01   2.094821e-34   1.207586e-04   1.573255e-35   84
  3.558418e-01   2.199858e-34   0.000000e+00   3.635311e-35   24
  3.559787e-01   1.020313e-34   5.651403e-09   2.391243e-35   24
  3.566626e-01   1.118881e-34   3.996146e-09   1.849706e-35   24
  3.576179e-01   2.578762e-34   0.000000e+00   1.014398e-34   6
  3.588424e-01   2.885603e-34   6.791113e-05   3.535162e-35   48
  3.591365e-01   3.314807e-34   1.279335e-04   4.186326e-35   72
  3.595209e-01   1.752745e-34   6.778297e-05   2.075112e-35   48
  3.601304e-01   1.828763e-34   0.000000e+00   3.022004e-35   24
  3.609415e-01   8.098211e-35   3.996146e-09   1.181491e-35   6
  3.627599e-01   6.012227e-34   0.000000e+00   5.800428e-35   8
  3.628942e-01   2.852065e-34   3.996146e-09   3.833714e-35   48
  3.632164e-01   3.021565e-34   6.573533e-05   3.167768e-35   60
  3.636991e-01   3.318560e-34   0.000000e+00   6.875529e-35   24
  3.643686e-01   1.730714e-34   0.000000e+00   8.356488e-35   6
  3.668348e-01   1.970212e-34   0.000000e+00   3.082754e-35   24
  3.670341e-01   2.529386e-34   6.639546e-05   4.803379e-35   48
  3.673659e-01   1.537842e-34   0.000000e+00   2.645085e-35   24
  3.678962e-01   1.783677e-34   3.996146e-09   8.483607e-35   6
  3.709088e-01   3.199511e-34   6.194064e-05   4.715550e-35   36
  3.711278e-01   2.510849e-34   0.000000e+00   4.053458e-35   24
  3.715215e-01   2.217650e-34   0.000000e+00   5.421680e-35   6
  3.749494e-01   1.894220e-34   5.629118e-05   2.720475e-35   32
  3.752417e-01   1.658988e-34   3.996146e-09   6.410003e-35   6
  3.789254e-01   8.777303e-35   0.000000e+00   1.868131e-35   12
  3.790540e-01   1.620166e-34   0.000000e+00   8.847688e-35   6
  3.829556e-01   2.156998e-34   5.651403e-09   6.138926e-35   6
