# power spectrum of delta for linear fields (CLASS)
# redshift z=3.000000
# k              Pk             sigma(k)       sigma(Pk)      count
  6.981317e-03   1.470101e-08   0.000000e+00   6.129214e-09   6
  9.873073e-03   3.210863e-08   0.000000e+00   6.633122e-09   12
  1.209200e-02   5.185385e-08   1.324548e-10   1.092193e-08   8
  1.396263e-02   2.949101e-07   0.000000e+00   3.284982e-08   6
  1.561070e-02   3.097794e-07   0.000000e+00   1.022312e-07   24
  1.710066e-02   6.178255e-07   2.497591e-10   1.077564e-07   24
  1.974615e-02   4.619540e-07   0.000000e+00   2.152607e-07   12
  2.094395e-02   6.608227e-07   2.825702e-10   1.260287e-07   30
  2.207686e-02   9.940116e-07   0.000000e+00   2.267966e-07   24
  2.315441e-02   1.070844e-06   4.325955e-10   2.748197e-07   24
  2.418399e-02   1.453645e-06   2.649095e-10   3.050674e-07   8
  2.517150e-02   1.411330e-06   3.532127e-10   1.815317e-07   24
  2.612170e-02   1.506326e-06   0.000000e+00   2.191597e-07   48
  2.792527e-02   2.230035e-06   0.000000e+00   1.015160e-06   6
  2.878471e-02   1.977033e-06   4.995182e-10   2.874255e-07   48
  2.961922e-02   2.016171e-06   0.000000e+00   2.170911e-07   36
  3.043086e-02   3.174253e-06   3.532127e-10   6.872319e-07   24
  3.122140e-02   2.026996e-06   0.000000e+00   3.612954e-07   24
  3.199241e-02   1.967612e-06   0.000000e+00   2.770321e-07   48
  3.274528e-02   3.298971e-06   4.995182e-10   4.861849e-07   24
  3.420133e-02   3.031487e-06   4.995182e-10   4.937173e-07   24
  3.490659e-02   2.215851e-06   0.000000e+00   3.755230e-07   30
  3.559787e-02   2.524006e-06   0.000000e+00   2.886329e-07   72
  3.627599e-02   2.619156e-06   5.298191e-10   5.520890e-07   32
  3.759554e-02   3.941980e-06   0.000000e+00   4.734030e-07   72
  3.823825e-02   2.539237e-06   0.000000e+00   3.843620e-07   48
  3.949229e-02   1.506606e-06   0.000000e+00   4.640091e-07   12
  4.010461e-02   3.137826e-06   0.000000e+00   4.872730e-07   48
  4.070772e-02   2.917673e-06   0.000000e+00   3.007119e-07   48
  4.130203e-02   4.067439e-06   4.995182e-10   5.312512e-07   48
  4.188790e-02   5.132427e-06   5.651403e-10   9.315261e-07   30
  4.246569e-02   4.755146e-06   4.995182e-10   1.107382e-06   24
  4.303573e-02   5.144416e-06   1.053077e-09   5.355283e-07   72
  4.415373e-02   3.321508e-06   0.000000e+00   6.528000e-07   24
  4.470224e-02   5.316654e-06   0.000000e+00   5.454215e-07   96
  4.524411e-02   4.274430e-06   0.000000e+00   5.876919e-07   48
  4.577956e-02   3.724172e-06   8.651909e-10   9.471681e-07   24
  4.630882e-02   2.807653e-06   8.651909e-10   5.969519e-07   24
  4.683210e-02   6.997422e-06   0.000000e+00   8.845117e-07   72
  4.734960e-02   5.436224e-06   0.000000e+00   8.664667e-07   48
  4.836798e-02   5.117586e-06   5.298191e-10   1.581707e-06   8
  4.886922e-02   7.768673e-06   6.279337e-10   9.599179e-07   54
  4.936537e-02   5.438283e-06   0.000000e+00   9.847817e-07   84
  4.985658e-02   6.181899e-06   0.000000e+00   9.182317e-07   48
  5.034299e-02   3.978492e-06   7.064254e-10   7.348371e-07   24
  5.082475e-02   5.471450e-06   6.660243e-10   6.722370e-07   72
  5.130199e-02   7.442743e-06   0.000000e+00   8.772255e-07   96
  5.224339e-02   1.080578e-05   0.000000e+00   1.220280e-06   48
  5.270779e-02   6.094380e-06   0.000000e+00   5.913007e-07   48
  5.316813e-02   5.450117e-06   7.064254e-10   1.097926e-06   24
  5.362451e-02   6.390384e-06   0.000000e+00   7.123999e-07   72
  5.452583e-02   7.041095e-06   6.660243e-10   8.627989e-07   72
  5.497095e-02   7.053157e-06   0.000000e+00   8.324143e-07   96
  5.585054e-02   1.021637e-05   0.000000e+00   4.648843e-06   6
  5.628518e-02   8.658536e-06   0.000000e+00   8.679355e-07   96
  5.671649e-02   9.122825e-06   7.064254e-10   1.009524e-06   96
  5.714454e-02   6.298517e-06   0.000000e+00   1.550587e-06   24
  5.756941e-02   7.169032e-06   9.990364e-10   9.248144e-07   48
  5.799117e-02   7.403657e-06   0.000000e+00   7.748253e-07   96
  5.840989e-02   8.861511e-06   0.000000e+00   1.235974e-06   48
  5.923844e-02   8.220915e-06   0.000000e+00   1.597331e-06   36
  5.964840e-02   8.460126e-06   1.223565e-09   1.105981e-06   48
  6.005556e-02   9.576324e-06   1.384305e-09   8.900435e-07   120
  6.045998e-02   8.780667e-06   0.000000e+00   1.200413e-06   56
  6.086171e-02   5.039526e-06   7.064254e-10   9.130192e-07   24
  6.126081e-02   7.457860e-06   0.000000e+00   6.870829e-07   96
  6.165732e-02   8.072062e-06   0.000000e+00   1.078507e-06   48
  6.244280e-02   1.020808e-05   0.000000e+00   1.960562e-06   24
  6.283185e-02   1.136661e-05   0.000000e+00   1.177558e-06   102
  6.321851e-02   1.195790e-05   0.000000e+00   1.866433e-06   48
  6.360282e-02   1.120336e-05   0.000000e+00   1.155739e-06   72
  6.398483e-02   1.041944e-05   0.000000e+00   1.089749e-06   48
  6.436456e-02   1.138660e-05   0.000000e+00   2.184316e-06   48
  6.474207e-02   9.922712e-06   1.598458e-09   9.029479e-07   120
  6.549056e-02   1.635507e-05   9.990364e-10   2.834585e-06   24
  6.586161e-02   9.637167e-06   9.419006e-10   8.395274e-07   144
  6.623059e-02   1.008472e-05   1.130281e-09   1.003932e-06   120
  6.659752e-02   7.983439e-06   9.990364e-10   1.158238e-06   48
  6.732538e-02   1.243580e-05   9.990364e-10   1.717194e-06   48
  6.768638e-02   1.032073e-05   9.990364e-10   1.115134e-06   96
  6.863955e-02   1.433962e-05   1.675093e-04   1.824527e-06   72
  6.911151e-02   1.077596e-05   1.255867e-09   8.519475e-07   108
  6.946323e-02   1.299047e-05   0.000000e+00   1.441172e-06   72
  6.981317e-02   8.001616e-06   0.000000e+00   1.540973e-06   30
  7.016137e-02   1.367268e-05   0.000000e+00   1.124902e-06   168
  7.050785e-02   1.368998e-05   0.000000e+00   1.547034e-06   48
  7.119574e-02   9.722864e-06   0.000000e+00   1.179727e-06   72
  7.153721e-02   1.292887e-05   0.000000e+00   1.290215e-06   96
  7.187706e-02   1.286764e-05   1.883801e-09   2.046537e-06   72
  7.221530e-02   1.532988e-05   0.000000e+00   1.682942e-06   72
  7.278398e-02   1.402429e-05   1.546684e-04   1.065641e-06   104
  7.322067e-02   1.360640e-05   1.332049e-09   1.027480e-06   144
  7.421242e-02   9.861171e-06   2.233913e-09   9.591463e-07   96
  7.454007e-02   1.102507e-05   0.000000e+00   1.179648e-06   96
  7.506116e-02   1.528865e-05   1.591194e-04   1.467809e-06   120
  7.551449e-02   1.295999e-05   0.000000e+00   1.220654e-06   120
  7.583651e-02   1.572305e-05   0.000000e+00   1.764584e-06   72
  7.647650e-02   1.602695e-05   0.000000e+00   2.197933e-06   48
  7.679449e-02   1.734081e-05   1.505926e-09   2.048648e-06   78
  7.720128e-02   1.825303e-05   1.424762e-04   1.496362e-06   168
  7.805350e-02   1.732731e-05   1.332049e-09   1.550061e-06   144
  7.836509e-02   1.805393e-05   1.332049e-09   1.333653e-06   144
  7.926883e-02   1.679498e-05   8.205478e-05   1.479616e-06   156
  7.959926e-02   1.236737e-05   1.730382e-09   2.385739e-06   48
  7.990483e-02   1.549166e-05   1.130281e-09   1.573468e-06   120
  8.020923e-02   1.123097e-05   0.000000e+00   1.224424e-06   48
  8.074745e-02   1.700890e-05   1.255998e-04   1.196293e-06   216
  8.141545e-02   1.543213e-05   0.000000e+00   1.973126e-06   48
  8.171422e-02   1.433339e-05   9.990364e-10   1.305496e-06   96
  8.213902e-02   1.659609e-05   1.467830e-04   1.505798e-06   168
  8.260406e-02   1.349466e-05   9.990364e-10   1.998561e-06   48
  8.289855e-02   1.794393e-05   0.000000e+00   1.854062e-06   96
  8.319199e-02   1.749718e-05   0.000000e+00   3.297721e-06   48
  8.377580e-02   2.065253e-05   1.130281e-09   2.130668e-06   30
  8.406619e-02   1.320021e-05   9.990364e-10   1.109843e-06   96
  8.441325e-02   1.646767e-05   1.153584e-04   1.158372e-06   240
  8.485953e-02   2.299394e-05   1.244551e-04   3.283692e-06   32
  8.521783e-02   1.319419e-05   0.000000e+00   1.012401e-06   168
  8.550332e-02   1.579305e-05   0.000000e+00   1.602923e-06   120
  8.607146e-02   1.270439e-05   2.106154e-09   1.478295e-06   72
  8.635412e-02   2.090504e-05   1.332049e-09   1.988379e-06   144
  8.663587e-02   1.510039e-05   0.000000e+00   1.599883e-06   96
  8.691670e-02   2.011971e-05   0.000000e+00   1.667663e-06   96
  8.747565e-02   1.997822e-05   1.631420e-09   2.494479e-06   72
  8.775379e-02   1.693886e-05   1.412851e-09   1.699508e-06   96
  8.830745e-02   1.664628e-05   0.000000e+00   3.173965e-06   24
  8.858298e-02   1.950724e-05   0.000000e+00   1.490949e-06   192
  8.890745e-02   1.864908e-05   1.056148e-04   1.424414e-06   132
  8.940448e-02   2.023338e-05   0.000000e+00   1.894005e-06   96
  8.967664e-02   1.491957e-05   0.000000e+00   1.557122e-06   96
  8.994798e-02   1.969489e-05   1.130281e-09   1.738131e-06   120
  9.048821e-02   2.109791e-05   0.000000e+00   3.000765e-06   48
  9.093103e-02   1.377406e-05   1.279966e-04   9.347833e-07   222
  9.129257e-02   1.805673e-05   0.000000e+00   1.770172e-06   120
  9.155911e-02   2.038365e-05   1.730382e-09   4.252771e-06   24
  9.194720e-02   2.151164e-05   1.321111e-04   1.176653e-06   312
  9.279280e-02   2.422972e-05   1.238595e-04   2.799690e-06   72
  9.314239e-02   1.703125e-05   9.990364e-10   2.377773e-06   96
  9.350136e-02   2.092026e-05   1.261337e-04   1.636930e-06   192
  9.392401e-02   1.982371e-05   1.598458e-09   2.081945e-06   120
  9.418312e-02   1.988070e-05   0.000000e+00   2.114556e-06   144
  9.469919e-02   1.797506e-05   0.000000e+00   2.665630e-06   48
  9.506602e-02   1.800619e-05   1.268319e-04   1.086599e-06   336
  9.546807e-02   2.060303e-05   0.000000e+00   2.918760e-06   48
  9.597724e-02   1.886104e-05   0.000000e+00   1.708039e-06   192
  9.623081e-02   2.056806e-05   0.000000e+00   2.602457e-06   48
  9.695161e-02   2.094577e-05   8.803796e-05   2.628209e-06   56
  9.731001e-02   2.056101e-05   1.130706e-04   1.176780e-06   336
  9.773844e-02   2.067504e-05   1.255867e-09   3.047997e-06   54
  9.811165e-02   1.896866e-05   1.241922e-04   1.206197e-06   240
  9.888643e-02   1.949249e-05   1.189150e-04   1.497674e-06   228
  9.922316e-02   2.342787e-05   1.332049e-09   3.098226e-06   72
  9.955002e-02   2.341433e-05   1.153504e-04   1.801836e-06   144
  9.995725e-02   1.921564e-05   0.000000e+00   1.941586e-06   96
  1.002007e-01   1.998144e-05   1.598458e-09   1.297421e-06   240
  1.006860e-01   1.832055e-05   1.412851e-09   3.645129e-06   24
  1.009966e-01   2.169295e-05   1.089476e-04   1.338370e-06   336
  1.014095e-01   2.073105e-05   0.000000e+00   2.526521e-06   72
  1.017863e-01   2.491481e-05   1.185007e-04   1.861353e-06   168
  1.021279e-01   1.654475e-05   0.000000e+00   1.516026e-06   72
  1.026040e-01   2.585914e-05   0.000000e+00   2.454367e-06   96
  1.029727e-01   2.236206e-05   1.176117e-04   1.648064e-06   216
  1.033141e-01   1.702959e-05   1.412851e-09   1.312272e-06   96
  1.037847e-01   2.104479e-05   0.000000e+00   1.466179e-06   192
  1.040193e-01   2.077384e-05   1.332049e-09   1.677533e-06   144
  1.044868e-01   2.236998e-05   0.000000e+00   2.999442e-06   48
  1.048105e-01   2.330906e-05   1.133915e-04   1.638649e-06   246
  1.052503e-01   2.892405e-05   1.045488e-04   2.318829e-06   168
  1.056465e-01   2.292142e-05   1.957704e-09   2.369572e-06   120
  1.058769e-01   1.926170e-05   0.000000e+00   1.362935e-06   240
  1.063363e-01   1.386855e-05   1.412851e-09   2.916554e-06   24
  1.067022e-01   2.260462e-05   1.119102e-04   1.462535e-06   360
  1.071580e-01   2.131530e-05   1.114340e-04   1.642139e-06   120
  1.074760e-01   2.537018e-05   0.000000e+00   2.109623e-06   144
  1.077025e-01   2.505003e-05   0.000000e+00   2.289120e-06   96
  1.083792e-01   2.450519e-05   0.000000e+00   2.037742e-06   144
  1.086038e-01   2.646791e-05   0.000000e+00   2.340100e-06   132
  1.089195e-01   2.429556e-05   1.099837e-04   1.843070e-06   176
  1.093777e-01   2.437690e-05   1.110614e-04   1.282255e-06   312
  1.099419e-01   3.516387e-05   0.000000e+00   5.539604e-06   96
  1.101633e-01   2.392403e-05   0.000000e+00   2.161341e-06   144
  1.105031e-01   2.543449e-05   1.099474e-04   1.461114e-06   312
  1.110446e-01   3.040435e-05   0.000000e+00   3.120850e-06   48
  1.112639e-01   2.284060e-05   1.412851e-09   1.764290e-06   192
  1.117011e-01   7.707180e-06   0.000000e+00   2.459386e-06   6
  1.119915e-01   2.247229e-05   1.025446e-04   1.282919e-06   288
  1.124620e-01   2.207848e-05   1.083450e-04   1.621734e-06   192
  1.127866e-01   2.132776e-05   3.322713e-09   1.413440e-06   216
  1.130025e-01   2.703962e-05   0.000000e+00   3.799239e-06   72
  1.135403e-01   2.252251e-05   1.073161e-04   1.800793e-06   192
  1.138975e-01   2.979077e-05   7.968796e-05   1.822432e-06   288
  1.142891e-01   2.595056e-05   0.000000e+00   5.187039e-06   24
  1.145916e-01   2.819278e-05   1.049823e-04   1.261489e-06   456
  1.151388e-01   1.829561e-05   1.998073e-09   2.785214e-06   48
  1.154769e-01   2.647236e-05   1.034033e-04   2.006654e-06   240
  1.158655e-01   3.011450e-05   1.045007e-04   1.984316e-06   216
  1.161923e-01   2.400311e-05   0.000000e+00   3.048116e-06   72
  1.164018e-01   2.511062e-05   3.610549e-09   2.050319e-06   168
  1.169935e-01   2.984541e-05   7.767385e-05   1.872283e-06   288
  1.173253e-01   2.953211e-05   1.027758e-04   2.095947e-06   168
  1.178582e-01   3.410950e-05   0.000000e+00   2.441519e-06   192
  1.180648e-01   2.755536e-05   1.332049e-09   2.026490e-06   144
  1.184769e-01   3.446846e-05   0.000000e+00   4.432501e-06   36
  1.188264e-01   2.363284e-05   9.385617e-05   1.251784e-06   342
  1.191605e-01   2.835359e-05   9.637890e-05   2.221051e-06   144
  1.195900e-01   2.744045e-05   1.010773e-04   1.459559e-06   384
  1.201111e-01   3.283269e-05   2.768611e-09   3.093089e-06   120
  1.203690e-01   3.324992e-05   9.013158e-05   2.133580e-06   264
  1.207183e-01   2.879702e-05   4.467827e-09   2.172477e-06   192
  1.210471e-01   3.209902e-05   9.713401e-05   2.534680e-06   152
  1.213224e-01   2.954952e-05   2.664097e-09   2.761510e-06   144
  1.219012e-01   2.529984e-05   6.286607e-05   1.912759e-06   216
  1.221692e-01   3.299526e-05   8.400585e-05   1.863561e-06   312
  1.226409e-01   2.889681e-05   9.736112e-05   1.662579e-06   240
  1.229188e-01   3.519333e-05   1.412851e-09   3.770829e-06   96
  1.234463e-01   3.246752e-05   9.308426e-05   2.706256e-06   144
  1.237714e-01   3.140488e-05   9.149363e-05   1.568056e-06   456
  1.242988e-01   2.565743e-05   0.000000e+00   1.734588e-06   120
  1.244947e-01   2.807728e-05   0.000000e+00   2.669553e-06   144
  1.248856e-01   2.129966e-05   0.000000e+00   3.643202e-06   24
  1.251362e-01   3.317992e-05   8.794658e-05   1.733516e-06   336
  1.255696e-01   3.149535e-05   9.699311e-05   2.562564e-06   198
  1.259757e-01   3.156937e-05   9.432023e-05   1.710241e-06   432
  1.264370e-01   3.331258e-05   0.000000e+00   3.505975e-06   48
  1.266777e-01   3.754408e-05   8.326844e-05   2.007443e-06   384
  1.271098e-01   3.651022e-05   9.585962e-05   3.108299e-06   144
  1.275013e-01   3.600115e-05   9.517601e-05   2.139025e-06   264
  1.279697e-01   2.934524e-05   0.000000e+00   2.919242e-06   48
  1.282839e-01   3.472090e-05   9.049683e-05   2.170202e-06   276
  1.285870e-01   3.112985e-05   8.203293e-05   2.650799e-06   192
  1.289922e-01   3.328410e-05   9.218697e-05   1.446119e-06   552
  1.294841e-01   2.372008e-05   3.196917e-09   2.153715e-06   120
  1.297765e-01   3.739381e-05   9.331596e-05   2.608820e-06   216
  1.300475e-01   3.324658e-05   1.598458e-09   2.697969e-06   120
  1.305316e-01   3.893596e-05   9.189333e-05   2.058569e-06   408
  1.309811e-01   3.656374e-05   1.998073e-09   5.067113e-06   24
  1.312599e-01   3.222782e-05   9.282881e-05   1.869666e-06   384
  1.316492e-01   3.231651e-05   9.069708e-05   2.312506e-06   240
  1.319872e-01   3.184101e-05   9.136125e-05   2.240966e-06   168
  1.324612e-01   2.898083e-05   2.260561e-09   2.902394e-06   120
  1.327667e-01   3.536776e-05   9.523931e-05   1.850369e-06   350
  1.332635e-01   3.553429e-05   1.567823e-04   1.922667e-06   384
  1.335605e-01   3.861471e-05   0.000000e+00   3.590425e-06   144
  1.341067e-01   3.116716e-05   3.767602e-09   1.870222e-06   288
  1.343919e-01   3.263472e-05   8.974411e-05   1.616401e-06   336
  1.347800e-01   4.009027e-05   8.170456e-05   3.040948e-06   168
  1.350122e-01   3.553330e-05   1.614687e-09   2.172380e-06   336
  1.354927e-01   3.227257e-05   8.480446e-05   2.049244e-06   288
  1.357812e-01   3.315753e-05   7.990748e-05   2.092543e-06   264
  1.362699e-01   3.657949e-05   0.000000e+00   2.351900e-06   240
  1.364486e-01   3.608197e-05   2.825702e-09   3.111005e-06   96
  1.370900e-01   3.979207e-05   1.086688e-04   2.085932e-06   360
  1.373893e-01   3.905288e-05   8.010757e-05   3.383257e-06   168
  1.377676e-01   3.828476e-05   8.732558e-05   1.745127e-06   456
  1.382230e-01   3.545435e-05   2.511735e-09   3.306772e-06   108
  1.384792e-01   3.749164e-05   8.761995e-05   2.797014e-06   264
  1.387988e-01   3.542290e-05   7.817127e-05   2.323672e-06   264
  1.392364e-01   4.074218e-05   7.376599e-05   2.551979e-06   312
  1.397814e-01   4.041253e-05   5.481617e-05   2.665840e-06   270
  1.400098e-01   3.715283e-05   6.959603e-05   2.630470e-06   240
  1.404204e-01   3.830348e-05   8.609907e-05   1.920224e-06   384
  1.406696e-01   3.314681e-05   0.000000e+00   2.288623e-06   192
  1.411539e-01   4.064431e-05   6.908303e-05   2.967309e-06   240
  1.414347e-01   3.819761e-05   8.525963e-05   2.110377e-06   336
  1.419630e-01   4.012766e-05   8.583011e-05   1.851287e-06   480
  1.423915e-01   4.055067e-05   0.000000e+00   4.914501e-06   72
  1.426309e-01   4.155966e-05   8.369217e-05   2.691807e-06   240
  1.429564e-01   3.723570e-05   7.865917e-05   2.248986e-06   312
  1.433297e-01   3.576695e-05   8.501169e-05   2.568105e-06   240
  1.438936e-01   3.965054e-05   6.458688e-05   1.991751e-06   408
  1.441169e-01   3.746058e-05   5.914602e-05   2.226004e-06   336
  1.445532e-01   3.982887e-05   7.510087e-05   2.940500e-06   264
  1.447677e-01   4.838863e-05   0.000000e+00   4.165266e-06   144
  1.453643e-01   3.990406e-05   1.040943e-04   1.954165e-06   464
  1.456786e-01   3.102825e-05   8.277629e-05   2.297057e-06   168
  1.459889e-01   4.994198e-05   7.539115e-05   2.734197e-06   336
  1.465498e-01   3.933329e-05   7.921315e-05   2.051978e-06   414
  1.468660e-01   4.412699e-05   8.245619e-05   2.861573e-06   216
  1.472710e-01   3.973458e-05   1.998073e-09   4.083859e-06   96
  1.474364e-01   3.943027e-05   5.994218e-09   1.841390e-06   384
  1.480158e-01   4.232444e-05   8.229688e-05   2.169160e-06   492
  1.483263e-01   3.332203e-05   8.047930e-05   2.094145e-06   240
  1.486772e-01   3.404910e-05   8.171468e-05   2.010630e-06   312
  1.491618e-01   4.227391e-05   8.168777e-05   3.452390e-06   192
  1.494688e-01   4.185988e-05   7.916535e-05   1.961845e-06   504
  1.498761e-01   4.022405e-05   5.240881e-05   2.095653e-06   408
  1.501968e-01   4.650981e-05   1.605609e-04   3.761541e-06   168
  1.505981e-01   3.712665e-05   7.626782e-05   2.455955e-06   288
  1.509348e-01   3.861787e-05   7.959200e-05   2.670660e-06   288
  1.512797e-01   4.235489e-05   8.005014e-05   2.141250e-06   432
  1.517801e-01   4.485091e-05   7.570076e-05   3.107302e-06   216
  1.520474e-01   4.169248e-05   7.554106e-05   2.048042e-06   360
  1.525234e-01   4.482992e-05   7.372735e-05   2.614987e-06   312
  1.529530e-01   4.780356e-05   0.000000e+00   7.820073e-06   48
  1.532006e-01   4.162955e-05   7.904634e-05   2.139307e-06   432
  1.536441e-01   3.935169e-05   1.318501e-04   1.899436e-06   414
  1.539060e-01   4.024197e-05   6.955573e-09   2.319036e-06   312
  1.543946e-01   4.410706e-05   1.156911e-04   1.921752e-06   528
  1.547243e-01   4.425745e-05   6.072803e-05   2.854424e-06   264
  1.551204e-01   4.042125e-05   7.200680e-05   2.067441e-06   480
  1.556380e-01   4.192405e-05   0.000000e+00   2.296590e-06   288
  1.558615e-01   4.394099e-05   7.736908e-05   3.716011e-06   168
  1.562704e-01   4.302692e-05   1.224750e-04   1.861034e-06   504
  1.567302e-01   4.689232e-05   2.664097e-09   3.457224e-06   144
  1.570194e-01   4.104255e-05   7.865832e-05   1.950107e-06   464
  1.574541e-01   3.722584e-05   1.154355e-04   1.806381e-06   432
  1.576603e-01   4.878425e-05   1.998073e-09   3.514745e-06   192
  1.581934e-01   4.009373e-05   8.557628e-05   1.850026e-06   396
  1.585082e-01   4.285850e-05   7.687110e-05   2.654431e-06   288
  1.588263e-01   4.386867e-05   7.593549e-05   2.474695e-06   336
  1.593345e-01   4.102805e-05   4.808388e-05   1.839218e-06   432
  1.596570e-01   4.430038e-05   1.246267e-04   2.252629e-06   360
  1.600192e-01   4.412197e-05   7.371853e-05   2.192120e-06   384
  1.605335e-01   3.721043e-05   6.507077e-05   2.965190e-06   198
  1.607813e-01   4.333625e-05   7.396430e-05   1.715542e-06   552
  1.612434e-01   3.611584e-05   1.035450e-04   1.969491e-06   432
  1.616292e-01   4.770919e-05   0.000000e+00   3.715629e-06   168
  1.619530e-01   4.405143e-05   1.283579e-04   2.031147e-06   480
  1.623813e-01   3.322484e-05   0.000000e+00   3.122557e-06   120
  1.625741e-01   4.103612e-05   1.048372e-04   2.554190e-06   336
  1.630445e-01   4.511486e-05   7.396097e-05   1.633954e-06   672
  1.635097e-01   4.483428e-05   1.075863e-04   2.096383e-06   528
  1.637264e-01   4.259878e-05   3.229373e-09   2.806438e-06   168
  1.642270e-01   4.461770e-05   1.200118e-04   2.022781e-06   456
  1.645324e-01   4.981141e-05   7.329223e-05   4.596049e-06   168
  1.648495e-01   4.586513e-05   7.316065e-05   2.303647e-06   504
  1.653766e-01   4.374308e-05   9.414654e-05   2.510272e-06   336
  1.656953e-01   4.972719e-05   6.786851e-05   2.837722e-06   312
  1.660489e-01   4.718090e-05   6.631214e-05   2.141543e-06   504
  1.665141e-01   4.527774e-05   4.600920e-05   1.985557e-06   432
  1.667329e-01   4.143331e-05   7.109945e-05   2.470278e-06   312
  1.671876e-01   4.377105e-05   7.288039e-05   2.077458e-06   384
  1.676624e-01   5.028317e-05   6.192036e-05   4.816296e-06   126
  1.679555e-01   4.603294e-05   1.087174e-04   2.378004e-06   492
  1.683299e-01   4.723024e-05   6.963360e-05   2.006903e-06   528
  1.687978e-01   4.490822e-05   7.073279e-05   2.009073e-06   480
  1.690879e-01   4.768211e-05   9.771696e-05   2.284948e-06   432
  1.695076e-01   5.047935e-05   7.684145e-05   2.360057e-06   440
  1.699951e-01   4.494619e-05   3.821294e-05   2.682663e-06   312
  1.701781e-01   4.946830e-05   5.726529e-05   2.791146e-06   480
  1.705533e-01   4.541786e-05   1.121243e-04   2.426541e-06   408
  1.711016e-01   4.602207e-05   6.714979e-05   2.365402e-06   360
  1.713332e-01   4.516665e-05   6.479710e-05   2.329196e-06   408
  1.717625e-01   4.586935e-05   6.593925e-05   2.149152e-06   456
  1.722458e-01   4.912794e-05   6.302169e-05   2.998276e-06   264
  1.725141e-01   4.513363e-05   6.839435e-05   2.501865e-06   384
  1.729046e-01   4.804404e-05   1.151467e-04   1.955225e-06   672
  1.733561e-01   4.659581e-05   6.887260e-05   3.148372e-06   240
  1.736166e-01   4.920743e-05   6.988846e-05   2.953081e-06   264
  1.739843e-01   4.324283e-05   8.619588e-05   1.927333e-06   624
  1.745329e-01   5.388689e-05   0.000000e+00   4.297944e-06   150
  1.747283e-01   5.113519e-05   9.658929e-05   2.322131e-06   600
  1.751402e-01   4.427915e-05   6.666345e-05   1.913987e-06   672
  1.756067e-01   4.898659e-05   6.270167e-05   2.950112e-06   336
  1.758666e-01   4.975953e-05   6.820115e-05   2.577131e-06   408
  1.762818e-01   4.670995e-05   6.804049e-05   2.380863e-06   408
  1.767436e-01   4.480503e-05   3.440492e-05   2.372106e-06   360
  1.770283e-01   5.076378e-05   1.263238e-04   2.445725e-06   456
  1.773722e-01   4.711675e-05   6.869566e-05   2.204171e-06   384
  1.778099e-01   5.706183e-05   6.341480e-05   2.957224e-06   348
  1.780464e-01   4.895360e-05   7.817791e-05   2.106943e-06   576
  1.784907e-01   5.096245e-05   6.436923e-05   2.432140e-06   504
  1.789452e-01   4.994699e-05   9.078907e-05   2.365418e-06   432
  1.793419e-01   4.625164e-05   1.235181e-04   1.902135e-06   576
  1.796248e-01   4.992699e-05   0.000000e+00   2.990613e-06   264
  1.800736e-01   5.089552e-05   9.828954e-05   1.820750e-06   768
  1.804640e-01   6.060503e-05   1.323290e-04   4.204086e-06   240
  1.807743e-01   4.895590e-05   1.167016e-04   3.874973e-06   192
  1.812263e-01   4.937542e-05   8.590664e-05   2.130374e-06   504
  1.815615e-01   4.674175e-05   1.157624e-04   1.991773e-06   590
  1.818830e-01   4.867386e-05   1.297055e-04   2.492742e-06   384
  1.822861e-01   5.161647e-05   1.083956e-04   2.398426e-06   504
  1.827729e-01   5.480455e-05   1.043140e-04   2.083493e-06   648
  1.832449e-01   5.270049e-05   2.833030e-05   2.372219e-06   504
  1.834353e-01   5.459757e-05   6.462673e-05   2.900165e-06   312
  1.837714e-01   4.772558e-05   9.311123e-05   1.872900e-06   576
  1.842327e-01   5.103333e-05   6.479663e-05   3.311746e-06   240
  1.845017e-01   5.015062e-05   6.547387e-05   2.109093e-06   552
  1.848823e-01   5.513952e-05   6.147846e-05   2.268214e-06   600
  1.854246e-01   5.179674e-05   7.509108e-05   1.952773e-06   600
  1.857506e-01   5.732384e-05   1.202524e-04   3.499019e-06   312
  1.860753e-01   5.633816e-05   1.047280e-04   2.557391e-06   480
  1.864809e-01   5.837688e-05   6.534019e-05   2.445827e-06   576
  1.868380e-01   5.608380e-05   1.052119e-04   2.931193e-06   408
  1.871548e-01   5.704425e-05   1.227345e-04   3.647507e-06   216
  1.875642e-01   4.777539e-05   9.400084e-05   2.216013e-06   516
  1.880028e-01   5.787524e-05   8.968636e-05   2.347464e-06   744
  1.884552e-01   5.425562e-05   5.990257e-05   2.586697e-06   462
  1.887109e-01   5.858396e-05   6.088230e-05   2.957624e-06   432
  1.891075e-01   5.916707e-05   5.648168e-05   2.170255e-06   648
  1.895737e-01   6.032561e-05   8.264320e-05   2.576845e-06   528
  1.899483e-01   5.167870e-05   9.952305e-05   2.235020e-06   600
  1.903225e-01   5.192926e-05   1.254725e-04   4.072526e-06   240
  1.906850e-01   5.363750e-05   9.611075e-05   2.013635e-06   720
  1.911062e-01   6.126492e-05   7.604100e-05   2.239070e-06   720
  1.915732e-01   5.056909e-05   0.000000e+00   3.854152e-06   144
  1.918190e-01   5.330703e-05   9.803961e-05   1.974207e-06   720
  1.921686e-01   6.549017e-05   5.878648e-05   3.697869e-06   384
  1.926063e-01   5.677884e-05   6.516793e-05   2.266611e-06   672
  1.930215e-01   5.768060e-05   1.141019e-04   3.122039e-06   336
  1.932199e-01   6.489985e-05   0.000000e+00   4.096103e-06   288
  1.937055e-01   5.650321e-05   9.030399e-05   2.034763e-06   776
  1.941551e-01   6.259159e-05   7.726878e-05   2.456451e-06   720
  1.945327e-01   6.044679e-05   6.224567e-05   3.234920e-06   432
  1.948347e-01   5.869440e-05   8.873905e-05   3.240498e-06   504
  1.951706e-01   5.584440e-05   6.217429e-05   2.561831e-06   528
  1.956407e-01   5.961796e-05   8.470885e-05   2.863452e-06   438
  1.960275e-01   5.432379e-05   9.859335e-05   2.264004e-06   624
  1.963189e-01   6.388360e-05   1.207635e-04   3.592629e-06   312
  1.967196e-01   6.019080e-05   6.506437e-05   2.231582e-06   696
  1.971339e-01   5.843352e-05   5.887146e-05   2.567307e-06   552
  1.975648e-01   5.478697e-05   4.554687e-05   2.319960e-06   516
  1.978313e-01   5.750790e-05   9.097645e-05   2.431820e-06   528
  1.981558e-01   5.814464e-05   5.916447e-05   2.793591e-06   528
  1.986168e-01   5.894756e-05   7.802593e-05   2.154755e-06   864
  1.989297e-01   5.299890e-05   1.068795e-04   2.554676e-06   408
  1.992429e-01   5.845425e-05   1.058911e-04   4.050985e-06   192
  1.996868e-01   6.110509e-05   8.762994e-05   2.320738e-06   720
  2.000615e-01   5.400201e-05   8.079911e-05   1.981501e-06   696
  2.005068e-01   6.119515e-05   8.726379e-05   2.276426e-06   720
  2.009142e-01   5.794369e-05   1.182756e-04   2.860983e-06   432
  2.011518e-01   5.462430e-05   6.962164e-05   3.444160e-06   264
  2.015793e-01   6.160537e-05   9.614441e-05   2.335108e-06   672
  2.019616e-01   6.077257e-05   9.843711e-05   2.497694e-06   600
  2.024154e-01   6.010581e-05   5.763483e-05   3.972523e-06   270
  2.026441e-01   6.009732e-05   8.675648e-05   2.763049e-06   528
  2.030077e-01   6.641447e-05   5.940776e-05   2.599812e-06   840
  2.035062e-01   6.253051e-05   1.135983e-04   2.241744e-06   888
  2.039669e-01   6.119245e-05   8.463909e-05   2.466594e-06   744
  2.043562e-01   6.736418e-05   4.349214e-05   3.438661e-06   456
  2.045498e-01   5.828786e-05   5.943469e-05   2.861654e-06   360
  2.048811e-01   6.063342e-05   5.149682e-05   2.943262e-06   384
  2.053895e-01   6.476057e-05   8.260041e-05   2.387373e-06   816
  2.057710e-01   6.477767e-05   1.198416e-04   2.254002e-06   824
  2.062346e-01   6.336036e-05   5.570811e-05   3.576889e-06   360
  2.064829e-01   7.200443e-05   8.220424e-05   3.045442e-06   624
  2.068246e-01   5.623397e-05   5.554917e-05   2.844472e-06   360
  2.072798e-01   6.420736e-05   7.556319e-05   2.195429e-06   876
  2.076909e-01   6.048596e-05   8.974647e-05   2.579554e-06   696
  2.081055e-01   6.849808e-05   5.795238e-05   3.802695e-06   336
  2.083228e-01   6.815343e-05   5.788726e-05   3.277397e-06   504
  2.086818e-01   6.379196e-05   5.838888e-05   2.400845e-06   672
  2.092144e-01   6.002270e-05   1.162387e-04   2.303077e-06   720
  2.095838e-01   5.899813e-05   8.780591e-05   2.423821e-06   774
  2.099915e-01   6.437887e-05   5.025783e-05   3.183220e-06   384
  2.102050e-01   6.383720e-05   9.671763e-05   2.916827e-06   528
  2.105364e-01   6.519147e-05   9.217729e-05   2.419306e-06   744
  2.110694e-01   6.648167e-05   7.602671e-05   2.440363e-06   768
  2.114233e-01   6.491320e-05   8.534571e-05   2.783989e-06   552
  2.118649e-01   6.100281e-05   9.301717e-05   2.407182e-06   696
  2.121934e-01   6.807134e-05   1.130320e-04   3.698158e-06   408
  2.124541e-01   6.328649e-05   4.883074e-05   2.949709e-06   504
  2.128675e-01   6.187379e-05   8.772259e-05   2.275966e-06   888
  2.132743e-01   6.024673e-05   9.116913e-05   2.445593e-06   648
  2.136971e-01   6.222729e-05   9.038766e-05   2.669416e-06   648
  2.140948e-01   6.462117e-05   9.746006e-05   2.353893e-06   792
  2.145162e-01   6.269241e-05   1.425907e-04   2.638254e-06   600
  2.148267e-01   6.109736e-05   9.663487e-05   3.005687e-06   456
  2.151535e-01   6.633355e-05   4.709572e-05   2.643472e-06   648
  2.155732e-01   6.155740e-05   9.184351e-05   2.026790e-06   936
  2.160264e-01   6.275583e-05   5.640375e-05   3.088584e-06   384
  2.164208e-01   1.111729e-35   4.745948e-09   7.602747e-37   198
  2.167253e-01   1.086078e-35   1.431011e-04   4.103320e-37   1224
  2.170537e-01   1.298776e-35   1.042217e-04   9.850379e-37   420
  2.174420e-01   1.226384e-35   1.008648e-04   5.297934e-37   792
  2.178218e-01   1.161925e-35   8.340657e-05   6.655519e-37   680
  2.182552e-01   1.078711e-35   7.658783e-05   4.840807e-37   600
  2.186039e-01   1.194960e-35   1.110734e-04   5.547871e-37   840
  2.190695e-01   1.087315e-35   5.244369e-05   7.519911e-37   432
  2.192474e-01   1.231620e-35   4.914665e-05   5.899424e-37   720
  2.196343e-01   1.139173e-35   9.843213e-05   4.134731e-37   960
  2.201154e-01   1.265312e-35   8.774504e-05   1.067643e-36   528
  2.204670e-01   1.138168e-35   8.969217e-05   5.791300e-37   624
  2.208855e-01   1.071298e-35   7.049743e-05   5.163602e-37   816
  2.213008e-01   1.226930e-35   1.159345e-04   7.541606e-37   696
  2.217599e-01   9.402867e-36   7.830814e-09   6.564290e-37   240
  2.219325e-01   1.085800e-35   6.836935e-05   5.567064e-37   672
  2.223177e-01   1.244844e-35   1.221858e-04   6.107682e-37   864
  2.227499e-01   1.160545e-35   9.375778e-05   5.252800e-37   816
  2.231394e-01   1.074007e-35   5.366372e-05   5.395215e-37   648
  2.235589e-01   1.178813e-35   5.485410e-05   4.689234e-37   843
  2.239151e-01   1.139049e-35   9.869601e-05   5.076605e-37   780
  2.243395e-01   1.061033e-35   5.295844e-05   1.017184e-36   216
  2.246013e-01   1.194374e-35   1.277035e-04   5.461704e-37   1056
  2.250039e-01   1.013061e-35   1.044758e-04   7.656562e-37   228
  2.253767e-01   1.186705e-35   1.300750e-04   6.732310e-37   924
  2.257594e-01   1.183650e-35   4.825052e-05   5.054290e-37   696
  2.261647e-01   1.230187e-35   8.587211e-05   4.525949e-37   996
  2.265793e-01   1.183429e-35   5.069718e-05   5.544570e-37   576
  2.270107e-01   1.219855e-35   7.824775e-05   8.443754e-37   552
  2.273251e-01   1.259547e-35   9.342507e-05   8.613266e-37   516
  2.276442e-01   1.376622e-35   1.358594e-04   6.831097e-37   744
  2.280088e-01   1.182467e-35   6.664715e-05   6.511514e-37   576
  2.283260e-01   1.252738e-35   6.859680e-05   5.736917e-37   792
  2.287768e-01   1.421306e-35   7.841886e-05   7.065007e-37   792
  2.291071e-01   1.242625e-35   8.457391e-05   5.448442e-37   720
  2.295538e-01   1.238401e-35   9.639481e-05   5.548294e-37   656
  2.299724e-01   1.337285e-35   1.052581e-04   6.194784e-37   816
  2.304015e-01   1.223912e-35   5.675340e-05   6.988095e-37   492
  2.306454e-01   1.362799e-35   8.164378e-05   7.780627e-37   552
  2.311032e-01   1.136613e-35   1.419686e-04   4.624829e-37   780
  2.314005e-01   1.452998e-35   8.720963e-05   7.541435e-37   528
  2.317208e-01   1.341678e-35   1.018002e-04   7.111148e-37   600
  2.321929e-01   1.227138e-35   8.460399e-05   4.984998e-37   900
  2.325183e-01   1.383698e-35   4.683822e-05   5.921679e-37   696
  2.329660e-01   1.337208e-35   1.184322e-04   6.555901e-37   696
  2.333991e-01   1.274144e-35   4.804683e-05   6.909106e-37   552
  2.337633e-01   1.204056e-35   5.587403e-05   5.703764e-37   708
  2.341448e-01   1.278687e-35   9.225121e-05   6.191954e-37   876
  2.345418e-01   1.274954e-35   4.898356e-05   1.021261e-36   216
  2.348082e-01   1.391257e-35   1.339767e-04   5.476995e-37   1032
  2.352071e-01   1.281455e-35   1.491682e-04   5.253352e-37   600
  2.356212e-01   1.375745e-35   7.117755e-05   7.310850e-37   600
  2.359371e-01   1.542509e-35   1.256929e-04   9.386780e-37   528
  2.363105e-01   1.247485e-35   6.899988e-05   5.503356e-37   732
  2.367039e-01   1.377392e-35   5.095015e-05   9.999035e-37   336
  2.371566e-01   1.410745e-35   7.261407e-05   6.079402e-37   912
  2.374950e-01   1.402259e-35   7.288252e-05   6.661761e-37   624
  2.378647e-01   1.340502e-35   6.141657e-05   5.916116e-37   768
  2.382963e-01   1.475357e-35   1.108076e-04   6.441474e-37   792
  2.387198e-01   1.329556e-35   5.493383e-05   6.168278e-37   660
  2.390212e-01   1.338930e-35   8.095383e-05   7.783050e-37   504
  2.393329e-01   1.377235e-35   1.322631e-04   7.711597e-37   480
  2.398000e-01   1.431107e-35   1.223261e-04   6.134661e-37   912
  2.401658e-01   1.410458e-35   1.362291e-04   7.931698e-37   432
  2.405113e-01   1.442837e-35   8.088962e-05   6.822298e-37   564
  2.408180e-01   1.387235e-35   7.742251e-05   7.408399e-37   600
  2.412498e-01   1.441070e-35   1.079196e-04   5.903750e-37   876
  2.415741e-01   1.467886e-35   4.852393e-05   1.212379e-36   264
  2.420212e-01   1.469426e-35   9.415549e-05   1.050283e-36   560
  2.423806e-01   1.446284e-35   6.398069e-05   5.969106e-37   840
  2.428168e-01   1.423145e-35   9.863978e-05   6.513215e-37   1008
  2.432202e-01   1.509425e-35   4.412481e-05   8.605314e-37   456
  2.435886e-01   1.379433e-35   5.715745e-05   6.606761e-37   576
  2.439292e-01   1.359628e-35   8.782853e-05   8.501170e-37   612
  2.443783e-01   1.450781e-35   7.844513e-05   6.088518e-37   780
  2.447447e-01   1.507124e-35   8.989453e-05   7.458694e-37   648
  2.451197e-01   1.338748e-35   4.189201e-05   7.713315e-37   312
  2.453594e-01   1.446377e-35   1.064407e-04   8.023941e-37   528
  2.457747e-01   1.482847e-35   1.390063e-04   8.641734e-37   720
  2.461718e-01   1.325863e-35   1.394416e-04   6.551312e-37   576
  2.466533e-01   1.628423e-35   1.202863e-04   9.717602e-37   444
  2.469529e-01   1.609083e-35   1.179621e-04   6.953064e-37   996
  2.473200e-01   1.329623e-35   9.853387e-05   6.836886e-37   432
  2.476669e-01   1.539333e-35   1.078752e-04   9.388853e-37   504
  2.479666e-01   1.571488e-35   4.863583e-05   7.302946e-37   504
  2.483934e-01   1.661399e-35   9.571589e-05   7.020568e-37   876
  2.487796e-01   1.565589e-35   1.101599e-04   9.735507e-37   504
  2.491817e-01   1.579596e-35   7.025420e-05   7.271380e-37   696
  2.495140e-01   1.636699e-35   6.005997e-05   9.661016e-37   492
  2.499662e-01   1.668203e-35   8.597875e-05   1.008686e-36   432
  2.503011e-01   1.656262e-35   8.050968e-05   8.115002e-37   768
  2.506981e-01   1.623874e-35   1.002856e-04   8.505324e-37   648
  2.510772e-01   1.595446e-35   6.542561e-05   1.060432e-36   456
  2.515128e-01   1.532976e-35   8.997083e-05   8.755509e-37   552
  2.518153e-01   1.484460e-35   6.166608e-05   7.024657e-37   648
  2.522317e-01   1.738312e-35   1.005122e-04   7.432806e-37   840
  2.526384e-01   1.788455e-35   4.793217e-05   1.061375e-36   432
  2.530455e-01   1.631569e-35   5.870872e-05   8.590122e-37   600
  2.533287e-01   1.710954e-35   6.255029e-05   1.203526e-36   432
  2.538044e-01   1.537204e-35   6.227491e-05   7.782640e-37   560
  2.541265e-01   1.708862e-35   9.857465e-05   8.400941e-37   840
  2.545299e-01   1.487836e-35   5.838720e-05   8.186791e-37   504
  2.548502e-01   1.677346e-35   1.191648e-04   7.985597e-37   696
  2.553018e-01   1.682229e-35   6.508356e-05   9.726675e-37   384
  2.556535e-01   1.561103e-35   9.533975e-05   7.582310e-37   576
  2.560789e-01   1.642147e-35   5.883893e-05   9.617928e-37   360
  2.564218e-01   1.635650e-35   8.762544e-05   7.360880e-37   828
  2.567917e-01   1.600466e-35   7.804673e-05   1.027292e-36   372
  2.571307e-01   1.826120e-35   1.191923e-04   1.060648e-36   576
  2.575797e-01   1.685943e-35   4.991761e-05   7.856933e-37   636
  2.578996e-01   1.634126e-35   9.622826e-05   7.868232e-37   648
  2.583323e-01   1.572155e-35   7.822306e-05   8.697782e-37   576
  2.586430e-01   2.044021e-35   1.261820e-04   1.272214e-36   528
  2.590561e-01   1.539676e-35   5.394804e-05   1.195776e-36   360
  2.593981e-01   1.672898e-35   1.241007e-04   8.238146e-37   672
  2.598446e-01   1.713712e-35   6.356642e-05   8.175788e-37   804
  2.602163e-01   1.837111e-35   7.012137e-05   1.233422e-36   408
  2.606274e-01   1.771094e-35   4.334263e-05   1.226178e-36   384
  2.609042e-01   1.702566e-35   9.918459e-05   1.263066e-36   480
  2.612947e-01   1.727563e-35   6.408778e-05   8.730497e-37   432
  2.616692e-01   1.941770e-35   1.181001e-04   8.299843e-37   648
  2.621125e-01   1.915727e-35   7.328056e-05   1.104716e-36   624
  2.624367e-01   1.847635e-35   6.665485e-05   1.083762e-36   456
  2.628795e-01   1.908779e-35   9.105646e-05   1.264098e-36   588
  2.631762e-01   1.828261e-35   5.809364e-05   1.098688e-36   600
  2.636094e-01   1.880655e-35   9.061183e-05   8.840622e-37   708
  2.639516e-01   1.626767e-35   5.708370e-05   1.200342e-36   360
  2.643298e-01   1.940803e-35   6.561923e-05   9.595097e-37   552
  2.646923e-01   1.815587e-35   4.603344e-05   1.005000e-36   288
  2.650603e-01   1.839077e-35   8.655546e-05   9.787762e-37   528
  2.654060e-01   1.780706e-35   5.839431e-05   8.823572e-37   456
  2.657924e-01   1.950957e-35   1.035458e-04   9.044826e-37   608
  2.661809e-01   1.911404e-35   5.009661e-05   1.006011e-36   504
  2.666055e-01   1.662623e-35   1.075546e-04   6.975036e-37   540
  2.669384e-01   2.162825e-35   1.154568e-04   1.434682e-36   360
  2.672972e-01   1.966977e-35   5.228475e-05   1.112371e-36   540
  2.676146e-01   2.070645e-35   4.489266e-05   1.187251e-36   576
  2.680762e-01   1.845512e-35   1.040909e-04   9.947680e-37   588
  2.685150e-01   1.817191e-35   1.436140e-04   8.862942e-37   672
  2.688920e-01   2.083952e-35   1.097654e-04   1.204629e-36   552
  2.691959e-01   1.923030e-35   1.098209e-04   2.117298e-36   144
  2.695837e-01   1.950819e-35   9.330411e-05   8.984446e-37   600
  2.699514e-01   1.803946e-35   1.169304e-04   9.604959e-37   504
  2.703595e-01   1.917617e-35   1.201111e-04   1.059205e-36   336
  2.707887e-01   1.765438e-35   1.350054e-04   8.875889e-37   600
  2.711731e-01   2.044008e-35   8.712810e-05   9.706515e-37   636
  2.715880e-01   1.932697e-35   7.005178e-05   1.193484e-36   384
  2.718789e-01   2.071034e-35   9.771396e-05   1.394308e-36   504
  2.722982e-01   2.219479e-35   4.100918e-05   1.956591e-36   240
  2.726291e-01   2.091309e-35   9.633639e-05   9.336148e-37   744
  2.730261e-01   2.031234e-35   6.578310e-05   9.818849e-37   648
  2.733790e-01   2.397041e-35   4.366878e-05   3.076038e-36   120
  2.737925e-01   1.829281e-35   6.859799e-05   8.775537e-37   564
  2.741050e-01   2.109266e-35   1.077373e-04   1.257580e-36   432
  2.745220e-01   2.041072e-35   8.362543e-05   1.059491e-36   480
  2.748361e-01   1.958642e-35   6.155045e-05   1.188494e-36   456
  2.752067e-01   1.960269e-35   1.018569e-04   1.101654e-36   444
  2.756274e-01   1.934944e-35   1.558464e-04   1.037145e-36   528
  2.759969e-01   1.952614e-35   1.157439e-04   1.287846e-36   264
  2.763555e-01   2.087523e-35   1.186203e-04   9.627059e-37   444
  2.768379e-01   2.246233e-35   1.299311e-04   1.051073e-36   696
  2.772383e-01   2.147693e-35   6.949148e-05   1.469282e-36   384
  2.775311e-01   2.365981e-35   8.780831e-05   1.423636e-36   432
  2.779866e-01   2.192450e-35   6.067143e-05   1.218511e-36   488
  2.782823e-01   2.251532e-35   9.143939e-05   1.183183e-36   480
  2.787111e-01   2.322271e-35   1.019738e-04   1.282486e-36   480
  2.790432e-01   2.399997e-35   4.278510e-05   2.175001e-36   240
  2.794202e-01   2.060647e-35   9.994261e-05   1.074445e-36   600
  2.797758e-01   2.342070e-35   8.708975e-05   1.678742e-36   288
  2.801544e-01   2.252805e-35   8.377397e-05   1.143300e-36   480
  2.805379e-01   2.140690e-35   1.490189e-04   1.343475e-36   504
  2.809155e-01   2.555562e-35   6.393839e-05   2.126143e-36   216
  2.813970e-01   2.245992e-35   1.046773e-04   1.281923e-36   504
  2.817720e-01   2.461918e-35   8.419242e-05   1.546125e-36   456
  2.821825e-01   2.733447e-35   4.828579e-05   1.764135e-36   384
  2.824544e-01   2.394015e-35   9.800271e-05   1.271827e-36   480
  2.828408e-01   2.281860e-35   8.605736e-05   1.232007e-36   504
  2.831988e-01   2.411686e-35   5.458940e-05   2.029112e-36   312
  2.835845e-01   2.413758e-35   8.796897e-05   1.373497e-36   492
  2.839260e-01   2.403721e-35   8.245044e-05   1.626110e-36   312
  2.843655e-01   2.543524e-35   1.339342e-04   1.550532e-36   576
  2.847524e-01   2.308835e-35   1.236321e-04   1.571770e-36   336
  2.850738e-01   2.138821e-35   9.519099e-05   2.660490e-36   240
  2.855192e-01   2.393761e-35   1.261991e-04   1.270655e-36   468
  2.859039e-01   2.035523e-35   7.901891e-05   1.438340e-36   192
  2.863065e-01   2.363030e-35   7.925442e-05   1.749128e-36   324
  2.866016e-01   2.544180e-35   5.752155e-05   1.322715e-36   600
  2.870037e-01   2.818111e-35   9.332283e-05   1.716383e-36   456
  2.873023e-01   2.508925e-35   4.197661e-05   1.963319e-36   336
  2.877972e-01   2.449503e-35   1.256898e-04   1.264146e-36   612
  2.881573e-01   2.263536e-35   1.054844e-04   2.338630e-36   144
  2.884978e-01   2.499240e-35   1.231274e-04   1.513426e-36   552
  2.889609e-01   2.175912e-35   4.848907e-05   1.552767e-36   264
  2.892225e-01   2.781702e-35   1.122646e-04   1.661111e-36   336
  2.896353e-01   2.218683e-35   7.418058e-05   1.312360e-36   384
  2.899932e-01   2.457372e-35   4.175634e-05   2.208079e-36   216
  2.903894e-01   2.118137e-35   8.853205e-05   1.580439e-36   344
  2.907507e-01   2.255245e-35   1.320940e-04   1.342046e-36   408
  2.911910e-01   2.850549e-35   1.015056e-04   1.700686e-36   264
  2.915811e-01   2.642453e-35   1.415038e-04   1.446477e-36   612
  2.919709e-01   2.809916e-35   7.282870e-05   1.987825e-36   408
  2.923718e-01   2.620864e-35   7.293338e-05   1.827327e-36   444
  2.926663e-01   2.828336e-35   4.079109e-05   4.263894e-36   120
  2.930609e-01   2.504606e-35   1.126983e-04   1.902566e-36   336
  2.933538e-01   2.701533e-35   3.916222e-05   1.736226e-36   288
  2.937496e-01   2.448349e-35   1.218735e-04   1.324655e-36   552
  2.942938e-01   2.773188e-35   6.525678e-09   5.868377e-36   72
  2.945736e-01   2.400743e-35   1.210514e-04   1.337804e-36   504
  2.949004e-01   2.327937e-35   3.895317e-05   1.719343e-36   216
  2.953239e-01   2.877335e-35   6.954821e-05   1.843031e-36   312
  2.957040e-01   2.498720e-35   7.919158e-05   1.708904e-36   336
  2.960663e-01   2.697627e-35   1.097684e-04   2.186709e-36   204
  2.964271e-01   2.834225e-35   1.275676e-04   1.388314e-36   504
  2.968098e-01   2.814277e-35   1.214810e-04   1.747614e-36   396
  2.971778e-01   2.974123e-35   1.114044e-04   2.363962e-36   312
  2.976240e-01   2.531441e-35   6.808000e-05   1.818661e-36   216
  2.979383e-01   2.859959e-35   3.694832e-05   2.400783e-36   168
  2.983203e-01   2.710777e-35   9.329657e-05   1.369622e-36   588
  2.987563e-01   2.608105e-35   1.266392e-04   1.906823e-36   240
  2.990950e-01   2.451138e-35   1.118436e-04   1.367272e-36   264
  2.994922e-01   3.205972e-35   1.383176e-04   2.135169e-36   288
  2.998446e-01   2.222157e-35   6.907007e-05   1.611794e-36   288
  3.002913e-01   2.942653e-35   6.486779e-05   2.099096e-36   288
  3.005921e-01   2.759305e-35   7.514392e-05   2.680090e-36   192
  3.009705e-01   2.652198e-35   7.996067e-05   2.716098e-36   264
  3.013310e-01   2.864609e-35   1.315242e-04   1.727829e-36   372
  3.017189e-01   3.210673e-35   1.420518e-04   2.206374e-36   360
  3.021924e-01   2.282285e-35   6.011768e-05   2.064401e-36   144
  3.024371e-01   2.772299e-35   8.350082e-05   1.626252e-36   296
  3.028234e-01   2.604900e-35   8.996782e-05   1.452885e-36   288
  3.032657e-01   2.726300e-35   1.344546e-04   1.410244e-36   480
  3.036471e-01   2.665900e-35   1.117190e-04   2.117568e-36   192
  3.040181e-01   2.920895e-35   1.198338e-04   2.983761e-36   192
  3.043553e-01   2.572713e-35   7.637151e-05   1.679985e-36   288
  3.048242e-01   2.600369e-35   6.648036e-05   3.078138e-36   108
  3.050604e-01   2.877675e-35   6.391272e-05   2.312925e-36   240
  3.054775e-01   2.725872e-35   1.192307e-04   1.646152e-36   384
  3.059059e-01   3.594899e-35   1.454479e-04   3.402109e-36   108
  3.062848e-01   3.033764e-35   8.527881e-05   2.126379e-36   348
  3.066832e-01   3.027323e-35   8.900031e-05   2.107945e-36   312
  3.070391e-01   2.760274e-35   8.648246e-05   3.809377e-36   96
  3.073663e-01   2.658119e-35   1.151358e-04   1.665419e-36   384
  3.077328e-01   2.941110e-35   7.919012e-05   3.042773e-36   144
  3.080912e-01   2.934810e-35   1.216791e-04   1.539218e-36   408
  3.085368e-01   2.734085e-35   5.427748e-05   3.375207e-36   144
  3.089578e-01   2.911955e-35   1.043490e-04   2.427213e-36   192
  3.092074e-01   3.527902e-35   1.174468e-04   3.222104e-36   144
  3.096144e-01   3.033290e-35   9.548855e-05   2.232215e-36   144
  3.099983e-01   3.387472e-35   1.167025e-04   2.084636e-36   336
  3.104685e-01   2.832546e-35   8.634502e-05   2.064933e-36   240
  3.107666e-01   3.406400e-35   3.920851e-05   3.542442e-36   96
  3.111825e-01   2.982972e-35   1.149797e-04   2.263104e-36   372
  3.116031e-01   2.812833e-35   1.367659e-04   2.399306e-36   132
  3.119726e-01   3.336751e-35   8.462908e-05   2.279336e-36   264
  3.123032e-01   3.155972e-35   6.499128e-05   2.897086e-36   168
  3.126560e-01   3.048439e-35   1.039086e-04   2.322417e-36   216
  3.129676e-01   2.885051e-35   6.357256e-05   2.077699e-36   216
  3.134215e-01   3.539574e-35   1.166292e-04   3.643131e-36   96
  3.138333e-01   3.273982e-35   7.608990e-05   4.049524e-36   120
  3.142110e-01   3.365166e-35   9.673168e-05   3.063096e-36   216
  3.145221e-01   3.538996e-35   4.227207e-05   3.141013e-36   200
  3.149340e-01   3.212593e-35   1.094242e-04   2.245080e-36   288
  3.154623e-01   2.960769e-35   2.879164e-05   2.271507e-36   144
  3.156848e-01   3.553907e-35   8.959781e-05   3.125722e-36   168
  3.161391e-01   3.013571e-35   1.008340e-04   3.248003e-36   159
  3.164937e-01   3.039437e-35   1.057991e-04   2.133406e-36   174
  3.168369e-01   3.209631e-35   9.593494e-05   2.776557e-36   144
  3.172863e-01   3.171005e-35   5.539549e-05   2.414727e-36   222
  3.175869e-01   2.973892e-35   5.589895e-05   2.111041e-36   168
  3.181060e-01   3.180642e-35   1.226079e-04   9.322618e-36   30
  3.183205e-01   2.680968e-35   1.082537e-04   2.904802e-36   72
  3.187244e-01   3.503863e-35   9.661517e-05   2.299925e-36   258
  3.191684e-01   3.736232e-35   6.051257e-05   2.268616e-36   264
  3.193905e-01   3.165455e-35   0.000000e+00   6.191722e-36   72
  3.198532e-01   3.291638e-35   1.199385e-04   2.577972e-36   174
  3.202721e-01   3.767195e-35   1.277123e-04   4.210389e-36   168
  3.206090e-01   2.906388e-35   3.996146e-09   5.097800e-36   48
  3.209705e-01   3.216818e-35   7.212215e-05   2.682549e-36   150
  3.213898e-01   3.212457e-35   1.326739e-04   3.452914e-36   168
  3.218102e-01   3.528063e-35   8.081877e-05   2.141133e-36   144
  3.221967e-01   3.137363e-35   7.550312e-05   3.075954e-36   102
  3.224847e-01   3.464982e-35   1.117576e-04   3.496352e-36   96
  3.229415e-01   3.650334e-35   1.109119e-04   3.825203e-36   120
  3.232799e-01   3.637488e-35   1.189559e-04   3.556660e-36   168
  3.236458e-01   3.608416e-35   8.783953e-05   4.043946e-36   126
  3.239576e-01   3.563753e-35   6.624856e-05   3.433591e-36   168
  3.243872e-01   4.413377e-35   1.062297e-04   8.542562e-36   72
  3.247626e-01   3.705380e-35   1.330232e-04   3.181419e-36   168
  3.250914e-01   3.941586e-35   3.646820e-05   5.033882e-36   78
  3.255420e-01   3.235918e-35   5.987806e-05   4.493940e-36   60
  3.259049e-01   3.842004e-35   9.713191e-05   4.980687e-36   96
  3.262812e-01   3.482748e-35   1.178615e-04   2.410536e-36   168
  3.266349e-01   3.181129e-35   7.457817e-05   2.629349e-36   86
  3.270060e-01   4.063949e-35   6.665520e-05   4.238177e-36   120
  3.275378e-01   3.947468e-35   4.753401e-05   2.670200e-36   168
  3.278247e-01   3.050633e-35   0.000000e+00   4.312808e-36   48
  3.282110e-01   3.435189e-35   8.660181e-05   2.588214e-36   120
  3.284330e-01   3.931867e-35   6.317951e-05   3.560335e-36   126
  3.289749e-01   4.729818e-35   1.111151e-04   6.439217e-36   96
  3.293266e-01   3.697876e-35   3.204012e-05   3.671587e-36   96
  3.296039e-01   4.645334e-35   0.000000e+00   5.401085e-36   72
  3.301949e-01   4.368417e-35   3.996146e-09   5.258094e-36   24
  3.305637e-01   3.554818e-35   6.593782e-05   3.277819e-36   120
  3.308514e-01   4.121032e-35   9.618300e-05   4.231136e-36   126
  3.311713e-01   4.300093e-35   8.018157e-05   4.857805e-36   96
  3.315452e-01   4.361338e-35   1.385771e-04   6.841284e-36   72
  3.319614e-01   3.693327e-35   5.993927e-05   3.061445e-36   144
  3.323038e-01   4.229389e-35   3.457157e-05   7.822230e-36   72
  3.326459e-01   3.433599e-35   6.905176e-05   4.847670e-36   54
  3.329469e-01   3.654667e-35   6.085106e-05   3.248325e-36   108
  3.335726e-01   4.513104e-35   5.964977e-05   6.535504e-36   72
  3.337673e-01   3.968634e-35   3.441997e-05   7.236239e-36   72
  3.342294e-01   2.828350e-35   6.921527e-09   6.856896e-36   24
  3.346666e-01   3.655180e-35   7.281693e-05   5.182683e-36   48
  3.349321e-01   4.880765e-35   5.546771e-05   4.574825e-36   102
  3.353317e-01   4.416810e-35   1.254449e-04   3.754213e-36   168
  3.358538e-01   5.169687e-35   6.841470e-05   5.380606e-36   72
  3.360473e-01   5.068947e-35   0.000000e+00   9.025594e-36   48
  3.364531e-01   3.993272e-35   1.176775e-04   3.510107e-36   120
  3.369887e-01   5.421091e-35   7.231517e-05   5.695203e-36   96
  3.374945e-01   3.460407e-35   7.830814e-09   6.524487e-36   30
  3.380957e-01   5.325773e-35   3.397687e-05   6.277557e-36   72
  3.383599e-01   3.799373e-35   3.996146e-09   5.494136e-36   24
  3.386992e-01   4.729351e-35   5.036212e-05   5.694505e-36   56
  3.390793e-01   5.800425e-35   7.186930e-05   6.832555e-36   96
  3.395342e-01   5.436188e-35   7.936128e-05   5.033832e-36   144
  3.398849e-01   5.434946e-35   4.505822e-05   8.456920e-36   54
  3.403944e-01   4.281597e-35   6.750198e-05   5.508505e-36   108
  3.409071e-01   3.086408e-35   3.574199e-05   5.632442e-36   48
  3.413952e-01   5.432812e-35   1.345800e-04   5.817133e-36   72
  3.425664e-01   5.555300e-35   8.891744e-05   5.417578e-36   78
  3.428909e-01   5.157850e-35   6.701044e-05   6.645362e-36   72
  3.432698e-01   4.887482e-35   6.692725e-05   6.938832e-36   72
  3.436659e-01   5.408110e-35   1.615028e-04   4.797222e-36   96
  3.439790e-01   5.557025e-35   6.678928e-05   6.073121e-36   72
  3.443566e-01   4.287523e-35   0.000000e+00   6.265593e-36   24
  3.447338e-01   4.767382e-35   1.332770e-04   4.368943e-36   72
  3.455858e-01   4.945878e-35   8.463498e-05   6.531385e-36   30
  3.457691e-01   3.570087e-35   0.000000e+00   1.263751e-35   24
  3.467544e-01   6.063778e-35   7.027855e-05   1.217510e-35   48
  3.470634e-01   5.646517e-35   1.512394e-04   5.411909e-36   120
  3.474798e-01   6.194129e-35   6.612537e-05   6.218625e-36   72
  3.479003e-01   3.987988e-35   6.604543e-05   8.288802e-36   36
  3.481894e-01   4.748976e-35   1.305365e-04   8.388746e-36   78
  3.489960e-01   4.951816e-35   6.982714e-05   5.342407e-36   48
  3.500419e-01   3.268236e-35   5.651403e-09   5.529557e-36   24
  3.507870e-01   6.064904e-35   4.862619e-05   9.359855e-36   56
  3.511622e-01   5.055351e-35   7.482652e-05   5.358853e-36   102
  3.516395e-01   4.381621e-35   5.328194e-09   3.650618e-36   72
  3.519166e-01   4.916938e-35   0.000000e+00   7.899453e-36   24
  3.524009e-01   5.026928e-35   6.915246e-05   9.715330e-36   48
  3.532988e-01   5.634521e-35   0.000000e+00   2.576745e-35   24
  3.544007e-01   3.920958e-35   0.000000e+00   1.768190e-36   6
  3.547443e-01   6.814316e-35   0.000000e+00   8.017698e-36   24
  3.549732e-01   6.553614e-35   6.472929e-05   1.181883e-35   72
  3.553914e-01   5.519219e-35   1.207586e-04   5.851047e-36   84
  3.558418e-01   6.097101e-35   0.000000e+00   5.805828e-36   24
  3.559787e-01   5.596694e-35   5.651403e-09   6.989763e-36   24
  3.566626e-01   3.276703e-35   3.996146e-09   5.713238e-36   24
  3.576179e-01   4.399708e-35   0.000000e+00   2.798581e-36   6
  3.588424e-01   5.468014e-35   6.791113e-05   6.445888e-36   48
  3.591365e-01   5.460347e-35   1.279335e-04   6.790311e-36   72
  3.595209e-01   7.147484e-35   6.778297e-05   9.927332e-36   48
  3.601304e-01   7.155219e-35   0.000000e+00   9.628253e-36   24
  3.609415e-01   4.149238e-35   3.996146e-09   1.049815e-35   6
  3.627599e-01   6.719739e-35   0.000000e+00   8.242617e-36   8
  3.628942e-01   8.098457e-35   3.996146e-09   1.464997e-35   48
  3.632164e-01   7.127452e-35   6.573533e-05   1.174983e-35   60
  3.636991e-01   4.765547e-35   0.000000e+00   1.105559e-35   24
  3.643686e-01   2.391967e-35   0.000000e+00   1.705707e-36   6
  3.668348e-01   8.420539e-35   0.000000e+00   1.888900e-35   24
  3.670341e-01   6.061304e-35   6.639546e-05   1.180625e-35   48
  3.673659e-01   6.755377e-35   0.000000e+00   1.257762e-35   24
  3.678962e-01   4.940886e-35   3.996146e-09   1.651976e-35   6
  3.709088e-01   7.703767e-35   6.194064e-05   8.609010e-36   36
  3.711278e-01   9.214065e-35   0.000000e+00   1.405969e-35   24
  3.715215e-01   4.589816e-35   0.000000e+00   6.766415e-36   6
  3.749494e-01   6.805447e-35   5.629118e-05   1.164721e-35   32
  3.752417e-01   2.552032e-35   3.996146e-09   1.574622e-36   6
  3.789254e-01   6.990979e-35   0.000000e+00   1.308241e-35   12
  3.790540e-01   3.970897e-35   0.000000e+00   2.030715e-35   6
  3.829556e-01   6.852159e-35   5.651403e-09   2.479076e-35   6
