# power spectrum of delta
# redshift z=0.000000
# k              Pk             sigma(k)       sigma(Pk)      count
  6.981317e-03   1.979946e-04   0.000000e+00   7.743757e-05   6
  9.873073e-03   4.427647e-04   0.000000e+00   8.555866e-05   12
  1.209200e-02   7.098469e-04   1.324548e-10   1.440038e-04   8
  1.396263e-02   4.166891e-03   0.000000e+00   4.290398e-04   6
  1.561070e-02   4.320978e-03   0.000000e+00   1.329572e-03   24
  1.710066e-02   8.443692e-03   2.497591e-10   1.396462e-03   24
  1.974615e-02   6.192705e-03   0.000000e+00   2.678191e-03   12
  2.094395e-02   8.790292e-03   2.825702e-10   1.489860e-03   30
  2.207686e-02   1.395382e-02   0.000000e+00   2.919096e-03   24
  2.315441e-02   1.450960e-02   4.325955e-10   3.488654e-03   24
  2.418399e-02   1.885425e-02   2.649095e-10   3.636213e-03   8
  2.517150e-02   1.887880e-02   3.532127e-10   2.311913e-03   24
  2.612170e-02   1.979841e-02   0.000000e+00   2.721824e-03   48
  2.792527e-02   3.028305e-02   0.000000e+00   1.290927e-02   6
  2.878471e-02   2.582716e-02   4.995182e-10   3.562413e-03   48
  2.961922e-02   2.706944e-02   0.000000e+00   2.852257e-03   36
  3.043086e-02   4.093869e-02   3.532127e-10   8.442627e-03   24
  3.122140e-02   2.745940e-02   0.000000e+00   4.245223e-03   24
  3.199241e-02   2.612993e-02   0.000000e+00   3.282080e-03   48
  3.274528e-02   3.844488e-02   4.995182e-10   5.331335e-03   24
  3.420133e-02   3.988859e-02   4.995182e-10   5.738190e-03   24
  3.490659e-02   2.678720e-02   0.000000e+00   4.350695e-03   30
  3.559787e-02   3.326638e-02   0.000000e+00   3.441779e-03   72
  3.627599e-02   3.536971e-02   5.298191e-10   7.215631e-03   32
  3.759554e-02   4.833210e-02   0.000000e+00   5.388224e-03   72
  3.823825e-02   3.183835e-02   0.000000e+00   4.600038e-03   48
  3.949229e-02   1.853641e-02   0.000000e+00   5.550586e-03   12
  4.010461e-02   3.862626e-02   0.000000e+00   5.348219e-03   48
  4.070772e-02   3.556179e-02   0.000000e+00   3.174497e-03   48
  4.130203e-02   4.671334e-02   4.995182e-10   5.931333e-03   48
  4.188790e-02   6.060853e-02   5.651403e-10   1.033775e-02   30
  4.246569e-02   6.794956e-02   4.995182e-10   1.410946e-02   24
  4.303573e-02   6.842338e-02   1.053077e-09   7.263661e-03   72
  4.415373e-02   3.844855e-02   0.000000e+00   8.143319e-03   24
  4.470224e-02   6.053793e-02   0.000000e+00   5.529767e-03   96
  4.524411e-02   4.842498e-02   0.000000e+00   6.971401e-03   48
  4.577956e-02   4.011864e-02   8.651909e-10   8.566843e-03   24
  4.630882e-02   3.009904e-02   8.651909e-10   6.095772e-03   24
  4.683210e-02   7.767543e-02   0.000000e+00   8.759828e-03   72
  4.734960e-02   6.356882e-02   0.000000e+00   8.949029e-03   48
  4.836798e-02   5.098989e-02   5.298191e-10   1.268679e-02   8
  4.886922e-02   9.185644e-02   6.279337e-10   1.174695e-02   54
  4.936537e-02   5.700539e-02   0.000000e+00   8.469858e-03   84
  4.985658e-02   8.136985e-02   0.000000e+00   1.099389e-02   48
  5.034299e-02   4.825770e-02   7.064254e-10   7.762604e-03   24
  5.082475e-02   6.313144e-02   6.660243e-10   6.650635e-03   72
  5.130199e-02   8.406003e-02   0.000000e+00   9.481116e-03   96
  5.224339e-02   1.098028e-01   0.000000e+00   1.165002e-02   48
  5.270779e-02   6.935883e-02   0.000000e+00   7.471086e-03   48
  5.316813e-02   6.501575e-02   7.064254e-10   1.202106e-02   24
  5.362451e-02   7.198861e-02   0.000000e+00   7.551953e-03   72
  5.452583e-02   7.090084e-02   6.660243e-10   8.148958e-03   72
  5.497095e-02   7.386007e-02   0.000000e+00   7.787908e-03   96
  5.585054e-02   1.368590e-01   0.000000e+00   5.471788e-02   6
  5.628518e-02   9.459991e-02   0.000000e+00   1.029888e-02   96
  5.671649e-02   1.006994e-01   7.064254e-10   1.028594e-02   96
  5.714454e-02   5.401363e-02   0.000000e+00   1.296081e-02   24
  5.756941e-02   7.598544e-02   9.990364e-10   8.761319e-03   48
  5.799117e-02   8.076530e-02   0.000000e+00   7.703719e-03   96
  5.840989e-02   7.744774e-02   0.000000e+00   1.175630e-02   48
  5.923844e-02   8.243785e-02   0.000000e+00   1.293883e-02   36
  5.964840e-02   8.443982e-02   1.223565e-09   1.052325e-02   48
  6.005556e-02   9.634395e-02   1.384305e-09   8.404509e-03   120
  6.045998e-02   8.951837e-02   0.000000e+00   1.181889e-02   56
  6.086171e-02   4.805571e-02   7.064254e-10   8.457179e-03   24
  6.126081e-02   7.340204e-02   0.000000e+00   6.759081e-03   96
  6.165732e-02   7.677172e-02   0.000000e+00   8.564411e-03   48
  6.244280e-02   1.157690e-01   0.000000e+00   1.955657e-02   24
  6.283185e-02   1.151934e-01   0.000000e+00   1.212200e-02   102
  6.321851e-02   1.388783e-01   0.000000e+00   2.207890e-02   48
  6.360282e-02   1.152684e-01   0.000000e+00   1.115722e-02   72
  6.398483e-02   1.042121e-01   0.000000e+00   9.729215e-03   48
  6.436456e-02   1.247990e-01   0.000000e+00   2.218306e-02   48
  6.474207e-02   1.099109e-01   1.598458e-09   9.992377e-03   120
  6.549056e-02   1.228491e-01   9.990364e-10   1.550659e-02   24
  6.586161e-02   9.186423e-02   9.419006e-10   7.692503e-03   144
  6.623059e-02   9.182074e-02   1.130281e-09   1.014095e-02   120
  6.659752e-02   9.519852e-02   9.990364e-10   1.411677e-02   48
  6.732538e-02   1.166525e-01   9.990364e-10   1.573167e-02   48
  6.768638e-02   9.681725e-02   9.990364e-10   8.497558e-03   96
  6.863955e-02   1.107678e-01   1.675093e-04   1.219530e-02   72
  6.911151e-02   1.044132e-01   1.255867e-09   8.097030e-03   108
  6.946323e-02   1.106460e-01   0.000000e+00   1.095620e-02   72
  6.981317e-02   7.343251e-02   0.000000e+00   1.445122e-02   30
  7.016137e-02   1.221407e-01   0.000000e+00   8.400751e-03   168
  7.050785e-02   1.594864e-01   0.000000e+00   1.655461e-02   48
  7.119574e-02   9.266937e-02   0.000000e+00   1.110239e-02   72
  7.153721e-02   1.347225e-01   0.000000e+00   1.374574e-02   96
  7.187706e-02   1.123838e-01   1.883801e-09   1.476121e-02   72
  7.221530e-02   1.256735e-01   0.000000e+00   1.222609e-02   72
  7.278398e-02   1.396137e-01   1.546684e-04   1.094229e-02   104
  7.322067e-02   1.195642e-01   1.332049e-09   8.355127e-03   144
  7.421242e-02   8.495585e-02   2.233913e-09   8.137480e-03   96
  7.454007e-02   8.081385e-02   0.000000e+00   7.916621e-03   96
  7.506116e-02   1.269454e-01   1.591194e-04   1.106003e-02   120
  7.551449e-02   1.088480e-01   0.000000e+00   8.772397e-03   120
  7.583651e-02   1.443943e-01   0.000000e+00   1.502245e-02   72
  7.647650e-02   1.585221e-01   0.000000e+00   1.854420e-02   48
  7.679449e-02   1.468631e-01   1.505926e-09   1.903961e-02   78
  7.720128e-02   1.443949e-01   1.424762e-04   1.134608e-02   168
  7.805350e-02   1.405702e-01   1.332049e-09   1.070497e-02   144
  7.836509e-02   1.816399e-01   1.332049e-09   1.220000e-02   144
  7.926883e-02   1.379109e-01   8.205478e-05   1.195943e-02   156
  7.959926e-02   1.312868e-01   1.730382e-09   2.790283e-02   48
  7.990483e-02   1.323366e-01   1.130281e-09   1.173026e-02   120
  8.020923e-02   1.066894e-01   0.000000e+00   1.566178e-02   48
  8.074745e-02   1.430641e-01   1.255998e-04   1.045451e-02   216
  8.141545e-02   7.671116e-02   0.000000e+00   8.367061e-03   48
  8.171422e-02   1.040902e-01   9.990364e-10   7.996360e-03   96
  8.213902e-02   1.270139e-01   1.467830e-04   1.090403e-02   168
  8.260406e-02   9.418144e-02   9.990364e-10   1.249676e-02   48
  8.289855e-02   1.389203e-01   0.000000e+00   1.244397e-02   96
  8.319199e-02   1.233683e-01   0.000000e+00   1.960834e-02   48
  8.377580e-02   1.645578e-01   1.130281e-09   1.994520e-02   30
  8.406619e-02   1.253311e-01   9.990364e-10   9.783818e-03   96
  8.441325e-02   1.333760e-01   1.153584e-04   9.672850e-03   240
  8.485953e-02   2.445683e-01   1.244551e-04   3.499546e-02   32
  8.521783e-02   1.049303e-01   0.000000e+00   7.156787e-03   168
  8.550332e-02   1.073274e-01   0.000000e+00   1.039387e-02   120
  8.607146e-02   1.198474e-01   2.106154e-09   1.491580e-02   72
  8.635412e-02   1.608608e-01   1.332049e-09   1.507036e-02   144
  8.663587e-02   1.211550e-01   0.000000e+00   1.037571e-02   96
  8.691670e-02   1.419377e-01   0.000000e+00   1.006695e-02   96
  8.747565e-02   2.107325e-01   1.631420e-09   2.401914e-02   72
  8.775379e-02   1.147215e-01   1.412851e-09   1.155201e-02   96
  8.830745e-02   2.054119e-01   0.000000e+00   3.729367e-02   24
  8.858298e-02   1.428134e-01   0.000000e+00   9.610748e-03   192
  8.890745e-02   1.350597e-01   1.056148e-04   1.086258e-02   132
  8.940448e-02   1.361009e-01   0.000000e+00   1.133812e-02   96
  8.967664e-02   8.885422e-02   0.000000e+00   8.191650e-03   96
  8.994798e-02   1.261984e-01   1.130281e-09   9.704693e-03   120
  9.048821e-02   1.287776e-01   0.000000e+00   1.178609e-02   48
  9.093103e-02   1.221310e-01   1.279966e-04   6.900423e-03   222
  9.129257e-02   1.545644e-01   0.000000e+00   1.346407e-02   120
  9.155911e-02   8.518654e-02   1.730382e-09   1.946700e-02   24
  9.194720e-02   1.646082e-01   1.321111e-04   9.919387e-03   312
  9.279280e-02   1.784913e-01   1.238595e-04   1.739542e-02   72
  9.314239e-02   1.319242e-01   9.990364e-10   1.220782e-02   96
  9.350136e-02   1.517742e-01   1.261337e-04   1.228505e-02   192
  9.392401e-02   1.405158e-01   1.598458e-09   1.525761e-02   120
  9.418312e-02   1.250757e-01   0.000000e+00   9.478108e-03   144
  9.469919e-02   1.584074e-01   0.000000e+00   1.949858e-02   48
  9.506602e-02   1.258603e-01   1.268319e-04   8.053540e-03   336
  9.546807e-02   1.405045e-01   0.000000e+00   1.296643e-02   48
  9.597724e-02   1.340123e-01   0.000000e+00   1.109353e-02   192
  9.623081e-02   9.270908e-02   0.000000e+00   1.106425e-02   48
  9.695161e-02   8.963337e-02   8.803796e-05   8.475018e-03   56
  9.731001e-02   1.317069e-01   1.130706e-04   7.374913e-03   336
  9.773844e-02   1.086345e-01   1.255867e-09   1.783269e-02   54
  9.811165e-02   1.311153e-01   1.241922e-04   8.656090e-03   240
  9.888643e-02   1.393811e-01   1.189150e-04   1.101917e-02   228
  9.922316e-02   1.350150e-01   1.332049e-09   1.481282e-02   72
  9.955002e-02   1.415956e-01   1.153504e-04   1.104547e-02   144
  9.995725e-02   1.371547e-01   0.000000e+00   1.201987e-02   96
  1.002007e-01   1.330106e-01   1.598458e-09   9.517686e-03   240
  1.006860e-01   8.098440e-02   1.412851e-09   1.089219e-02   24
  1.009966e-01   1.456803e-01   1.089476e-04   7.946801e-03   336
  1.014095e-01   8.949242e-02   0.000000e+00   9.533864e-03   72
  1.017863e-01   1.690035e-01   1.185007e-04   1.416289e-02   168
  1.021279e-01   1.432771e-01   0.000000e+00   1.813531e-02   72
  1.026040e-01   2.077095e-01   0.000000e+00   2.109230e-02   96
  1.029727e-01   1.149645e-01   1.176117e-04   7.320371e-03   216
  1.033141e-01   1.030572e-01   1.412851e-09   7.920395e-03   96
  1.037847e-01   1.453093e-01   0.000000e+00   1.004610e-02   192
  1.040193e-01   1.293618e-01   1.332049e-09   7.610449e-03   144
  1.044868e-01   8.869163e-02   0.000000e+00   8.884289e-03   48
  1.048105e-01   1.447584e-01   1.133915e-04   1.084157e-02   246
  1.052503e-01   1.660359e-01   1.045488e-04   1.430009e-02   168
  1.056465e-01   1.391170e-01   1.957704e-09   1.889963e-02   120
  1.058769e-01   1.265701e-01   0.000000e+00   9.627603e-03   240
  1.063363e-01   1.554025e-01   1.412851e-09   3.594045e-02   24
  1.067022e-01   1.301102e-01   1.119102e-04   6.820682e-03   360
  1.071580e-01   1.833519e-01   1.114340e-04   1.721495e-02   120
  1.074760e-01   1.490626e-01   0.000000e+00   1.246438e-02   144
  1.077025e-01   1.982274e-01   0.000000e+00   1.871211e-02   96
  1.083792e-01   1.324268e-01   0.000000e+00   9.820698e-03   144
  1.086038e-01   1.967282e-01   0.000000e+00   1.963303e-02   132
  1.089195e-01   1.283450e-01   1.099837e-04   1.080797e-02   176
  1.093777e-01   1.340966e-01   1.110614e-04   7.436611e-03   312
  1.099419e-01   1.438727e-01   0.000000e+00   1.505164e-02   96
  1.101633e-01   1.030273e-01   0.000000e+00   8.465134e-03   144
  1.105031e-01   1.408909e-01   1.099474e-04   9.350233e-03   312
  1.110446e-01   1.397583e-01   0.000000e+00   1.820703e-02   48
  1.112639e-01   1.365935e-01   1.412851e-09   9.721397e-03   192
  1.117011e-01   9.563898e-02   0.000000e+00   1.765906e-02   6
  1.119915e-01   1.333591e-01   1.025446e-04   7.906489e-03   288
  1.124620e-01   1.449598e-01   1.083450e-04   1.117612e-02   192
  1.127866e-01   1.311899e-01   3.322713e-09   9.428615e-03   216
  1.130025e-01   1.681698e-01   0.000000e+00   2.137895e-02   72
  1.135403e-01   1.652176e-01   1.073161e-04   1.843028e-02   192
  1.138975e-01   1.640116e-01   7.968796e-05   1.226612e-02   288
  1.142891e-01   1.315701e-01   0.000000e+00   2.521098e-02   24
  1.145916e-01   1.371388e-01   1.049823e-04   7.653413e-03   456
  1.151388e-01   1.505332e-01   1.998073e-09   3.090736e-02   48
  1.154769e-01   1.697409e-01   1.034033e-04   1.107781e-02   240
  1.158655e-01   1.728896e-01   1.045007e-04   1.265091e-02   216
  1.161923e-01   1.358628e-01   0.000000e+00   1.501344e-02   72
  1.164018e-01   1.151751e-01   3.610549e-09   8.393467e-03   168
  1.169935e-01   1.496191e-01   7.767385e-05   9.751322e-03   288
  1.173253e-01   1.650895e-01   1.027758e-04   1.343597e-02   168
  1.178582e-01   1.518786e-01   0.000000e+00   1.201830e-02   192
  1.180648e-01   1.203330e-01   1.332049e-09   7.173596e-03   144
  1.184769e-01   2.215301e-01   0.000000e+00   2.727340e-02   36
  1.188264e-01   1.223492e-01   9.385617e-05   6.647115e-03   342
  1.191605e-01   1.412140e-01   9.637890e-05   1.604778e-02   144
  1.195900e-01   1.713018e-01   1.010773e-04   1.307719e-02   384
  1.201111e-01   1.675150e-01   2.768611e-09   1.661758e-02   120
  1.203690e-01   1.769408e-01   9.013158e-05   1.007237e-02   264
  1.207183e-01   1.484598e-01   4.467827e-09   1.097191e-02   192
  1.210471e-01   1.378295e-01   9.713401e-05   1.259248e-02   152
  1.213224e-01   1.490664e-01   2.664097e-09   1.528480e-02   144
  1.219012e-01   1.127517e-01   6.286607e-05   9.058732e-03   216
  1.221692e-01   1.721062e-01   8.400585e-05   1.130543e-02   312
  1.226409e-01   1.493854e-01   9.736112e-05   1.062283e-02   240
  1.229188e-01   1.360741e-01   1.412851e-09   9.991940e-03   96
  1.234463e-01   1.010812e-01   9.308426e-05   7.460704e-03   144
  1.237714e-01   1.479639e-01   9.149363e-05   7.946846e-03   456
  1.242988e-01   9.270574e-02   0.000000e+00   7.380202e-03   120
  1.244947e-01   1.308713e-01   0.000000e+00   1.064189e-02   144
  1.248856e-01   1.472916e-01   0.000000e+00   1.836260e-02   24
  1.251362e-01   1.235858e-01   8.794658e-05   7.158756e-03   336
  1.255696e-01   1.477611e-01   9.699311e-05   1.262086e-02   198
  1.259757e-01   1.709351e-01   9.432023e-05   1.247881e-02   432
  1.264370e-01   2.200104e-01   0.000000e+00   3.633060e-02   48
  1.266777e-01   1.959663e-01   8.326844e-05   1.271860e-02   384
  1.271098e-01   1.632257e-01   9.585962e-05   1.891089e-02   144
  1.275013e-01   2.251423e-01   9.517601e-05   2.109816e-02   264
  1.279697e-01   1.535716e-01   0.000000e+00   1.499970e-02   48
  1.282839e-01   1.406539e-01   9.049683e-05   1.038442e-02   276
  1.285870e-01   1.632807e-01   8.203293e-05   1.443619e-02   192
  1.289922e-01   1.398128e-01   9.218697e-05   6.676696e-03   552
  1.294841e-01   1.136306e-01   3.196917e-09   1.229151e-02   120
  1.297765e-01   1.159259e-01   9.331596e-05   8.411330e-03   216
  1.300475e-01   1.311576e-01   1.598458e-09   1.118587e-02   120
  1.305316e-01   1.760592e-01   9.189333e-05   9.948274e-03   408
  1.309811e-01   4.617956e-02   1.998073e-09   5.801153e-03   24
  1.312599e-01   1.539097e-01   9.282881e-05   1.087590e-02   384
  1.316492e-01   1.192291e-01   9.069708e-05   7.427479e-03   240
  1.319872e-01   1.388886e-01   9.136125e-05   1.002538e-02   168
  1.324612e-01   1.098767e-01   2.260561e-09   1.167984e-02   120
  1.327667e-01   1.829289e-01   9.523931e-05   1.511661e-02   350
  1.332635e-01   1.767140e-01   1.567823e-04   1.255268e-02   384
  1.335605e-01   2.234420e-01   0.000000e+00   2.754870e-02   144
  1.341067e-01   1.546403e-01   3.767602e-09   1.496914e-02   288
  1.343919e-01   1.656381e-01   8.974411e-05   1.302232e-02   336
  1.347800e-01   1.227871e-01   8.170456e-05   1.134780e-02   168
  1.350122e-01   2.020959e-01   1.614687e-09   1.412497e-02   336
  1.354927e-01   1.186743e-01   8.480446e-05   7.312429e-03   288
  1.357812e-01   1.536963e-01   7.990748e-05   1.051463e-02   264
  1.362699e-01   1.523665e-01   0.000000e+00   1.379908e-02   240
  1.364486e-01   1.261039e-01   2.825702e-09   1.441620e-02   96
  1.370900e-01   1.498688e-01   1.086688e-04   1.033996e-02   360
  1.373893e-01   1.398727e-01   8.010757e-05   1.726899e-02   168
  1.377676e-01   1.496479e-01   8.732558e-05   8.472529e-03   456
  1.382230e-01   1.261635e-01   2.511735e-09   1.423846e-02   108
  1.384792e-01   1.006995e-01   8.761995e-05   6.128973e-03   264
  1.387988e-01   1.405485e-01   7.817127e-05   1.132890e-02   264
  1.392364e-01   1.437785e-01   7.376599e-05   8.017104e-03   312
  1.397814e-01   1.642910e-01   5.481617e-05   1.721161e-02   270
  1.400098e-01   1.957343e-01   6.959603e-05   1.747869e-02   240
  1.404204e-01   1.712872e-01   8.609907e-05   1.320363e-02   384
  1.406696e-01   1.422600e-01   0.000000e+00   9.985874e-03   192
  1.411539e-01   1.708162e-01   6.908303e-05   1.442217e-02   240
  1.414347e-01   1.809131e-01   8.525963e-05   1.347328e-02   336
  1.419630e-01   1.620553e-01   8.583011e-05   8.718680e-03   480
  1.423915e-01   1.787096e-01   0.000000e+00   2.163836e-02   72
  1.426309e-01   1.801560e-01   8.369217e-05   1.740195e-02   240
  1.429564e-01   1.448124e-01   7.865917e-05   9.395496e-03   312
  1.433297e-01   1.334929e-01   8.501169e-05   9.844828e-03   240
  1.438936e-01   1.487423e-01   6.458688e-05   1.104250e-02   408
  1.441169e-01   1.413665e-01   5.914602e-05   1.013223e-02   336
  1.445532e-01   1.471652e-01   7.510087e-05   1.127857e-02   264
  1.447677e-01   9.873712e-02   0.000000e+00   6.705052e-03   144
  1.453643e-01   1.411997e-01   1.040943e-04   9.287274e-03   464
  1.456786e-01   1.155713e-01   8.277629e-05   9.101234e-03   168
  1.459889e-01   1.306221e-01   7.539115e-05   1.130005e-02   336
  1.465498e-01   1.440913e-01   7.921315e-05   1.071389e-02   414
  1.468660e-01   2.672224e-01   8.245619e-05   2.507181e-02   216
  1.472710e-01   2.684534e-01   1.998073e-09   3.148520e-02   96
  1.474364e-01   1.561847e-01   5.994218e-09   1.367504e-02   384
  1.480158e-01   1.506208e-01   8.229688e-05   1.042417e-02   492
  1.483263e-01   1.972046e-01   8.047930e-05   1.472905e-02   240
  1.486772e-01   1.412962e-01   8.171468e-05   1.004888e-02   312
  1.491618e-01   1.054885e-01   8.168777e-05   9.748536e-03   192
  1.494688e-01   1.438555e-01   7.916535e-05   1.052094e-02   504
  1.498761e-01   1.713920e-01   5.240881e-05   1.237234e-02   408
  1.501968e-01   1.194372e-01   1.605609e-04   9.998089e-03   168
  1.505981e-01   1.936666e-01   7.626782e-05   1.309533e-02   288
  1.509348e-01   1.342201e-01   7.959200e-05   1.025749e-02   288
  1.512797e-01   1.066962e-01   8.005014e-05   6.879261e-03   432
  1.517801e-01   1.482387e-01   7.570076e-05   1.072775e-02   216
  1.520474e-01   1.345626e-01   7.554106e-05   9.407785e-03   360
  1.525234e-01   1.433607e-01   7.372735e-05   1.035967e-02   312
  1.529530e-01   2.063706e-01   0.000000e+00   2.722412e-02   48
  1.532006e-01   1.198179e-01   7.904634e-05   7.377148e-03   432
  1.536441e-01   1.319721e-01   1.318501e-04   9.456912e-03   414
  1.539060e-01   1.535683e-01   6.955573e-09   1.252349e-02   312
  1.543946e-01   1.620803e-01   1.156911e-04   1.258525e-02   528
  1.547243e-01   1.687557e-01   6.072803e-05   1.657581e-02   264
  1.551204e-01   1.665237e-01   7.200680e-05   1.288923e-02   480
  1.556380e-01   1.563299e-01   0.000000e+00   1.288471e-02   288
  1.558615e-01   1.142513e-01   7.736908e-05   9.653191e-03   168
  1.562704e-01   1.781540e-01   1.224750e-04   1.027438e-02   504
  1.567302e-01   2.691340e-01   2.664097e-09   3.030507e-02   144
  1.570194e-01   1.078361e-01   7.865832e-05   5.940332e-03   464
  1.574541e-01   1.227922e-01   1.154355e-04   6.995368e-03   432
  1.576603e-01   1.552174e-01   1.998073e-09   1.608410e-02   192
  1.581934e-01   1.112719e-01   8.557628e-05   9.529614e-03   396
  1.585082e-01   1.144651e-01   7.687110e-05   8.108015e-03   288
  1.588263e-01   1.186160e-01   7.593549e-05   9.117638e-03   336
  1.593345e-01   1.305113e-01   4.808388e-05   7.358970e-03   432
  1.596570e-01   1.462012e-01   1.246267e-04   9.691712e-03   360
  1.600192e-01   1.202183e-01   7.371853e-05   6.373084e-03   384
  1.605335e-01   1.109085e-01   6.507077e-05   9.403731e-03   198
  1.607813e-01   1.440350e-01   7.396430e-05   1.123573e-02   552
  1.612434e-01   2.103522e-01   1.035450e-04   2.319370e-02   432
  1.616292e-01   1.236969e-01   0.000000e+00   1.087455e-02   168
  1.619530e-01   2.083376e-01   1.283579e-04   1.800388e-02   480
  1.623813e-01   1.106230e-01   0.000000e+00   9.517374e-03   120
  1.625741e-01   1.470796e-01   1.048372e-04   1.057148e-02   336
  1.630445e-01   1.463226e-01   7.396097e-05   8.974271e-03   672
  1.635097e-01   1.646406e-01   1.075863e-04   9.249154e-03   528
  1.637264e-01   9.059620e-02   3.229373e-09   7.138261e-03   168
  1.642270e-01   1.757631e-01   1.200118e-04   1.352473e-02   456
  1.645324e-01   2.110645e-01   7.329223e-05   2.641973e-02   168
  1.648495e-01   1.439130e-01   7.316065e-05   8.171636e-03   504
  1.653766e-01   1.094928e-01   9.414654e-05   9.824935e-03   336
  1.656953e-01   1.441952e-01   6.786851e-05   1.157637e-02   312
  1.660489e-01   1.411088e-01   6.631214e-05   1.057424e-02   504
  1.665141e-01   1.090443e-01   4.600920e-05   5.401908e-03   432
  1.667329e-01   1.180939e-01   7.109945e-05   6.987571e-03   312
  1.671876e-01   1.237097e-01   7.288039e-05   7.302869e-03   384
  1.676624e-01   2.089360e-01   6.192036e-05   3.406133e-02   126
  1.679555e-01   1.643342e-01   1.087174e-04   1.151524e-02   492
  1.683299e-01   1.660179e-01   6.963360e-05   1.216981e-02   528
  1.687978e-01   1.309756e-01   7.073279e-05   1.014648e-02   480
  1.690879e-01   1.747846e-01   9.771696e-05   1.373752e-02   432
  1.695076e-01   1.588422e-01   7.684145e-05   1.036862e-02   440
  1.699951e-01   1.821874e-01   3.821294e-05   1.773773e-02   312
  1.701781e-01   1.359937e-01   5.726529e-05   1.110547e-02   480
  1.705533e-01   1.346672e-01   1.121243e-04   1.028205e-02   408
  1.711016e-01   1.991372e-01   6.714979e-05   1.623930e-02   360
  1.713332e-01   1.390700e-01   6.479710e-05   9.941859e-03   408
  1.717625e-01   1.123403e-01   6.593925e-05   7.967866e-03   456
  1.722458e-01   1.608366e-01   6.302169e-05   1.062907e-02   264
  1.725141e-01   1.312362e-01   6.839435e-05   1.065848e-02   384
  1.729046e-01   1.219085e-01   1.151467e-04   6.759320e-03   672
  1.733561e-01   1.543784e-01   6.887260e-05   1.475361e-02   240
  1.736166e-01   1.080502e-01   6.988846e-05   6.963172e-03   264
  1.739843e-01   9.454487e-02   8.619588e-05   5.038083e-03   624
  1.745329e-01   1.150208e-01   0.000000e+00   1.772484e-02   150
  1.747283e-01   1.845181e-01   9.658929e-05   1.310346e-02   600
  1.751402e-01   1.558992e-01   6.666345e-05   8.968682e-03   672
  1.756067e-01   1.434376e-01   6.270167e-05   1.734460e-02   336
  1.758666e-01   1.979515e-01   6.820115e-05   1.604231e-02   408
  1.762818e-01   1.566155e-01   6.804049e-05   1.488290e-02   408
  1.767436e-01   1.422248e-01   3.440492e-05   8.692367e-03   360
  1.770283e-01   1.623573e-01   1.263238e-04   1.236580e-02   456
  1.773722e-01   1.394749e-01   6.869566e-05   1.167540e-02   384
  1.778099e-01   9.002423e-02   6.341480e-05   6.509621e-03   348
  1.780464e-01   1.658066e-01   7.817791e-05   1.284849e-02   576
  1.784907e-01   1.228821e-01   6.436923e-05   8.769294e-03   504
  1.789452e-01   1.273563e-01   9.078907e-05   9.529657e-03   432
  1.793419e-01   1.294314e-01   1.235181e-04   7.885360e-03   576
  1.796248e-01   1.256058e-01   0.000000e+00   1.243453e-02   264
  1.800736e-01   1.207544e-01   9.828954e-05   5.774351e-03   768
  1.804640e-01   5.812388e-02   1.323290e-04   3.670613e-03   240
  1.807743e-01   1.497773e-01   1.167016e-04   1.552285e-02   192
  1.812263e-01   1.022121e-01   8.590664e-05   5.350460e-03   504
  1.815615e-01   1.695773e-01   1.157624e-04   1.368310e-02   590
  1.818830e-01   1.760663e-01   1.297055e-04   1.545600e-02   384
  1.822861e-01   1.301951e-01   1.083956e-04   9.008385e-03   504
  1.827729e-01   1.897542e-01   1.043140e-04   1.302739e-02   648
  1.832449e-01   1.221706e-01   2.833030e-05   9.522358e-03   504
  1.834353e-01   1.214464e-01   6.462673e-05   1.045025e-02   312
  1.837714e-01   2.007243e-01   9.311123e-05   1.464559e-02   576
  1.842327e-01   2.139514e-01   6.479663e-05   2.164931e-02   240
  1.845017e-01   1.105694e-01   6.547387e-05   6.472614e-03   552
  1.848823e-01   1.843798e-01   6.147846e-05   1.430385e-02   600
  1.854246e-01   1.297706e-01   7.509108e-05   8.405358e-03   600
  1.857506e-01   1.207640e-01   1.202524e-04   1.053405e-02   312
  1.860753e-01   1.551857e-01   1.047280e-04   1.193746e-02   480
  1.864809e-01   1.188321e-01   6.534019e-05   8.784503e-03   576
  1.868380e-01   1.646588e-01   1.052119e-04   1.514916e-02   408
  1.871548e-01   5.502224e-02   1.227345e-04   3.422621e-03   216
  1.875642e-01   1.066861e-01   9.400084e-05   6.303150e-03   516
  1.880028e-01   1.228861e-01   8.968636e-05   6.209326e-03   744
  1.884552e-01   1.315772e-01   5.990257e-05   7.853521e-03   462
  1.887109e-01   1.660915e-01   6.088230e-05   1.874614e-02   432
  1.891075e-01   1.852838e-01   5.648168e-05   1.384720e-02   648
  1.895737e-01   1.642844e-01   8.264320e-05   1.525409e-02   528
  1.899483e-01   1.499224e-01   9.952305e-05   1.060578e-02   600
  1.903225e-01   2.882176e-01   1.254725e-04   3.384310e-02   240
  1.906850e-01   1.450493e-01   9.611075e-05   1.019773e-02   720
  1.911062e-01   1.352638e-01   7.604100e-05   9.135326e-03   720
  1.915732e-01   5.777281e-02   0.000000e+00   4.539092e-03   144
  1.918190e-01   1.606092e-01   9.803961e-05   9.921660e-03   720
  1.921686e-01   1.620194e-01   5.878648e-05   1.165132e-02   384
  1.926063e-01   1.267752e-01   6.516793e-05   6.705700e-03   672
  1.930215e-01   1.679360e-01   1.141019e-04   1.309078e-02   336
  1.932199e-01   1.549633e-01   0.000000e+00   1.501248e-02   288
  1.937055e-01   1.302305e-01   9.030399e-05   8.140589e-03   776
  1.941551e-01   1.126616e-01   7.726878e-05   5.805116e-03   720
  1.945327e-01   9.864057e-02   6.224567e-05   6.232405e-03   432
  1.948347e-01   1.618389e-01   8.873905e-05   1.211854e-02   504
  1.951706e-01   1.382671e-01   6.217429e-05   8.695799e-03   528
  1.956407e-01   1.568944e-01   8.470885e-05   1.465302e-02   438
  1.960275e-01   1.796234e-01   9.859335e-05   1.709110e-02   624
  1.963189e-01   1.914792e-01   1.207635e-04   2.426683e-02   312
  1.967196e-01   1.825255e-01   6.506437e-05   1.147167e-02   696
  1.971339e-01   1.416464e-01   5.887146e-05   1.057129e-02   552
  1.975648e-01   1.670713e-01   4.554687e-05   1.449877e-02   516
  1.978313e-01   1.983552e-01   9.097645e-05   1.631772e-02   528
  1.981558e-01   6.832770e-02   5.916447e-05   2.929473e-03   528
  1.986168e-01   1.454799e-01   7.802593e-05   9.235387e-03   864
  1.989297e-01   1.396516e-01   1.068795e-04   1.199651e-02   408
  1.992429e-01   2.400860e-01   1.058911e-04   2.477107e-02   192
  1.996868e-01   1.177997e-01   8.762994e-05   8.263776e-03   720
  2.000615e-01   1.362840e-01   8.079911e-05   9.870836e-03   696
  2.005068e-01   1.351375e-01   8.726379e-05   8.232328e-03   720
  2.009142e-01   1.350297e-01   1.182756e-04   9.564681e-03   432
  2.011518e-01   8.132658e-02   6.962164e-05   5.808720e-03   264
  2.015793e-01   1.217529e-01   9.614441e-05   6.276783e-03   672
  2.019616e-01   1.255768e-01   9.843711e-05   7.320206e-03   600
  2.024154e-01   7.420144e-02   5.763483e-05   7.442306e-03   270
  2.026441e-01   1.517188e-01   8.675648e-05   1.320994e-02   528
  2.030077e-01   1.555981e-01   5.940776e-05   1.171132e-02   840
  2.035062e-01   1.992625e-01   1.135983e-04   1.314262e-02   888
  2.039669e-01   1.303998e-01   8.463909e-05   8.936293e-03   744
  2.043562e-01   1.344047e-01   4.349214e-05   1.063314e-02   456
  2.045498e-01   2.540678e-01   5.943469e-05   2.176099e-02   360
  2.048811e-01   1.392896e-01   5.149682e-05   1.766934e-02   384
  2.053895e-01   1.248001e-01   8.260041e-05   6.594256e-03   816
  2.057710e-01   1.424666e-01   1.198416e-04   8.633352e-03   824
  2.062346e-01   1.211983e-01   5.570811e-05   1.184950e-02   360
  2.064829e-01   1.271261e-01   8.220424e-05   7.098130e-03   624
  2.068246e-01   1.704813e-01   5.554917e-05   1.934377e-02   360
  2.072798e-01   1.254527e-01   7.556319e-05   8.179569e-03   876
  2.076909e-01   1.072010e-01   8.974647e-05   6.524707e-03   696
  2.081055e-01   9.119820e-02   5.795238e-05   6.024597e-03   336
  2.083228e-01   1.612547e-01   5.788726e-05   1.383763e-02   504
  2.086818e-01   1.179092e-01   5.838888e-05   8.906766e-03   672
  2.092144e-01   9.623369e-02   1.162387e-04   5.050165e-03   720
  2.095838e-01   1.560370e-01   8.780591e-05   1.156858e-02   774
  2.099915e-01   2.469640e-01   5.025783e-05   2.617196e-02   384
  2.102050e-01   1.951316e-01   9.671763e-05   1.770610e-02   528
  2.105364e-01   1.642678e-01   9.217729e-05   1.161646e-02   744
  2.110694e-01   1.799443e-01   7.602671e-05   1.217436e-02   768
  2.114233e-01   1.722242e-01   8.534571e-05   1.681857e-02   552
  2.118649e-01   1.229969e-01   9.301717e-05   9.029850e-03   696
  2.121934e-01   1.878043e-01   1.130320e-04   1.729618e-02   408
  2.124541e-01   1.651071e-01   4.883074e-05   1.547973e-02   504
  2.128675e-01   1.281137e-01   8.772259e-05   7.949374e-03   888
  2.132743e-01   1.322914e-01   9.116913e-05   1.027796e-02   648
  2.136971e-01   1.213853e-01   9.038766e-05   8.547607e-03   648
  2.140948e-01   1.380944e-01   9.746006e-05   9.644589e-03   792
  2.145162e-01   1.063271e-01   1.425907e-04   8.398455e-03   600
  2.148267e-01   7.819760e-02   9.663487e-05   4.582938e-03   456
  2.151535e-01   1.259594e-01   4.709572e-05   8.095048e-03   648
  2.155732e-01   9.666489e-02   9.184351e-05   5.067507e-03   936
  2.160264e-01   1.447360e-01   5.640375e-05   9.689767e-03   384
  2.164208e-01   8.826548e-02   4.745948e-09   1.028391e-02   198
  2.167253e-01   7.520959e-02   1.431011e-04   3.851576e-03   1224
  2.170537e-01   1.073852e-01   1.042217e-04   8.430593e-03   420
  2.174420e-01   8.178298e-02   1.008648e-04   5.305319e-03   792
  2.178218e-01   8.217670e-02   8.340657e-05   5.507600e-03   680
  2.182552e-01   7.130530e-02   7.658783e-05   5.516767e-03   600
  2.186039e-01   7.211581e-02   1.110734e-04   3.612792e-03   840
  2.190695e-01   7.818998e-02   5.244369e-05   5.703600e-03   432
  2.192474e-01   8.933794e-02   4.914665e-05   5.575508e-03   720
  2.196343e-01   7.353264e-02   9.843213e-05   3.454370e-03   960
  2.201154e-01   6.347922e-02   8.774504e-05   4.557409e-03   528
  2.204670e-01   7.418584e-02   8.969217e-05   4.477432e-03   624
  2.208855e-01   8.107967e-02   7.049743e-05   4.399474e-03   816
  2.213008e-01   7.482213e-02   1.159345e-04   4.247007e-03   696
  2.217599e-01   5.778653e-02   7.830814e-09   4.534951e-03   240
  2.219325e-01   8.312799e-02   6.836935e-05   5.177211e-03   672
  2.223177e-01   7.849609e-02   1.221858e-04   4.880328e-03   864
  2.227499e-01   5.688646e-02   9.375778e-05   2.989058e-03   816
  2.231394e-01   6.136990e-02   5.366372e-05   3.757665e-03   648
  2.235589e-01   8.610989e-02   5.485410e-05   4.564110e-03   843
  2.239151e-01   6.622361e-02   9.869601e-05   4.006768e-03   780
  2.243395e-01   6.623556e-02   5.295844e-05   1.048347e-02   216
  2.246013e-01   6.756307e-02   1.277035e-04   3.220507e-03   1056
  2.250039e-01   5.731486e-02   1.044758e-04   4.754555e-03   228
  2.253767e-01   9.061000e-02   1.300750e-04   5.140219e-03   924
  2.257594e-01   7.423793e-02   4.825052e-05   3.881568e-03   696
  2.261647e-01   6.515022e-02   8.587211e-05   3.799072e-03   996
  2.265793e-01   5.524608e-02   5.069718e-05   3.285198e-03   576
  2.270107e-01   8.105185e-02   7.824775e-05   7.476788e-03   552
  2.273251e-01   8.036490e-02   9.342507e-05   5.733148e-03   516
  2.276442e-01   7.739537e-02   1.358594e-04   4.705690e-03   744
  2.280088e-01   5.375957e-02   6.664715e-05   3.456671e-03   576
  2.283260e-01   6.000559e-02   6.859680e-05   3.159467e-03   792
  2.287768e-01   6.318662e-02   7.841886e-05   4.101146e-03   792
  2.291071e-01   6.664721e-02   8.457391e-05   4.275640e-03   720
  2.295538e-01   7.102002e-02   9.639481e-05   4.390095e-03   656
  2.299724e-01   6.278305e-02   1.052581e-04   3.707940e-03   816
  2.304015e-01   6.651168e-02   5.675340e-05   5.200315e-03   492
  2.306454e-01   6.942440e-02   8.164378e-05   4.704568e-03   552
  2.311032e-01   5.395412e-02   1.419686e-04   3.193470e-03   780
  2.314005e-01   5.972843e-02   8.720963e-05   4.212945e-03   528
  2.317208e-01   4.738167e-02   1.018002e-04   2.706861e-03   600
  2.321929e-01   6.112082e-02   8.460399e-05   2.660851e-03   900
  2.325183e-01   6.019188e-02   4.683822e-05   3.536644e-03   696
  2.329660e-01   6.071310e-02   1.184322e-04   3.489892e-03   696
  2.333991e-01   4.542622e-02   4.804683e-05   2.360542e-03   552
  2.337633e-01   4.888301e-02   5.587403e-05   2.666670e-03   708
  2.341448e-01   5.171026e-02   9.225121e-05   2.544671e-03   876
  2.345418e-01   5.739737e-02   4.898356e-05   8.705468e-03   216
  2.348082e-01   6.378692e-02   1.339767e-04   2.667326e-03   1032
  2.352071e-01   4.953532e-02   1.491682e-04   3.231750e-03   600
  2.356212e-01   3.999815e-02   7.117755e-05   2.634245e-03   600
  2.359371e-01   4.752382e-02   1.256929e-04   2.852539e-03   528
  2.363105e-01   5.480575e-02   6.899988e-05   3.228189e-03   732
  2.367039e-01   5.968383e-02   5.095015e-05   5.269340e-03   336
  2.371566e-01   4.703060e-02   7.261407e-05   2.447416e-03   912
  2.374950e-01   4.237347e-02   7.288252e-05   2.171350e-03   624
  2.378647e-01   4.426648e-02   6.141657e-05   2.060066e-03   768
  2.382963e-01   5.007819e-02   1.108076e-04   2.317945e-03   792
  2.387198e-01   5.028467e-02   5.493383e-05   2.742676e-03   660
  2.390212e-01   4.889542e-02   8.095383e-05   4.016692e-03   504
  2.393329e-01   4.396084e-02   1.322631e-04   3.148316e-03   480
  2.398000e-01   4.202683e-02   1.223261e-04   1.761579e-03   912
  2.401658e-01   5.517676e-02   1.362291e-04   3.788049e-03   432
  2.405113e-01   4.679249e-02   8.088962e-05   2.607489e-03   564
  2.408180e-01   4.391744e-02   7.742251e-05   2.202042e-03   600
  2.412498e-01   5.103039e-02   1.079196e-04   2.405291e-03   876
  2.415741e-01   5.476296e-02   4.852393e-05   5.042220e-03   264
  2.420212e-01   3.784242e-02   9.415549e-05   2.354512e-03   560
  2.423806e-01   4.718044e-02   6.398069e-05   2.373669e-03   840
  2.428168e-01   3.970508e-02   9.863978e-05   1.676372e-03   1008
  2.432202e-01   3.796190e-02   4.412481e-05   2.445776e-03   456
  2.435886e-01   4.091411e-02   5.715745e-05   2.196235e-03   576
  2.439292e-01   4.380229e-02   8.782853e-05   2.522889e-03   612
  2.443783e-01   4.187372e-02   7.844513e-05   2.036526e-03   780
  2.447447e-01   4.820895e-02   8.989453e-05   2.305514e-03   648
  2.451197e-01   4.241434e-02   4.189201e-05   3.089540e-03   312
  2.453594e-01   3.771907e-02   1.064407e-04   2.210568e-03   528
  2.457747e-01   3.714528e-02   1.390063e-04   1.694627e-03   720
  2.461718e-01   3.838567e-02   1.394416e-04   2.550890e-03   576
  2.466533e-01   4.484866e-02   1.202863e-04   3.207810e-03   444
  2.469529e-01   4.643378e-02   1.179621e-04   2.047335e-03   996
  2.473200e-01   3.168465e-02   9.853387e-05   1.700606e-03   432
  2.476669e-01   4.644963e-02   1.078752e-04   2.453539e-03   504
  2.479666e-01   3.471972e-02   4.863583e-05   1.976443e-03   504
  2.483934e-01   4.497689e-02   9.571589e-05   1.847909e-03   876
  2.487796e-01   3.825840e-02   1.101599e-04   2.733689e-03   504
  2.491817e-01   3.167026e-02   7.025420e-05   1.563489e-03   696
  2.495140e-01   3.697598e-02   6.005997e-05   1.899392e-03   492
  2.499662e-01   4.166996e-02   8.597875e-05   2.655423e-03   432
  2.503011e-01   3.943535e-02   8.050968e-05   1.813339e-03   768
  2.506981e-01   3.431802e-02   1.002856e-04   1.733246e-03   648
  2.510772e-01   3.745357e-02   6.542561e-05   2.409839e-03   456
  2.515128e-01   3.984996e-02   8.997083e-05   2.040064e-03   552
  2.518153e-01   3.680219e-02   6.166608e-05   2.084656e-03   648
  2.522317e-01   3.419179e-02   1.005122e-04   1.548874e-03   840
  2.526384e-01   4.098185e-02   4.793217e-05   2.291934e-03   432
  2.530455e-01   3.574667e-02   5.870872e-05   1.915302e-03   600
  2.533287e-01   3.746015e-02   6.255029e-05   2.069573e-03   432
  2.538044e-01   3.767971e-02   6.227491e-05   1.959015e-03   560
  2.541265e-01   3.170192e-02   9.857465e-05   1.348225e-03   840
  2.545299e-01   3.764392e-02   5.838720e-05   2.054165e-03   504
  2.548502e-01   3.569295e-02   1.191648e-04   1.693246e-03   696
  2.553018e-01   4.190371e-02   6.508356e-05   2.831487e-03   384
  2.556535e-01   3.267189e-02   9.533975e-05   1.645516e-03   576
  2.560789e-01   3.147461e-02   5.883893e-05   1.730845e-03   360
  2.564218e-01   3.707012e-02   8.762544e-05   1.833087e-03   828
  2.567917e-01   3.405813e-02   7.804673e-05   2.232583e-03   372
  2.571307e-01   3.414096e-02   1.191923e-04   1.736841e-03   576
  2.575797e-01   3.562926e-02   4.991761e-05   1.546438e-03   636
  2.578996e-01   3.474557e-02   9.622826e-05   1.799860e-03   648
  2.583323e-01   3.062147e-02   7.822306e-05   1.553144e-03   576
  2.586430e-01   3.769769e-02   1.261820e-04   2.174023e-03   528
  2.590561e-01   3.915215e-02   5.394804e-05   2.773481e-03   360
  2.593981e-01   2.743176e-02   1.241007e-04   1.121833e-03   672
  2.598446e-01   3.448903e-02   6.356642e-05   1.473880e-03   804
  2.602163e-01   3.117207e-02   7.012137e-05   1.645038e-03   408
  2.606274e-01   3.986053e-02   4.334263e-05   2.869433e-03   384
  2.609042e-01   2.894460e-02   9.918459e-05   1.842882e-03   480
  2.612947e-01   3.255019e-02   6.408778e-05   2.009705e-03   432
  2.616692e-01   4.202141e-02   1.181001e-04   1.793719e-03   648
  2.621125e-01   2.935931e-02   7.328056e-05   1.339983e-03   624
  2.624367e-01   2.982309e-02   6.665485e-05   1.747152e-03   456
  2.628795e-01   3.253883e-02   9.105646e-05   1.659212e-03   588
  2.631762e-01   2.984633e-02   5.809364e-05   1.319366e-03   600
  2.636094e-01   3.423525e-02   9.061183e-05   1.748920e-03   708
  2.639516e-01   3.119721e-02   5.708370e-05   2.068957e-03   360
  2.643298e-01   3.341011e-02   6.561923e-05   1.681873e-03   552
  2.646923e-01   2.867630e-02   4.603344e-05   2.170551e-03   288
  2.650603e-01   2.700436e-02   8.655546e-05   1.486806e-03   528
  2.654060e-01   4.021527e-02   5.839431e-05   2.333669e-03   456
  2.657924e-01   3.305301e-02   1.035458e-04   1.815341e-03   608
  2.661809e-01   2.778717e-02   5.009661e-05   1.413455e-03   504
  2.666055e-01   2.858511e-02   1.075546e-04   1.548541e-03   540
  2.669384e-01   3.291594e-02   1.154568e-04   2.140165e-03   360
  2.672972e-01   3.295903e-02   5.228475e-05   1.554067e-03   540
  2.676146e-01   2.930726e-02   4.489266e-05   1.646517e-03   576
  2.680762e-01   3.566835e-02   1.040909e-04   2.071773e-03   588
  2.685150e-01   2.776597e-02   1.436140e-04   1.331985e-03   672
  2.688920e-01   3.412391e-02   1.097654e-04   1.629955e-03   552
  2.691959e-01   2.184141e-02   1.098209e-04   1.959513e-03   144
  2.695837e-01   3.510801e-02   9.330411e-05   1.818530e-03   600
  2.699514e-01   2.493684e-02   1.169304e-04   1.319846e-03   504
  2.703595e-01   3.031110e-02   1.201111e-04   2.128459e-03   336
  2.707887e-01   2.839762e-02   1.350054e-04   1.471206e-03   600
  2.711731e-01   2.524919e-02   8.712810e-05   1.167889e-03   636
  2.715880e-01   3.172883e-02   7.005178e-05   1.882929e-03   384
  2.718789e-01   3.529157e-02   9.771396e-05   2.064579e-03   504
  2.722982e-01   2.562079e-02   4.100918e-05   2.503376e-03   240
  2.726291e-01   2.790974e-02   9.633639e-05   1.215901e-03   744
  2.730261e-01   2.635364e-02   6.578310e-05   1.251116e-03   648
  2.733790e-01   4.883461e-02   4.366878e-05   4.802514e-03   120
  2.737925e-01   2.863451e-02   6.859799e-05   1.392956e-03   564
  2.741050e-01   3.193984e-02   1.077373e-04   1.819413e-03   432
  2.745220e-01   2.594517e-02   8.362543e-05   1.470923e-03   480
  2.748361e-01   2.475437e-02   6.155045e-05   1.426209e-03   456
  2.752067e-01   2.778620e-02   1.018569e-04   1.380578e-03   444
  2.756274e-01   2.367061e-02   1.558464e-04   1.142980e-03   528
  2.759969e-01   2.854813e-02   1.157439e-04   2.473603e-03   264
  2.763555e-01   2.918775e-02   1.186203e-04   1.680084e-03   444
  2.768379e-01   3.022604e-02   1.299311e-04   1.276169e-03   696
  2.772383e-01   3.066795e-02   6.949148e-05   1.975042e-03   384
  2.775311e-01   2.523885e-02   8.780831e-05   1.498200e-03   432
  2.779866e-01   2.511916e-02   6.067143e-05   1.294615e-03   488
  2.782823e-01   2.949900e-02   9.143939e-05   1.683718e-03   480
  2.787111e-01   2.697138e-02   1.019738e-04   1.550445e-03   480
  2.790432e-01   2.468184e-02   4.278510e-05   1.548706e-03   240
  2.794202e-01   2.769206e-02   9.994261e-05   1.411949e-03   600
  2.797758e-01   2.385334e-02   8.708975e-05   1.533271e-03   288
  2.801544e-01   2.669524e-02   8.377397e-05   1.334580e-03   480
  2.805379e-01   2.104336e-02   1.490189e-04   1.105832e-03   504
  2.809155e-01   2.983522e-02   6.393839e-05   2.410704e-03   216
  2.813970e-01   2.844749e-02   1.046773e-04   1.574534e-03   504
  2.817720e-01   2.805507e-02   8.419242e-05   1.695763e-03   456
  2.821825e-01   3.838249e-02   4.828579e-05   2.406709e-03   384
  2.824544e-01   3.224529e-02   9.800271e-05   2.402459e-03   480
  2.828408e-01   2.391119e-02   8.605736e-05   1.287084e-03   504
  2.831988e-01   2.412740e-02   5.458940e-05   1.722104e-03   312
  2.835845e-01   2.876120e-02   8.796897e-05   1.601640e-03   492
  2.839260e-01   3.278075e-02   8.245044e-05   2.355532e-03   312
  2.843655e-01   2.414957e-02   1.339342e-04   1.191642e-03   576
  2.847524e-01   2.678473e-02   1.236321e-04   1.728671e-03   336
  2.850738e-01   1.828065e-02   9.519099e-05   1.267624e-03   240
  2.855192e-01   2.559009e-02   1.261991e-04   1.319605e-03   468
  2.859039e-01   2.320867e-02   7.901891e-05   1.806876e-03   192
  2.863065e-01   2.624784e-02   7.925442e-05   2.271572e-03   324
  2.866016e-01   2.528845e-02   5.752155e-05   1.339762e-03   600
  2.870037e-01   2.548266e-02   9.332283e-05   1.700557e-03   456
  2.873023e-01   2.969421e-02   4.197661e-05   2.333588e-03   336
  2.877972e-01   2.890451e-02   1.256898e-04   1.597399e-03   612
  2.881573e-01   2.327120e-02   1.054844e-04   2.805522e-03   144
  2.884978e-01   2.325153e-02   1.231274e-04   1.181989e-03   552
  2.889609e-01   2.385557e-02   4.848907e-05   2.047148e-03   264
  2.892225e-01   2.934593e-02   1.122646e-04   2.237510e-03   336
  2.896353e-01   2.422337e-02   7.418058e-05   1.603000e-03   384
  2.899932e-01   2.759494e-02   4.175634e-05   1.979000e-03   216
  2.903894e-01   2.115732e-02   8.853205e-05   1.531979e-03   344
  2.907507e-01   2.600713e-02   1.320940e-04   1.524277e-03   408
  2.911910e-01   2.577794e-02   1.015056e-04   2.008675e-03   264
  2.915811e-01   2.830348e-02   1.415038e-04   1.658225e-03   612
  2.919709e-01   3.078761e-02   7.282870e-05   1.563756e-03   408
  2.923718e-01   2.536307e-02   7.293338e-05   1.589677e-03   444
  2.926663e-01   4.643491e-02   4.079109e-05   4.776350e-03   120
  2.930609e-01   2.828161e-02   1.126983e-04   1.962349e-03   336
  2.933538e-01   2.323927e-02   3.916222e-05   2.083309e-03   288
  2.937496e-01   2.596206e-02   1.218735e-04   1.218923e-03   552
  2.942938e-01   2.722732e-02   6.525678e-09   5.019926e-03   72
  2.945736e-01   2.365973e-02   1.210514e-04   1.290163e-03   504
  2.949004e-01   1.875667e-02   3.895317e-05   1.627600e-03   216
  2.953239e-01   2.363303e-02   6.954821e-05   1.799014e-03   312
  2.957040e-01   2.167921e-02   7.919158e-05   1.456454e-03   336
  2.960663e-01   2.263586e-02   1.097684e-04   1.572576e-03   204
  2.964271e-01   3.124239e-02   1.275676e-04   1.820641e-03   504
  2.968098e-01   3.165934e-02   1.214810e-04   1.854427e-03   396
  2.971778e-01   2.723112e-02   1.114044e-04   1.988946e-03   312
  2.976240e-01   3.694352e-02   6.808000e-05   2.452635e-03   216
  2.979383e-01   1.875476e-02   3.694832e-05   1.441043e-03   168
  2.983203e-01   2.519074e-02   9.329657e-05   1.429660e-03   588
  2.987563e-01   2.322032e-02   1.266392e-04   1.976210e-03   240
  2.990950e-01   2.220629e-02   1.118436e-04   2.038788e-03   264
  2.994922e-01   2.525047e-02   1.383176e-04   1.926480e-03   288
  2.998446e-01   2.278824e-02   6.907007e-05   1.646358e-03   288
  3.002913e-01   2.574313e-02   6.486779e-05   1.803006e-03   288
  3.005921e-01   2.276070e-02   7.514392e-05   1.783391e-03   192
  3.009705e-01   1.780480e-02   7.996067e-05   1.214271e-03   264
  3.013310e-01   3.423736e-02   1.315242e-04   2.683570e-03   372
  3.017189e-01   2.952402e-02   1.420518e-04   2.281500e-03   360
  3.021924e-01   2.273475e-02   6.011768e-05   2.714828e-03   144
  3.024371e-01   2.290747e-02   8.350082e-05   1.799252e-03   296
  3.028234e-01   2.389713e-02   8.996782e-05   2.008410e-03   288
  3.032657e-01   2.308082e-02   1.344546e-04   1.445730e-03   480
  3.036471e-01   2.084775e-02   1.117190e-04   1.897411e-03   192
  3.040181e-01   2.168366e-02   1.198338e-04   2.198092e-03   192
  3.043553e-01   2.025089e-02   7.637151e-05   1.433223e-03   288
  3.048242e-01   1.474713e-02   6.648036e-05   1.372607e-03   108
  3.050604e-01   3.014008e-02   6.391272e-05   2.616308e-03   240
  3.054775e-01   1.913436e-02   1.192307e-04   1.325774e-03   384
  3.059059e-01   2.614828e-02   1.454479e-04   3.126390e-03   108
  3.062848e-01   2.922346e-02   8.527881e-05   2.234145e-03   348
  3.066832e-01   2.581400e-02   8.900031e-05   2.092288e-03   312
  3.070391e-01   2.747504e-02   8.648246e-05   4.425697e-03   96
  3.073663e-01   2.470100e-02   1.151358e-04   1.720252e-03   384
  3.077328e-01   2.643771e-02   7.919012e-05   3.251789e-03   144
  3.080912e-01   2.798115e-02   1.216791e-04   2.029611e-03   408
  3.085368e-01   1.731161e-02   5.427748e-05   1.880097e-03   144
  3.089578e-01   2.702688e-02   1.043490e-04   3.122478e-03   192
  3.092074e-01   2.486187e-02   1.174468e-04   2.769072e-03   144
  3.096144e-01   1.652303e-02   9.548855e-05   1.703381e-03   144
  3.099983e-01   2.158759e-02   1.167025e-04   1.900210e-03   336
  3.104685e-01   1.658910e-02   8.634502e-05   1.134677e-03   240
  3.107666e-01   1.706301e-02   3.920851e-05   2.522251e-03   96
  3.111825e-01   2.417473e-02   1.149797e-04   1.868126e-03   372
  3.116031e-01   2.264340e-02   1.367659e-04   3.260979e-03   132
  3.119726e-01   1.856022e-02   8.462908e-05   1.231678e-03   264
  3.123032e-01   2.584674e-02   6.499128e-05   3.096058e-03   168
  3.126560e-01   2.449988e-02   1.039086e-04   1.780530e-03   216
  3.129676e-01   2.260351e-02   6.357256e-05   2.475377e-03   216
  3.134215e-01   1.415369e-02   1.166292e-04   1.790894e-03   96
  3.138333e-01   2.807257e-02   7.608990e-05   3.687720e-03   120
  3.142110e-01   1.947251e-02   9.673168e-05   1.997014e-03   216
  3.145221e-01   2.026206e-02   4.227207e-05   1.623157e-03   200
  3.149340e-01   2.388653e-02   1.094242e-04   2.149209e-03   288
  3.154623e-01   1.434977e-02   2.879164e-05   1.106168e-03   144
  3.156848e-01   1.905471e-02   8.959781e-05   1.950053e-03   168
  3.161391e-01   2.188196e-02   1.008340e-04   2.975749e-03   159
  3.164937e-01   2.318894e-02   1.057991e-04   2.436376e-03   174
  3.168369e-01   1.986323e-02   9.593494e-05   1.606051e-03   144
  3.172863e-01   2.262879e-02   5.539549e-05   2.662469e-03   222
  3.175869e-01   1.913820e-02   5.589895e-05   1.569455e-03   168
  3.181060e-01   3.043102e-02   1.226079e-04   6.840057e-03   30
  3.183205e-01   1.421259e-02   1.082537e-04   1.793455e-03   72
  3.187244e-01   2.086766e-02   9.661517e-05   1.543819e-03   258
  3.191684e-01   2.068380e-02   6.051257e-05   1.724389e-03   264
  3.193905e-01   2.418536e-02   0.000000e+00   4.165763e-03   72
  3.198532e-01   1.407237e-02   1.199385e-04   1.121294e-03   174
  3.202721e-01   1.636053e-02   1.277123e-04   1.413412e-03   168
  3.206090e-01   1.155368e-02   3.996146e-09   1.396793e-03   48
  3.209705e-01   1.660566e-02   7.212215e-05   1.664191e-03   150
  3.213898e-01   1.852453e-02   1.326739e-04   1.936450e-03   168
  3.218102e-01   1.481610e-02   8.081877e-05   1.313249e-03   144
  3.221967e-01   2.069666e-02   7.550312e-05   2.950704e-03   102
  3.224847e-01   1.544946e-02   1.117576e-04   1.604862e-03   96
  3.229415e-01   1.662234e-02   1.109119e-04   1.846972e-03   120
  3.232799e-01   1.431997e-02   1.189559e-04   1.421462e-03   168
  3.236458e-01   2.204194e-02   8.783953e-05   2.498033e-03   126
  3.239576e-01   1.725933e-02   6.624856e-05   1.496147e-03   168
  3.243872e-01   1.572013e-02   1.062297e-04   1.967479e-03   72
  3.247626e-01   1.481561e-02   1.330232e-04   1.233891e-03   168
  3.250914e-01   1.806337e-02   3.646820e-05   2.886148e-03   78
  3.255420e-01   1.822651e-02   5.987806e-05   1.871144e-03   60
  3.259049e-01   2.501260e-02   9.713191e-05   3.585289e-03   96
  3.262812e-01   1.687172e-02   1.178615e-04   1.470898e-03   168
  3.266349e-01   1.539231e-02   7.457817e-05   2.020342e-03   86
  3.270060e-01   1.252579e-02   6.665520e-05   1.380655e-03   120
  3.275378e-01   1.515085e-02   4.753401e-05   1.127702e-03   168
  3.278247e-01   1.107656e-02   0.000000e+00   1.706241e-03   48
  3.282110e-01   2.065859e-02   8.660181e-05   2.162567e-03   120
  3.284330e-01   1.650205e-02   6.317951e-05   1.348876e-03   126
  3.289749e-01   1.528139e-02   1.111151e-04   1.609691e-03   96
  3.293266e-01   1.604162e-02   3.204012e-05   1.817931e-03   96
  3.296039e-01   1.454353e-02   0.000000e+00   1.651050e-03   72
  3.301949e-01   1.778120e-02   3.996146e-09   3.596534e-03   24
  3.305637e-01   1.895355e-02   6.593782e-05   1.435820e-03   120
  3.308514e-01   1.999411e-02   9.618300e-05   3.007052e-03   126
  3.311713e-01   1.807536e-02   8.018157e-05   1.873239e-03   96
  3.315452e-01   1.131070e-02   1.385771e-04   1.475863e-03   72
  3.319614e-01   1.632770e-02   5.993927e-05   1.462158e-03   144
  3.323038e-01   1.338603e-02   3.457157e-05   1.687142e-03   72
  3.326459e-01   1.796738e-02   6.905176e-05   3.205348e-03   54
  3.329469e-01   1.962916e-02   6.085106e-05   1.743373e-03   108
  3.335726e-01   1.844284e-02   5.964977e-05   3.180386e-03   72
  3.337673e-01   1.707314e-02   3.441997e-05   2.304074e-03   72
  3.342294e-01   1.674928e-02   6.921527e-09   3.705223e-03   24
  3.346666e-01   1.584210e-02   7.281693e-05   2.270111e-03   48
  3.349321e-01   1.781282e-02   5.546771e-05   1.841565e-03   102
  3.353317e-01   1.442638e-02   1.254449e-04   1.311855e-03   168
  3.358538e-01   1.578737e-02   6.841470e-05   2.366678e-03   72
  3.360473e-01   1.750118e-02   0.000000e+00   3.129508e-03   48
  3.364531e-01   2.016468e-02   1.176775e-04   2.137305e-03   120
  3.369887e-01   1.980818e-02   7.231517e-05   2.383885e-03   96
  3.374945e-01   1.626519e-02   7.830814e-09   3.842303e-03   30
  3.380957e-01   1.571090e-02   3.397687e-05   2.322224e-03   72
  3.383599e-01   8.261239e-03   3.996146e-09   1.039831e-03   24
  3.386992e-01   1.442342e-02   5.036212e-05   2.187373e-03   56
  3.390793e-01   1.008718e-02   7.186930e-05   1.271737e-03   96
  3.395342e-01   1.606181e-02   7.936128e-05   1.372375e-03   144
  3.398849e-01   1.577466e-02   4.505822e-05   2.109617e-03   54
  3.403944e-01   1.302915e-02   6.750198e-05   1.266033e-03   108
  3.409071e-01   1.883272e-02   3.574199e-05   2.993055e-03   48
  3.413952e-01   1.573427e-02   1.345800e-04   1.652276e-03   72
  3.425664e-01   1.550134e-02   8.891744e-05   1.701492e-03   78
  3.428909e-01   1.561771e-02   6.701044e-05   2.631156e-03   72
  3.432698e-01   1.531024e-02   6.692725e-05   2.307121e-03   72
  3.436659e-01   1.755117e-02   1.615028e-04   2.120802e-03   96
  3.439790e-01   1.522459e-02   6.678928e-05   1.673114e-03   72
  3.443566e-01   1.481299e-02   0.000000e+00   3.543032e-03   24
  3.447338e-01   1.594331e-02   1.332770e-04   1.746175e-03   72
  3.455858e-01   2.126214e-02   8.463498e-05   4.492678e-03   30
  3.457691e-01   1.907900e-02   0.000000e+00   5.424764e-03   24
  3.467544e-01   1.714700e-02   7.027855e-05   2.030362e-03   48
  3.470634e-01   1.602262e-02   1.512394e-04   1.566018e-03   120
  3.474798e-01   2.077280e-02   6.612537e-05   2.318557e-03   72
  3.479003e-01   1.240558e-02   6.604543e-05   2.616458e-03   36
  3.481894e-01   1.982263e-02   1.305365e-04   2.774999e-03   78
  3.489960e-01   1.751757e-02   6.982714e-05   2.426291e-03   48
  3.500419e-01   1.210851e-02   5.651403e-09   2.060595e-03   24
  3.507870e-01   1.663258e-02   4.862619e-05   2.684555e-03   56
  3.511622e-01   1.749947e-02   7.482652e-05   1.664641e-03   102
  3.516395e-01   1.978814e-02   5.328194e-09   2.852760e-03   72
  3.519166e-01   1.933418e-02   0.000000e+00   3.869248e-03   24
  3.524009e-01   1.682339e-02   6.915246e-05   2.661229e-03   48
  3.532988e-01   2.430952e-02   0.000000e+00   3.629201e-03   24
  3.544007e-01   2.118906e-02   0.000000e+00   6.857515e-03   6
  3.547443e-01   1.604500e-02   0.000000e+00   3.363266e-03   24
  3.549732e-01   1.594312e-02   6.472929e-05   1.933289e-03   72
  3.553914e-01   1.406215e-02   1.207586e-04   1.667953e-03   84
  3.558418e-01   1.616849e-02   0.000000e+00   2.607208e-03   24
  3.559787e-01   2.012057e-02   5.651403e-09   3.369347e-03   24
  3.566626e-01   1.689685e-02   3.996146e-09   2.965876e-03   24
  3.576179e-01   1.767967e-02   0.000000e+00   2.592429e-03   6
  3.588424e-01   1.470679e-02   6.791113e-05   2.106042e-03   48
  3.591365e-01   1.980884e-02   1.279335e-04   2.116582e-03   72
  3.595209e-01   1.625370e-02   6.778297e-05   2.935433e-03   48
  3.601304e-01   3.313583e-02   0.000000e+00   6.595558e-03   24
  3.609415e-01   2.012148e-02   3.996146e-09   3.996176e-03   6
  3.627599e-01   1.166824e-02   0.000000e+00   3.347153e-03   8
  3.628942e-01   1.841498e-02   3.996146e-09   3.098355e-03   48
  3.632164e-01   1.586163e-02   6.573533e-05   2.025670e-03   60
  3.636991e-01   2.728466e-02   0.000000e+00   4.677081e-03   24
  3.643686e-01   2.148120e-02   0.000000e+00   1.237520e-02   6
  3.668348e-01   1.873147e-02   0.000000e+00   3.911798e-03   24
  3.670341e-01   1.994483e-02   6.639546e-05   2.447616e-03   48
  3.673659e-01   2.030658e-02   0.000000e+00   5.150762e-03   24
  3.678962e-01   1.475390e-02   3.996146e-09   4.840134e-03   6
  3.709088e-01   1.974880e-02   6.194064e-05   3.441481e-03   36
  3.711278e-01   2.409285e-02   0.000000e+00   5.720348e-03   24
  3.715215e-01   2.253202e-02   0.000000e+00   1.165729e-02   6
  3.749494e-01   2.851454e-02   5.629118e-05   5.609060e-03   32
  3.752417e-01   3.566986e-02   3.996146e-09   7.380158e-03   6
  3.789254e-01   1.935238e-02   0.000000e+00   3.819724e-03   12
  3.790540e-01   1.591179e-02   0.000000e+00   2.063390e-03   6
  3.829556e-01   1.867464e-02   5.651403e-09   4.062085e-03   6
