# power spectrum of hij
# redshift z=100.000000
# k              Pk             sigma(k)       sigma(Pk)      count
  6.981317e-03   6.862502e-18   0.000000e+00   1.681976e-18   6
  9.873073e-03   3.898218e-18   0.000000e+00   6.236009e-19   12
  1.209200e-02   3.538085e-18   1.324548e-10   8.994102e-19   8
  1.396263e-02   1.317341e-18   0.000000e+00   2.523234e-19   6
  1.561070e-02   2.129312e-18   0.000000e+00   2.807626e-19   24
  1.710066e-02   1.635322e-18   2.497591e-10   3.054253e-19   24
  1.974615e-02   1.027995e-18   0.000000e+00   1.605539e-19   12
  2.094395e-02   9.678495e-19   2.825702e-10   9.658151e-20   30
  2.207686e-02   6.506541e-19   0.000000e+00   5.242409e-20   24
  2.315441e-02   4.416687e-19   4.325955e-10   5.279792e-20   24
  2.418399e-02   5.629102e-19   2.649095e-10   1.167905e-19   8
  2.517150e-02   6.736449e-19   3.532127e-10   6.744841e-20   24
  2.612170e-02   5.081525e-19   0.000000e+00   3.397339e-20   48
  2.792527e-02   4.717337e-19   0.000000e+00   2.430935e-20   6
  2.878471e-02   3.322973e-19   4.995182e-10   2.995398e-20   48
  2.961922e-02   5.019356e-19   0.000000e+00   4.480655e-20   36
  3.043086e-02   4.478828e-19   3.532127e-10   3.686637e-20   24
  3.122140e-02   2.307313e-19   0.000000e+00   2.828545e-20   24
  3.199241e-02   2.986648e-19   0.000000e+00   2.711342e-20   48
  3.274528e-02   1.738184e-19   4.995182e-10   1.567356e-20   24
  3.420133e-02   2.208709e-19   4.995182e-10   3.050101e-20   24
  3.490659e-02   1.785956e-19   0.000000e+00   1.977687e-20   30
  3.559787e-02   2.109438e-19   0.000000e+00   1.769039e-20   72
  3.627599e-02   1.913522e-19   5.298191e-10   2.772043e-20   32
  3.759554e-02   1.886477e-19   0.000000e+00   1.319304e-20   72
  3.823825e-02   1.613430e-19   0.000000e+00   1.179391e-20   48
  3.949229e-02   1.668291e-19   0.000000e+00   3.044746e-20   12
  4.010461e-02   1.025042e-19   0.000000e+00   8.580883e-21   48
  4.070772e-02   8.619365e-20   0.000000e+00   7.871174e-21   48
  4.130203e-02   1.112833e-19   4.995182e-10   9.640119e-21   48
  4.188790e-02   1.396645e-19   5.651403e-10   2.467523e-20   30
  4.246569e-02   1.087194e-19   4.995182e-10   1.687914e-20   24
  4.303573e-02   1.126979e-19   1.053077e-09   8.329784e-21   72
  4.415373e-02   9.044145e-20   0.000000e+00   1.086029e-20   24
  4.470224e-02   8.347818e-20   0.000000e+00   6.078456e-21   96
  4.524411e-02   7.573686e-20   0.000000e+00   5.077215e-21   48
  4.577956e-02   8.248702e-20   8.651909e-10   8.654722e-21   24
  4.630882e-02   5.551634e-20   8.651909e-10   9.880437e-21   24
  4.683210e-02   7.095325e-20   0.000000e+00   4.502980e-21   72
  4.734960e-02   5.525166e-20   0.000000e+00   3.950284e-21   48
  4.836798e-02   6.964264e-20   5.298191e-10   1.465238e-20   8
  4.886922e-02   5.331069e-20   6.279337e-10   4.916525e-21   54
  4.936537e-02   5.437309e-20   0.000000e+00   4.479987e-21   84
  4.985658e-02   5.919561e-20   0.000000e+00   6.578879e-21   48
  5.034299e-02   6.701173e-20   7.064254e-10   8.907524e-21   24
  5.082475e-02   5.023009e-20   6.660243e-10   3.047339e-21   72
  5.130199e-02   5.230171e-20   0.000000e+00   3.261231e-21   96
  5.224339e-02   3.763665e-20   0.000000e+00   3.342805e-21   48
  5.270779e-02   3.854443e-20   0.000000e+00   3.066685e-21   48
  5.316813e-02   5.532239e-20   7.064254e-10   6.527844e-21   24
  5.362451e-02   4.045989e-20   0.000000e+00   2.690525e-21   72
  5.452583e-02   3.691016e-20   6.660243e-10   2.619752e-21   72
  5.497095e-02   4.565761e-20   0.000000e+00   2.576895e-21   96
  5.585054e-02   2.851173e-20   0.000000e+00   8.383580e-21   6
  5.628518e-02   4.366949e-20   0.000000e+00   2.735364e-21   96
  5.671649e-02   3.969474e-20   7.064254e-10   2.653101e-21   96
  5.714454e-02   3.141163e-20   0.000000e+00   3.452540e-21   24
  5.756941e-02   4.395789e-20   9.990364e-10   2.870475e-21   48
  5.799117e-02   3.832193e-20   0.000000e+00   2.321986e-21   96
  5.840989e-02   2.724793e-20   0.000000e+00   2.289501e-21   48
  5.923844e-02   3.146665e-20   0.000000e+00   2.688093e-21   36
  5.964840e-02   2.842076e-20   1.223565e-09   2.978746e-21   48
  6.005556e-02   2.575312e-20   1.384305e-09   1.382095e-21   120
  6.045998e-02   2.793229e-20   0.000000e+00   2.307625e-21   56
  6.086171e-02   3.204770e-20   7.064254e-10   2.788360e-21   24
  6.126081e-02   2.673162e-20   0.000000e+00   1.610824e-21   96
  6.165732e-02   3.866847e-20   0.000000e+00   4.143418e-21   48
  6.244280e-02   2.609108e-20   0.000000e+00   3.117477e-21   24
  6.283185e-02   2.225703e-20   0.000000e+00   1.502797e-21   102
  6.321851e-02   2.236966e-20   0.000000e+00   1.636267e-21   48
  6.360282e-02   2.249482e-20   0.000000e+00   1.896438e-21   72
  6.398483e-02   2.174051e-20   0.000000e+00   1.698924e-21   48
  6.436456e-02   2.225566e-20   0.000000e+00   2.185100e-21   48
  6.474207e-02   1.897338e-20   1.598458e-09   1.140099e-21   120
  6.549056e-02   1.812662e-20   9.990364e-10   1.985074e-21   24
  6.586161e-02   1.808966e-20   9.419006e-10   8.984345e-22   144
  6.623059e-02   1.866393e-20   1.130281e-09   1.058202e-21   120
  6.659752e-02   1.430502e-20   9.990364e-10   1.183922e-21   48
  6.732538e-02   2.183054e-20   9.990364e-10   2.091694e-21   48
  6.768638e-02   1.554127e-20   9.990364e-10   9.652927e-22   96
  6.863955e-02   1.789728e-20   1.675093e-04   1.337960e-21   72
  6.911151e-02   1.743497e-20   1.255867e-09   7.634312e-22   108
  6.946323e-02   1.537434e-20   0.000000e+00   9.011943e-22   72
  6.981317e-02   2.456634e-20   0.000000e+00   2.728526e-21   30
  7.016137e-02   1.432992e-20   0.000000e+00   8.093765e-22   168
  7.050785e-02   1.449538e-20   0.000000e+00   1.448006e-21   48
  7.119574e-02   1.482813e-20   0.000000e+00   1.096234e-21   72
  7.153721e-02   1.376210e-20   0.000000e+00   8.271093e-22   96
  7.187706e-02   1.168369e-20   1.883801e-09   8.787463e-22   72
  7.221530e-02   1.453000e-20   0.000000e+00   9.849170e-22   72
  7.278398e-02   1.546997e-20   1.546684e-04   1.077369e-21   104
  7.322067e-02   1.299602e-20   1.332049e-09   6.641611e-22   144
  7.421242e-02   1.011475e-20   2.233913e-09   5.880395e-22   96
  7.454007e-02   1.243943e-20   0.000000e+00   9.112838e-22   96
  7.506116e-02   1.015989e-20   1.591194e-04   4.602387e-22   120
  7.551449e-02   1.148224e-20   0.000000e+00   6.195977e-22   120
  7.583651e-02   1.305864e-20   0.000000e+00   9.234077e-22   72
  7.647650e-02   1.327756e-20   0.000000e+00   1.342812e-21   48
  7.679449e-02   1.037666e-20   1.505926e-09   8.457994e-22   78
  7.720128e-02   1.100037e-20   1.424762e-04   4.624918e-22   168
  7.805350e-02   1.183791e-20   1.332049e-09   6.277483e-22   144
  7.836509e-02   9.293580e-21   1.332049e-09   4.553616e-22   144
  7.926883e-02   8.692585e-21   8.205478e-05   5.010618e-22   156
  7.959926e-02   1.148144e-20   1.730382e-09   8.331756e-22   48
  7.990483e-02   7.613407e-21   1.130281e-09   4.206760e-22   120
  8.020923e-02   6.568771e-21   0.000000e+00   6.107155e-22   48
  8.074745e-02   9.112882e-21   1.255998e-04   3.418570e-22   216
  8.141545e-02   7.565358e-21   0.000000e+00   7.029448e-22   48
  8.171422e-02   7.090173e-21   9.990364e-10   5.459417e-22   96
  8.213902e-02   9.357608e-21   1.467830e-04   4.911582e-22   168
  8.260406e-02   7.622951e-21   9.990364e-10   5.791569e-22   48
  8.289855e-02   8.059801e-21   0.000000e+00   4.378390e-22   96
  8.319199e-02   7.587468e-21   0.000000e+00   5.616299e-22   48
  8.377580e-02   8.104047e-21   1.130281e-09   6.215142e-22   30
  8.406619e-02   6.937688e-21   9.990364e-10   3.583016e-22   96
  8.441325e-02   6.788714e-21   1.153584e-04   2.885315e-22   240
  8.485953e-02   9.546199e-21   1.244551e-04   8.301979e-22   32
  8.521783e-02   6.823561e-21   0.000000e+00   2.652181e-22   168
  8.550332e-02   6.859066e-21   0.000000e+00   2.945789e-22   120
  8.607146e-02   7.280341e-21   2.106154e-09   4.615594e-22   72
  8.635412e-02   6.940474e-21   1.332049e-09   3.134815e-22   144
  8.663587e-02   7.563740e-21   0.000000e+00   4.158722e-22   96
  8.691670e-02   6.119435e-21   0.000000e+00   3.470983e-22   96
  8.747565e-02   7.369387e-21   1.631420e-09   4.150081e-22   72
  8.775379e-02   5.756224e-21   1.412851e-09   3.972699e-22   96
  8.830745e-02   7.035694e-21   0.000000e+00   7.991923e-22   24
  8.858298e-02   5.829903e-21   0.000000e+00   2.524659e-22   192
  8.890745e-02   5.037570e-21   1.056148e-04   2.064454e-22   132
  8.940448e-02   5.737376e-21   0.000000e+00   3.514520e-22   96
  8.967664e-02   5.380981e-21   0.000000e+00   3.367845e-22   96
  8.994798e-02   5.142982e-21   1.130281e-09   2.405880e-22   120
  9.048821e-02   6.407936e-21   0.000000e+00   4.924685e-22   48
  9.093103e-02   5.095285e-21   1.279966e-04   1.889714e-22   222
  9.129257e-02   6.127465e-21   0.000000e+00   3.193194e-22   120
  9.155911e-02   4.424496e-21   1.730382e-09   4.868662e-22   24
  9.194720e-02   4.407610e-21   1.321111e-04   1.328172e-22   312
  9.279280e-02   5.533925e-21   1.238595e-04   3.645968e-22   72
  9.314239e-02   4.346704e-21   9.990364e-10   2.805550e-22   96
  9.350136e-02   4.431872e-21   1.261337e-04   1.875427e-22   192
  9.392401e-02   5.125741e-21   1.598458e-09   2.837418e-22   120
  9.418312e-02   4.543602e-21   0.000000e+00   2.325474e-22   144
  9.469919e-02   4.279284e-21   0.000000e+00   2.793624e-22   48
  9.506602e-02   4.176736e-21   1.268319e-04   1.364339e-22   336
  9.546807e-02   4.755724e-21   0.000000e+00   4.444350e-22   48
  9.597724e-02   4.135763e-21   0.000000e+00   1.615360e-22   192
  9.623081e-02   4.393308e-21   0.000000e+00   3.545794e-22   48
  9.695161e-02   3.790875e-21   8.803796e-05   2.505921e-22   56
  9.731001e-02   4.307907e-21   1.130706e-04   1.307148e-22   336
  9.773844e-02   3.698966e-21   1.255867e-09   3.505232e-22   54
  9.811165e-02   3.704107e-21   1.241922e-04   1.405303e-22   240
  9.888643e-02   3.516568e-21   1.189150e-04   1.125265e-22   228
  9.922316e-02   3.573192e-21   1.332049e-09   2.280740e-22   72
  9.955002e-02   3.623787e-21   1.153504e-04   1.609195e-22   144
  9.995725e-02   2.613110e-21   0.000000e+00   1.369950e-22   96
  1.002007e-01   3.507284e-21   1.598458e-09   1.363294e-22   240
  1.006860e-01   3.892408e-21   1.412851e-09   4.286515e-22   24
  1.009966e-01   3.353437e-21   1.089476e-04   1.179119e-22   336
  1.014095e-01   2.879647e-21   0.000000e+00   1.718398e-22   72
  1.017863e-01   3.555797e-21   1.185007e-04   1.766582e-22   168
  1.021279e-01   3.233143e-21   0.000000e+00   3.062274e-22   72
  1.026040e-01   3.818102e-21   0.000000e+00   2.114697e-22   96
  1.029727e-01   2.915501e-21   1.176117e-04   1.151841e-22   216
  1.033141e-01   2.761603e-21   1.412851e-09   1.543379e-22   96
  1.037847e-01   3.013984e-21   0.000000e+00   1.208098e-22   192
  1.040193e-01   3.037252e-21   1.332049e-09   1.576763e-22   144
  1.044868e-01   2.713708e-21   0.000000e+00   1.988386e-22   48
  1.048105e-01   2.602290e-21   1.133915e-04   9.133934e-23   246
  1.052503e-01   2.590071e-21   1.045488e-04   1.047277e-22   168
  1.056465e-01   2.650764e-21   1.957704e-09   1.444117e-22   120
  1.058769e-01   2.703303e-21   0.000000e+00   1.056335e-22   240
  1.063363e-01   2.922262e-21   1.412851e-09   2.673331e-22   24
  1.067022e-01   2.654513e-21   1.119102e-04   7.795548e-23   360
  1.071580e-01   2.408608e-21   1.114340e-04   1.309038e-22   120
  1.074760e-01   2.796713e-21   0.000000e+00   1.192348e-22   144
  1.077025e-01   2.798754e-21   0.000000e+00   1.601947e-22   96
  1.083792e-01   2.267770e-21   0.000000e+00   1.104094e-22   144
  1.086038e-01   2.667122e-21   0.000000e+00   1.374726e-22   132
  1.089195e-01   2.230474e-21   1.099837e-04   7.490753e-23   176
  1.093777e-01   2.479320e-21   1.110614e-04   8.053288e-23   312
  1.099419e-01   2.558218e-21   0.000000e+00   1.271210e-22   96
  1.101633e-01   1.913636e-21   0.000000e+00   7.971139e-23   144
  1.105031e-01   2.309195e-21   1.099474e-04   7.982140e-23   312
  1.110446e-01   2.107563e-21   0.000000e+00   1.840426e-22   48
  1.112639e-01   2.099350e-21   1.412851e-09   9.808655e-23   192
  1.117011e-01   2.263968e-21   0.000000e+00   3.122508e-22   6
  1.119915e-01   1.935570e-21   1.025446e-04   6.451258e-23   288
  1.124620e-01   2.055452e-21   1.083450e-04   8.444074e-23   192
  1.127866e-01   2.057208e-21   3.322713e-09   8.352503e-23   216
  1.130025e-01   1.881135e-21   0.000000e+00   1.255799e-22   72
  1.135403e-01   2.064713e-21   1.073161e-04   8.314580e-23   192
  1.138975e-01   1.841996e-21   7.968796e-05   5.806037e-23   288
  1.142891e-01   2.078806e-21   0.000000e+00   1.578749e-22   24
  1.145916e-01   1.962982e-21   1.049823e-04   5.054180e-23   456
  1.151388e-01   1.921434e-21   1.998073e-09   1.702158e-22   48
  1.154769e-01   1.744301e-21   1.034033e-04   5.210507e-23   240
  1.158655e-01   1.706279e-21   1.045007e-04   8.182679e-23   216
  1.161923e-01   1.788324e-21   0.000000e+00   1.101307e-22   72
  1.164018e-01   1.849470e-21   3.610549e-09   8.628839e-23   168
  1.169935e-01   1.541378e-21   7.767385e-05   5.119432e-23   288
  1.173253e-01   1.485307e-21   1.027758e-04   5.768189e-23   168
  1.178582e-01   1.708001e-21   0.000000e+00   7.419858e-23   192
  1.180648e-01   1.500563e-21   1.332049e-09   6.751833e-23   144
  1.184769e-01   1.507714e-21   0.000000e+00   1.314893e-22   36
  1.188264e-01   1.558401e-21   9.385617e-05   4.831170e-23   342
  1.191605e-01   1.616437e-21   9.637890e-05   7.432607e-23   144
  1.195900e-01   1.495977e-21   1.010773e-04   4.173933e-23   384
  1.201111e-01   1.622427e-21   2.768611e-09   7.519103e-23   120
  1.203690e-01   1.446717e-21   9.013158e-05   5.201833e-23   264
  1.207183e-01   1.512789e-21   4.467827e-09   7.732079e-23   192
  1.210471e-01   1.349540e-21   9.713401e-05   6.377604e-23   152
  1.213224e-01   1.568737e-21   2.664097e-09   6.976295e-23   144
  1.219012e-01   1.550084e-21   6.286607e-05   5.441031e-23   216
  1.221692e-01   1.452353e-21   8.400585e-05   4.105226e-23   312
  1.226409e-01   1.541164e-21   9.736112e-05   4.713075e-23   240
  1.229188e-01   1.076682e-21   1.412851e-09   6.730058e-23   96
  1.234463e-01   1.297144e-21   9.308426e-05   5.730160e-23   144
  1.237714e-01   1.358653e-21   9.149363e-05   3.306097e-23   456
  1.242988e-01   1.309701e-21   0.000000e+00   6.152849e-23   120
  1.244947e-01   1.255757e-21   0.000000e+00   5.351349e-23   144
  1.248856e-01   8.879557e-22   0.000000e+00   7.862414e-23   24
  1.251362e-01   1.245252e-21   8.794658e-05   3.916871e-23   336
  1.255696e-01   1.317956e-21   9.699311e-05   5.027302e-23   198
  1.259757e-01   1.289847e-21   9.432023e-05   3.706536e-23   432
  1.264370e-01   1.172845e-21   0.000000e+00   1.031762e-22   48
  1.266777e-01   1.231654e-21   8.326844e-05   3.397907e-23   384
  1.271098e-01   9.799360e-22   9.585962e-05   4.116215e-23   144
  1.275013e-01   1.344850e-21   9.517601e-05   5.356568e-23   264
  1.279697e-01   1.113634e-21   0.000000e+00   6.564348e-23   48
  1.282839e-01   1.054605e-21   9.049683e-05   3.315740e-23   276
  1.285870e-01   1.206848e-21   8.203293e-05   4.490591e-23   192
  1.289922e-01   1.119200e-21   9.218697e-05   2.821001e-23   552
  1.294841e-01   9.938213e-22   3.196917e-09   4.653893e-23   120
  1.297765e-01   8.795805e-22   9.331596e-05   2.858768e-23   216
  1.300475e-01   9.966555e-22   1.598458e-09   5.165015e-23   120
  1.305316e-01   1.093928e-21   9.189333e-05   3.040115e-23   408
  1.309811e-01   1.064284e-21   1.998073e-09   7.468754e-23   24
  1.312599e-01   1.051377e-21   9.282881e-05   3.082437e-23   384
  1.316492e-01   1.037368e-21   9.069708e-05   3.292437e-23   240
  1.319872e-01   1.040068e-21   9.136125e-05   4.520323e-23   168
  1.324612e-01   9.481488e-22   2.260561e-09   4.702076e-23   120
  1.327667e-01   1.010538e-21   9.523931e-05   3.348879e-23   350
  1.332635e-01   1.023386e-21   1.567823e-04   2.660641e-23   384
  1.335605e-01   1.018071e-21   0.000000e+00   4.439191e-23   144
  1.341067e-01   9.631873e-22   3.767602e-09   2.848380e-23   288
  1.343919e-01   8.846535e-22   8.974411e-05   2.514550e-23   336
  1.347800e-01   8.795315e-22   8.170456e-05   3.708515e-23   168
  1.350122e-01   9.105909e-22   1.614687e-09   2.588767e-23   336
  1.354927e-01   1.005258e-21   8.480446e-05   2.895283e-23   288
  1.357812e-01   8.624148e-22   7.990748e-05   2.784306e-23   264
  1.362699e-01   8.529804e-22   0.000000e+00   2.783324e-23   240
  1.364486e-01   8.586872e-22   2.825702e-09   4.119917e-23   96
  1.370900e-01   8.591957e-22   1.086688e-04   2.160024e-23   360
  1.373893e-01   9.705290e-22   8.010757e-05   4.333128e-23   168
  1.377676e-01   7.793598e-22   8.732558e-05   2.026131e-23   456
  1.382230e-01   8.553125e-22   2.511735e-09   3.696104e-23   108
  1.384792e-01   7.693021e-22   8.761995e-05   2.437597e-23   264
  1.387988e-01   8.355362e-22   7.817127e-05   2.369422e-23   264
  1.392364e-01   8.222274e-22   7.376599e-05   2.269353e-23   312
  1.397814e-01   7.576444e-22   5.481617e-05   2.488387e-23   270
  1.400098e-01   6.855549e-22   6.959603e-05   2.405699e-23   240
  1.404204e-01   7.724358e-22   8.609907e-05   2.057362e-23   384
  1.406696e-01   7.400593e-22   0.000000e+00   3.261923e-23   192
  1.411539e-01   8.564407e-22   6.908303e-05   2.822383e-23   240
  1.414347e-01   7.465155e-22   8.525963e-05   2.128468e-23   336
  1.419630e-01   7.637265e-22   8.583011e-05   1.601280e-23   480
  1.423915e-01   8.439201e-22   0.000000e+00   4.916989e-23   72
  1.426309e-01   6.882934e-22   8.369217e-05   2.457953e-23   240
  1.429564e-01   7.352954e-22   7.865917e-05   2.248524e-23   312
  1.433297e-01   7.118400e-22   8.501169e-05   2.379390e-23   240
  1.438936e-01   6.753290e-22   6.458688e-05   1.806865e-23   408
  1.441169e-01   7.253371e-22   5.914602e-05   1.969534e-23   336
  1.445532e-01   7.696767e-22   7.510087e-05   2.657814e-23   264
  1.447677e-01   6.005791e-22   0.000000e+00   2.148570e-23   144
  1.453643e-01   6.132916e-22   1.040943e-04   1.414339e-23   464
  1.456786e-01   6.256993e-22   8.277629e-05   2.003774e-23   168
  1.459889e-01   5.951922e-22   7.539115e-05   1.889813e-23   336
  1.465498e-01   7.314412e-22   7.921315e-05   1.912540e-23   414
  1.468660e-01   6.942231e-22   8.245619e-05   2.392410e-23   216
  1.472710e-01   6.123462e-22   1.998073e-09   2.748914e-23   96
  1.474364e-01   6.102425e-22   5.994218e-09   1.621814e-23   384
  1.480158e-01   6.101675e-22   8.229688e-05   1.433063e-23   492
  1.483263e-01   6.820524e-22   8.047930e-05   2.166208e-23   240
  1.486772e-01   6.018672e-22   8.171468e-05   1.612647e-23   312
  1.491618e-01   5.723298e-22   8.168777e-05   2.415461e-23   192
  1.494688e-01   5.472767e-22   7.916535e-05   1.280828e-23   504
  1.498761e-01   5.322439e-22   5.240881e-05   1.323330e-23   408
  1.501968e-01   5.366653e-22   1.605609e-04   1.891468e-23   168
  1.505981e-01   5.710349e-22   7.626782e-05   1.660296e-23   288
  1.509348e-01   5.209734e-22   7.959200e-05   1.424730e-23   288
  1.512797e-01   5.291569e-22   8.005014e-05   1.296221e-23   432
  1.517801e-01   5.337886e-22   7.570076e-05   1.866285e-23   216
  1.520474e-01   5.270108e-22   7.554106e-05   1.360464e-23   360
  1.525234e-01   5.253230e-22   7.372735e-05   1.338334e-23   312
  1.529530e-01   6.797205e-22   0.000000e+00   4.262223e-23   48
  1.532006e-01   5.259422e-22   7.904634e-05   1.209389e-23   432
  1.536441e-01   4.751298e-22   1.318501e-04   1.221553e-23   414
  1.539060e-01   5.548955e-22   6.955573e-09   1.635480e-23   312
  1.543946e-01   5.058726e-22   1.156911e-04   1.106893e-23   528
  1.547243e-01   4.949623e-22   6.072803e-05   1.589134e-23   264
  1.551204e-01   4.981856e-22   7.200680e-05   1.113021e-23   480
  1.556380e-01   4.871609e-22   0.000000e+00   1.305270e-23   288
  1.558615e-01   5.441267e-22   7.736908e-05   2.081803e-23   168
  1.562704e-01   4.600934e-22   1.224750e-04   1.210659e-23   504
  1.567302e-01   4.972842e-22   2.664097e-09   2.272428e-23   144
  1.570194e-01   4.897812e-22   7.865832e-05   1.169933e-23   464
  1.574541e-01   4.973799e-22   1.154355e-04   1.218957e-23   432
  1.576603e-01   5.041907e-22   1.998073e-09   1.601359e-23   192
  1.581934e-01   4.330197e-22   8.557628e-05   1.065020e-23   396
  1.585082e-01   4.029338e-22   7.687110e-05   1.254857e-23   288
  1.588263e-01   4.421616e-22   7.593549e-05   1.379892e-23   336
  1.593345e-01   4.203957e-22   4.808388e-05   1.084950e-23   432
  1.596570e-01   4.552373e-22   1.246267e-04   1.185017e-23   360
  1.600192e-01   4.285040e-22   7.371853e-05   1.036748e-23   384
  1.605335e-01   4.075012e-22   6.507077e-05   1.504397e-23   198
  1.607813e-01   4.240652e-22   7.396430e-05   8.688162e-24   552
  1.612434e-01   4.145640e-22   1.035450e-04   9.524168e-24   432
  1.616292e-01   4.514927e-22   0.000000e+00   1.733915e-23   168
  1.619530e-01   3.744875e-22   1.283579e-04   8.569616e-24   480
  1.623813e-01   3.471666e-22   0.000000e+00   1.439371e-23   120
  1.625741e-01   4.072870e-22   1.048372e-04   1.280330e-23   336
  1.630445e-01   3.966261e-22   7.396097e-05   7.433714e-24   672
  1.635097e-01   4.560306e-22   1.075863e-04   8.859368e-24   528
  1.637264e-01   3.606010e-22   3.229373e-09   1.462834e-23   168
  1.642270e-01   4.017092e-22   1.200118e-04   8.452447e-24   456
  1.645324e-01   4.511070e-22   7.329223e-05   1.612741e-23   168
  1.648495e-01   4.268469e-22   7.316065e-05   1.037188e-23   504
  1.653766e-01   3.612600e-22   9.414654e-05   1.024299e-23   336
  1.656953e-01   3.826730e-22   6.786851e-05   9.344202e-24   312
  1.660489e-01   3.663786e-22   6.631214e-05   7.631019e-24   504
  1.665141e-01   3.568801e-22   4.600920e-05   8.330526e-24   432
  1.667329e-01   3.913669e-22   7.109945e-05   1.052657e-23   312
  1.671876e-01   3.507566e-22   7.288039e-05   8.524921e-24   384
  1.676624e-01   3.694267e-22   6.192036e-05   1.281464e-23   126
  1.679555e-01   3.676337e-22   1.087174e-04   7.989388e-24   492
  1.683299e-01   3.423127e-22   6.963360e-05   7.445639e-24   528
  1.687978e-01   3.167493e-22   7.073279e-05   6.685069e-24   480
  1.690879e-01   3.686807e-22   9.771696e-05   8.580789e-24   432
  1.695076e-01   3.441432e-22   7.684145e-05   8.730385e-24   440
  1.699951e-01   3.755211e-22   3.821294e-05   9.927309e-24   312
  1.701781e-01   3.050011e-22   5.726529e-05   6.336395e-24   480
  1.705533e-01   3.204502e-22   1.121243e-04   8.274086e-24   408
  1.711016e-01   3.567762e-22   6.714979e-05   9.008260e-24   360
  1.713332e-01   3.116167e-22   6.479710e-05   8.274418e-24   408
  1.717625e-01   3.073167e-22   6.593925e-05   6.782121e-24   456
  1.722458e-01   3.047519e-22   6.302169e-05   9.019809e-24   264
  1.725141e-01   3.311777e-22   6.839435e-05   9.104911e-24   384
  1.729046e-01   3.447642e-22   1.151467e-04   6.608615e-24   672
  1.733561e-01   3.283294e-22   6.887260e-05   1.051415e-23   240
  1.736166e-01   2.920463e-22   6.988846e-05   8.681382e-24   264
  1.739843e-01   2.882872e-22   8.619588e-05   5.240183e-24   624
  1.745329e-01   2.838975e-22   0.000000e+00   1.101026e-23   150
  1.747283e-01   2.984765e-22   9.658929e-05   6.383749e-24   600
  1.751402e-01   3.156944e-22   6.666345e-05   5.894868e-24   672
  1.756067e-01   2.816851e-22   6.270167e-05   6.961692e-24   336
  1.758666e-01   2.775692e-22   6.820115e-05   6.906620e-24   408
  1.762818e-01   3.417060e-22   6.804049e-05   8.916387e-24   408
  1.767436e-01   3.235794e-22   3.440492e-05   8.591393e-24   360
  1.770283e-01   3.035309e-22   1.263238e-04   6.616784e-24   456
  1.773722e-01   2.771708e-22   6.869566e-05   6.449984e-24   384
  1.778099e-01   2.556393e-22   6.341480e-05   6.544762e-24   348
  1.780464e-01   2.710458e-22   7.817791e-05   5.474809e-24   576
  1.784907e-01   2.893726e-22   6.436923e-05   6.012518e-24   504
  1.789452e-01   2.827670e-22   9.078907e-05   7.358217e-24   432
  1.793419e-01   2.825165e-22   1.235181e-04   5.713290e-24   576
  1.796248e-01   2.801446e-22   0.000000e+00   8.099313e-24   264
  1.800736e-01   2.915924e-22   9.828954e-05   5.064857e-24   768
  1.804640e-01   2.607613e-22   1.323290e-04   6.915667e-24   240
  1.807743e-01   2.499502e-22   1.167016e-04   9.625104e-24   192
  1.812263e-01   2.713451e-22   8.590664e-05   5.807355e-24   504
  1.815615e-01   2.677529e-22   1.157624e-04   4.838444e-24   590
  1.818830e-01   2.638829e-22   1.297055e-04   6.394536e-24   384
  1.822861e-01   2.345285e-22   1.083956e-04   5.040319e-24   504
  1.827729e-01   2.467682e-22   1.043140e-04   4.514775e-24   648
  1.832449e-01   2.232367e-22   2.833030e-05   4.460405e-24   504
  1.834353e-01   2.449571e-22   6.462673e-05   6.260229e-24   312
  1.837714e-01   2.687397e-22   9.311123e-05   5.798628e-24   576
  1.842327e-01   2.689640e-22   6.479663e-05   7.556539e-24   240
  1.845017e-01   2.518205e-22   6.547387e-05   5.760904e-24   552
  1.848823e-01   2.418814e-22   6.147846e-05   4.676229e-24   600
  1.854246e-01   2.477232e-22   7.509108e-05   5.113294e-24   600
  1.857506e-01   2.377050e-22   1.202524e-04   6.558341e-24   312
  1.860753e-01   2.444438e-22   1.047280e-04   5.913447e-24   480
  1.864809e-01   2.499482e-22   6.534019e-05   5.464992e-24   576
  1.868380e-01   2.283011e-22   1.052119e-04   5.254793e-24   408
  1.871548e-01   1.684628e-22   1.227345e-04   5.785702e-24   216
  1.875642e-01   2.513031e-22   9.400084e-05   5.357023e-24   516
  1.880028e-01   2.321044e-22   8.968636e-05   4.037961e-24   744
  1.884552e-01   2.338773e-22   5.990257e-05   4.941751e-24   462
  1.887109e-01   2.111599e-22   6.088230e-05   5.258318e-24   432
  1.891075e-01   2.150558e-22   5.648168e-05   4.105255e-24   648
  1.895737e-01   2.111503e-22   8.264320e-05   4.504757e-24   528
  1.899483e-01   2.406594e-22   9.952305e-05   4.679981e-24   600
  1.903225e-01   2.471652e-22   1.254725e-04   7.426212e-24   240
  1.906850e-01   2.113687e-22   9.611075e-05   3.849649e-24   720
  1.911062e-01   2.153073e-22   7.604100e-05   4.183039e-24   720
  1.915732e-01   1.497489e-22   0.000000e+00   5.242408e-24   144
  1.918190e-01   2.263603e-22   9.803961e-05   4.123335e-24   720
  1.921686e-01   2.236424e-22   5.878648e-05   5.924371e-24   384
  1.926063e-01   2.124862e-22   6.516793e-05   4.001135e-24   672
  1.930215e-01   2.057710e-22   1.141019e-04   6.170583e-24   336
  1.932199e-01   1.836507e-22   0.000000e+00   5.529393e-24   288
  1.937055e-01   1.917375e-22   9.030399e-05   3.620963e-24   776
  1.941551e-01   1.982254e-22   7.726878e-05   3.633171e-24   720
  1.945327e-01   1.928932e-22   6.224567e-05   5.090468e-24   432
  1.948347e-01   2.204089e-22   8.873905e-05   4.801228e-24   504
  1.951706e-01   2.177074e-22   6.217429e-05   5.329812e-24   528
  1.956407e-01   1.867165e-22   8.470885e-05   4.706105e-24   438
  1.960275e-01   1.946781e-22   9.859335e-05   4.061747e-24   624
  1.963189e-01   1.837612e-22   1.207635e-04   5.183199e-24   312
  1.967196e-01   2.134612e-22   6.506437e-05   3.574066e-24   696
  1.971339e-01   1.806927e-22   5.887146e-05   3.620325e-24   552
  1.975648e-01   1.911453e-22   4.554687e-05   4.452439e-24   516
  1.978313e-01   1.880369e-22   9.097645e-05   4.109599e-24   528
  1.981558e-01   1.735278e-22   5.916447e-05   3.749112e-24   528
  1.986168e-01   1.762316e-22   7.802593e-05   2.874151e-24   864
  1.989297e-01   1.895826e-22   1.068795e-04   4.649218e-24   408
  1.992429e-01   2.205575e-22   1.058911e-04   9.552173e-24   192
  1.996868e-01   1.670371e-22   8.762994e-05   3.288142e-24   720
  2.000615e-01   1.808897e-22   8.079911e-05   3.821268e-24   696
  2.005068e-01   1.766812e-22   8.726379e-05   3.082379e-24   720
  2.009142e-01   1.971937e-22   1.182756e-04   4.703614e-24   432
  2.011518e-01   1.591943e-22   6.962164e-05   4.716599e-24   264
  2.015793e-01   1.726417e-22   9.614441e-05   3.322539e-24   672
  2.019616e-01   1.658638e-22   9.843711e-05   3.336481e-24   600
  2.024154e-01   1.415263e-22   5.763483e-05   3.751557e-24   270
  2.026441e-01   1.608818e-22   8.675648e-05   3.969404e-24   528
  2.030077e-01   1.720537e-22   5.940776e-05   2.965589e-24   840
  2.035062e-01   1.707641e-22   1.135983e-04   2.872373e-24   888
  2.039669e-01   1.567296e-22   8.463909e-05   2.657841e-24   744
  2.043562e-01   1.649830e-22   4.349214e-05   3.384921e-24   456
  2.045498e-01   1.925960e-22   5.943469e-05   4.298345e-24   360
  2.048811e-01   1.420513e-22   5.149682e-05   3.380379e-24   384
  2.053895e-01   1.585147e-22   8.260041e-05   2.681414e-24   816
  2.057710e-01   1.538865e-22   1.198416e-04   2.711663e-24   824
  2.062346e-01   1.426447e-22   5.570811e-05   3.669924e-24   360
  2.064829e-01   1.562910e-22   8.220424e-05   2.784138e-24   624
  2.068246e-01   1.751821e-22   5.554917e-05   4.798736e-24   360
  2.072798e-01   1.494188e-22   7.556319e-05   2.594911e-24   876
  2.076909e-01   1.546186e-22   8.974647e-05   3.231069e-24   696
  2.081055e-01   1.536583e-22   5.795238e-05   4.179147e-24   336
  2.083228e-01   1.568921e-22   5.788726e-05   3.677540e-24   504
  2.086818e-01   1.463783e-22   5.838888e-05   3.113802e-24   672
  2.092144e-01   1.466636e-22   1.162387e-04   2.727144e-24   720
  2.095838e-01   1.527083e-22   8.780591e-05   3.000056e-24   774
  2.099915e-01   1.292608e-22   5.025783e-05   3.353658e-24   384
  2.102050e-01   1.578733e-22   9.671763e-05   3.474935e-24   528
  2.105364e-01   1.534192e-22   9.217729e-05   2.839339e-24   744
  2.110694e-01   1.608808e-22   7.602671e-05   3.030021e-24   768
  2.114233e-01   1.301278e-22   8.534571e-05   2.527983e-24   552
  2.118649e-01   1.458262e-22   9.301717e-05   3.005128e-24   696
  2.121934e-01   1.470043e-22   1.130320e-04   3.513015e-24   408
  2.124541e-01   1.449191e-22   4.883074e-05   3.013747e-24   504
  2.128675e-01   1.380060e-22   8.772259e-05   2.437043e-24   888
  2.132743e-01   1.465444e-22   9.116913e-05   3.079187e-24   648
  2.136971e-01   1.321500e-22   9.038766e-05   2.869987e-24   648
  2.140948e-01   1.289881e-22   9.746006e-05   2.406992e-24   792
  2.145162e-01   1.310888e-22   1.425907e-04   2.843588e-24   600
  2.148267e-01   1.205625e-22   9.663487e-05   3.202637e-24   456
  2.151535e-01   1.345487e-22   4.709572e-05   2.705355e-24   648
  2.155732e-01   1.199115e-22   9.184351e-05   1.919714e-24   936
  2.160264e-01   1.641422e-22   5.640375e-05   4.363887e-24   384
  2.164208e-01   1.289882e-22   4.745948e-09   5.175565e-24   198
  2.167253e-01   1.304001e-22   1.431011e-04   1.890414e-24   1224
  2.170537e-01   1.502087e-22   1.042217e-04   3.656050e-24   420
  2.174420e-01   1.351568e-22   1.008648e-04   2.289185e-24   792
  2.178218e-01   1.287212e-22   8.340657e-05   2.744604e-24   680
  2.182552e-01   1.177290e-22   7.658783e-05   2.293785e-24   600
  2.186039e-01   1.210238e-22   1.110734e-04   2.152843e-24   840
  2.190695e-01   1.321941e-22   5.244369e-05   3.751547e-24   432
  2.192474e-01   1.305677e-22   4.914665e-05   2.698450e-24   720
  2.196343e-01   1.313658e-22   9.843213e-05   2.334836e-24   960
  2.201154e-01   1.257704e-22   8.774504e-05   3.023426e-24   528
  2.204670e-01   1.247550e-22   8.969217e-05   3.246899e-24   624
  2.208855e-01   1.298125e-22   7.049743e-05   2.270809e-24   816
  2.213008e-01   1.124155e-22   1.159345e-04   2.298111e-24   696
  2.217599e-01   1.053592e-22   7.830814e-09   3.636943e-24   240
  2.219325e-01   1.278299e-22   6.836935e-05   2.967825e-24   672
  2.223177e-01   1.197438e-22   1.221858e-04   2.437100e-24   864
  2.227499e-01   9.948965e-23   9.375778e-05   1.744222e-24   816
  2.231394e-01   1.095958e-22   5.366372e-05   2.323032e-24   648
  2.235589e-01   1.266186e-22   5.485410e-05   2.293012e-24   843
  2.239151e-01   1.106822e-22   9.869601e-05   2.097321e-24   780
  2.243395e-01   9.252164e-23   5.295844e-05   3.247616e-24   216
  2.246013e-01   1.126025e-22   1.277035e-04   1.883446e-24   1056
  2.250039e-01   1.101563e-22   1.044758e-04   3.921314e-24   228
  2.253767e-01   1.216153e-22   1.300750e-04   2.271574e-24   924
  2.257594e-01   1.137631e-22   4.825052e-05   2.211605e-24   696
  2.261647e-01   9.739577e-23   8.587211e-05   1.735799e-24   996
  2.265793e-01   9.262684e-23   5.069718e-05   1.984855e-24   576
  2.270107e-01   1.029226e-22   7.824775e-05   2.611664e-24   552
  2.273251e-01   1.219139e-22   9.342507e-05   2.792294e-24   516
  2.276442e-01   1.025703e-22   1.358594e-04   2.112286e-24   744
  2.280088e-01   8.454772e-23   6.664715e-05   1.796691e-24   576
  2.283260e-01   9.085121e-23   6.859680e-05   1.753431e-24   792
  2.287768e-01   1.049142e-22   7.841886e-05   1.849906e-24   792
  2.291071e-01   9.186820e-23   8.457391e-05   1.962843e-24   720
  2.295538e-01   9.318981e-23   9.639481e-05   1.768800e-24   656
  2.299724e-01   9.324188e-23   1.052581e-04   1.772163e-24   816
  2.304015e-01   8.886256e-23   5.675340e-05   2.293663e-24   492
  2.306454e-01   1.097063e-22   8.164378e-05   2.381893e-24   552
  2.311032e-01   8.267661e-23   1.419686e-04   2.079748e-24   780
  2.314005e-01   8.705548e-23   8.720963e-05   1.948744e-24   528
  2.317208e-01   7.588332e-23   1.018002e-04   1.353925e-24   600
  2.321929e-01   1.040133e-22   8.460399e-05   1.819662e-24   900
  2.325183e-01   8.855199e-23   4.683822e-05   2.048599e-24   696
  2.329660e-01   8.165792e-23   1.184322e-04   1.694711e-24   696
  2.333991e-01   7.533452e-23   4.804683e-05   1.454290e-24   552
  2.337633e-01   7.779559e-23   5.587403e-05   1.595820e-24   708
  2.341448e-01   8.018682e-23   9.225121e-05   1.615955e-24   876
  2.345418e-01   9.043133e-23   4.898356e-05   5.135689e-24   216
  2.348082e-01   8.301473e-23   1.339767e-04   1.416763e-24   1032
  2.352071e-01   7.069196e-23   1.491682e-04   1.823502e-24   600
  2.356212e-01   6.610419e-23   7.117755e-05   1.511948e-24   600
  2.359371e-01   7.979502e-23   1.256929e-04   1.816026e-24   528
  2.363105e-01   7.962844e-23   6.899988e-05   1.696652e-24   732
  2.367039e-01   7.979925e-23   5.095015e-05   2.276638e-24   336
  2.371566e-01   7.170959e-23   7.261407e-05   1.471963e-24   912
  2.374950e-01   6.094681e-23   7.288252e-05   1.137950e-24   624
  2.378647e-01   7.860954e-23   6.141657e-05   1.602781e-24   768
  2.382963e-01   7.394132e-23   1.108076e-04   1.433472e-24   792
  2.387198e-01   7.084813e-23   5.493383e-05   1.833584e-24   660
  2.390212e-01   7.390228e-23   8.095383e-05   1.901408e-24   504
  2.393329e-01   6.285963e-23   1.322631e-04   1.415330e-24   480
  2.398000e-01   5.796468e-23   1.223261e-04   1.029721e-24   912
  2.401658e-01   6.715704e-23   1.362291e-04   1.964229e-24   432
  2.405113e-01   6.896841e-23   8.088962e-05   1.888790e-24   564
  2.408180e-01   6.639777e-23   7.742251e-05   1.300032e-24   600
  2.412498e-01   7.218528e-23   1.079196e-04   1.397479e-24   876
  2.415741e-01   6.491935e-23   4.852393e-05   2.272020e-24   264
  2.420212e-01   5.870633e-23   9.415549e-05   1.567957e-24   560
  2.423806e-01   5.850439e-23   6.398069e-05   1.034905e-24   840
  2.428168e-01   5.416821e-23   9.863978e-05   9.460464e-25   1008
  2.432202e-01   5.182846e-23   4.412481e-05   1.151090e-24   456
  2.435886e-01   6.306699e-23   5.715745e-05   1.440961e-24   576
  2.439292e-01   6.224618e-23   8.782853e-05   1.412122e-24   612
  2.443783e-01   6.104241e-23   7.844513e-05   1.274683e-24   780
  2.447447e-01   6.101292e-23   8.989453e-05   1.252219e-24   648
  2.451197e-01   6.074549e-23   4.189201e-05   2.293145e-24   312
  2.453594e-01   4.875415e-23   1.064407e-04   1.038477e-24   528
  2.457747e-01   4.912061e-23   1.390063e-04   8.939496e-25   720
  2.461718e-01   5.659372e-23   1.394416e-04   1.620996e-24   576
  2.466533e-01   5.290682e-23   1.202863e-04   1.388391e-24   444
  2.469529e-01   5.694728e-23   1.179621e-04   9.565526e-25   996
  2.473200e-01   4.852832e-23   9.853387e-05   1.445371e-24   432
  2.476669e-01   5.583632e-23   1.078752e-04   1.304694e-24   504
  2.479666e-01   4.100022e-23   4.863583e-05   1.011931e-24   504
  2.483934e-01   5.869811e-23   9.571589e-05   1.029441e-24   876
  2.487796e-01   4.984205e-23   1.101599e-04   1.204546e-24   504
  2.491817e-01   4.675156e-23   7.025420e-05   1.039769e-24   696
  2.495140e-01   5.199149e-23   6.005997e-05   1.160486e-24   492
  2.499662e-01   4.048954e-23   8.597875e-05   1.002649e-24   432
  2.503011e-01   5.404226e-23   8.050968e-05   1.027221e-24   768
  2.506981e-01   4.541410e-23   1.002856e-04   9.490121e-25   648
  2.510772e-01   3.972559e-23   6.542561e-05   1.065649e-24   456
  2.515128e-01   4.623626e-23   8.997083e-05   1.027268e-24   552
  2.518153e-01   4.180448e-23   6.166608e-05   9.591781e-25   648
  2.522317e-01   4.258500e-23   1.005122e-04   6.748756e-25   840
  2.526384e-01   4.255426e-23   4.793217e-05   1.078775e-24   432
  2.530455e-01   4.450657e-23   5.870872e-05   1.138094e-24   600
  2.533287e-01   5.071732e-23   6.255029e-05   1.257220e-24   432
  2.538044e-01   4.656512e-23   6.227491e-05   9.834153e-25   560
  2.541265e-01   3.814620e-23   9.857465e-05   7.087671e-25   840
  2.545299e-01   4.351956e-23   5.838720e-05   1.050397e-24   504
  2.548502e-01   3.704497e-23   1.191648e-04   7.014483e-25   696
  2.553018e-01   4.830811e-23   6.508356e-05   1.275858e-24   384
  2.556535e-01   3.547610e-23   9.533975e-05   7.057122e-25   576
  2.560789e-01   3.630485e-23   5.883893e-05   9.848788e-25   360
  2.564218e-01   3.983133e-23   8.762544e-05   7.619889e-25   828
  2.567917e-01   3.727525e-23   7.804673e-05   9.765349e-25   372
  2.571307e-01   3.653625e-23   1.191923e-04   6.552947e-25   576
  2.575797e-01   4.192697e-23   4.991761e-05   8.934263e-25   636
  2.578996e-01   3.669400e-23   9.622826e-05   7.876202e-25   648
  2.583323e-01   3.493191e-23   7.822306e-05   7.580158e-25   576
  2.586430e-01   3.580042e-23   1.261820e-04   7.560505e-25   528
  2.590561e-01   3.522293e-23   5.394804e-05   1.065012e-24   360
  2.593981e-01   3.183573e-23   1.241007e-04   5.549509e-25   672
  2.598446e-01   4.003480e-23   6.356642e-05   7.376782e-25   804
  2.602163e-01   3.519714e-23   7.012137e-05   8.589032e-25   408
  2.606274e-01   3.974416e-23   4.334263e-05   9.683569e-25   384
  2.609042e-01   2.850926e-23   9.918459e-05   7.514751e-25   480
  2.612947e-01   3.017925e-23   6.408778e-05   6.553867e-25   432
  2.616692e-01   3.667030e-23   1.181001e-04   7.175361e-25   648
  2.621125e-01   3.283799e-23   7.328056e-05   6.620722e-25   624
  2.624367e-01   3.208378e-23   6.665485e-05   8.825716e-25   456
  2.628795e-01   3.065678e-23   9.105646e-05   7.412386e-25   588
  2.631762e-01   3.002002e-23   5.809364e-05   5.516021e-25   600
  2.636094e-01   2.901319e-23   9.061183e-05   5.422491e-25   708
  2.639516e-01   3.157291e-23   5.708370e-05   7.425235e-25   360
  2.643298e-01   3.461815e-23   6.561923e-05   8.176396e-25   552
  2.646923e-01   2.792507e-23   4.603344e-05   1.004897e-24   288
  2.650603e-01   3.059681e-23   8.655546e-05   6.974001e-25   528
  2.654060e-01   3.234857e-23   5.839431e-05   6.279321e-25   456
  2.657924e-01   3.097179e-23   1.035458e-04   6.617635e-25   608
  2.661809e-01   2.635063e-23   5.009661e-05   5.249088e-25   504
  2.666055e-01   2.178618e-23   1.075546e-04   4.180809e-25   540
  2.669384e-01   3.251265e-23   1.154568e-04   8.716653e-25   360
  2.672972e-01   3.317068e-23   5.228475e-05   7.931668e-25   540
  2.676146e-01   2.746628e-23   4.489266e-05   6.154215e-25   576
  2.680762e-01   2.913850e-23   1.040909e-04   6.111693e-25   588
  2.685150e-01   2.707267e-23   1.436140e-04   6.096892e-25   672
  2.688920e-01   3.045167e-23   1.097654e-04   6.219571e-25   552
  2.691959e-01   2.416363e-23   1.098209e-04   8.911883e-25   144
  2.695837e-01   2.910216e-23   9.330411e-05   6.042661e-25   600
  2.699514e-01   2.163828e-23   1.169304e-04   4.683908e-25   504
  2.703595e-01   2.501738e-23   1.201111e-04   7.866106e-25   336
  2.707887e-01   2.610665e-23   1.350054e-04   5.332992e-25   600
  2.711731e-01   2.457385e-23   8.712810e-05   5.436192e-25   636
  2.715880e-01   2.462347e-23   7.005178e-05   7.715027e-25   384
  2.718789e-01   2.670779e-23   9.771396e-05   6.479262e-25   504
  2.722982e-01   1.940942e-23   4.100918e-05   6.101741e-25   240
  2.726291e-01   2.424690e-23   9.633639e-05   4.118622e-25   744
  2.730261e-01   2.372244e-23   6.578310e-05   4.301646e-25   648
  2.733790e-01   3.551510e-23   4.366878e-05   1.435046e-24   120
  2.737925e-01   2.066535e-23   6.859799e-05   3.830315e-25   564
  2.741050e-01   2.518855e-23   1.077373e-04   6.669204e-25   432
  2.745220e-01   2.107915e-23   8.362543e-05   4.837869e-25   480
  2.748361e-01   1.810969e-23   6.155045e-05   4.271494e-25   456
  2.752067e-01   2.270750e-23   1.018569e-04   5.318123e-25   444
  2.756274e-01   2.144424e-23   1.558464e-04   5.597024e-25   528
  2.759969e-01   2.582309e-23   1.157439e-04   9.193139e-25   264
  2.763555e-01   2.265848e-23   1.186203e-04   5.666640e-25   444
  2.768379e-01   2.294717e-23   1.299311e-04   4.093414e-25   696
  2.772383e-01   2.403405e-23   6.949148e-05   7.191797e-25   384
  2.775311e-01   1.827026e-23   8.780831e-05   4.167773e-25   432
  2.779866e-01   2.360506e-23   6.067143e-05   5.299837e-25   488
  2.782823e-01   2.270188e-23   9.143939e-05   5.249607e-25   480
  2.787111e-01   1.882813e-23   1.019738e-04   4.962865e-25   480
  2.790432e-01   1.728726e-23   4.278510e-05   4.896309e-25   240
  2.794202e-01   2.200780e-23   9.994261e-05   5.110126e-25   600
  2.797758e-01   1.623061e-23   8.708975e-05   4.666684e-25   288
  2.801544e-01   2.034002e-23   8.377397e-05   4.808633e-25   480
  2.805379e-01   1.768273e-23   1.490189e-04   4.441820e-25   504
  2.809155e-01   2.092087e-23   6.393839e-05   6.180253e-25   216
  2.813970e-01   1.881475e-23   1.046773e-04   4.329147e-25   504
  2.817720e-01   1.608876e-23   8.419242e-05   3.624489e-25   456
  2.821825e-01   2.148027e-23   4.828579e-05   5.570504e-25   384
  2.824544e-01   2.150783e-23   9.800271e-05   5.970389e-25   480
  2.828408e-01   1.565845e-23   8.605736e-05   4.040183e-25   504
  2.831988e-01   1.821985e-23   5.458940e-05   5.181795e-25   312
  2.835845e-01   1.854339e-23   8.796897e-05   4.519224e-25   492
  2.839260e-01   2.223194e-23   8.245044e-05   6.961276e-25   312
  2.843655e-01   1.696754e-23   1.339342e-04   3.572783e-25   576
  2.847524e-01   1.934390e-23   1.236321e-04   6.167053e-25   336
  2.850738e-01   1.302802e-23   9.519099e-05   4.569758e-25   240
  2.855192e-01   1.784607e-23   1.261991e-04   4.315402e-25   468
  2.859039e-01   1.945712e-23   7.901891e-05   7.607726e-25   192
  2.863065e-01   1.567055e-23   7.925442e-05   4.443485e-25   324
  2.866016e-01   1.676051e-23   5.752155e-05   3.665584e-25   600
  2.870037e-01   1.820792e-23   9.332283e-05   4.145143e-25   456
  2.873023e-01   1.697424e-23   4.197661e-05   5.719058e-25   336
  2.877972e-01   1.922573e-23   1.256898e-04   4.755219e-25   612
  2.881573e-01   1.648303e-23   1.054844e-04   8.761010e-25   144
  2.884978e-01   1.672576e-23   1.231274e-04   3.790625e-25   552
  2.889609e-01   1.147953e-23   4.848907e-05   3.120664e-25   264
  2.892225e-01   1.559644e-23   1.122646e-04   4.883355e-25   336
  2.896353e-01   1.418967e-23   7.418058e-05   3.212598e-25   384
  2.899932e-01   1.708339e-23   4.175634e-05   5.407965e-25   216
  2.903894e-01   1.183813e-23   8.853205e-05   3.270661e-25   344
  2.907507e-01   1.346571e-23   1.320940e-04   3.302483e-25   408
  2.911910e-01   1.311759e-23   1.015056e-04   5.020091e-25   264
  2.915811e-01   1.433068e-23   1.415038e-04   3.459707e-25   612
  2.919709e-01   1.967339e-23   7.282870e-05   5.527000e-25   408
  2.923718e-01   1.343974e-23   7.293338e-05   3.998992e-25   444
  2.926663e-01   2.214591e-23   4.079109e-05   8.451189e-25   120
  2.930609e-01   1.678625e-23   1.126983e-04   4.997945e-25   336
  2.933538e-01   1.390199e-23   3.916222e-05   4.450487e-25   288
  2.937496e-01   1.374459e-23   1.218735e-04   3.122825e-25   552
  2.942938e-01   1.642793e-23   6.525678e-09   9.846833e-25   72
  2.945736e-01   1.309764e-23   1.210514e-04   3.456804e-25   504
  2.949004e-01   8.563479e-24   3.895317e-05   2.439971e-25   216
  2.953239e-01   1.023539e-23   6.954821e-05   3.337971e-25   312
  2.957040e-01   1.175409e-23   7.919158e-05   3.175195e-25   336
  2.960663e-01   9.901746e-24   1.097684e-04   3.462361e-25   204
  2.964271e-01   1.720581e-23   1.275676e-04   5.525114e-25   504
  2.968098e-01   1.550446e-23   1.214810e-04   4.416211e-25   396
  2.971778e-01   1.352586e-23   1.114044e-04   4.081627e-25   312
  2.976240e-01   1.662117e-23   6.808000e-05   6.963014e-25   216
  2.979383e-01   1.259109e-23   3.694832e-05   5.628758e-25   168
  2.983203e-01   1.208328e-23   9.329657e-05   3.019909e-25   588
  2.987563e-01   9.435851e-24   1.266392e-04   3.109162e-25   240
  2.990950e-01   8.682105e-24   1.118436e-04   2.996454e-25   264
  2.994922e-01   1.007606e-23   1.383176e-04   3.167013e-25   288
  2.998446e-01   1.141552e-23   6.907007e-05   4.769096e-25   288
  3.002913e-01   9.168583e-24   6.486779e-05   2.826014e-25   288
  3.005921e-01   1.016579e-23   7.514392e-05   3.750714e-25   192
  3.009705e-01   7.633727e-24   7.996067e-05   2.190814e-25   264
  3.013310e-01   1.572100e-23   1.315242e-04   4.414787e-25   372
  3.017189e-01   1.635874e-23   1.420518e-04   5.736955e-25   360
  3.021924e-01   1.573410e-23   6.011768e-05   8.891824e-25   144
  3.024371e-01   1.023622e-23   8.350082e-05   4.030177e-25   296
  3.028234e-01   1.065730e-23   8.996782e-05   3.780806e-25   288
  3.032657e-01   1.107498e-23   1.344546e-04   3.090368e-25   480
  3.036471e-01   7.438849e-24   1.117190e-04   4.308408e-25   192
  3.040181e-01   1.307397e-23   1.198338e-04   5.246831e-25   192
  3.043553e-01   1.033314e-23   7.637151e-05   4.011206e-25   288
  3.048242e-01   6.429685e-24   6.648036e-05   2.480789e-25   108
  3.050604e-01   1.014994e-23   6.391272e-05   3.058420e-25   240
  3.054775e-01   8.323850e-24   1.192307e-04   2.897731e-25   384
  3.059059e-01   1.108245e-23   1.454479e-04   5.116513e-25   108
  3.062848e-01   1.253713e-23   8.527881e-05   3.331585e-25   348
  3.066832e-01   9.581427e-24   8.900031e-05   4.010425e-25   312
  3.070391e-01   8.026537e-24   8.648246e-05   6.744227e-25   96
  3.073663e-01   8.727338e-24   1.151358e-04   2.522267e-25   384
  3.077328e-01   9.627834e-24   7.919012e-05   4.669851e-25   144
  3.080912e-01   9.871863e-24   1.216791e-04   2.916321e-25   408
  3.085368e-01   6.360972e-24   5.427748e-05   2.247603e-25   144
  3.089578e-01   9.593558e-24   1.043490e-04   4.130840e-25   192
  3.092074e-01   1.247887e-23   1.174468e-04   4.587460e-25   144
  3.096144e-01   5.987533e-24   9.548855e-05   2.419668e-25   144
  3.099983e-01   8.835514e-24   1.167025e-04   2.805575e-25   336
  3.104685e-01   6.547725e-24   8.634502e-05   1.783498e-25   240
  3.107666e-01   5.843362e-24   3.920851e-05   3.577055e-25   96
  3.111825e-01   1.038796e-23   1.149797e-04   3.877702e-25   372
  3.116031e-01   7.260069e-24   1.367659e-04   4.117514e-25   132
  3.119726e-01   6.433682e-24   8.462908e-05   1.768555e-25   264
  3.123032e-01   9.259709e-24   6.499128e-05   4.780311e-25   168
  3.126560e-01   8.641933e-24   1.039086e-04   3.076237e-25   216
  3.129676e-01   7.396152e-24   6.357256e-05   4.357042e-25   216
  3.134215e-01   4.524494e-24   1.166292e-04   1.377995e-25   96
  3.138333e-01   1.061160e-23   7.608990e-05   7.057820e-25   120
  3.142110e-01   6.682300e-24   9.673168e-05   2.436031e-25   216
  3.145221e-01   6.103613e-24   4.227207e-05   2.335844e-25   200
  3.149340e-01   6.179339e-24   1.094242e-04   2.675837e-25   288
  3.154623e-01   3.583913e-24   2.879164e-05   9.131796e-26   144
  3.156848e-01   7.892176e-24   8.959781e-05   4.696368e-25   168
  3.161391e-01   9.808972e-24   1.008340e-04   6.241170e-25   159
  3.164937e-01   5.742586e-24   1.057991e-04   2.068602e-25   174
  3.168369e-01   5.947386e-24   9.593494e-05   2.229054e-25   144
  3.172863e-01   7.642782e-24   5.539549e-05   3.009056e-25   222
  3.175869e-01   5.719165e-24   5.589895e-05   2.386781e-25   168
  3.181060e-01   9.647596e-24   1.226079e-04   6.571496e-25   30
  3.183205e-01   2.624667e-24   1.082537e-04   7.807775e-26   72
  3.187244e-01   4.986440e-24   9.661517e-05   1.943527e-25   258
  3.191684e-01   4.895305e-24   6.051257e-05   1.470060e-25   264
  3.193905e-01   6.651256e-24   0.000000e+00   4.059490e-25   72
  3.198532e-01   3.768401e-24   1.199385e-04   1.228227e-25   174
  3.202721e-01   4.852474e-24   1.277123e-04   2.096276e-25   168
  3.206090e-01   2.203224e-24   3.996146e-09   5.735995e-26   48
  3.209705e-01   3.602837e-24   7.212215e-05   1.563461e-25   150
  3.213898e-01   6.194835e-24   1.326739e-04   2.041993e-25   168
  3.218102e-01   3.836211e-24   8.081877e-05   1.164728e-25   144
  3.221967e-01   6.350747e-24   7.550312e-05   3.755520e-25   102
  3.224847e-01   2.644683e-24   1.117576e-04   7.780776e-26   96
  3.229415e-01   2.650972e-24   1.109119e-04   6.453003e-26   120
  3.232799e-01   1.988405e-24   1.189559e-04   3.287797e-26   168
  3.236458e-01   6.602890e-24   8.783953e-05   2.189275e-25   126
  3.239576e-01   4.488887e-24   6.624856e-05   2.082610e-25   168
  3.243872e-01   3.019619e-24   1.062297e-04   1.051791e-25   72
  3.247626e-01   3.084197e-24   1.330232e-04   6.710279e-26   168
  3.250914e-01   4.999133e-24   3.646820e-05   5.058815e-25   78
  3.255420e-01   2.759455e-24   5.987806e-05   6.831888e-26   60
  3.259049e-01   7.134987e-24   9.713191e-05   3.451884e-25   96
  3.262812e-01   3.628036e-24   1.178615e-04   9.357951e-26   168
  3.266349e-01   2.820271e-24   7.457817e-05   1.883821e-25   86
  3.270060e-01   1.787728e-24   6.665520e-05   5.550428e-26   120
  3.275378e-01   2.585870e-24   4.753401e-05   6.627277e-26   168
  3.278247e-01   2.051867e-24   0.000000e+00   7.152844e-26   48
  3.282110e-01   4.305775e-24   8.660181e-05   1.526733e-25   120
  3.284330e-01   2.960750e-24   6.317951e-05   1.332013e-25   126
  3.289749e-01   3.777693e-24   1.111151e-04   1.216616e-25   96
  3.293266e-01   3.080861e-24   3.204012e-05   9.424146e-26   96
  3.296039e-01   2.618607e-24   0.000000e+00   7.518778e-26   72
  3.301949e-01   3.076101e-24   3.996146e-09   1.478284e-25   24
  3.305637e-01   3.656585e-24   6.593782e-05   1.514079e-25   120
  3.308514e-01   3.442623e-24   9.618300e-05   1.516389e-25   126
  3.311713e-01   2.101119e-24   8.018157e-05   7.976712e-26   96
  3.315452e-01   1.649182e-24   1.385771e-04   3.513015e-26   72
  3.319614e-01   2.006140e-24   5.993927e-05   4.662788e-26   144
  3.323038e-01   2.310968e-24   3.457157e-05   7.120595e-26   72
  3.326459e-01   2.535059e-24   6.905176e-05   1.761951e-25   54
  3.329469e-01   2.712053e-24   6.085106e-05   1.483568e-25   108
  3.335726e-01   3.410584e-24   5.964977e-05   1.392200e-25   72
  3.337673e-01   2.321402e-24   3.441997e-05   9.471070e-26   72
  3.342294e-01   2.663493e-24   6.921527e-09   1.090091e-25   24
  3.346666e-01   1.087860e-24   7.281693e-05   3.976256e-26   48
  3.349321e-01   2.171622e-24   5.546771e-05   1.031062e-25   102
  3.353317e-01   2.088048e-24   1.254449e-04   6.351280e-26   168
  3.358538e-01   1.330527e-24   6.841470e-05   4.110176e-26   72
  3.360473e-01   1.671151e-24   0.000000e+00   6.773049e-26   48
  3.364531e-01   1.937043e-24   1.176775e-04   3.754878e-26   120
  3.369887e-01   1.731448e-24   7.231517e-05   3.686041e-26   96
  3.374945e-01   4.027085e-24   7.830814e-09   5.187308e-25   30
  3.380957e-01   2.970452e-24   3.397687e-05   1.030229e-25   72
  3.383599e-01   1.748935e-24   3.996146e-09   9.133615e-26   24
  3.386992e-01   1.326662e-24   5.036212e-05   3.543314e-26   56
  3.390793e-01   8.031211e-25   7.186930e-05   1.660278e-26   96
  3.395342e-01   1.572745e-24   7.936128e-05   3.563640e-26   144
  3.398849e-01   2.005125e-24   4.505822e-05   1.739016e-25   54
  3.403944e-01   1.537404e-24   6.750198e-05   2.929981e-26   108
  3.409071e-01   2.764765e-24   3.574199e-05   1.342436e-25   48
  3.413952e-01   1.584309e-24   1.345800e-04   4.118797e-26   72
  3.425664e-01   1.934558e-24   8.891744e-05   7.874958e-26   78
  3.428909e-01   8.499599e-25   6.701044e-05   2.408278e-26   72
  3.432698e-01   9.391952e-25   6.692725e-05   1.983124e-26   72
  3.436659e-01   1.451500e-24   1.615028e-04   4.783669e-26   96
  3.439790e-01   1.259728e-24   6.678928e-05   2.797695e-26   72
  3.443566e-01   1.378209e-24   0.000000e+00   7.559485e-26   24
  3.447338e-01   1.467860e-24   1.332770e-04   3.961524e-26   72
  3.455858e-01   1.633565e-24   8.463498e-05   4.244089e-26   30
  3.457691e-01   1.680191e-24   0.000000e+00   7.553779e-26   24
  3.467544e-01   6.334331e-25   7.027855e-05   2.032987e-26   48
  3.470634e-01   9.321963e-25   1.512394e-04   2.231442e-26   120
  3.474798e-01   8.506654e-25   6.612537e-05   2.131144e-26   72
  3.479003e-01   1.057506e-24   6.604543e-05   3.219289e-26   36
  3.481894e-01   1.065454e-24   1.305365e-04   4.361012e-26   78
  3.489960e-01   1.212862e-24   6.982714e-05   4.893799e-26   48
  3.500419e-01   2.189676e-24   5.651403e-09   6.636939e-26   24
  3.507870e-01   5.759997e-25   4.862619e-05   1.589230e-26   56
  3.511622e-01   7.723433e-25   7.482652e-05   1.743518e-26   102
  3.516395e-01   9.130436e-25   5.328194e-09   2.453437e-26   72
  3.519166e-01   9.185571e-25   0.000000e+00   3.708494e-26   24
  3.524009e-01   8.866889e-25   6.915246e-05   2.256355e-26   48
  3.532988e-01   1.312855e-24   0.000000e+00   5.689116e-26   24
  3.544007e-01   1.560188e-24   0.000000e+00   1.117423e-25   6
  3.547443e-01   3.649345e-25   0.000000e+00   1.264546e-26   24
  3.549732e-01   6.822301e-25   6.472929e-05   1.124117e-26   72
  3.553914e-01   6.326720e-25   1.207586e-04   1.264831e-26   84
  3.558418e-01   7.447814e-25   0.000000e+00   3.086888e-26   24
  3.559787e-01   6.774602e-25   5.651403e-09   2.103541e-26   24
  3.566626e-01   9.266217e-25   3.996146e-09   3.075510e-26   24
  3.576179e-01   1.854830e-24   0.000000e+00   1.121614e-25   6
  3.588424e-01   5.780143e-25   6.791113e-05   1.548906e-26   48
  3.591365e-01   4.915729e-25   1.279335e-04   1.215309e-26   72
  3.595209e-01   6.795466e-25   6.778297e-05   1.796046e-26   48
  3.601304e-01   5.922491e-25   0.000000e+00   3.360713e-26   24
  3.609415e-01   1.220370e-24   3.996146e-09   1.576839e-25   6
  3.627599e-01   3.743315e-25   0.000000e+00   1.597415e-26   8
  3.628942e-01   4.132153e-25   3.996146e-09   9.809428e-27   48
  3.632164e-01   5.227180e-25   6.573533e-05   1.062103e-26   60
  3.636991e-01   4.788870e-25   0.000000e+00   2.689790e-26   24
  3.643686e-01   1.145814e-24   0.000000e+00   1.033746e-26   6
  3.668348e-01   5.274633e-25   0.000000e+00   1.570813e-26   24
  3.670341e-01   4.505313e-25   6.639546e-05   1.069678e-26   48
  3.673659e-01   6.145706e-25   0.000000e+00   1.924149e-26   24
  3.678962e-01   3.758333e-25   3.996146e-09   2.263701e-26   6
  3.709088e-01   3.975739e-25   6.194064e-05   1.092202e-26   36
  3.711278e-01   3.955933e-25   0.000000e+00   1.132316e-26   24
  3.715215e-01   6.684201e-25   0.000000e+00   3.775463e-26   6
  3.749494e-01   3.423197e-25   5.629118e-05   9.364610e-27   32
  3.752417e-01   4.092231e-25   3.996146e-09   2.782388e-26   6
  3.789254e-01   5.771255e-25   0.000000e+00   1.694498e-26   12
  3.790540e-01   7.378670e-26   0.000000e+00   4.786289e-27   6
  3.829556e-01   2.160137e-25   5.651403e-09   1.265340e-26   6
