# power spectrum of delta
# redshift z=10.000000
# k              Pk             sigma(k)       sigma(Pk)      count
  6.981317e-03   2.720814e-06   0.000000e+00   1.097702e-06   6
  9.873073e-03   5.973728e-06   0.000000e+00   1.193098e-06   12
  1.209200e-02   9.610406e-06   1.324548e-10   1.961555e-06   8
  1.396263e-02   5.559284e-05   0.000000e+00   5.982251e-06   6
  1.561070e-02   5.785785e-05   0.000000e+00   1.845514e-05   24
  1.710066e-02   1.144184e-04   2.497591e-10   1.932640e-05   24
  1.974615e-02   8.507502e-05   0.000000e+00   3.827499e-05   12
  2.094395e-02   1.209992e-04   2.825702e-10   2.211012e-05   30
  2.207686e-02   1.862409e-04   0.000000e+00   4.104401e-05   24
  2.315441e-02   1.978538e-04   4.325955e-10   4.916677e-05   24
  2.418399e-02   2.611958e-04   2.649095e-10   5.290700e-05   8
  2.517150e-02   2.577777e-04   3.532127e-10   3.220246e-05   24
  2.612170e-02   2.726007e-04   0.000000e+00   3.840857e-05   48
  2.792527e-02   4.226758e-04   0.000000e+00   1.861297e-04   6
  2.878471e-02   3.604430e-04   4.995182e-10   5.047567e-05   48
  2.961922e-02   3.705113e-04   0.000000e+00   3.893759e-05   36
  3.043086e-02   5.629849e-04   3.532127e-10   1.181763e-04   24
  3.122140e-02   3.692062e-04   0.000000e+00   6.312563e-05   24
  3.199241e-02   3.547947e-04   0.000000e+00   4.807489e-05   48
  3.274528e-02   5.682166e-04   4.995182e-10   8.091118e-05   24
  3.420133e-02   5.348957e-04   4.995182e-10   8.394755e-05   24
  3.490659e-02   3.890533e-04   0.000000e+00   6.380806e-05   30
  3.559787e-02   4.491300e-04   0.000000e+00   4.897918e-05   72
  3.627599e-02   4.832830e-04   5.298191e-10   9.952065e-05   32
  3.759554e-02   6.805606e-04   0.000000e+00   7.815107e-05   72
  3.823825e-02   4.574835e-04   0.000000e+00   6.707656e-05   48
  3.949229e-02   2.571767e-04   0.000000e+00   7.634686e-05   12
  4.010461e-02   5.396050e-04   0.000000e+00   8.074107e-05   48
  4.070772e-02   4.950460e-04   0.000000e+00   4.855895e-05   48
  4.130203e-02   6.988685e-04   4.995182e-10   8.861521e-05   48
  4.188790e-02   8.732142e-04   5.651403e-10   1.528725e-04   30
  4.246569e-02   8.997312e-04   4.995182e-10   2.021246e-04   24
  4.303573e-02   9.099207e-04   1.053077e-09   9.504638e-05   72
  4.415373e-02   6.011485e-04   0.000000e+00   1.145224e-04   24
  4.470224e-02   8.960361e-04   0.000000e+00   8.667446e-05   96
  4.524411e-02   7.086776e-04   0.000000e+00   9.517200e-05   48
  4.577956e-02   6.048396e-04   8.651909e-10   1.479145e-04   24
  4.630882e-02   4.861492e-04   8.651909e-10   1.003145e-04   24
  4.683210e-02   1.157352e-03   0.000000e+00   1.409115e-04   72
  4.734960e-02   9.354492e-04   0.000000e+00   1.440380e-04   48
  4.836798e-02   7.916826e-04   5.298191e-10   2.328981e-04   8
  4.886922e-02   1.327219e-03   6.279337e-10   1.641395e-04   54
  4.936537e-02   8.771756e-04   0.000000e+00   1.477492e-04   84
  4.985658e-02   1.071867e-03   0.000000e+00   1.558227e-04   48
  5.034299e-02   6.597928e-04   7.064254e-10   1.170021e-04   24
  5.082475e-02   9.283634e-04   6.660243e-10   1.086281e-04   72
  5.130199e-02   1.244221e-03   0.000000e+00   1.407863e-04   96
  5.224339e-02   1.709512e-03   0.000000e+00   1.870048e-04   48
  5.270779e-02   9.903663e-04   0.000000e+00   9.421993e-05   48
  5.316813e-02   9.411028e-04   7.064254e-10   1.836461e-04   24
  5.362451e-02   1.048175e-03   0.000000e+00   1.150854e-04   72
  5.452583e-02   1.083374e-03   6.660243e-10   1.275911e-04   72
  5.497095e-02   1.133052e-03   0.000000e+00   1.291843e-04   96
  5.585054e-02   1.978630e-03   0.000000e+00   8.659450e-04   6
  5.628518e-02   1.412894e-03   0.000000e+00   1.434329e-04   96
  5.671649e-02   1.490547e-03   7.064254e-10   1.589784e-04   96
  5.714454e-02   9.762901e-04   0.000000e+00   2.331265e-04   24
  5.756941e-02   1.160373e-03   9.990364e-10   1.332323e-04   48
  5.799117e-02   1.235498e-03   0.000000e+00   1.239498e-04   96
  5.840989e-02   1.281269e-03   0.000000e+00   1.747248e-04   48
  5.923844e-02   1.312427e-03   0.000000e+00   2.318667e-04   36
  5.964840e-02   1.352157e-03   1.223565e-09   1.673761e-04   48
  6.005556e-02   1.508453e-03   1.384305e-09   1.344064e-04   120
  6.045998e-02   1.321556e-03   0.000000e+00   1.736810e-04   56
  6.086171e-02   7.359145e-04   7.064254e-10   1.296359e-04   24
  6.126081e-02   1.133486e-03   0.000000e+00   1.015040e-04   96
  6.165732e-02   1.195949e-03   0.000000e+00   1.534495e-04   48
  6.244280e-02   1.678202e-03   0.000000e+00   3.116522e-04   24
  6.283185e-02   1.732465e-03   0.000000e+00   1.739087e-04   102
  6.321851e-02   2.069640e-03   0.000000e+00   3.164640e-04   48
  6.360282e-02   1.765007e-03   0.000000e+00   1.822246e-04   72
  6.398483e-02   1.619944e-03   0.000000e+00   1.628266e-04   48
  6.436456e-02   1.946938e-03   0.000000e+00   3.550865e-04   48
  6.474207e-02   1.586465e-03   1.598458e-09   1.498292e-04   120
  6.549056e-02   2.155292e-03   9.990364e-10   3.559614e-04   24
  6.586161e-02   1.447337e-03   9.419006e-10   1.223252e-04   144
  6.623059e-02   1.480579e-03   1.130281e-09   1.472929e-04   120
  6.659752e-02   1.377416e-03   9.990364e-10   1.940314e-04   48
  6.732538e-02   1.819243e-03   9.990364e-10   2.436490e-04   48
  6.768638e-02   1.530630e-03   9.990364e-10   1.522228e-04   96
  6.863955e-02   1.964215e-03   1.675093e-04   2.281526e-04   72
  6.911151e-02   1.599391e-03   1.255867e-09   1.201934e-04   108
  6.946323e-02   1.819277e-03   0.000000e+00   1.946404e-04   72
  6.981317e-02   1.266200e-03   0.000000e+00   2.715414e-04   30
  7.016137e-02   1.977798e-03   0.000000e+00   1.509042e-04   168
  7.050785e-02   2.298852e-03   0.000000e+00   2.794954e-04   48
  7.119574e-02   1.468583e-03   0.000000e+00   1.781710e-04   72
  7.153721e-02   2.056379e-03   0.000000e+00   1.990887e-04   96
  7.187706e-02   1.905016e-03   1.883801e-09   2.938791e-04   72
  7.221530e-02   2.177489e-03   0.000000e+00   2.356808e-04   72
  7.278398e-02   2.131800e-03   1.546684e-04   1.706909e-04   104
  7.322067e-02   1.976200e-03   1.332049e-09   1.489159e-04   144
  7.421242e-02   1.470266e-03   2.233913e-09   1.422029e-04   96
  7.454007e-02   1.406837e-03   0.000000e+00   1.464935e-04   96
  7.506116e-02   2.085127e-03   1.591194e-04   1.924215e-04   120
  7.551449e-02   1.820551e-03   0.000000e+00   1.622006e-04   120
  7.583651e-02   2.252357e-03   0.000000e+00   2.453651e-04   72
  7.647650e-02   2.482677e-03   0.000000e+00   3.304215e-04   48
  7.679449e-02   2.365392e-03   1.505926e-09   2.886774e-04   78
  7.720128e-02   2.571024e-03   1.424762e-04   2.054969e-04   168
  7.805350e-02   2.405137e-03   1.332049e-09   2.053635e-04   144
  7.836509e-02   2.781493e-03   1.332049e-09   2.027157e-04   144
  7.926883e-02   2.343666e-03   8.205478e-05   2.144958e-04   156
  7.959926e-02   1.962504e-03   1.730382e-09   3.952097e-04   48
  7.990483e-02   2.183126e-03   1.130281e-09   2.016033e-04   120
  8.020923e-02   1.462988e-03   0.000000e+00   1.512501e-04   48
  8.074745e-02   2.343048e-03   1.255998e-04   1.708837e-04   216
  8.141545e-02   1.783063e-03   0.000000e+00   2.074680e-04   48
  8.171422e-02   1.895364e-03   9.990364e-10   1.621631e-04   96
  8.213902e-02   2.187794e-03   1.467830e-04   1.947692e-04   168
  8.260406e-02   1.754314e-03   9.990364e-10   2.530198e-04   48
  8.289855e-02   2.551285e-03   0.000000e+00   2.581946e-04   96
  8.319199e-02   2.016590e-03   0.000000e+00   3.666457e-04   48
  8.377580e-02   2.697208e-03   1.130281e-09   2.984256e-04   30
  8.406619e-02   1.855127e-03   9.990364e-10   1.561783e-04   96
  8.441325e-02   2.294318e-03   1.153584e-04   1.634535e-04   240
  8.485953e-02   3.848918e-03   1.244551e-04   5.787326e-04   32
  8.521783e-02   1.726337e-03   0.000000e+00   1.281460e-04   168
  8.550332e-02   2.023450e-03   0.000000e+00   1.949765e-04   120
  8.607146e-02   1.830707e-03   2.106154e-09   2.303529e-04   72
  8.635412e-02   2.615849e-03   1.332049e-09   2.467506e-04   144
  8.663587e-02   2.013394e-03   0.000000e+00   1.931150e-04   96
  8.691670e-02   2.423385e-03   0.000000e+00   1.969092e-04   96
  8.747565e-02   3.244258e-03   1.631420e-09   4.060354e-04   72
  8.775379e-02   2.121116e-03   1.412851e-09   2.115060e-04   96
  8.830745e-02   2.748267e-03   0.000000e+00   5.038345e-04   24
  8.858298e-02   2.445084e-03   0.000000e+00   1.694688e-04   192
  8.890745e-02   2.311641e-03   1.056148e-04   1.803488e-04   132
  8.940448e-02   2.621399e-03   0.000000e+00   2.240112e-04   96
  8.967664e-02   1.661675e-03   0.000000e+00   1.689471e-04   96
  8.994798e-02   2.149048e-03   1.130281e-09   1.736394e-04   120
  9.048821e-02   2.361504e-03   0.000000e+00   3.198528e-04   48
  9.093103e-02   1.906051e-03   1.279966e-04   1.177232e-04   222
  9.129257e-02   2.379737e-03   0.000000e+00   2.210043e-04   120
  9.155911e-02   2.037452e-03   1.730382e-09   4.166047e-04   24
  9.194720e-02   2.873092e-03   1.321111e-04   1.693693e-04   312
  9.279280e-02   3.168053e-03   1.238595e-04   3.379868e-04   72
  9.314239e-02   2.149606e-03   9.990364e-10   2.524746e-04   96
  9.350136e-02   2.749963e-03   1.261337e-04   2.297363e-04   192
  9.392401e-02   2.312929e-03   1.598458e-09   2.539027e-04   120
  9.418312e-02   2.421683e-03   0.000000e+00   2.324489e-04   144
  9.469919e-02   2.323547e-03   0.000000e+00   3.307523e-04   48
  9.506602e-02   2.188622e-03   1.268319e-04   1.378279e-04   336
  9.546807e-02   2.442366e-03   0.000000e+00   3.038535e-04   48
  9.597724e-02   2.346938e-03   0.000000e+00   2.285935e-04   192
  9.623081e-02   2.039716e-03   0.000000e+00   2.458259e-04   48
  9.695161e-02   2.220763e-03   8.803796e-05   2.715971e-04   56
  9.731001e-02   2.394283e-03   1.130706e-04   1.331514e-04   336
  9.773844e-02   2.493599e-03   1.255867e-09   3.900903e-04   54
  9.811165e-02   2.334564e-03   1.241922e-04   1.527389e-04   240
  9.888643e-02   2.464396e-03   1.189150e-04   2.063840e-04   228
  9.922316e-02   2.551851e-03   1.332049e-09   3.306910e-04   72
  9.955002e-02   2.814338e-03   1.153504e-04   2.127110e-04   144
  9.995725e-02   2.503808e-03   0.000000e+00   2.403582e-04   96
  1.002007e-01   2.379470e-03   1.598458e-09   1.676633e-04   240
  1.006860e-01   1.944234e-03   1.412851e-09   3.540151e-04   24
  1.009966e-01   2.499273e-03   1.089476e-04   1.425801e-04   336
  1.014095e-01   1.877514e-03   0.000000e+00   2.190585e-04   72
  1.017863e-01   2.985424e-03   1.185007e-04   2.273899e-04   168
  1.021279e-01   2.284380e-03   0.000000e+00   2.293067e-04   72
  1.026040e-01   3.425366e-03   0.000000e+00   3.508151e-04   96
  1.029727e-01   2.152878e-03   1.176117e-04   1.540694e-04   216
  1.033141e-01   1.887105e-03   1.412851e-09   1.458639e-04   96
  1.037847e-01   2.378373e-03   0.000000e+00   1.526078e-04   192
  1.040193e-01   2.453593e-03   1.332049e-09   1.941857e-04   144
  1.044868e-01   2.084064e-03   0.000000e+00   2.662730e-04   48
  1.048105e-01   2.627517e-03   1.133915e-04   1.938385e-04   246
  1.052503e-01   3.197388e-03   1.045488e-04   2.558676e-04   168
  1.056465e-01   2.676238e-03   1.957704e-09   3.384590e-04   120
  1.058769e-01   2.211158e-03   0.000000e+00   1.637576e-04   240
  1.063363e-01   1.889246e-03   1.412851e-09   3.866404e-04   24
  1.067022e-01   2.460629e-03   1.119102e-04   1.463510e-04   360
  1.071580e-01   2.994555e-03   1.114340e-04   2.481364e-04   120
  1.074760e-01   2.658361e-03   0.000000e+00   2.264776e-04   144
  1.077025e-01   3.236394e-03   0.000000e+00   2.922957e-04   96
  1.083792e-01   2.746775e-03   0.000000e+00   2.086116e-04   144
  1.086038e-01   3.158721e-03   0.000000e+00   2.891150e-04   132
  1.089195e-01   2.435631e-03   1.099837e-04   1.875478e-04   176
  1.093777e-01   2.583392e-03   1.110614e-04   1.469393e-04   312
  1.099419e-01   3.338868e-03   0.000000e+00   4.717383e-04   96
  1.101633e-01   2.219591e-03   0.000000e+00   2.030777e-04   144
  1.105031e-01   2.779904e-03   1.099474e-04   1.744431e-04   312
  1.110446e-01   2.600652e-03   0.000000e+00   2.607876e-04   48
  1.112639e-01   2.394770e-03   1.412851e-09   1.718809e-04   192
  1.117011e-01   1.566468e-03   0.000000e+00   4.804536e-04   6
  1.119915e-01   2.347761e-03   1.025446e-04   1.337911e-04   288
  1.124620e-01   2.573164e-03   1.083450e-04   2.023745e-04   192
  1.127866e-01   2.398744e-03   3.322713e-09   1.598784e-04   216
  1.130025e-01   2.838482e-03   0.000000e+00   3.949158e-04   72
  1.135403e-01   2.753591e-03   1.073161e-04   2.548477e-04   192
  1.138975e-01   3.133994e-03   7.968796e-05   2.096870e-04   288
  1.142891e-01   2.456789e-03   0.000000e+00   4.863199e-04   24
  1.145916e-01   2.844387e-03   1.049823e-04   1.557813e-04   456
  1.151388e-01   2.092372e-03   1.998073e-09   3.475346e-04   48
  1.154769e-01   2.806526e-03   1.034033e-04   2.042815e-04   240
  1.158655e-01   3.381449e-03   1.045007e-04   2.322089e-04   216
  1.161923e-01   2.531942e-03   0.000000e+00   3.023018e-04   72
  1.164018e-01   2.319116e-03   3.610549e-09   1.969567e-04   168
  1.169935e-01   2.872216e-03   7.767385e-05   1.944720e-04   288
  1.173253e-01   3.075436e-03   1.027758e-04   2.348933e-04   168
  1.178582e-01   3.209198e-03   0.000000e+00   2.693073e-04   192
  1.180648e-01   2.449936e-03   1.332049e-09   1.780177e-04   144
  1.184769e-01   4.132463e-03   0.000000e+00   5.558336e-04   36
  1.188264e-01   2.374893e-03   9.385617e-05   1.349050e-04   342
  1.191605e-01   2.815467e-03   9.637890e-05   2.783293e-04   144
  1.195900e-01   2.933416e-03   1.010773e-04   1.795298e-04   384
  1.201111e-01   3.438801e-03   2.768611e-09   3.461897e-04   120
  1.203690e-01   3.386415e-03   9.013158e-05   2.038162e-04   264
  1.207183e-01   2.805258e-03   4.467827e-09   2.169758e-04   192
  1.210471e-01   2.782818e-03   9.713401e-05   2.197663e-04   152
  1.213224e-01   2.768939e-03   2.664097e-09   2.786016e-04   144
  1.219012e-01   2.236875e-03   6.286607e-05   1.716136e-04   216
  1.221692e-01   3.393834e-03   8.400585e-05   1.966713e-04   312
  1.226409e-01   2.906739e-03   9.736112e-05   1.811056e-04   240
  1.229188e-01   3.052013e-03   1.412851e-09   3.085122e-04   96
  1.234463e-01   2.291583e-03   9.308426e-05   1.879988e-04   144
  1.237714e-01   2.980552e-03   9.149363e-05   1.582827e-04   456
  1.242988e-01   2.112744e-03   0.000000e+00   1.430298e-04   120
  1.244947e-01   2.609924e-03   0.000000e+00   2.482579e-04   144
  1.248856e-01   2.224426e-03   0.000000e+00   3.622984e-04   24
  1.251362e-01   2.757559e-03   8.794658e-05   1.449891e-04   336
  1.255696e-01   2.752431e-03   9.699311e-05   2.102610e-04   198
  1.259757e-01   3.216271e-03   9.432023e-05   2.112920e-04   432
  1.264370e-01   4.600870e-03   0.000000e+00   5.159875e-04   48
  1.266777e-01   3.829308e-03   8.326844e-05   2.190615e-04   384
  1.271098e-01   3.118539e-03   9.585962e-05   2.968077e-04   144
  1.275013e-01   4.208827e-03   9.517601e-05   3.420371e-04   264
  1.279697e-01   2.644339e-03   0.000000e+00   2.548118e-04   48
  1.282839e-01   3.157632e-03   9.049683e-05   2.063096e-04   276
  1.285870e-01   3.056431e-03   8.203293e-05   2.812176e-04   192
  1.289922e-01   3.019097e-03   9.218697e-05   1.369893e-04   552
  1.294841e-01   2.256486e-03   3.196917e-09   2.445360e-04   120
  1.297765e-01   2.567995e-03   9.331596e-05   1.836983e-04   216
  1.300475e-01   2.763127e-03   1.598458e-09   2.232105e-04   120
  1.305316e-01   3.587048e-03   9.189333e-05   1.898856e-04   408
  1.309811e-01   1.739918e-03   1.998073e-09   2.279213e-04   24
  1.312599e-01   2.969095e-03   9.282881e-05   2.086349e-04   384
  1.316492e-01   2.336456e-03   9.069708e-05   1.541848e-04   240
  1.319872e-01   3.038164e-03   9.136125e-05   2.221441e-04   168
  1.324612e-01   2.217844e-03   2.260561e-09   2.284856e-04   120
  1.327667e-01   3.258976e-03   9.523931e-05   2.043351e-04   350
  1.332635e-01   3.542992e-03   1.567823e-04   2.327649e-04   384
  1.335605e-01   4.050594e-03   0.000000e+00   4.846641e-04   144
  1.341067e-01   2.869750e-03   3.767602e-09   2.155663e-04   288
  1.343919e-01   3.062509e-03   8.974411e-05   2.018487e-04   336
  1.347800e-01   2.934471e-03   8.170456e-05   2.421598e-04   168
  1.350122e-01   3.538244e-03   1.614687e-09   2.682069e-04   336
  1.354927e-01   2.568204e-03   8.480446e-05   1.581553e-04   288
  1.357812e-01   3.083102e-03   7.990748e-05   1.945581e-04   264
  1.362699e-01   2.951596e-03   0.000000e+00   2.128583e-04   240
  1.364486e-01   2.873112e-03   2.825702e-09   2.647953e-04   96
  1.370900e-01   3.528445e-03   1.086688e-04   2.334709e-04   360
  1.373893e-01   3.202177e-03   8.010757e-05   3.561245e-04   168
  1.377676e-01   3.067247e-03   8.732558e-05   1.612573e-04   456
  1.382230e-01   2.716066e-03   2.511735e-09   2.454569e-04   108
  1.384792e-01   2.245632e-03   8.761995e-05   1.476264e-04   264
  1.387988e-01   2.758629e-03   7.817127e-05   2.236644e-04   264
  1.392364e-01   3.265321e-03   7.376599e-05   1.794596e-04   312
  1.397814e-01   3.432944e-03   5.481617e-05   2.942871e-04   270
  1.400098e-01   3.374659e-03   6.959603e-05   3.114364e-04   240
  1.404204e-01   3.545066e-03   8.609907e-05   2.501195e-04   384
  1.406696e-01   2.586902e-03   0.000000e+00   1.875412e-04   192
  1.411539e-01   3.641292e-03   6.908303e-05   3.198196e-04   240
  1.414347e-01   3.558732e-03   8.525963e-05   2.379588e-04   336
  1.419630e-01   3.251669e-03   8.583011e-05   1.611557e-04   480
  1.423915e-01   3.513287e-03   0.000000e+00   4.304798e-04   72
  1.426309e-01   3.498828e-03   8.369217e-05   3.327807e-04   240
  1.429564e-01   2.749068e-03   7.865917e-05   1.614332e-04   312
  1.433297e-01   2.414650e-03   8.501169e-05   1.616665e-04   240
  1.438936e-01   3.126612e-03   6.458688e-05   1.852967e-04   408
  1.441169e-01   2.884429e-03   5.914602e-05   1.805575e-04   336
  1.445532e-01   3.057766e-03   7.510087e-05   2.543386e-04   264
  1.447677e-01   2.578645e-03   0.000000e+00   2.209770e-04   144
  1.453643e-01   2.997727e-03   1.040943e-04   1.871456e-04   464
  1.456786e-01   2.298328e-03   8.277629e-05   1.771874e-04   168
  1.459889e-01   3.123094e-03   7.539115e-05   2.170511e-04   336
  1.465498e-01   3.103994e-03   7.921315e-05   2.111968e-04   414
  1.468660e-01   4.505348e-03   8.245619e-05   4.132680e-04   216
  1.472710e-01   5.366570e-03   1.998073e-09   6.070217e-04   96
  1.474364e-01   3.046418e-03   5.994218e-09   2.208623e-04   384
  1.480158e-01   3.297816e-03   8.229688e-05   1.807585e-04   492
  1.483263e-01   3.184997e-03   8.047930e-05   2.195762e-04   240
  1.486772e-01   2.761171e-03   8.171468e-05   1.733924e-04   312
  1.491618e-01   2.109937e-03   8.168777e-05   1.677567e-04   192
  1.494688e-01   3.171107e-03   7.916535e-05   1.830299e-04   504
  1.498761e-01   3.153087e-03   5.240881e-05   2.395668e-04   408
  1.501968e-01   2.904135e-03   1.605609e-04   2.493682e-04   168
  1.505981e-01   3.504732e-03   7.626782e-05   2.508212e-04   288
  1.509348e-01   2.722098e-03   7.959200e-05   2.014666e-04   288
  1.512797e-01   2.493085e-03   8.005014e-05   1.456504e-04   432
  1.517801e-01   3.177215e-03   7.570076e-05   2.312847e-04   216
  1.520474e-01   2.773275e-03   7.554106e-05   1.827951e-04   360
  1.525234e-01   3.200653e-03   7.372735e-05   2.208059e-04   312
  1.529530e-01   4.243568e-03   0.000000e+00   6.813474e-04   48
  1.532006e-01   2.810597e-03   7.904634e-05   1.655403e-04   432
  1.536441e-01   2.591714e-03   1.318501e-04   1.623016e-04   414
  1.539060e-01   2.968468e-03   6.955573e-09   2.283488e-04   312
  1.543946e-01   3.228825e-03   1.156911e-04   2.206524e-04   528
  1.547243e-01   3.508475e-03   6.072803e-05   3.520648e-04   264
  1.551204e-01   3.190336e-03   7.200680e-05   2.246787e-04   480
  1.556380e-01   3.025320e-03   0.000000e+00   2.133756e-04   288
  1.558615e-01   3.076724e-03   7.736908e-05   3.026501e-04   168
  1.562704e-01   3.402583e-03   1.224750e-04   1.909524e-04   504
  1.567302e-01   4.720401e-03   2.664097e-09   4.669981e-04   144
  1.570194e-01   2.460722e-03   7.865832e-05   1.307603e-04   464
  1.574541e-01   2.442903e-03   1.154355e-04   1.473339e-04   432
  1.576603e-01   3.332055e-03   1.998073e-09   2.865530e-04   192
  1.581934e-01   2.522405e-03   8.557628e-05   1.450515e-04   396
  1.585082e-01   2.558105e-03   7.687110e-05   1.764443e-04   288
  1.588263e-01   2.561719e-03   7.593549e-05   1.796971e-04   336
  1.593345e-01   2.584505e-03   4.808388e-05   1.586513e-04   432
  1.596570e-01   2.928854e-03   1.246267e-04   1.995651e-04   360
  1.600192e-01   2.699407e-03   7.371853e-05   1.426561e-04   384
  1.605335e-01   2.416222e-03   6.507077e-05   2.052565e-04   198
  1.607813e-01   2.879027e-03   7.396430e-05   1.783799e-04   552
  1.612434e-01   3.301013e-03   1.035450e-04   2.966619e-04   432
  1.616292e-01   3.076685e-03   0.000000e+00   2.798015e-04   168
  1.619530e-01   3.517089e-03   1.283579e-04   2.394424e-04   480
  1.623813e-01   2.038892e-03   0.000000e+00   2.068354e-04   120
  1.625741e-01   3.028555e-03   1.048372e-04   2.409249e-04   336
  1.630445e-01   2.835320e-03   7.396097e-05   1.558064e-04   672
  1.635097e-01   3.264675e-03   1.075863e-04   1.753507e-04   528
  1.637264e-01   1.953327e-03   3.229373e-09   1.435022e-04   168
  1.642270e-01   3.051621e-03   1.200118e-04   1.874970e-04   456
  1.645324e-01   3.965175e-03   7.329223e-05   5.923346e-04   168
  1.648495e-01   2.969448e-03   7.316065e-05   1.911724e-04   504
  1.653766e-01   2.245363e-03   9.414654e-05   1.905665e-04   336
  1.656953e-01   3.297681e-03   6.786851e-05   2.345235e-04   312
  1.660489e-01   2.985968e-03   6.631214e-05   2.004837e-04   504
  1.665141e-01   2.566436e-03   4.600920e-05   1.322536e-04   432
  1.667329e-01   2.186729e-03   7.109945e-05   1.257508e-04   312
  1.671876e-01   2.423263e-03   7.288039e-05   1.426708e-04   384
  1.676624e-01   3.675982e-03   6.192036e-05   5.660365e-04   126
  1.679555e-01   2.948371e-03   1.087174e-04   1.902883e-04   492
  1.683299e-01   3.303468e-03   6.963360e-05   2.176549e-04   528
  1.687978e-01   2.766408e-03   7.073279e-05   1.913241e-04   480
  1.690879e-01   3.493389e-03   9.771696e-05   2.533499e-04   432
  1.695076e-01   3.218177e-03   7.684145e-05   2.314302e-04   440
  1.699951e-01   3.383683e-03   3.821294e-05   2.497476e-04   312
  1.701781e-01   2.833140e-03   5.726529e-05   2.644269e-04   480
  1.705533e-01   2.958209e-03   1.121243e-04   2.353200e-04   408
  1.711016e-01   3.510937e-03   6.714979e-05   2.500572e-04   360
  1.713332e-01   2.814195e-03   6.479710e-05   2.048901e-04   408
  1.717625e-01   2.234061e-03   6.593925e-05   1.536074e-04   456
  1.722458e-01   2.994662e-03   6.302169e-05   2.029827e-04   264
  1.725141e-01   2.912520e-03   6.839435e-05   2.232179e-04   384
  1.729046e-01   2.723625e-03   1.151467e-04   1.544545e-04   672
  1.733561e-01   3.508465e-03   6.887260e-05   3.649315e-04   240
  1.736166e-01   2.437969e-03   6.988846e-05   1.524326e-04   264
  1.739843e-01   1.811869e-03   8.619588e-05   1.006680e-04   624
  1.745329e-01   2.312550e-03   0.000000e+00   2.979404e-04   150
  1.747283e-01   3.676717e-03   9.658929e-05   2.351655e-04   600
  1.751402e-01   2.875687e-03   6.666345e-05   1.681132e-04   672
  1.756067e-01   2.678725e-03   6.270167e-05   2.732944e-04   336
  1.758666e-01   3.909846e-03   6.820115e-05   2.996886e-04   408
  1.762818e-01   3.174088e-03   6.804049e-05   2.865935e-04   408
  1.767436e-01   2.820037e-03   3.440492e-05   1.935192e-04   360
  1.770283e-01   3.357457e-03   1.263238e-04   2.555611e-04   456
  1.773722e-01   2.882824e-03   6.869566e-05   2.272141e-04   384
  1.778099e-01   2.273962e-03   6.341480e-05   1.368487e-04   348
  1.780464e-01   3.424535e-03   7.817791e-05   2.225671e-04   576
  1.784907e-01   2.555799e-03   6.436923e-05   1.521097e-04   504
  1.789452e-01   2.743216e-03   9.078907e-05   1.922723e-04   432
  1.793419e-01   2.487609e-03   1.235181e-04   1.278262e-04   576
  1.796248e-01   2.533088e-03   0.000000e+00   2.522188e-04   264
  1.800736e-01   2.685584e-03   9.828954e-05   1.346086e-04   768
  1.804640e-01   1.877823e-03   1.323290e-04   1.333219e-04   240
  1.807743e-01   2.505805e-03   1.167016e-04   3.117266e-04   192
  1.812263e-01   2.259795e-03   8.590664e-05   1.169591e-04   504
  1.815615e-01   3.101955e-03   1.157624e-04   2.675988e-04   590
  1.818830e-01   3.271408e-03   1.297055e-04   2.862822e-04   384
  1.822861e-01   2.803499e-03   1.083956e-04   2.040967e-04   504
  1.827729e-01   3.654443e-03   1.043140e-04   2.378133e-04   648
  1.832449e-01   2.623112e-03   2.833030e-05   2.008966e-04   504
  1.834353e-01   2.654076e-03   6.462673e-05   1.909719e-04   312
  1.837714e-01   3.189738e-03   9.311123e-05   2.048955e-04   576
  1.842327e-01   3.557895e-03   6.479663e-05   3.903705e-04   240
  1.845017e-01   2.372105e-03   6.547387e-05   1.407669e-04   552
  1.848823e-01   3.511780e-03   6.147846e-05   2.712476e-04   600
  1.854246e-01   2.849587e-03   7.509108e-05   1.858576e-04   600
  1.857506e-01   2.637122e-03   1.202524e-04   1.981873e-04   312
  1.860753e-01   3.281246e-03   1.047280e-04   2.184273e-04   480
  1.864809e-01   2.684035e-03   6.534019e-05   2.021026e-04   576
  1.868380e-01   3.734488e-03   1.052119e-04   3.182172e-04   408
  1.871548e-01   1.356776e-03   1.227345e-04   9.123123e-05   216
  1.875642e-01   2.446653e-03   9.400084e-05   1.610654e-04   516
  1.880028e-01   2.757185e-03   8.968636e-05   1.480825e-04   744
  1.884552e-01   2.962763e-03   5.990257e-05   1.983969e-04   462
  1.887109e-01   2.996333e-03   6.088230e-05   2.887946e-04   432
  1.891075e-01   3.525441e-03   5.648168e-05   2.184941e-04   648
  1.895737e-01   3.289475e-03   8.264320e-05   2.742539e-04   528
  1.899483e-01   2.875951e-03   9.952305e-05   1.804920e-04   600
  1.903225e-01   4.971418e-03   1.254725e-04   6.947261e-04   240
  1.906850e-01   2.790872e-03   9.611075e-05   1.853733e-04   720
  1.911062e-01   2.965469e-03   7.604100e-05   1.733054e-04   720
  1.915732e-01   1.224796e-03   0.000000e+00   1.016884e-04   144
  1.918190e-01   3.088648e-03   9.803961e-05   1.791110e-04   720
  1.921686e-01   3.345303e-03   5.878648e-05   2.349629e-04   384
  1.926063e-01   2.551678e-03   6.516793e-05   1.424301e-04   672
  1.930215e-01   3.720193e-03   1.141019e-04   3.515741e-04   336
  1.932199e-01   3.475569e-03   0.000000e+00   3.519561e-04   288
  1.937055e-01   2.466060e-03   9.030399e-05   1.381452e-04   776
  1.941551e-01   2.408720e-03   7.726878e-05   1.225390e-04   720
  1.945327e-01   2.157199e-03   6.224567e-05   1.481431e-04   432
  1.948347e-01   3.303276e-03   8.873905e-05   3.162711e-04   504
  1.951706e-01   2.472953e-03   6.217429e-05   1.722098e-04   528
  1.956407e-01   2.968578e-03   8.470885e-05   2.664463e-04   438
  1.960275e-01   3.370316e-03   9.859335e-05   2.778994e-04   624
  1.963189e-01   3.449329e-03   1.207635e-04   3.266714e-04   312
  1.967196e-01   3.825532e-03   6.506437e-05   2.154771e-04   696
  1.971339e-01   3.135986e-03   5.887146e-05   2.488284e-04   552
  1.975648e-01   2.876052e-03   4.554687e-05   2.157258e-04   516
  1.978313e-01   3.676729e-03   9.097645e-05   2.934343e-04   528
  1.981558e-01   1.632541e-03   5.916447e-05   9.102693e-05   528
  1.986168e-01   3.123868e-03   7.802593e-05   2.063596e-04   864
  1.989297e-01   2.998102e-03   1.068795e-04   2.522128e-04   408
  1.992429e-01   3.979502e-03   1.058911e-04   3.129719e-04   192
  1.996868e-01   2.440046e-03   8.762994e-05   1.584062e-04   720
  2.000615e-01   2.353026e-03   8.079911e-05   1.466122e-04   696
  2.005068e-01   2.688720e-03   8.726379e-05   1.511458e-04   720
  2.009142e-01   2.632121e-03   1.182756e-04   1.841687e-04   432
  2.011518e-01   1.942673e-03   6.962164e-05   1.655317e-04   264
  2.015793e-01   2.555440e-03   9.614441e-05   1.435951e-04   672
  2.019616e-01   2.855684e-03   9.843711e-05   1.810618e-04   600
  2.024154e-01   1.680687e-03   5.763483e-05   1.792706e-04   270
  2.026441e-01   3.048496e-03   8.675648e-05   2.751417e-04   528
  2.030077e-01   3.294754e-03   5.940776e-05   1.872629e-04   840
  2.035062e-01   3.642516e-03   1.135983e-04   2.224789e-04   888
  2.039669e-01   2.505312e-03   8.463909e-05   1.600868e-04   744
  2.043562e-01   3.140397e-03   4.349214e-05   2.232479e-04   456
  2.045498e-01   4.466761e-03   5.943469e-05   3.085687e-04   360
  2.048811e-01   2.603315e-03   5.149682e-05   2.895938e-04   384
  2.053895e-01   2.754966e-03   8.260041e-05   1.480131e-04   816
  2.057710e-01   2.909472e-03   1.198416e-04   1.631157e-04   824
  2.062346e-01   2.571649e-03   5.570811e-05   2.627964e-04   360
  2.064829e-01   3.192108e-03   8.220424e-05   1.817098e-04   624
  2.068246e-01   3.090281e-03   5.554917e-05   2.634209e-04   360
  2.072798e-01   2.588684e-03   7.556319e-05   1.581231e-04   876
  2.076909e-01   2.391131e-03   8.974647e-05   1.562704e-04   696
  2.081055e-01   2.085833e-03   5.795238e-05   1.700717e-04   336
  2.083228e-01   3.289182e-03   5.788726e-05   3.021639e-04   504
  2.086818e-01   2.547193e-03   5.838888e-05   2.047061e-04   672
  2.092144e-01   2.032446e-03   1.162387e-04   1.185696e-04   720
  2.095838e-01   2.844361e-03   8.780591e-05   2.052721e-04   774
  2.099915e-01   4.749255e-03   5.025783e-05   5.147582e-04   384
  2.102050e-01   3.798891e-03   9.671763e-05   3.151885e-04   528
  2.105364e-01   3.094902e-03   9.217729e-05   1.973407e-04   744
  2.110694e-01   3.599731e-03   7.602671e-05   2.276979e-04   768
  2.114233e-01   3.268388e-03   8.534571e-05   3.070598e-04   552
  2.118649e-01   2.515434e-03   9.301717e-05   1.618711e-04   696
  2.121934e-01   3.786422e-03   1.130320e-04   3.270761e-04   408
  2.124541e-01   3.250421e-03   4.883074e-05   2.394957e-04   504
  2.128675e-01   2.615005e-03   8.772259e-05   1.631137e-04   888
  2.132743e-01   2.412326e-03   9.116913e-05   1.924796e-04   648
  2.136971e-01   2.397502e-03   9.038766e-05   1.627353e-04   648
  2.140948e-01   2.529309e-03   9.746006e-05   1.654982e-04   792
  2.145162e-01   2.222112e-03   1.425907e-04   1.539713e-04   600
  2.148267e-01   1.705753e-03   9.663487e-05   1.104251e-04   456
  2.151535e-01   2.600412e-03   4.709572e-05   1.750508e-04   648
  2.155732e-01   2.157602e-03   9.184351e-05   1.189411e-04   936
  2.160264e-01   3.074437e-03   5.640375e-05   2.116569e-04   384
  2.164208e-01   1.439403e-05   4.745948e-09   1.120790e-06   198
  2.167253e-01   1.420936e-05   1.431011e-04   4.420140e-07   1224
  2.170537e-01   1.365767e-05   1.042217e-04   7.111000e-07   420
  2.174420e-01   1.318668e-05   1.008648e-04   5.369731e-07   792
  2.178218e-01   1.377858e-05   8.340657e-05   5.424125e-07   680
  2.182552e-01   1.421511e-05   7.658783e-05   6.571152e-07   600
  2.186039e-01   1.392417e-05   1.110734e-04   4.836473e-07   840
  2.190695e-01   1.680702e-05   5.244369e-05   8.883067e-07   432
  2.192474e-01   1.417944e-05   4.914665e-05   5.722013e-07   720
  2.196343e-01   1.528832e-05   9.843213e-05   5.030042e-07   960
  2.201154e-01   1.602426e-05   8.774504e-05   7.903980e-07   528
  2.204670e-01   1.424137e-05   8.969217e-05   5.752885e-07   624
  2.208855e-01   1.555457e-05   7.049743e-05   5.737621e-07   816
  2.213008e-01   1.311026e-05   1.159345e-04   5.455018e-07   696
  2.217599e-01   1.599654e-05   7.830814e-09   1.022776e-06   240
  2.219325e-01   1.608188e-05   6.836935e-05   6.350084e-07   672
  2.223177e-01   1.414995e-05   1.221858e-04   4.846746e-07   864
  2.227499e-01   1.423229e-05   9.375778e-05   5.221899e-07   816
  2.231394e-01   1.462803e-05   5.366372e-05   6.113859e-07   648
  2.235589e-01   1.487994e-05   5.485410e-05   4.855335e-07   843
  2.239151e-01   1.388513e-05   9.869601e-05   5.664089e-07   780
  2.243395e-01   1.372705e-05   5.295844e-05   9.087423e-07   216
  2.246013e-01   1.388316e-05   1.277035e-04   4.146337e-07   1056
  2.250039e-01   1.816283e-05   1.044758e-04   1.132536e-06   228
  2.253767e-01   1.491901e-05   1.300750e-04   5.142273e-07   924
  2.257594e-01   1.511068e-05   4.825052e-05   5.318413e-07   696
  2.261647e-01   1.379583e-05   8.587211e-05   4.615796e-07   996
  2.265793e-01   1.476009e-05   5.069718e-05   6.304798e-07   576
  2.270107e-01   1.477453e-05   7.824775e-05   6.844739e-07   552
  2.273251e-01   1.573124e-05   9.342507e-05   7.107019e-07   516
  2.276442e-01   1.429135e-05   1.358594e-04   5.038831e-07   744
  2.280088e-01   1.603815e-05   6.664715e-05   7.238061e-07   576
  2.283260e-01   1.363356e-05   6.859680e-05   4.720690e-07   792
  2.287768e-01   1.519099e-05   7.841886e-05   5.430598e-07   792
  2.291071e-01   1.476318e-05   8.457391e-05   5.402779e-07   720
  2.295538e-01   1.368747e-05   9.639481e-05   5.006747e-07   656
  2.299724e-01   1.436725e-05   1.052581e-04   5.020646e-07   816
  2.304015e-01   1.445178e-05   5.675340e-05   6.442414e-07   492
  2.306454e-01   1.511308e-05   8.164378e-05   6.223191e-07   552
  2.311032e-01   1.378684e-05   1.419686e-04   6.198392e-07   780
  2.314005e-01   1.470084e-05   8.720963e-05   6.940666e-07   528
  2.317208e-01   1.461940e-05   1.018002e-04   6.114861e-07   600
  2.321929e-01   1.561947e-05   8.460399e-05   4.890139e-07   900
  2.325183e-01   1.475075e-05   4.683822e-05   5.900524e-07   696
  2.329660e-01   1.463533e-05   1.184322e-04   5.535997e-07   696
  2.333991e-01   1.606487e-05   4.804683e-05   6.844131e-07   552
  2.337633e-01   1.239071e-05   5.587403e-05   4.769260e-07   708
  2.341448e-01   1.529272e-05   9.225121e-05   5.659656e-07   876
  2.345418e-01   1.570458e-05   4.898356e-05   1.224021e-06   216
  2.348082e-01   1.407082e-05   1.339767e-04   4.399173e-07   1032
  2.352071e-01   1.436793e-05   1.491682e-04   5.995525e-07   600
  2.356212e-01   1.422001e-05   7.117755e-05   5.575641e-07   600
  2.359371e-01   1.458081e-05   1.256929e-04   7.141554e-07   528
  2.363105e-01   1.448608e-05   6.899988e-05   5.374853e-07   732
  2.367039e-01   1.305432e-05   5.095015e-05   6.533380e-07   336
  2.371566e-01   1.432499e-05   7.261407e-05   4.756009e-07   912
  2.374950e-01   1.337763e-05   7.288252e-05   5.425183e-07   624
  2.378647e-01   1.457506e-05   6.141657e-05   5.444207e-07   768
  2.382963e-01   1.633841e-05   1.108076e-04   6.075931e-07   792
  2.387198e-01   1.409940e-05   5.493383e-05   6.265349e-07   660
  2.390212e-01   1.364781e-05   8.095383e-05   6.809047e-07   504
  2.393329e-01   1.475929e-05   1.322631e-04   7.371952e-07   480
  2.398000e-01   1.153212e-05   1.223261e-04   3.903047e-07   912
  2.401658e-01   1.633883e-05   1.362291e-04   9.336457e-07   432
  2.405113e-01   1.355899e-05   8.088962e-05   5.976140e-07   564
  2.408180e-01   1.428907e-05   7.742251e-05   6.232470e-07   600
  2.412498e-01   1.497648e-05   1.079196e-04   5.317797e-07   876
  2.415741e-01   1.550626e-05   4.852393e-05   9.095075e-07   264
  2.420212e-01   1.522444e-05   9.415549e-05   6.512410e-07   560
  2.423806e-01   1.349090e-05   6.398069e-05   4.573661e-07   840
  2.428168e-01   1.348555e-05   9.863978e-05   4.746393e-07   1008
  2.432202e-01   1.485929e-05   4.412481e-05   6.938448e-07   456
  2.435886e-01   1.565067e-05   5.715745e-05   6.513295e-07   576
  2.439292e-01   1.484994e-05   8.782853e-05   6.143259e-07   612
  2.443783e-01   1.398549e-05   7.844513e-05   5.433204e-07   780
  2.447447e-01   1.494853e-05   8.989453e-05   5.864040e-07   648
  2.451197e-01   1.664194e-05   4.189201e-05   1.140476e-06   312
  2.453594e-01   1.368238e-05   1.064407e-04   5.962714e-07   528
  2.457747e-01   1.337824e-05   1.390063e-04   5.622460e-07   720
  2.461718e-01   1.383058e-05   1.394416e-04   7.076290e-07   576
  2.466533e-01   1.381395e-05   1.202863e-04   6.371322e-07   444
  2.469529e-01   1.474839e-05   1.179621e-04   4.886371e-07   996
  2.473200e-01   1.327132e-05   9.853387e-05   7.214035e-07   432
  2.476669e-01   1.474050e-05   1.078752e-04   7.025302e-07   504
  2.479666e-01   1.418852e-05   4.863583e-05   6.874069e-07   504
  2.483934e-01   1.583479e-05   9.571589e-05   6.303065e-07   876
  2.487796e-01   1.385204e-05   1.101599e-04   6.617743e-07   504
  2.491817e-01   1.276937e-05   7.025420e-05   5.528616e-07   696
  2.495140e-01   1.610821e-05   6.005997e-05   7.661536e-07   492
  2.499662e-01   1.294618e-05   8.597875e-05   6.549431e-07   432
  2.503011e-01   1.470911e-05   8.050968e-05   5.497554e-07   768
  2.506981e-01   1.308078e-05   1.002856e-04   6.164054e-07   648
  2.510772e-01   1.207265e-05   6.542561e-05   5.815175e-07   456
  2.515128e-01   1.258483e-05   8.997083e-05   5.752713e-07   552
  2.518153e-01   1.323265e-05   6.166608e-05   6.664417e-07   648
  2.522317e-01   1.304427e-05   1.005122e-04   4.604718e-07   840
  2.526384e-01   1.516875e-05   4.793217e-05   7.837376e-07   432
  2.530455e-01   1.266964e-05   5.870872e-05   5.948346e-07   600
  2.533287e-01   1.472262e-05   6.255029e-05   8.417341e-07   432
  2.538044e-01   1.369295e-05   6.227491e-05   6.259246e-07   560
  2.541265e-01   1.287019e-05   9.857465e-05   5.193299e-07   840
  2.545299e-01   1.473144e-05   5.838720e-05   7.286343e-07   504
  2.548502e-01   1.249907e-05   1.191648e-04   5.383548e-07   696
  2.553018e-01   1.466961e-05   6.508356e-05   8.133172e-07   384
  2.556535e-01   1.193073e-05   9.533975e-05   5.476031e-07   576
  2.560789e-01   1.251148e-05   5.883893e-05   8.076897e-07   360
  2.564218e-01   1.257365e-05   8.762544e-05   5.583725e-07   828
  2.567917e-01   1.273633e-05   7.804673e-05   6.715692e-07   372
  2.571307e-01   1.288173e-05   1.191923e-04   5.572897e-07   576
  2.575797e-01   1.342352e-05   4.991761e-05   5.765983e-07   636
  2.578996e-01   1.273670e-05   9.622826e-05   5.605362e-07   648
  2.583323e-01   1.329079e-05   7.822306e-05   6.398890e-07   576
  2.586430e-01   1.263976e-05   1.261820e-04   6.156993e-07   528
  2.590561e-01   1.240718e-05   5.394804e-05   7.399141e-07   360
  2.593981e-01   1.163561e-05   1.241007e-04   4.682610e-07   672
  2.598446e-01   1.281940e-05   6.356642e-05   5.411814e-07   804
  2.602163e-01   1.337083e-05   7.012137e-05   7.024683e-07   408
  2.606274e-01   1.205720e-05   4.334263e-05   5.949352e-07   384
  2.609042e-01   1.053007e-05   9.918459e-05   5.873277e-07   480
  2.612947e-01   1.174579e-05   6.408778e-05   5.983482e-07   432
  2.616692e-01   1.446552e-05   1.181001e-04   6.280302e-07   648
  2.621125e-01   1.289429e-05   7.328056e-05   6.098311e-07   624
  2.624367e-01   1.294816e-05   6.665485e-05   7.547964e-07   456
  2.628795e-01   1.158213e-05   9.105646e-05   6.754266e-07   588
  2.631762e-01   1.114001e-05   5.809364e-05   5.135982e-07   600
  2.636094e-01   1.140358e-05   9.061183e-05   4.302160e-07   708
  2.639516e-01   1.061135e-05   5.708370e-05   5.519585e-07   360
  2.643298e-01   1.284506e-05   6.561923e-05   6.478475e-07   552
  2.646923e-01   1.166295e-05   4.603344e-05   9.223171e-07   288
  2.650603e-01   1.057626e-05   8.655546e-05   5.129889e-07   528
  2.654060e-01   1.145829e-05   5.839431e-05   5.469155e-07   456
  2.657924e-01   1.212864e-05   1.035458e-04   5.732089e-07   608
  2.661809e-01   1.047653e-05   5.009661e-05   4.724258e-07   504
  2.666055e-01   9.108829e-06   1.075546e-04   4.582233e-07   540
  2.669384e-01   1.362647e-05   1.154568e-04   8.549756e-07   360
  2.672972e-01   1.370450e-05   5.228475e-05   6.391720e-07   540
  2.676146e-01   1.148409e-05   4.489266e-05   5.600219e-07   576
  2.680762e-01   1.152067e-05   1.040909e-04   5.163156e-07   588
  2.685150e-01   1.180670e-05   1.436140e-04   5.674920e-07   672
  2.688920e-01   1.337948e-05   1.097654e-04   6.298425e-07   552
  2.691959e-01   8.859494e-06   1.098209e-04   7.134406e-07   144
  2.695837e-01   1.223706e-05   9.330411e-05   5.691765e-07   600
  2.699514e-01   9.866450e-06   1.169304e-04   4.990047e-07   504
  2.703595e-01   1.085929e-05   1.201111e-04   7.632714e-07   336
  2.707887e-01   1.111820e-05   1.350054e-04   4.828275e-07   600
  2.711731e-01   1.047439e-05   8.712810e-05   5.091533e-07   636
  2.715880e-01   1.180380e-05   7.005178e-05   9.100440e-07   384
  2.718789e-01   1.177007e-05   9.771396e-05   7.128118e-07   504
  2.722982e-01   1.025954e-05   4.100918e-05   7.000351e-07   240
  2.726291e-01   1.117501e-05   9.633639e-05   4.332582e-07   744
  2.730261e-01   1.027918e-05   6.578310e-05   4.733944e-07   648
  2.733790e-01   1.679077e-05   4.366878e-05   1.427552e-06   120
  2.737925e-01   9.366552e-06   6.859799e-05   3.889058e-07   564
  2.741050e-01   1.272680e-05   1.077373e-04   6.906335e-07   432
  2.745220e-01   9.572292e-06   8.362543e-05   5.929745e-07   480
  2.748361e-01   8.177035e-06   6.155045e-05   4.603709e-07   456
  2.752067e-01   1.061456e-05   1.018569e-04   6.053984e-07   444
  2.756274e-01   9.875172e-06   1.558464e-04   5.545962e-07   528
  2.759969e-01   1.150514e-05   1.157439e-04   9.635267e-07   264
  2.763555e-01   9.857774e-06   1.186203e-04   5.328141e-07   444
  2.768379e-01   1.065657e-05   1.299311e-04   4.515950e-07   696
  2.772383e-01   1.129998e-05   6.949148e-05   7.276485e-07   384
  2.775311e-01   9.965127e-06   8.780831e-05   5.205673e-07   432
  2.779866e-01   1.272156e-05   6.067143e-05   7.099249e-07   488
  2.782823e-01   1.153280e-05   9.143939e-05   5.678301e-07   480
  2.787111e-01   9.812770e-06   1.019738e-04   5.980030e-07   480
  2.790432e-01   9.139554e-06   4.278510e-05   5.819780e-07   240
  2.794202e-01   1.054329e-05   9.994261e-05   5.257403e-07   600
  2.797758e-01   8.634252e-06   8.708975e-05   5.660587e-07   288
  2.801544e-01   1.013022e-05   8.377397e-05   5.771737e-07   480
  2.805379e-01   8.602852e-06   1.490189e-04   4.954577e-07   504
  2.809155e-01   1.143551e-05   6.393839e-05   7.822804e-07   216
  2.813970e-01   1.011107e-05   1.046773e-04   5.901861e-07   504
  2.817720e-01   8.522569e-06   8.419242e-05   4.806904e-07   456
  2.821825e-01   1.308798e-05   4.828579e-05   7.823228e-07   384
  2.824544e-01   1.285109e-05   9.800271e-05   7.657385e-07   480
  2.828408e-01   8.373346e-06   8.605736e-05   5.054841e-07   504
  2.831988e-01   1.013840e-05   5.458940e-05   6.094273e-07   312
  2.835845e-01   1.016227e-05   8.796897e-05   6.085210e-07   492
  2.839260e-01   1.155560e-05   8.245044e-05   7.342215e-07   312
  2.843655e-01   9.182995e-06   1.339342e-04   4.174767e-07   576
  2.847524e-01   1.131174e-05   1.236321e-04   8.710339e-07   336
  2.850738e-01   6.915782e-06   9.519099e-05   5.279435e-07   240
  2.855192e-01   9.968568e-06   1.261991e-04   5.765308e-07   468
  2.859039e-01   9.561444e-06   7.901891e-05   8.657264e-07   192
  2.863065e-01   7.898461e-06   7.925442e-05   5.739208e-07   324
  2.866016e-01   9.408697e-06   5.752155e-05   4.790117e-07   600
  2.870037e-01   9.280958e-06   9.332283e-05   5.185514e-07   456
  2.873023e-01   9.949147e-06   4.197661e-05   7.065391e-07   336
  2.877972e-01   1.024695e-05   1.256898e-04   5.729800e-07   612
  2.881573e-01   7.350581e-06   1.054844e-04   1.135748e-06   144
  2.884978e-01   1.045014e-05   1.231274e-04   5.553757e-07   552
  2.889609e-01   6.162402e-06   4.848907e-05   3.754851e-07   264
  2.892225e-01   8.445311e-06   1.122646e-04   6.640460e-07   336
  2.896353e-01   7.743391e-06   7.418058e-05   4.338446e-07   384
  2.899932e-01   8.294011e-06   4.175634e-05   6.953693e-07   216
  2.903894e-01   6.823439e-06   8.853205e-05   4.578001e-07   344
  2.907507e-01   6.907220e-06   1.320940e-04   4.274782e-07   408
  2.911910e-01   8.172368e-06   1.015056e-04   7.374643e-07   264
  2.915811e-01   8.265525e-06   1.415038e-04   4.651681e-07   612
  2.919709e-01   1.102462e-05   7.282870e-05   7.206051e-07   408
  2.923718e-01   7.940296e-06   7.293338e-05   6.034687e-07   444
  2.926663e-01   1.442771e-05   4.079109e-05   1.219667e-06   120
  2.930609e-01   9.352210e-06   1.126983e-04   7.355185e-07   336
  2.933538e-01   7.718606e-06   3.916222e-05   5.623084e-07   288
  2.937496e-01   8.230695e-06   1.218735e-04   4.430241e-07   552
  2.942938e-01   1.040784e-05   6.525678e-09   1.429723e-06   72
  2.945736e-01   8.157877e-06   1.210514e-04   4.765833e-07   504
  2.949004e-01   4.641784e-06   3.895317e-05   3.809271e-07   216
  2.953239e-01   6.605438e-06   6.954821e-05   4.900272e-07   312
  2.957040e-01   5.751187e-06   7.919158e-05   4.108655e-07   336
  2.960663e-01   5.680680e-06   1.097684e-04   4.687028e-07   204
  2.964271e-01   1.150550e-05   1.275676e-04   8.353737e-07   504
  2.968098e-01   1.012795e-05   1.214810e-04   6.423978e-07   396
  2.971778e-01   7.639643e-06   1.114044e-04   6.138054e-07   312
  2.976240e-01   1.141113e-05   6.808000e-05   1.080653e-06   216
  2.979383e-01   7.732794e-06   3.694832e-05   8.192467e-07   168
  2.983203e-01   7.729499e-06   9.329657e-05   4.463415e-07   588
  2.987563e-01   5.733487e-06   1.266392e-04   5.700177e-07   240
  2.990950e-01   5.629429e-06   1.118436e-04   4.833384e-07   264
  2.994922e-01   6.970623e-06   1.383176e-04   5.688827e-07   288
  2.998446e-01   7.627513e-06   6.907007e-05   6.582714e-07   288
  3.002913e-01   5.678480e-06   6.486779e-05   4.365711e-07   288
  3.005921e-01   6.472389e-06   7.514392e-05   5.547746e-07   192
  3.009705e-01   4.551381e-06   7.996067e-05   3.765786e-07   264
  3.013310e-01   1.116034e-05   1.315242e-04   7.652489e-07   372
  3.017189e-01   1.183306e-05   1.420518e-04   1.009110e-06   360
  3.021924e-01   1.046486e-05   6.011768e-05   1.408716e-06   144
  3.024371e-01   6.119530e-06   8.350082e-05   5.747326e-07   296
  3.028234e-01   6.726715e-06   8.996782e-05   6.139577e-07   288
  3.032657e-01   7.449888e-06   1.344546e-04   4.933978e-07   480
  3.036471e-01   6.037245e-06   1.117190e-04   9.297773e-07   192
  3.040181e-01   8.500687e-06   1.198338e-04   7.865205e-07   192
  3.043553e-01   6.074260e-06   7.637151e-05   5.383986e-07   288
  3.048242e-01   3.207487e-06   6.648036e-05   3.841442e-07   108
  3.050604e-01   6.177645e-06   6.391272e-05   5.792935e-07   240
  3.054775e-01   4.974572e-06   1.192307e-04   4.578651e-07   384
  3.059059e-01   7.094227e-06   1.454479e-04   7.717711e-07   108
  3.062848e-01   8.770424e-06   8.527881e-05   6.006823e-07   348
  3.066832e-01   5.774660e-06   8.900031e-05   6.573913e-07   312
  3.070391e-01   5.859137e-06   8.648246e-05   1.228593e-06   96
  3.073663e-01   6.156952e-06   1.151358e-04   4.683033e-07   384
  3.077328e-01   6.888503e-06   7.919012e-05   6.374708e-07   144
  3.080912e-01   6.794685e-06   1.216791e-04   5.086484e-07   408
  3.085368e-01   3.437521e-06   5.427748e-05   5.109890e-07   144
  3.089578e-01   6.171824e-06   1.043490e-04   6.983333e-07   192
  3.092074e-01   7.938532e-06   1.174468e-04   7.873558e-07   144
  3.096144e-01   4.327077e-06   9.548855e-05   4.618709e-07   144
  3.099983e-01   6.571142e-06   1.167025e-04   5.998866e-07   336
  3.104685e-01   3.497357e-06   8.634502e-05   2.726356e-07   240
  3.107666e-01   4.375737e-06   3.920851e-05   5.927911e-07   96
  3.111825e-01   7.403524e-06   1.149797e-04   6.699452e-07   372
  3.116031e-01   5.281688e-06   1.367659e-04   7.974775e-07   132
  3.119726e-01   3.877620e-06   8.462908e-05   2.956942e-07   264
  3.123032e-01   8.626864e-06   6.499128e-05   1.008376e-06   168
  3.126560e-01   6.518685e-06   1.039086e-04   5.463603e-07   216
  3.129676e-01   4.831312e-06   6.357256e-05   5.859769e-07   216
  3.134215e-01   2.312641e-06   1.166292e-04   2.321707e-07   96
  3.138333e-01   7.471675e-06   7.608990e-05   1.066789e-06   120
  3.142110e-01   4.585589e-06   9.673168e-05   4.952596e-07   216
  3.145221e-01   3.810278e-06   4.227207e-05   3.901349e-07   200
  3.149340e-01   5.363682e-06   1.094242e-04   6.743843e-07   288
  3.154623e-01   1.740898e-06   2.879164e-05   1.381867e-07   144
  3.156848e-01   5.807355e-06   8.959781e-05   9.193097e-07   168
  3.161391e-01   5.840475e-06   1.008340e-04   9.895967e-07   159
  3.164937e-01   3.499550e-06   1.057991e-04   3.045074e-07   174
  3.168369e-01   3.313595e-06   9.593494e-05   3.150051e-07   144
  3.172863e-01   5.652867e-06   5.539549e-05   5.363083e-07   222
  3.175869e-01   3.584287e-06   5.589895e-05   3.916868e-07   168
  3.181060e-01   6.203579e-06   1.226079e-04   1.406409e-06   30
  3.183205e-01   1.405788e-06   1.082537e-04   1.860259e-07   72
  3.187244e-01   3.504634e-06   9.661517e-05   3.945111e-07   258
  3.191684e-01   3.090382e-06   6.051257e-05   2.808599e-07   264
  3.193905e-01   4.150655e-06   0.000000e+00   6.780045e-07   72
  3.198532e-01   1.992664e-06   1.199385e-04   2.094527e-07   174
  3.202721e-01   4.028299e-06   1.277123e-04   5.528420e-07   168
  3.206090e-01   1.055371e-06   3.996146e-09   1.477395e-07   48
  3.209705e-01   2.328157e-06   7.212215e-05   2.819769e-07   150
  3.213898e-01   4.967292e-06   1.326739e-04   4.408325e-07   168
  3.218102e-01   2.384803e-06   8.081877e-05   2.540400e-07   144
  3.221967e-01   4.649567e-06   7.550312e-05   7.884018e-07   102
  3.224847e-01   1.184964e-06   1.117576e-04   1.075034e-07   96
  3.229415e-01   8.914029e-07   1.109119e-04   7.318724e-08   120
  3.232799e-01   9.159748e-07   1.189559e-04   7.296206e-08   168
  3.236458e-01   4.692515e-06   8.783953e-05   4.273418e-07   126
  3.239576e-01   2.834370e-06   6.624856e-05   4.085676e-07   168
  3.243872e-01   1.638078e-06   1.062297e-04   2.238907e-07   72
  3.247626e-01   1.418509e-06   1.330232e-04   1.236575e-07   168
  3.250914e-01   4.152443e-06   3.646820e-05   9.350145e-07   78
  3.255420e-01   1.347565e-06   5.987806e-05   1.845506e-07   60
  3.259049e-01   4.937302e-06   9.713191e-05   9.180219e-07   96
  3.262812e-01   1.835974e-06   1.178615e-04   1.518424e-07   168
  3.266349e-01   1.529293e-06   7.457817e-05   2.774522e-07   86
  3.270060e-01   1.089745e-06   6.665520e-05   1.343305e-07   120
  3.275378e-01   1.196302e-06   4.753401e-05   1.156015e-07   168
  3.278247e-01   6.482688e-07   0.000000e+00   7.334934e-08   48
  3.282110e-01   2.960684e-06   8.660181e-05   3.212000e-07   120
  3.284330e-01   1.938174e-06   6.317951e-05   2.882004e-07   126
  3.289749e-01   1.625978e-06   1.111151e-04   2.079107e-07   96
  3.293266e-01   1.593414e-06   3.204012e-05   1.547839e-07   96
  3.296039e-01   1.093785e-06   0.000000e+00   1.207997e-07   72
  3.301949e-01   1.235007e-06   3.996146e-09   2.289742e-07   24
  3.305637e-01   1.792802e-06   6.593782e-05   1.890199e-07   120
  3.308514e-01   1.630669e-06   9.618300e-05   2.302642e-07   126
  3.311713e-01   1.073484e-06   8.018157e-05   1.268678e-07   96
  3.315452e-01   6.175198e-07   1.385771e-04   6.862999e-08   72
  3.319614e-01   1.023801e-06   5.993927e-05   8.852183e-08   144
  3.323038e-01   9.056220e-07   3.457157e-05   1.260729e-07   72
  3.326459e-01   1.657832e-06   6.905176e-05   3.658162e-07   54
  3.329469e-01   1.720546e-06   6.085106e-05   2.018808e-07   108
  3.335726e-01   1.894419e-06   5.964977e-05   2.040155e-07   72
  3.337673e-01   1.183750e-06   3.441997e-05   1.242217e-07   72
  3.342294e-01   6.590642e-07   6.921527e-09   1.101351e-07   24
  3.346666e-01   3.857265e-07   7.281693e-05   7.095268e-08   48
  3.349321e-01   1.398429e-06   5.546771e-05   1.976400e-07   102
  3.353317e-01   8.670197e-07   1.254449e-04   8.479427e-08   168
  3.358538e-01   6.454592e-07   6.841470e-05   8.408326e-08   72
  3.360473e-01   7.699798e-07   0.000000e+00   1.071477e-07   48
  3.364531e-01   1.021376e-06   1.176775e-04   1.170735e-07   120
  3.369887e-01   8.781738e-07   7.231517e-05   8.672229e-08   96
  3.374945e-01   2.814222e-06   7.830814e-09   9.858985e-07   30
  3.380957e-01   1.309980e-06   3.397687e-05   1.898694e-07   72
  3.383599e-01   6.848797e-07   3.996146e-09   1.358162e-07   24
  3.386992e-01   3.993960e-07   5.036212e-05   6.044675e-08   56
  3.390793e-01   4.176177e-07   7.186930e-05   4.018783e-08   96
  3.395342e-01   7.532886e-07   7.936128e-05   7.082693e-08   144
  3.398849e-01   1.222119e-06   4.505822e-05   2.891925e-07   54
  3.403944e-01   7.113480e-07   6.750198e-05   7.647453e-08   108
  3.409071e-01   1.888417e-06   3.574199e-05   3.367798e-07   48
  3.413952e-01   6.925136e-07   1.345800e-04   7.667683e-08   72
  3.425664e-01   1.470085e-06   8.891744e-05   1.664765e-07   78
  3.428909e-01   3.798970e-07   6.701044e-05   3.809755e-08   72
  3.432698e-01   4.492886e-07   6.692725e-05   5.321791e-08   72
  3.436659e-01   7.217365e-07   1.615028e-04   6.213214e-08   96
  3.439790e-01   5.230111e-07   6.678928e-05   4.125652e-08   72
  3.443566e-01   8.098864e-07   0.000000e+00   1.433744e-07   24
  3.447338e-01   6.583849e-07   1.332770e-04   6.720233e-08   72
  3.455858e-01   7.932858e-07   8.463498e-05   1.200670e-07   30
  3.457691e-01   1.089645e-06   0.000000e+00   2.324955e-07   24
  3.467544e-01   3.490206e-07   7.027855e-05   5.066551e-08   48
  3.470634e-01   4.745224e-07   1.512394e-04   5.214967e-08   120
  3.474798e-01   4.280671e-07   6.612537e-05   4.588223e-08   72
  3.479003e-01   4.981590e-07   6.604543e-05   7.934622e-08   36
  3.481894e-01   5.118572e-07   1.305365e-04   6.369425e-08   78
  3.489960e-01   6.232437e-07   6.982714e-05   6.441347e-08   48
  3.500419e-01   9.774635e-07   5.651403e-09   1.357936e-07   24
  3.507870e-01   1.939463e-07   4.862619e-05   2.568694e-08   56
  3.511622e-01   2.597334e-07   7.482652e-05   2.547540e-08   102
  3.516395e-01   3.940601e-07   5.328194e-09   4.746935e-08   72
  3.519166e-01   4.409164e-07   0.000000e+00   6.724090e-08   24
  3.524009e-01   3.522547e-07   6.915246e-05   5.383257e-08   48
  3.532988e-01   6.007569e-07   0.000000e+00   1.128889e-07   24
  3.544007e-01   2.646797e-07   0.000000e+00   8.386145e-08   6
  3.547443e-01   1.526150e-07   0.000000e+00   2.555585e-08   24
  3.549732e-01   2.279626e-07   6.472929e-05   2.851668e-08   72
  3.553914e-01   2.959576e-07   1.207586e-04   2.911188e-08   84
  3.558418e-01   2.132072e-07   0.000000e+00   4.482565e-08   24
  3.559787e-01   3.491471e-07   5.651403e-09   4.617779e-08   24
  3.566626e-01   3.556905e-07   3.996146e-09   5.897146e-08   24
  3.576179e-01   3.474558e-07   0.000000e+00   1.271777e-07   6
  3.588424e-01   1.938539e-07   6.791113e-05   2.703704e-08   48
  3.591365e-01   2.186089e-07   1.279335e-04   2.208700e-08   72
  3.595209e-01   2.528927e-07   6.778297e-05   3.010842e-08   48
  3.601304e-01   3.653173e-07   0.000000e+00   1.101328e-07   24
  3.609415e-01   4.121649e-07   3.996146e-09   8.861424e-08   6
  3.627599e-01   2.351076e-07   0.000000e+00   7.718972e-08   8
  3.628942e-01   2.221034e-07   3.996146e-09   3.490260e-08   48
  3.632164e-01   2.343354e-07   6.573533e-05   2.758584e-08   60
  3.636991e-01   3.994014e-07   0.000000e+00   6.008510e-08   24
  3.643686e-01   1.154192e-07   0.000000e+00   4.417505e-08   6
  3.668348e-01   1.979205e-07   0.000000e+00   4.176614e-08   24
  3.670341e-01   2.028766e-07   6.639546e-05   2.743275e-08   48
  3.673659e-01   1.368356e-07   0.000000e+00   2.988237e-08   24
  3.678962e-01   1.022351e-07   3.996146e-09   1.140052e-08   6
  3.709088e-01   1.782691e-07   6.194064e-05   3.215462e-08   36
  3.711278e-01   2.004497e-07   0.000000e+00   5.301428e-08   24
  3.715215e-01   2.097308e-07   0.000000e+00   5.672356e-08   6
  3.749494e-01   2.135657e-07   5.629118e-05   3.370072e-08   32
  3.752417e-01   1.974327e-07   3.996146e-09   6.416559e-08   6
  3.789254e-01   2.849394e-07   0.000000e+00   8.466581e-08   12
  3.790540e-01   2.575321e-07   0.000000e+00   1.963473e-08   6
  3.829556e-01   1.407182e-07   5.651403e-09   3.437176e-08   6
