# power spectrum of chi
# redshift z=1.000000
# k              Pk             sigma(k)       sigma(Pk)      count
  6.981317e-03   1.011519e-19   0.000000e+00   6.090619e-21   6
  9.873073e-03   6.806625e-19   0.000000e+00   1.397602e-19   12
  1.209200e-02   3.972113e-19   1.324548e-10   1.553151e-19   8
  1.396263e-02   2.938679e-20   0.000000e+00   4.329576e-21   6
  1.561070e-02   2.743497e-19   0.000000e+00   4.587884e-20   24
  1.710066e-02   2.550126e-19   2.497591e-10   4.087452e-20   24
  1.974615e-02   4.087665e-19   0.000000e+00   1.434251e-19   12
  2.094395e-02   3.321397e-19   2.825702e-10   4.458852e-20   30
  2.207686e-02   2.198389e-19   0.000000e+00   3.186890e-20   24
  2.315441e-02   2.383943e-19   4.325955e-10   4.887296e-20   24
  2.418399e-02   1.553273e-19   2.649095e-10   5.600027e-20   8
  2.517150e-02   1.705339e-19   3.532127e-10   3.476829e-20   24
  2.612170e-02   1.990592e-19   0.000000e+00   3.256596e-20   48
  2.792527e-02   6.764394e-20   0.000000e+00   1.731127e-20   6
  2.878471e-02   1.289503e-19   4.995182e-10   1.863208e-20   48
  2.961922e-02   1.455415e-19   0.000000e+00   2.742081e-20   36
  3.043086e-02   1.257582e-19   3.532127e-10   2.143130e-20   24
  3.122140e-02   1.704157e-19   0.000000e+00   3.215120e-20   24
  3.199241e-02   1.326624e-19   0.000000e+00   1.661152e-20   48
  3.274528e-02   1.831087e-19   4.995182e-10   2.099021e-20   24
  3.420133e-02   9.197293e-20   4.995182e-10   1.223815e-20   24
  3.490659e-02   8.710400e-20   0.000000e+00   1.305916e-20   30
  3.559787e-02   1.269067e-19   0.000000e+00   1.432751e-20   72
  3.627599e-02   8.266886e-20   5.298191e-10   1.315088e-20   32
  3.759554e-02   9.215275e-20   0.000000e+00   9.442766e-21   72
  3.823825e-02   6.698088e-20   0.000000e+00   1.045354e-20   48
  3.949229e-02   1.049624e-19   0.000000e+00   3.751134e-20   12
  4.010461e-02   7.858253e-20   0.000000e+00   1.126669e-20   48
  4.070772e-02   8.706202e-20   0.000000e+00   1.131918e-20   48
  4.130203e-02   9.413908e-20   4.995182e-10   1.476910e-20   48
  4.188790e-02   1.078673e-19   5.651403e-10   2.303017e-20   30
  4.246569e-02   7.753932e-20   4.995182e-10   1.040398e-20   24
  4.303573e-02   7.914105e-20   1.053077e-09   8.590510e-21   72
  4.415373e-02   8.070762e-20   0.000000e+00   2.434853e-20   24
  4.470224e-02   5.342882e-20   0.000000e+00   6.397228e-21   96
  4.524411e-02   5.942378e-20   0.000000e+00   9.334292e-21   48
  4.577956e-02   4.203215e-20   8.651909e-10   5.370095e-21   24
  4.630882e-02   8.784008e-20   8.651909e-10   1.499248e-20   24
  4.683210e-02   5.769832e-20   0.000000e+00   5.386737e-21   72
  4.734960e-02   3.632241e-20   0.000000e+00   4.924770e-21   48
  4.836798e-02   6.079536e-20   5.298191e-10   1.184164e-20   8
  4.886922e-02   5.576284e-20   6.279337e-10   5.933574e-21   54
  4.936537e-02   5.854575e-20   0.000000e+00   5.216395e-21   84
  4.985658e-02   3.677977e-20   0.000000e+00   4.318721e-21   48
  5.034299e-02   4.240431e-20   7.064254e-10   5.324663e-21   24
  5.082475e-02   5.336881e-20   6.660243e-10   6.902251e-21   72
  5.130199e-02   3.393022e-20   0.000000e+00   3.434428e-21   96
  5.224339e-02   4.520120e-20   0.000000e+00   6.015836e-21   48
  5.270779e-02   2.709003e-20   0.000000e+00   4.013932e-21   48
  5.316813e-02   3.810227e-20   7.064254e-10   6.854762e-21   24
  5.362451e-02   3.872995e-20   0.000000e+00   3.829446e-21   72
  5.452583e-02   3.538902e-20   6.660243e-10   5.543589e-21   72
  5.497095e-02   2.853113e-20   0.000000e+00   3.273737e-21   96
  5.585054e-02   2.959818e-20   0.000000e+00   6.754943e-21   6
  5.628518e-02   3.128357e-20   0.000000e+00   3.747952e-21   96
  5.671649e-02   2.931349e-20   7.064254e-10   3.451654e-21   96
  5.714454e-02   3.890678e-20   0.000000e+00   1.093256e-20   24
  5.756941e-02   3.060986e-20   9.990364e-10   3.513283e-21   48
  5.799117e-02   2.363296e-20   0.000000e+00   2.152606e-21   96
  5.840989e-02   3.472480e-20   0.000000e+00   5.546276e-21   48
  5.923844e-02   2.313023e-20   0.000000e+00   5.610900e-21   36
  5.964840e-02   1.759112e-20   1.223565e-09   2.506105e-21   48
  6.005556e-02   1.899904e-20   1.384305e-09   1.305793e-21   120
  6.045998e-02   2.371614e-20   0.000000e+00   5.000202e-21   56
  6.086171e-02   2.278644e-20   7.064254e-10   5.978352e-21   24
  6.126081e-02   2.636546e-20   0.000000e+00   2.384210e-21   96
  6.165732e-02   2.434814e-20   0.000000e+00   3.959649e-21   48
  6.244280e-02   1.313717e-20   0.000000e+00   2.218222e-21   24
  6.283185e-02   2.133120e-20   0.000000e+00   2.112118e-21   102
  6.321851e-02   2.375235e-20   0.000000e+00   2.812567e-21   48
  6.360282e-02   2.334233e-20   0.000000e+00   2.870077e-21   72
  6.398483e-02   1.911372e-20   0.000000e+00   3.546595e-21   48
  6.436456e-02   2.479490e-20   0.000000e+00   2.912620e-21   48
  6.474207e-02   2.314596e-20   1.598458e-09   1.912870e-21   120
  6.549056e-02   2.797887e-20   9.990364e-10   5.265317e-21   24
  6.586161e-02   1.462857e-20   9.419006e-10   1.176117e-21   144
  6.623059e-02   1.231601e-20   1.130281e-09   1.040382e-21   120
  6.659752e-02   1.492529e-20   9.990364e-10   1.689117e-21   48
  6.732538e-02   1.430082e-20   9.990364e-10   1.343001e-21   48
  6.768638e-02   1.928490e-20   9.990364e-10   1.541786e-21   96
  6.863955e-02   1.916222e-20   1.675093e-04   1.859111e-21   72
  6.911151e-02   1.553613e-20   1.255867e-09   1.531940e-21   108
  6.946323e-02   1.250874e-20   0.000000e+00   1.177929e-21   72
  6.981317e-02   1.434794e-20   0.000000e+00   2.368102e-21   30
  7.016137e-02   1.197056e-20   0.000000e+00   9.525824e-22   168
  7.050785e-02   1.823748e-20   0.000000e+00   2.364619e-21   48
  7.119574e-02   1.313016e-20   0.000000e+00   1.290752e-21   72
  7.153721e-02   1.313682e-20   0.000000e+00   1.313504e-21   96
  7.187706e-02   1.278220e-20   1.883801e-09   1.479325e-21   72
  7.221530e-02   1.372667e-20   0.000000e+00   1.350208e-21   72
  7.278398e-02   1.355574e-20   1.546684e-04   1.288339e-21   104
  7.322067e-02   1.067152e-20   1.332049e-09   8.276298e-22   144
  7.421242e-02   9.879695e-21   2.233913e-09   1.007872e-21   96
  7.454007e-02   7.403713e-21   0.000000e+00   6.436829e-22   96
  7.506116e-02   1.214280e-20   1.591194e-04   9.103286e-22   120
  7.551449e-02   8.476278e-21   0.000000e+00   6.363677e-22   120
  7.583651e-02   8.047040e-21   0.000000e+00   8.913272e-22   72
  7.647650e-02   8.352090e-21   0.000000e+00   1.302502e-21   48
  7.679449e-02   1.045473e-20   1.505926e-09   1.009969e-21   78
  7.720128e-02   8.717003e-21   1.424762e-04   6.657109e-22   168
  7.805350e-02   8.850772e-21   1.332049e-09   8.121709e-22   144
  7.836509e-02   9.366783e-21   1.332049e-09   1.024581e-21   144
  7.926883e-02   9.261121e-21   8.205478e-05   6.699960e-22   156
  7.959926e-02   7.962971e-21   1.730382e-09   1.136783e-21   48
  7.990483e-02   8.219931e-21   1.130281e-09   8.073797e-22   120
  8.020923e-02   7.627622e-21   0.000000e+00   2.154940e-21   48
  8.074745e-02   7.913769e-21   1.255998e-04   4.786080e-22   216
  8.141545e-02   6.298303e-21   0.000000e+00   9.268934e-22   48
  8.171422e-02   8.374439e-21   9.990364e-10   7.512364e-22   96
  8.213902e-02   7.005787e-21   1.467830e-04   4.871046e-22   168
  8.260406e-02   7.293041e-21   9.990364e-10   6.237323e-22   48
  8.289855e-02   5.674274e-21   0.000000e+00   4.574351e-22   96
  8.319199e-02   7.681866e-21   0.000000e+00   1.467234e-21   48
  8.377580e-02   6.584408e-21   1.130281e-09   1.017240e-21   30
  8.406619e-02   6.215147e-21   9.990364e-10   6.337630e-22   96
  8.441325e-02   6.178828e-21   1.153584e-04   3.417213e-22   240
  8.485953e-02   6.730213e-21   1.244551e-04   9.965295e-22   32
  8.521783e-02   5.173529e-21   0.000000e+00   4.695901e-22   168
  8.550332e-02   6.788158e-21   0.000000e+00   5.427748e-22   120
  8.607146e-02   4.618036e-21   2.106154e-09   3.394221e-22   72
  8.635412e-02   5.068363e-21   1.332049e-09   4.609314e-22   144
  8.663587e-02   4.181669e-21   0.000000e+00   4.176969e-22   96
  8.691670e-02   4.337907e-21   0.000000e+00   4.523136e-22   96
  8.747565e-02   4.850883e-21   1.631420e-09   5.183670e-22   72
  8.775379e-02   4.227485e-21   1.412851e-09   4.117166e-22   96
  8.830745e-02   7.801443e-21   0.000000e+00   1.162761e-21   24
  8.858298e-02   5.011383e-21   0.000000e+00   3.724352e-22   192
  8.890745e-02   4.715195e-21   1.056148e-04   3.700516e-22   132
  8.940448e-02   5.307781e-21   0.000000e+00   8.245651e-22   96
  8.967664e-02   5.568056e-21   0.000000e+00   4.961595e-22   96
  8.994798e-02   5.416319e-21   1.130281e-09   4.039156e-22   120
  9.048821e-02   5.310581e-21   0.000000e+00   8.388596e-22   48
  9.093103e-02   4.800101e-21   1.279966e-04   2.828445e-22   222
  9.129257e-02   5.666274e-21   0.000000e+00   4.525789e-22   120
  9.155911e-02   2.649454e-21   1.730382e-09   3.374331e-22   24
  9.194720e-02   4.270732e-21   1.321111e-04   2.342940e-22   312
  9.279280e-02   3.230290e-21   1.238595e-04   2.633714e-22   72
  9.314239e-02   3.854312e-21   9.990364e-10   3.376362e-22   96
  9.350136e-02   3.688178e-21   1.261337e-04   2.390606e-22   192
  9.392401e-02   4.237720e-21   1.598458e-09   3.377992e-22   120
  9.418312e-02   3.619434e-21   0.000000e+00   2.878699e-22   144
  9.469919e-02   5.141997e-21   0.000000e+00   7.171012e-22   48
  9.506602e-02   3.617868e-21   1.268319e-04   2.053096e-22   336
  9.546807e-02   4.707762e-21   0.000000e+00   4.952252e-22   48
  9.597724e-02   3.602690e-21   0.000000e+00   2.575272e-22   192
  9.623081e-02   2.164795e-21   0.000000e+00   3.379197e-22   48
  9.695161e-02   3.564082e-21   8.803796e-05   5.385762e-22   56
  9.731001e-02   3.411183e-21   1.130706e-04   1.891658e-22   336
  9.773844e-02   3.386300e-21   1.255867e-09   5.125657e-22   54
  9.811165e-02   3.049896e-21   1.241922e-04   2.039783e-22   240
  9.888643e-02   3.267651e-21   1.189150e-04   2.189903e-22   228
  9.922316e-02   3.125384e-21   1.332049e-09   3.635137e-22   72
  9.955002e-02   3.598090e-21   1.153504e-04   2.833183e-22   144
  9.995725e-02   3.447652e-21   0.000000e+00   3.515167e-22   96
  1.002007e-01   2.878450e-21   1.598458e-09   1.786701e-22   240
  1.006860e-01   3.699711e-21   1.412851e-09   4.928280e-22   24
  1.009966e-01   3.186153e-21   1.089476e-04   1.732984e-22   336
  1.014095e-01   2.992962e-21   0.000000e+00   3.959217e-22   72
  1.017863e-01   3.118830e-21   1.185007e-04   2.598674e-22   168
  1.021279e-01   3.685371e-21   0.000000e+00   4.408347e-22   72
  1.026040e-01   3.118720e-21   0.000000e+00   2.870773e-22   96
  1.029727e-01   2.052904e-21   1.176117e-04   1.563898e-22   216
  1.033141e-01   2.150570e-21   1.412851e-09   2.024290e-22   96
  1.037847e-01   2.522714e-21   0.000000e+00   1.801689e-22   192
  1.040193e-01   1.915635e-21   1.332049e-09   1.463500e-22   144
  1.044868e-01   2.768271e-21   0.000000e+00   2.926575e-22   48
  1.048105e-01   2.306304e-21   1.133915e-04   1.634034e-22   246
  1.052503e-01   2.411017e-21   1.045488e-04   1.753081e-22   168
  1.056465e-01   2.688905e-21   1.957704e-09   2.680999e-22   120
  1.058769e-01   2.069265e-21   0.000000e+00   1.357493e-22   240
  1.063363e-01   3.277774e-21   1.412851e-09   8.090267e-22   24
  1.067022e-01   1.989445e-21   1.119102e-04   1.085564e-22   360
  1.071580e-01   2.278712e-21   1.114340e-04   1.996269e-22   120
  1.074760e-01   1.859463e-21   0.000000e+00   1.903783e-22   144
  1.077025e-01   2.185446e-21   0.000000e+00   1.834766e-22   96
  1.083792e-01   1.809713e-21   0.000000e+00   1.074870e-22   144
  1.086038e-01   1.739013e-21   0.000000e+00   1.666517e-22   132
  1.089195e-01   1.563334e-21   1.099837e-04   9.620019e-23   176
  1.093777e-01   1.707550e-21   1.110614e-04   1.038882e-22   312
  1.099419e-01   1.689124e-21   0.000000e+00   1.548373e-22   96
  1.101633e-01   1.447867e-21   0.000000e+00   9.906723e-23   144
  1.105031e-01   1.672421e-21   1.099474e-04   8.171933e-23   312
  1.110446e-01   1.960245e-21   0.000000e+00   2.379258e-22   48
  1.112639e-01   2.035258e-21   1.412851e-09   1.520730e-22   192
  1.117011e-01   2.481067e-21   0.000000e+00   4.686743e-22   6
  1.119915e-01   1.448105e-21   1.025446e-04   7.339085e-23   288
  1.124620e-01   1.585951e-21   1.083450e-04   1.061153e-22   192
  1.127866e-01   1.430892e-21   3.322713e-09   9.425605e-23   216
  1.130025e-01   2.045335e-21   0.000000e+00   2.613878e-22   72
  1.135403e-01   1.843655e-21   1.073161e-04   1.294117e-22   192
  1.138975e-01   1.498466e-21   7.968796e-05   1.007759e-22   288
  1.142891e-01   2.026927e-21   0.000000e+00   2.662724e-22   24
  1.145916e-01   1.409467e-21   1.049823e-04   6.244338e-23   456
  1.151388e-01   1.595626e-21   1.998073e-09   2.003610e-22   48
  1.154769e-01   1.541574e-21   1.034033e-04   8.876892e-23   240
  1.158655e-01   1.283000e-21   1.045007e-04   1.013162e-22   216
  1.161923e-01   1.120463e-21   0.000000e+00   9.812260e-23   72
  1.164018e-01   1.491031e-21   3.610549e-09   1.129853e-22   168
  1.169935e-01   1.427197e-21   7.767385e-05   9.727826e-23   288
  1.173253e-01   1.308904e-21   1.027758e-04   9.471429e-23   168
  1.178582e-01   1.037856e-21   0.000000e+00   6.239543e-23   192
  1.180648e-01   1.123827e-21   1.332049e-09   7.859084e-23   144
  1.184769e-01   1.832341e-21   0.000000e+00   2.023482e-22   36
  1.188264e-01   1.246730e-21   9.385617e-05   6.064575e-23   342
  1.191605e-01   1.148414e-21   9.637890e-05   9.034967e-23   144
  1.195900e-01   1.272906e-21   1.010773e-04   6.900015e-23   384
  1.201111e-01   1.250694e-21   2.768611e-09   1.047021e-22   120
  1.203690e-01   1.254242e-21   9.013158e-05   7.824891e-23   264
  1.207183e-01   1.148078e-21   4.467827e-09   7.827415e-23   192
  1.210471e-01   1.174552e-21   9.713401e-05   9.550324e-23   152
  1.213224e-01   1.303215e-21   2.664097e-09   9.968299e-23   144
  1.219012e-01   1.034711e-21   6.286607e-05   6.278184e-23   216
  1.221692e-01   1.071291e-21   8.400585e-05   5.707696e-23   312
  1.226409e-01   1.234790e-21   9.736112e-05   8.211437e-23   240
  1.229188e-01   8.871790e-22   1.412851e-09   1.077578e-22   96
  1.234463e-01   7.706789e-22   9.308426e-05   6.393661e-23   144
  1.237714e-01   9.938984e-22   9.149363e-05   4.840919e-23   456
  1.242988e-01   9.748230e-22   0.000000e+00   8.294547e-23   120
  1.244947e-01   8.697035e-22   0.000000e+00   7.200194e-23   144
  1.248856e-01   8.400090e-22   0.000000e+00   1.988907e-22   24
  1.251362e-01   8.615226e-22   8.794658e-05   4.917542e-23   336
  1.255696e-01   8.272643e-22   9.699311e-05   6.292663e-23   198
  1.259757e-01   8.121851e-22   9.432023e-05   3.806592e-23   432
  1.264370e-01   8.763483e-22   0.000000e+00   1.544197e-22   48
  1.266777e-01   9.107384e-22   8.326844e-05   5.151392e-23   384
  1.271098e-01   7.862502e-22   9.585962e-05   7.164448e-23   144
  1.275013e-01   8.141034e-22   9.517601e-05   5.982244e-23   264
  1.279697e-01   6.534816e-22   0.000000e+00   1.090818e-22   48
  1.282839e-01   7.769568e-22   9.049683e-05   4.588256e-23   276
  1.285870e-01   7.863876e-22   8.203293e-05   4.945599e-23   192
  1.289922e-01   6.885738e-22   9.218697e-05   3.111953e-23   552
  1.294841e-01   7.808997e-22   3.196917e-09   7.200894e-23   120
  1.297765e-01   6.289451e-22   9.331596e-05   4.479587e-23   216
  1.300475e-01   7.770316e-22   1.598458e-09   5.423801e-23   120
  1.305316e-01   7.755205e-22   9.189333e-05   5.027412e-23   408
  1.309811e-01   4.193257e-22   1.998073e-09   5.687886e-23   24
  1.312599e-01   7.072073e-22   9.282881e-05   3.846608e-23   384
  1.316492e-01   6.404737e-22   9.069708e-05   3.582234e-23   240
  1.319872e-01   7.332761e-22   9.136125e-05   6.736201e-23   168
  1.324612e-01   5.487238e-22   2.260561e-09   5.201203e-23   120
  1.327667e-01   6.141357e-22   9.523931e-05   3.368784e-23   350
  1.332635e-01   7.617805e-22   1.567823e-04   4.529349e-23   384
  1.335605e-01   6.917505e-22   0.000000e+00   5.266154e-23   144
  1.341067e-01   6.768112e-22   3.767602e-09   4.296331e-23   288
  1.343919e-01   6.067485e-22   8.974411e-05   3.374837e-23   336
  1.347800e-01   5.692532e-22   8.170456e-05   3.998654e-23   168
  1.350122e-01   5.640806e-22   1.614687e-09   2.858479e-23   336
  1.354927e-01   5.862414e-22   8.480446e-05   4.229918e-23   288
  1.357812e-01   6.271142e-22   7.990748e-05   3.874653e-23   264
  1.362699e-01   6.040543e-22   0.000000e+00   4.224035e-23   240
  1.364486e-01   5.476223e-22   2.825702e-09   4.701380e-23   96
  1.370900e-01   5.802507e-22   1.086688e-04   3.004852e-23   360
  1.373893e-01   4.536477e-22   8.010757e-05   3.602363e-23   168
  1.377676e-01   4.948305e-22   8.732558e-05   2.290927e-23   456
  1.382230e-01   5.391545e-22   2.511735e-09   6.137104e-23   108
  1.384792e-01   4.669936e-22   8.761995e-05   3.182146e-23   264
  1.387988e-01   5.079911e-22   7.817127e-05   3.173964e-23   264
  1.392364e-01   5.028075e-22   7.376599e-05   3.220150e-23   312
  1.397814e-01   3.969977e-22   5.481617e-05   2.623375e-23   270
  1.400098e-01   5.773427e-22   6.959603e-05   4.302388e-23   240
  1.404204e-01   4.954512e-22   8.609907e-05   2.453858e-23   384
  1.406696e-01   5.127235e-22   0.000000e+00   3.567667e-23   192
  1.411539e-01   4.980291e-22   6.908303e-05   3.631011e-23   240
  1.414347e-01   4.629559e-22   8.525963e-05   2.756057e-23   336
  1.419630e-01   5.384447e-22   8.583011e-05   2.670690e-23   480
  1.423915e-01   4.962981e-22   0.000000e+00   4.994349e-23   72
  1.426309e-01   4.215217e-22   8.369217e-05   2.665879e-23   240
  1.429564e-01   4.857721e-22   7.865917e-05   2.954559e-23   312
  1.433297e-01   4.746070e-22   8.501169e-05   3.260191e-23   240
  1.438936e-01   4.048698e-22   6.458688e-05   2.011732e-23   408
  1.441169e-01   3.758482e-22   5.914602e-05   2.328887e-23   336
  1.445532e-01   4.415832e-22   7.510087e-05   2.638241e-23   264
  1.447677e-01   3.488808e-22   0.000000e+00   2.865546e-23   144
  1.453643e-01   3.963481e-22   1.040943e-04   2.031619e-23   464
  1.456786e-01   4.096865e-22   8.277629e-05   3.751512e-23   168
  1.459889e-01   3.701421e-22   7.539115e-05   2.237221e-23   336
  1.465498e-01   4.269489e-22   7.921315e-05   2.506750e-23   414
  1.468660e-01   5.521000e-22   8.245619e-05   4.168937e-23   216
  1.472710e-01   5.885275e-22   1.998073e-09   6.286023e-23   96
  1.474364e-01   4.107567e-22   5.994218e-09   2.518166e-23   384
  1.480158e-01   3.816799e-22   8.229688e-05   1.740663e-23   492
  1.483263e-01   4.314182e-22   8.047930e-05   2.958814e-23   240
  1.486772e-01   3.685709e-22   8.171468e-05   2.535310e-23   312
  1.491618e-01   3.019125e-22   8.168777e-05   2.290374e-23   192
  1.494688e-01   3.462160e-22   7.916535e-05   1.552010e-23   504
  1.498761e-01   3.804262e-22   5.240881e-05   2.165513e-23   408
  1.501968e-01   3.458563e-22   1.605609e-04   2.751608e-23   168
  1.505981e-01   4.126231e-22   7.626782e-05   2.726110e-23   288
  1.509348e-01   3.328716e-22   7.959200e-05   2.164517e-23   288
  1.512797e-01   3.076165e-22   8.005014e-05   1.609636e-23   432
  1.517801e-01   2.927366e-22   7.570076e-05   2.218066e-23   216
  1.520474e-01   3.076118e-22   7.554106e-05   1.776822e-23   360
  1.525234e-01   3.366703e-22   7.372735e-05   2.088710e-23   312
  1.529530e-01   3.115605e-22   0.000000e+00   4.159689e-23   48
  1.532006e-01   2.828961e-22   7.904634e-05   1.523802e-23   432
  1.536441e-01   2.866776e-22   1.318501e-04   1.456748e-23   414
  1.539060e-01   3.437070e-22   6.955573e-09   2.119552e-23   312
  1.543946e-01   3.199709e-22   1.156911e-04   1.689137e-23   528
  1.547243e-01   2.873326e-22   6.072803e-05   1.749274e-23   264
  1.551204e-01   2.988419e-22   7.200680e-05   1.671645e-23   480
  1.556380e-01   2.471260e-22   0.000000e+00   1.341112e-23   288
  1.558615e-01   2.333271e-22   7.736908e-05   1.661580e-23   168
  1.562704e-01   3.074542e-22   1.224750e-04   1.506155e-23   504
  1.567302e-01   3.768309e-22   2.664097e-09   3.101396e-23   144
  1.570194e-01   2.612508e-22   7.865832e-05   1.286537e-23   464
  1.574541e-01   2.634837e-22   1.154355e-04   1.487616e-23   432
  1.576603e-01   2.463676e-22   1.998073e-09   1.708107e-23   192
  1.581934e-01   2.328851e-22   8.557628e-05   1.304588e-23   396
  1.585082e-01   2.571711e-22   7.687110e-05   1.525026e-23   288
  1.588263e-01   2.215424e-22   7.593549e-05   1.128464e-23   336
  1.593345e-01   2.097639e-22   4.808388e-05   1.282364e-23   432
  1.596570e-01   2.438460e-22   1.246267e-04   1.389554e-23   360
  1.600192e-01   2.370715e-22   7.371853e-05   1.045867e-23   384
  1.605335e-01   2.399389e-22   6.507077e-05   2.043580e-23   198
  1.607813e-01   2.181471e-22   7.396430e-05   1.035696e-23   552
  1.612434e-01   2.378944e-22   1.035450e-04   1.339827e-23   432
  1.616292e-01   2.535828e-22   0.000000e+00   2.760066e-23   168
  1.619530e-01   2.279808e-22   1.283579e-04   1.071695e-23   480
  1.623813e-01   2.542513e-22   0.000000e+00   2.246583e-23   120
  1.625741e-01   2.434439e-22   1.048372e-04   1.443733e-23   336
  1.630445e-01   2.141097e-22   7.396097e-05   8.726299e-24   672
  1.635097e-01   2.089660e-22   1.075863e-04   1.070855e-23   528
  1.637264e-01   2.006337e-22   3.229373e-09   1.652760e-23   168
  1.642270e-01   1.886364e-22   1.200118e-04   1.010602e-23   456
  1.645324e-01   2.598886e-22   7.329223e-05   1.863886e-23   168
  1.648495e-01   2.283823e-22   7.316065e-05   1.160141e-23   504
  1.653766e-01   1.738078e-22   9.414654e-05   1.245316e-23   336
  1.656953e-01   1.952307e-22   6.786851e-05   1.282667e-23   312
  1.660489e-01   2.003195e-22   6.631214e-05   9.603065e-24   504
  1.665141e-01   1.776288e-22   4.600920e-05   9.035629e-24   432
  1.667329e-01   1.741810e-22   7.109945e-05   9.465823e-24   312
  1.671876e-01   1.895466e-22   7.288039e-05   1.106280e-23   384
  1.676624e-01   1.891910e-22   6.192036e-05   1.659534e-23   126
  1.679555e-01   1.791235e-22   1.087174e-04   8.934380e-24   492
  1.683299e-01   1.876940e-22   6.963360e-05   7.596498e-24   528
  1.687978e-01   1.574369e-22   7.073279e-05   7.335155e-24   480
  1.690879e-01   1.871256e-22   9.771696e-05   9.424333e-24   432
  1.695076e-01   1.631076e-22   7.684145e-05   9.695659e-24   440
  1.699951e-01   1.998921e-22   3.821294e-05   1.320603e-23   312
  1.701781e-01   1.586380e-22   5.726529e-05   8.103633e-24   480
  1.705533e-01   1.422381e-22   1.121243e-04   8.886525e-24   408
  1.711016e-01   1.812839e-22   6.714979e-05   1.208788e-23   360
  1.713332e-01   1.580888e-22   6.479710e-05   8.933270e-24   408
  1.717625e-01   1.401516e-22   6.593925e-05   7.102671e-24   456
  1.722458e-01   1.686412e-22   6.302169e-05   9.195311e-24   264
  1.725141e-01   1.570522e-22   6.839435e-05   9.866389e-24   384
  1.729046e-01   1.494905e-22   1.151467e-04   6.651265e-24   672
  1.733561e-01   1.570031e-22   6.887260e-05   1.123826e-23   240
  1.736166e-01   1.502700e-22   6.988846e-05   1.060914e-23   264
  1.739843e-01   1.299945e-22   8.619588e-05   6.168486e-24   624
  1.745329e-01   9.754030e-23   0.000000e+00   9.088822e-24   150
  1.747283e-01   1.413345e-22   9.658929e-05   6.323820e-24   600
  1.751402e-01   1.620399e-22   6.666345e-05   7.089777e-24   672
  1.756067e-01   1.412597e-22   6.270167e-05   9.562076e-24   336
  1.758666e-01   1.423018e-22   6.820115e-05   8.123105e-24   408
  1.762818e-01   1.590171e-22   6.804049e-05   7.977287e-24   408
  1.767436e-01   1.583497e-22   3.440492e-05   9.321708e-24   360
  1.770283e-01   1.398465e-22   1.263238e-04   7.900918e-24   456
  1.773722e-01   1.413220e-22   6.869566e-05   7.805311e-24   384
  1.778099e-01   1.069816e-22   6.341480e-05   5.774979e-24   348
  1.780464e-01   1.332499e-22   7.817791e-05   7.128208e-24   576
  1.784907e-01   1.257380e-22   6.436923e-05   5.729462e-24   504
  1.789452e-01   1.214244e-22   9.078907e-05   6.911887e-24   432
  1.793419e-01   1.096817e-22   1.235181e-04   5.429726e-24   576
  1.796248e-01   1.110623e-22   0.000000e+00   6.416342e-24   264
  1.800736e-01   1.226211e-22   9.828954e-05   5.048564e-24   768
  1.804640e-01   8.516035e-23   1.323290e-04   6.104653e-24   240
  1.807743e-01   1.153063e-22   1.167016e-04   9.609001e-24   192
  1.812263e-01   1.214038e-22   8.590664e-05   6.510154e-24   504
  1.815615e-01   1.242614e-22   1.157624e-04   6.801995e-24   590
  1.818830e-01   1.084878e-22   1.297055e-04   6.273834e-24   384
  1.822861e-01   1.073368e-22   1.083956e-04   5.134834e-24   504
  1.827729e-01   1.164159e-22   1.043140e-04   5.885568e-24   648
  1.832449e-01   1.058414e-22   2.833030e-05   5.894369e-24   504
  1.834353e-01   1.068479e-22   6.462673e-05   6.399184e-24   312
  1.837714e-01   1.295174e-22   9.311123e-05   6.396078e-24   576
  1.842327e-01   1.286271e-22   6.479663e-05   9.080381e-24   240
  1.845017e-01   1.018037e-22   6.547387e-05   4.837196e-24   552
  1.848823e-01   1.226326e-22   6.147846e-05   5.772077e-24   600
  1.854246e-01   1.025748e-22   7.509108e-05   4.297265e-24   600
  1.857506e-01   1.163183e-22   1.202524e-04   7.639761e-24   312
  1.860753e-01   1.082255e-22   1.047280e-04   5.741545e-24   480
  1.864809e-01   9.300264e-23   6.534019e-05   4.615946e-24   576
  1.868380e-01   8.821189e-23   1.052119e-04   5.658784e-24   408
  1.871548e-01   7.078476e-23   1.227345e-04   4.734184e-24   216
  1.875642e-01   9.779006e-23   9.400084e-05   4.423881e-24   516
  1.880028e-01   9.722685e-23   8.968636e-05   3.803406e-24   744
  1.884552e-01   9.860325e-23   5.990257e-05   5.193611e-24   462
  1.887109e-01   6.939740e-23   6.088230e-05   4.050995e-24   432
  1.891075e-01   8.916416e-23   5.648168e-05   3.884670e-24   648
  1.895737e-01   7.554131e-23   8.264320e-05   3.716474e-24   528
  1.899483e-01   1.050249e-22   9.952305e-05   4.681659e-24   600
  1.903225e-01   1.048419e-22   1.254725e-04   6.775431e-24   240
  1.906850e-01   9.396912e-23   9.611075e-05   4.233830e-24   720
  1.911062e-01   9.624633e-23   7.604100e-05   4.410220e-24   720
  1.915732e-01   6.460632e-23   0.000000e+00   5.987763e-24   144
  1.918190e-01   9.054227e-23   9.803961e-05   3.338915e-24   720
  1.921686e-01   8.649882e-23   5.878648e-05   5.682826e-24   384
  1.926063e-01   8.389446e-23   6.516793e-05   3.795018e-24   672
  1.930215e-01   1.001647e-22   1.141019e-04   6.925786e-24   336
  1.932199e-01   6.779267e-23   0.000000e+00   4.629179e-24   288
  1.937055e-01   7.735640e-23   9.030399e-05   3.220980e-24   776
  1.941551e-01   7.351228e-23   7.726878e-05   3.232001e-24   720
  1.945327e-01   7.157130e-23   6.224567e-05   3.992468e-24   432
  1.948347e-01   8.363904e-23   8.873905e-05   4.730077e-24   504
  1.951706e-01   9.204658e-23   6.217429e-05   5.085405e-24   528
  1.956407e-01   7.463359e-23   8.470885e-05   4.469914e-24   438
  1.960275e-01   7.749526e-23   9.859335e-05   3.776462e-24   624
  1.963189e-01   8.118775e-23   1.207635e-04   4.518633e-24   312
  1.967196e-01   9.062374e-23   6.506437e-05   3.900114e-24   696
  1.971339e-01   6.684302e-23   5.887146e-05   3.023252e-24   552
  1.975648e-01   7.968845e-23   4.554687e-05   3.641367e-24   516
  1.978313e-01   8.670135e-23   9.097645e-05   5.027254e-24   528
  1.981558e-01   6.284636e-23   5.916447e-05   3.100151e-24   528
  1.986168e-01   6.442123e-23   7.802593e-05   2.878926e-24   864
  1.989297e-01   6.550198e-23   1.068795e-04   3.747234e-24   408
  1.992429e-01   9.708296e-23   1.058911e-04   9.148482e-24   192
  1.996868e-01   6.668286e-23   8.762994e-05   3.439640e-24   720
  2.000615e-01   7.147012e-23   8.079911e-05   3.457430e-24   696
  2.005068e-01   6.210833e-23   8.726379e-05   3.076694e-24   720
  2.009142e-01   7.908240e-23   1.182756e-04   4.894492e-24   432
  2.011518e-01   5.873967e-23   6.962164e-05   4.418775e-24   264
  2.015793e-01   6.756057e-23   9.614441e-05   3.406188e-24   672
  2.019616e-01   6.467206e-23   9.843711e-05   2.827881e-24   600
  2.024154e-01   4.757894e-23   5.763483e-05   3.505295e-24   270
  2.026441e-01   5.258019e-23   8.675648e-05   2.570528e-24   528
  2.030077e-01   6.392813e-23   5.940776e-05   2.370128e-24   840
  2.035062e-01   7.133536e-23   1.135983e-04   2.873949e-24   888
  2.039669e-01   5.911517e-23   8.463909e-05   2.778151e-24   744
  2.043562e-01   6.100919e-23   4.349214e-05   3.682765e-24   456
  2.045498e-01   8.461839e-23   5.943469e-05   5.190307e-24   360
  2.048811e-01   5.741054e-23   5.149682e-05   4.520039e-24   384
  2.053895e-01   5.898492e-23   8.260041e-05   2.447771e-24   816
  2.057710e-01   6.399679e-23   1.198416e-04   3.243517e-24   824
  2.062346e-01   6.091778e-23   5.570811e-05   3.601018e-24   360
  2.064829e-01   5.919317e-23   8.220424e-05   2.928333e-24   624
  2.068246e-01   6.237455e-23   5.554917e-05   4.128774e-24   360
  2.072798e-01   5.742480e-23   7.556319e-05   2.282163e-24   876
  2.076909e-01   5.616147e-23   8.974647e-05   2.752159e-24   696
  2.081055e-01   4.578300e-23   5.795238e-05   2.586216e-24   336
  2.083228e-01   6.103472e-23   5.788726e-05   3.952773e-24   504
  2.086818e-01   5.220798e-23   5.838888e-05   2.728590e-24   672
  2.092144e-01   5.309549e-23   1.162387e-04   2.310115e-24   720
  2.095838e-01   5.720957e-23   8.780591e-05   2.301586e-24   774
  2.099915e-01   6.098372e-23   5.025783e-05   3.696479e-24   384
  2.102050e-01   6.085642e-23   9.671763e-05   3.413397e-24   528
  2.105364e-01   5.957654e-23   9.217729e-05   2.648533e-24   744
  2.110694e-01   6.079333e-23   7.602671e-05   2.732019e-24   768
  2.114233e-01   4.780672e-23   8.534571e-05   2.755674e-24   552
  2.118649e-01   5.155276e-23   9.301717e-05   2.443669e-24   696
  2.121934e-01   5.753892e-23   1.130320e-04   3.420321e-24   408
  2.124541e-01   5.162037e-23   4.883074e-05   2.922716e-24   504
  2.128675e-01   5.295399e-23   8.772259e-05   2.036366e-24   888
  2.132743e-01   5.249637e-23   9.116913e-05   2.595413e-24   648
  2.136971e-01   4.323124e-23   9.038766e-05   1.942080e-24   648
  2.140948e-01   5.036018e-23   9.746006e-05   2.487235e-24   792
  2.145162e-01   4.251119e-23   1.425907e-04   2.438216e-24   600
  2.148267e-01   3.780993e-23   9.663487e-05   1.963787e-24   456
  2.151535e-01   5.164652e-23   4.709572e-05   2.761291e-24   648
  2.155732e-01   4.535085e-23   9.184351e-05   1.956135e-24   936
  2.160264e-01   6.243893e-23   5.640375e-05   3.545398e-24   384
  2.164208e-01   4.629297e-23   4.745948e-09   4.144240e-24   198
  2.167253e-01   5.066904e-23   1.431011e-04   1.730381e-24   1224
  2.170537e-01   6.612822e-23   1.042217e-04   5.214694e-24   420
  2.174420e-01   4.516847e-23   1.008648e-04   1.980010e-24   792
  2.178218e-01   5.132282e-23   8.340657e-05   2.565085e-24   680
  2.182552e-01   4.388104e-23   7.658783e-05   2.232485e-24   600
  2.186039e-01   4.520454e-23   1.110734e-04   1.850759e-24   840
  2.190695e-01   4.414376e-23   5.244369e-05   2.825816e-24   432
  2.192474e-01   4.740372e-23   4.914665e-05   2.243064e-24   720
  2.196343e-01   4.248404e-23   9.843213e-05   1.925218e-24   960
  2.201154e-01   4.236798e-23   8.774504e-05   2.400890e-24   528
  2.204670e-01   4.070797e-23   8.969217e-05   2.058303e-24   624
  2.208855e-01   5.051822e-23   7.049743e-05   2.405909e-24   816
  2.213008e-01   3.967577e-23   1.159345e-04   1.916976e-24   696
  2.217599e-01   3.540214e-23   7.830814e-09   3.013447e-24   240
  2.219325e-01   4.598827e-23   6.836935e-05   2.364387e-24   672
  2.223177e-01   4.412125e-23   1.221858e-04   2.117280e-24   864
  2.227499e-01   3.619186e-23   9.375778e-05   1.544944e-24   816
  2.231394e-01   3.731209e-23   5.366372e-05   1.970907e-24   648
  2.235589e-01   4.680843e-23   5.485410e-05   2.140660e-24   843
  2.239151e-01   3.456449e-23   9.869601e-05   1.622153e-24   780
  2.243395e-01   3.577721e-23   5.295844e-05   3.666827e-24   216
  2.246013e-01   3.691584e-23   1.277035e-04   1.451142e-24   1056
  2.250039e-01   3.381607e-23   1.044758e-04   2.380844e-24   228
  2.253767e-01   4.490968e-23   1.300750e-04   1.931739e-24   924
  2.257594e-01   4.411127e-23   4.825052e-05   2.208237e-24   696
  2.261647e-01   3.325936e-23   8.587211e-05   1.507291e-24   996
  2.265793e-01   3.010077e-23   5.069718e-05   1.503184e-24   576
  2.270107e-01   4.152955e-23   7.824775e-05   2.856746e-24   552
  2.273251e-01   4.539207e-23   9.342507e-05   2.267546e-24   516
  2.276442e-01   3.983697e-23   1.358594e-04   1.895807e-24   744
  2.280088e-01   3.019827e-23   6.664715e-05   1.471419e-24   576
  2.283260e-01   3.245298e-23   6.859680e-05   1.722948e-24   792
  2.287768e-01   3.596111e-23   7.841886e-05   1.656508e-24   792
  2.291071e-01   3.732963e-23   8.457391e-05   1.904235e-24   720
  2.295538e-01   3.542528e-23   9.639481e-05   1.693318e-24   656
  2.299724e-01   2.975746e-23   1.052581e-04   1.318551e-24   816
  2.304015e-01   3.460456e-23   5.675340e-05   2.457386e-24   492
  2.306454e-01   3.305414e-23   8.164378e-05   1.668405e-24   552
  2.311032e-01   2.836739e-23   1.419686e-04   1.166278e-24   780
  2.314005e-01   3.259113e-23   8.720963e-05   1.830052e-24   528
  2.317208e-01   2.852125e-23   1.018002e-04   1.362207e-24   600
  2.321929e-01   3.297041e-23   8.460399e-05   1.555460e-24   900
  2.325183e-01   3.178442e-23   4.683822e-05   1.832600e-24   696
  2.329660e-01   2.789083e-23   1.184322e-04   1.622231e-24   696
  2.333991e-01   2.563481e-23   4.804683e-05   1.161291e-24   552
  2.337633e-01   2.530691e-23   5.587403e-05   1.537550e-24   708
  2.341448e-01   2.622872e-23   9.225121e-05   1.135042e-24   876
  2.345418e-01   3.383352e-23   4.898356e-05   3.777041e-24   216
  2.348082e-01   3.273535e-23   1.339767e-04   1.257875e-24   1032
  2.352071e-01   2.392204e-23   1.491682e-04   1.306052e-24   600
  2.356212e-01   2.227139e-23   7.117755e-05   1.196373e-24   600
  2.359371e-01   2.929391e-23   1.256929e-04   1.795852e-24   528
  2.363105e-01   2.705382e-23   6.899988e-05   1.207010e-24   732
  2.367039e-01   2.991251e-23   5.095015e-05   2.009605e-24   336
  2.371566e-01   2.510570e-23   7.261407e-05   1.091948e-24   912
  2.374950e-01   2.202643e-23   7.288252e-05   1.043025e-24   624
  2.378647e-01   2.300920e-23   6.141657e-05   1.163549e-24   768
  2.382963e-01   2.556799e-23   1.108076e-04   1.069927e-24   792
  2.387198e-01   2.629720e-23   5.493383e-05   1.323812e-24   660
  2.390212e-01   2.375931e-23   8.095383e-05   1.450397e-24   504
  2.393329e-01   2.063487e-23   1.322631e-04   1.168901e-24   480
  2.398000e-01   2.085803e-23   1.223261e-04   8.002069e-25   912
  2.401658e-01   2.266823e-23   1.362291e-04   1.321957e-24   432
  2.405113e-01   2.252003e-23   8.088962e-05   1.122765e-24   564
  2.408180e-01   2.175899e-23   7.742251e-05   1.032499e-24   600
  2.412498e-01   2.656696e-23   1.079196e-04   1.334863e-24   876
  2.415741e-01   2.299107e-23   4.852393e-05   1.778868e-24   264
  2.420212e-01   2.007328e-23   9.415549e-05   1.090914e-24   560
  2.423806e-01   2.054612e-23   6.398069e-05   8.874349e-25   840
  2.428168e-01   1.926677e-23   9.863978e-05   7.601221e-25   1008
  2.432202e-01   1.849504e-23   4.412481e-05   1.073735e-24   456
  2.435886e-01   2.373700e-23   5.715745e-05   1.359827e-24   576
  2.439292e-01   2.219621e-23   8.782853e-05   1.082995e-24   612
  2.443783e-01   1.798718e-23   7.844513e-05   8.048094e-25   780
  2.447447e-01   2.243795e-23   8.989453e-05   1.078178e-24   648
  2.451197e-01   1.977511e-23   4.189201e-05   1.422015e-24   312
  2.453594e-01   1.709545e-23   1.064407e-04   9.176253e-25   528
  2.457747e-01   1.702562e-23   1.390063e-04   7.098708e-25   720
  2.461718e-01   1.846450e-23   1.394416e-04   1.145285e-24   576
  2.466533e-01   1.688456e-23   1.202863e-04   1.007515e-24   444
  2.469529e-01   1.998941e-23   1.179621e-04   7.693507e-25   996
  2.473200e-01   1.774162e-23   9.853387e-05   1.114707e-24   432
  2.476669e-01   2.115101e-23   1.078752e-04   1.118024e-24   504
  2.479666e-01   1.519649e-23   4.863583e-05   8.546733e-25   504
  2.483934e-01   2.082921e-23   9.571589e-05   8.091089e-25   876
  2.487796e-01   1.640003e-23   1.101599e-04   8.112003e-25   504
  2.491817e-01   1.502870e-23   7.025420e-05   8.298526e-25   696
  2.495140e-01   1.671224e-23   6.005997e-05   8.817867e-25   492
  2.499662e-01   1.595688e-23   8.597875e-05   8.576825e-25   432
  2.503011e-01   1.826052e-23   8.050968e-05   8.811717e-25   768
  2.506981e-01   1.532918e-23   1.002856e-04   7.751446e-25   648
  2.510772e-01   1.313374e-23   6.542561e-05   7.860891e-25   456
  2.515128e-01   1.561808e-23   8.997083e-05   7.200363e-25   552
  2.518153e-01   1.661370e-23   6.166608e-05   8.543184e-25   648
  2.522317e-01   1.476737e-23   1.005122e-04   5.879855e-25   840
  2.526384e-01   1.577171e-23   4.793217e-05   8.014698e-25   432
  2.530455e-01   1.499795e-23   5.870872e-05   7.540063e-25   600
  2.533287e-01   1.728755e-23   6.255029e-05   9.869767e-25   432
  2.538044e-01   1.542723e-23   6.227491e-05   7.795530e-25   560
  2.541265e-01   1.419284e-23   9.857465e-05   6.666464e-25   840
  2.545299e-01   1.434572e-23   5.838720e-05   7.821566e-25   504
  2.548502e-01   1.414374e-23   1.191648e-04   5.968054e-25   696
  2.553018e-01   1.470259e-23   6.508356e-05   9.024622e-25   384
  2.556535e-01   1.233256e-23   9.533975e-05   6.499143e-25   576
  2.560789e-01   1.325075e-23   5.883893e-05   7.036148e-25   360
  2.564218e-01   1.497257e-23   8.762544e-05   6.374082e-25   828
  2.567917e-01   1.371986e-23   7.804673e-05   9.203072e-25   372
  2.571307e-01   1.289969e-23   1.191923e-04   6.479944e-25   576
  2.575797e-01   1.458034e-23   4.991761e-05   7.493456e-25   636
  2.578996e-01   1.306103e-23   9.622826e-05   6.064960e-25   648
  2.583323e-01   1.236864e-23   7.822306e-05   5.776443e-25   576
  2.586430e-01   1.417012e-23   1.261820e-04   8.960447e-25   528
  2.590561e-01   1.453201e-23   5.394804e-05   1.047947e-24   360
  2.593981e-01   1.121670e-23   1.241007e-04   4.989413e-25   672
  2.598446e-01   1.342462e-23   6.356642e-05   6.190813e-25   804
  2.602163e-01   1.211908e-23   7.012137e-05   6.446981e-25   408
  2.606274e-01   1.204166e-23   4.334263e-05   6.422908e-25   384
  2.609042e-01   9.878339e-24   9.918459e-05   5.745633e-25   480
  2.612947e-01   1.204383e-23   6.408778e-05   7.188850e-25   432
  2.616692e-01   1.489545e-23   1.181001e-04   8.331186e-25   648
  2.621125e-01   1.253535e-23   7.328056e-05   5.727012e-25   624
  2.624367e-01   1.089146e-23   6.665485e-05   6.364986e-25   456
  2.628795e-01   1.293445e-23   9.105646e-05   6.101229e-25   588
  2.631762e-01   1.055454e-23   5.809364e-05   4.802041e-25   600
  2.636094e-01   1.069204e-23   9.061183e-05   4.725140e-25   708
  2.639516e-01   1.206313e-23   5.708370e-05   7.033785e-25   360
  2.643298e-01   1.209633e-23   6.561923e-05   6.342562e-25   552
  2.646923e-01   1.127830e-23   4.603344e-05   7.792755e-25   288
  2.650603e-01   9.931366e-24   8.655546e-05   5.050949e-25   528
  2.654060e-01   1.280595e-23   5.839431e-05   8.199397e-25   456
  2.657924e-01   1.065452e-23   1.035458e-04   5.042736e-25   608
  2.661809e-01   9.476269e-24   5.009661e-05   4.248988e-25   504
  2.666055e-01   9.441965e-24   1.075546e-04   4.983253e-25   540
  2.669384e-01   1.047541e-23   1.154568e-04   7.504698e-25   360
  2.672972e-01   1.395283e-23   5.228475e-05   6.452888e-25   540
  2.676146e-01   1.161726e-23   4.489266e-05   5.577709e-25   576
  2.680762e-01   1.129670e-23   1.040909e-04   5.581241e-25   588
  2.685150e-01   1.031555e-23   1.436140e-04   4.905991e-25   672
  2.688920e-01   1.134833e-23   1.097654e-04   5.755468e-25   552
  2.691959e-01   8.989118e-24   1.098209e-04   8.152886e-25   144
  2.695837e-01   1.062745e-23   9.330411e-05   5.079544e-25   600
  2.699514e-01   8.553729e-24   1.169304e-04   5.122959e-25   504
  2.703595e-01   1.081382e-23   1.201111e-04   7.593051e-25   336
  2.707887e-01   8.720824e-24   1.350054e-04   4.181661e-25   600
  2.711731e-01   9.021756e-24   8.712810e-05   4.667603e-25   636
  2.715880e-01   9.882281e-24   7.005178e-05   6.970575e-25   384
  2.718789e-01   1.102922e-23   9.771396e-05   6.058965e-25   504
  2.722982e-01   9.136198e-24   4.100918e-05   6.364283e-25   240
  2.726291e-01   1.017264e-23   9.633639e-05   4.175837e-25   744
  2.730261e-01   9.040064e-24   6.578310e-05   4.033840e-25   648
  2.733790e-01   1.734223e-23   4.366878e-05   1.441389e-24   120
  2.737925e-01   9.676753e-24   6.859799e-05   5.048854e-25   564
  2.741050e-01   9.300490e-24   1.077373e-04   4.671660e-25   432
  2.745220e-01   7.734848e-24   8.362543e-05   3.688841e-25   480
  2.748361e-01   7.129135e-24   6.155045e-05   3.838702e-25   456
  2.752067e-01   1.003396e-23   1.018569e-04   5.912406e-25   444
  2.756274e-01   8.054454e-24   1.558464e-04   3.862969e-25   528
  2.759969e-01   9.446119e-24   1.157439e-04   6.532773e-25   264
  2.763555e-01   8.121369e-24   1.186203e-04   5.103479e-25   444
  2.768379e-01   9.661346e-24   1.299311e-04   4.295670e-25   696
  2.772383e-01   1.051818e-23   6.949148e-05   6.656834e-25   384
  2.775311e-01   8.188904e-24   8.780831e-05   4.856944e-25   432
  2.779866e-01   8.922807e-24   6.067143e-05   4.522193e-25   488
  2.782823e-01   8.842542e-24   9.143939e-05   4.883312e-25   480
  2.787111e-01   8.500320e-24   1.019738e-04   4.517797e-25   480
  2.790432e-01   6.891580e-24   4.278510e-05   3.706485e-25   240
  2.794202e-01   7.907544e-24   9.994261e-05   3.746922e-25   600
  2.797758e-01   7.494090e-24   8.708975e-05   5.549006e-25   288
  2.801544e-01   7.201392e-24   8.377397e-05   3.463065e-25   480
  2.805379e-01   7.642519e-24   1.490189e-04   3.796125e-25   504
  2.809155e-01   7.105965e-24   6.393839e-05   5.648233e-25   216
  2.813970e-01   8.589032e-24   1.046773e-04   4.751955e-25   504
  2.817720e-01   9.006633e-24   8.419242e-05   5.328469e-25   456
  2.821825e-01   9.255937e-24   4.828579e-05   5.103493e-25   384
  2.824544e-01   9.098552e-24   9.800271e-05   4.711301e-25   480
  2.828408e-01   6.835055e-24   8.605736e-05   3.410564e-25   504
  2.831988e-01   6.863377e-24   5.458940e-05   6.232048e-25   312
  2.835845e-01   8.267279e-24   8.796897e-05   5.304360e-25   492
  2.839260e-01   9.574080e-24   8.245044e-05   6.437403e-25   312
  2.843655e-01   7.010401e-24   1.339342e-04   3.337455e-25   576
  2.847524e-01   6.996368e-24   1.236321e-04   4.643953e-25   336
  2.850738e-01   5.834967e-24   9.519099e-05   4.226060e-25   240
  2.855192e-01   6.664153e-24   1.261991e-04   3.535464e-25   468
  2.859039e-01   7.623555e-24   7.901891e-05   6.001260e-25   192
  2.863065e-01   6.443145e-24   7.925442e-05   4.051900e-25   324
  2.866016e-01   7.056913e-24   5.752155e-05   3.914594e-25   600
  2.870037e-01   8.182270e-24   9.332283e-05   4.287960e-25   456
  2.873023e-01   8.173637e-24   4.197661e-05   5.180659e-25   336
  2.877972e-01   8.131461e-24   1.256898e-04   3.822001e-25   612
  2.881573e-01   6.462433e-24   1.054844e-04   7.716273e-25   144
  2.884978e-01   7.628570e-24   1.231274e-04   3.785034e-25   552
  2.889609e-01   5.322095e-24   4.848907e-05   3.468978e-25   264
  2.892225e-01   8.128338e-24   1.122646e-04   6.752573e-25   336
  2.896353e-01   6.210218e-24   7.418058e-05   4.130315e-25   384
  2.899932e-01   8.073451e-24   4.175634e-05   6.491308e-25   216
  2.903894e-01   5.107606e-24   8.853205e-05   3.344025e-25   344
  2.907507e-01   5.850249e-24   1.320940e-04   3.839848e-25   408
  2.911910e-01   6.759022e-24   1.015056e-04   4.447206e-25   264
  2.915811e-01   6.666246e-24   1.415038e-04   3.658218e-25   612
  2.919709e-01   9.438836e-24   7.282870e-05   5.305473e-25   408
  2.923718e-01   6.072831e-24   7.293338e-05   3.944744e-25   444
  2.926663e-01   1.216805e-23   4.079109e-05   1.432785e-24   120
  2.930609e-01   6.453825e-24   1.126983e-04   4.417610e-25   336
  2.933538e-01   5.710637e-24   3.916222e-05   4.280115e-25   288
  2.937496e-01   6.846092e-24   1.218735e-04   3.741676e-25   552
  2.942938e-01   1.231862e-23   6.525678e-09   1.961783e-24   72
  2.945736e-01   5.898723e-24   1.210514e-04   3.450156e-25   504
  2.949004e-01   4.593325e-24   3.895317e-05   3.584366e-25   216
  2.953239e-01   5.856930e-24   6.954821e-05   3.445863e-25   312
  2.957040e-01   5.943883e-24   7.919158e-05   3.990555e-25   336
  2.960663e-01   4.939320e-24   1.097684e-04   3.526456e-25   204
  2.964271e-01   7.924898e-24   1.275676e-04   3.965337e-25   504
  2.968098e-01   7.628452e-24   1.214810e-04   4.768790e-25   396
  2.971778e-01   6.768880e-24   1.114044e-04   4.980667e-25   312
  2.976240e-01   8.137821e-24   6.808000e-05   5.967302e-25   216
  2.979383e-01   5.728494e-24   3.694832e-05   4.240092e-25   168
  2.983203e-01   6.177819e-24   9.329657e-05   3.042301e-25   588
  2.987563e-01   5.114155e-24   1.266392e-04   4.131479e-25   240
  2.990950e-01   5.071273e-24   1.118436e-04   3.866774e-25   264
  2.994922e-01   5.672629e-24   1.383176e-04   5.778303e-25   288
  2.998446e-01   5.910152e-24   6.907007e-05   4.108036e-25   288
  3.002913e-01   5.967666e-24   6.486779e-05   4.218590e-25   288
  3.005921e-01   5.285799e-24   7.514392e-05   4.313472e-25   192
  3.009705e-01   4.334930e-24   7.996067e-05   2.503385e-25   264
  3.013310e-01   9.084976e-24   1.315242e-04   5.918245e-25   372
  3.017189e-01   8.138834e-24   1.420518e-04   4.528735e-25   360
  3.021924e-01   8.342542e-24   6.011768e-05   1.147565e-24   144
  3.024371e-01   5.346290e-24   8.350082e-05   4.734270e-25   296
  3.028234e-01   6.505627e-24   8.996782e-05   5.547702e-25   288
  3.032657e-01   5.593430e-24   1.344546e-04   3.188573e-25   480
  3.036471e-01   5.498289e-24   1.117190e-04   5.802610e-25   192
  3.040181e-01   6.575184e-24   1.198338e-04   7.130165e-25   192
  3.043553e-01   6.268772e-24   7.637151e-05   5.910950e-25   288
  3.048242e-01   4.583160e-24   6.648036e-05   4.033780e-25   108
  3.050604e-01   6.640207e-24   6.391272e-05   5.044279e-25   240
  3.054775e-01   4.426637e-24   1.192307e-04   3.319045e-25   384
  3.059059e-01   6.232113e-24   1.454479e-04   6.066252e-25   108
  3.062848e-01   8.064539e-24   8.527881e-05   5.287826e-25   348
  3.066832e-01   5.273875e-24   8.900031e-05   4.130562e-25   312
  3.070391e-01   5.377528e-24   8.648246e-05   7.959256e-25   96
  3.073663e-01   5.603415e-24   1.151358e-04   5.145953e-25   384
  3.077328e-01   4.110615e-24   7.919012e-05   3.656670e-25   144
  3.080912e-01   6.071118e-24   1.216791e-04   3.611686e-25   408
  3.085368e-01   3.521307e-24   5.427748e-05   3.011183e-25   144
  3.089578e-01   5.101971e-24   1.043490e-04   4.346731e-25   192
  3.092074e-01   5.173371e-24   1.174468e-04   5.231157e-25   144
  3.096144e-01   3.761667e-24   9.548855e-05   3.659964e-25   144
  3.099983e-01   5.643294e-24   1.167025e-04   4.170824e-25   336
  3.104685e-01   3.358850e-24   8.634502e-05   2.227797e-25   240
  3.107666e-01   4.810480e-24   3.920851e-05   4.053091e-25   96
  3.111825e-01   6.109905e-24   1.149797e-04   5.515624e-25   372
  3.116031e-01   5.998839e-24   1.367659e-04   8.055225e-25   132
  3.119726e-01   3.475685e-24   8.462908e-05   2.315929e-25   264
  3.123032e-01   4.852920e-24   6.499128e-05   4.397979e-25   168
  3.126560e-01   5.018955e-24   1.039086e-04   3.850532e-25   216
  3.129676e-01   4.251105e-24   6.357256e-05   3.882509e-25   216
  3.134215e-01   2.874548e-24   1.166292e-04   2.586738e-25   96
  3.138333e-01   6.193775e-24   7.608990e-05   6.594624e-25   120
  3.142110e-01   4.501226e-24   9.673168e-05   3.737481e-25   216
  3.145221e-01   3.526575e-24   4.227207e-05   2.505534e-25   200
  3.149340e-01   4.556597e-24   1.094242e-04   3.160549e-25   288
  3.154623e-01   2.863122e-24   2.879164e-05   2.289798e-25   144
  3.156848e-01   3.649454e-24   8.959781e-05   2.445186e-25   168
  3.161391e-01   4.799667e-24   1.008340e-04   5.307160e-25   159
  3.164937e-01   4.618029e-24   1.057991e-04   5.604802e-25   174
  3.168369e-01   4.046154e-24   9.593494e-05   3.067933e-25   144
  3.172863e-01   4.785712e-24   5.539549e-05   4.091080e-25   222
  3.175869e-01   3.100408e-24   5.589895e-05   2.187297e-25   168
  3.181060e-01   4.501688e-24   1.226079e-04   7.134074e-25   30
  3.183205e-01   2.350494e-24   1.082537e-04   2.889396e-25   72
  3.187244e-01   3.794972e-24   9.661517e-05   3.367859e-25   258
  3.191684e-01   3.965742e-24   6.051257e-05   2.997719e-25   264
  3.193905e-01   3.570715e-24   0.000000e+00   3.485894e-25   72
  3.198532e-01   3.099170e-24   1.199385e-04   3.559940e-25   174
  3.202721e-01   3.075927e-24   1.277123e-04   2.341109e-25   168
  3.206090e-01   1.729928e-24   3.996146e-09   2.928235e-25   48
  3.209705e-01   2.888686e-24   7.212215e-05   2.938733e-25   150
  3.213898e-01   4.581784e-24   1.326739e-04   3.954997e-25   168
  3.218102e-01   3.328207e-24   8.081877e-05   2.920300e-25   144
  3.221967e-01   4.011457e-24   7.550312e-05   4.402897e-25   102
  3.224847e-01   2.516883e-24   1.117576e-04   2.588795e-25   96
  3.229415e-01   3.026529e-24   1.109119e-04   2.735354e-25   120
  3.232799e-01   2.220875e-24   1.189559e-04   1.683510e-25   168
  3.236458e-01   4.016930e-24   8.783953e-05   5.589211e-25   126
  3.239576e-01   3.121908e-24   6.624856e-05   2.513844e-25   168
  3.243872e-01   3.290265e-24   1.062297e-04   3.298557e-25   72
  3.247626e-01   2.446000e-24   1.330232e-04   1.819673e-25   168
  3.250914e-01   2.360797e-24   3.646820e-05   2.797571e-25   78
  3.255420e-01   3.021198e-24   5.987806e-05   3.589404e-25   60
  3.259049e-01   2.903398e-24   9.713191e-05   3.164816e-25   96
  3.262812e-01   2.756681e-24   1.178615e-04   2.291882e-25   168
  3.266349e-01   2.988891e-24   7.457817e-05   4.104940e-25   86
  3.270060e-01   2.328974e-24   6.665520e-05   2.379736e-25   120
  3.275378e-01   2.558760e-24   4.753401e-05   1.852160e-25   168
  3.278247e-01   1.761424e-24   0.000000e+00   3.005397e-25   48
  3.282110e-01   2.981683e-24   8.660181e-05   2.232809e-25   120
  3.284330e-01   2.948327e-24   6.317951e-05   2.660557e-25   126
  3.289749e-01   2.478116e-24   1.111151e-04   2.462750e-25   96
  3.293266e-01   2.807851e-24   3.204012e-05   2.760913e-25   96
  3.296039e-01   2.170167e-24   0.000000e+00   2.037424e-25   72
  3.301949e-01   2.738375e-24   3.996146e-09   4.257053e-25   24
  3.305637e-01   3.272542e-24   6.593782e-05   3.138587e-25   120
  3.308514e-01   2.842612e-24   9.618300e-05   2.900059e-25   126
  3.311713e-01   1.844473e-24   8.018157e-05   1.560166e-25   96
  3.315452e-01   2.287123e-24   1.385771e-04   3.386877e-25   72
  3.319614e-01   2.138805e-24   5.993927e-05   1.742771e-25   144
  3.323038e-01   3.153774e-24   3.457157e-05   3.419039e-25   72
  3.326459e-01   2.616177e-24   6.905176e-05   3.833809e-25   54
  3.329469e-01   3.326179e-24   6.085106e-05   3.573501e-25   108
  3.335726e-01   2.600658e-24   5.964977e-05   2.440853e-25   72
  3.337673e-01   2.727597e-24   3.441997e-05   3.380252e-25   72
  3.342294e-01   3.155138e-24   6.921527e-09   4.958915e-25   24
  3.346666e-01   2.471501e-24   7.281693e-05   3.288651e-25   48
  3.349321e-01   2.476241e-24   5.546771e-05   2.424811e-25   102
  3.353317e-01   2.357792e-24   1.254449e-04   1.998785e-25   168
  3.358538e-01   2.643996e-24   6.841470e-05   3.359561e-25   72
  3.360473e-01   1.902156e-24   0.000000e+00   2.950918e-25   48
  3.364531e-01   2.545692e-24   1.176775e-04   2.687517e-25   120
  3.369887e-01   1.845925e-24   7.231517e-05   2.605657e-25   96
  3.374945e-01   2.850986e-24   7.830814e-09   4.168377e-25   30
  3.380957e-01   2.995124e-24   3.397687e-05   4.055227e-25   72
  3.383599e-01   2.481468e-24   3.996146e-09   3.826935e-25   24
  3.386992e-01   2.325107e-24   5.036212e-05   3.036841e-25   56
  3.390793e-01   2.366534e-24   7.186930e-05   2.276565e-25   96
  3.395342e-01   2.481598e-24   7.936128e-05   2.034502e-25   144
  3.398849e-01   1.904961e-24   4.505822e-05   1.990935e-25   54
  3.403944e-01   2.082265e-24   6.750198e-05   2.435697e-25   108
  3.409071e-01   1.979069e-24   3.574199e-05   2.210544e-25   48
  3.413952e-01   2.363250e-24   1.345800e-04   2.683697e-25   72
  3.425664e-01   2.605389e-24   8.891744e-05   2.891711e-25   78
  3.428909e-01   2.172278e-24   6.701044e-05   1.943010e-25   72
  3.432698e-01   1.874698e-24   6.692725e-05   2.479948e-25   72
  3.436659e-01   2.494081e-24   1.615028e-04   2.460973e-25   96
  3.439790e-01   1.762081e-24   6.678928e-05   1.822458e-25   72
  3.443566e-01   2.198945e-24   0.000000e+00   3.001050e-25   24
  3.447338e-01   2.111395e-24   1.332770e-04   2.649776e-25   72
  3.455858e-01   2.273729e-24   8.463498e-05   3.733948e-25   30
  3.457691e-01   2.833041e-24   0.000000e+00   7.233673e-25   24
  3.467544e-01   1.614579e-24   7.027855e-05   1.887463e-25   48
  3.470634e-01   1.803174e-24   1.512394e-04   1.587752e-25   120
  3.474798e-01   1.914097e-24   6.612537e-05   1.860496e-25   72
  3.479003e-01   2.006213e-24   6.604543e-05   3.602139e-25   36
  3.481894e-01   2.350097e-24   1.305365e-04   2.760869e-25   78
  3.489960e-01   2.601557e-24   6.982714e-05   3.870995e-25   48
  3.500419e-01   2.802568e-24   5.651403e-09   3.790209e-25   24
  3.507870e-01   1.483829e-24   4.862619e-05   1.499082e-25   56
  3.511622e-01   1.943731e-24   7.482652e-05   1.768805e-25   102
  3.516395e-01   1.834759e-24   5.328194e-09   2.624388e-25   72
  3.519166e-01   1.940632e-24   0.000000e+00   2.712684e-25   24
  3.524009e-01   2.370819e-24   6.915246e-05   3.057944e-25   48
  3.532988e-01   1.847278e-24   0.000000e+00   3.373580e-25   24
  3.544007e-01   3.637078e-24   0.000000e+00   1.438038e-24   6
  3.547443e-01   1.595971e-24   0.000000e+00   2.993441e-25   24
  3.549732e-01   1.848865e-24   6.472929e-05   2.300107e-25   72
  3.553914e-01   2.053301e-24   1.207586e-04   2.132921e-25   84
  3.558418e-01   2.153930e-24   0.000000e+00   3.605203e-25   24
  3.559787e-01   2.699664e-24   5.651403e-09   5.160433e-25   24
  3.566626e-01   2.933097e-24   3.996146e-09   6.436195e-25   24
  3.576179e-01   1.483114e-24   0.000000e+00   1.374880e-25   6
  3.588424e-01   1.693363e-24   6.791113e-05   2.297813e-25   48
  3.591365e-01   1.561074e-24   1.279335e-04   1.591720e-25   72
  3.595209e-01   2.318263e-24   6.778297e-05   2.536647e-25   48
  3.601304e-01   1.800572e-24   0.000000e+00   4.161154e-25   24
  3.609415e-01   3.106450e-25   3.996146e-09   8.354217e-26   6
  3.627599e-01   1.441809e-24   0.000000e+00   4.342881e-25   8
  3.628942e-01   1.736296e-24   3.996146e-09   2.397658e-25   48
  3.632164e-01   2.002620e-24   6.573533e-05   2.329621e-25   60
  3.636991e-01   2.228044e-24   0.000000e+00   3.151547e-25   24
  3.643686e-01   7.419808e-25   0.000000e+00   1.510588e-25   6
  3.668348e-01   2.015838e-24   0.000000e+00   2.549069e-25   24
  3.670341e-01   2.091394e-24   6.639546e-05   2.491915e-25   48
  3.673659e-01   2.825734e-24   0.000000e+00   2.745454e-25   24
  3.678962e-01   1.792493e-24   3.996146e-09   4.589197e-25   6
  3.709088e-01   2.183979e-24   6.194064e-05   2.648720e-25   36
  3.711278e-01   2.634047e-24   0.000000e+00   4.681214e-25   24
  3.715215e-01   1.877676e-24   0.000000e+00   6.421565e-25   6
  3.749494e-01   1.790112e-24   5.629118e-05   2.154663e-25   32
  3.752417e-01   1.246004e-24   3.996146e-09   4.131037e-25   6
  3.789254e-01   2.825635e-24   0.000000e+00   5.076817e-25   12
  3.790540e-01   2.284674e-24   0.000000e+00   6.327491e-25   6
  3.829556e-01   2.421152e-24   5.651403e-09   1.144516e-24   6
