# power spectrum of delta for cdm
# redshift z=50.000000
# k              Pk             sigma(k)       sigma(Pk)      count
  6.981317e-03   1.511217e-07   0.000000e+00   6.416215e-08   6
  9.873073e-03   3.083403e-07   0.000000e+00   6.499632e-08   12
  1.209200e-02   4.855311e-07   1.324548e-10   1.044862e-07   8
  1.396263e-02   2.742543e-06   0.000000e+00   3.120763e-07   6
  1.561070e-02   2.850706e-06   0.000000e+00   9.612226e-07   24
  1.710066e-02   5.641769e-06   2.497591e-10   1.005757e-06   24
  1.974615e-02   4.184652e-06   0.000000e+00   1.992375e-06   12
  2.094395e-02   5.963496e-06   2.825702e-10   1.159204e-06   30
  2.207686e-02   9.027063e-06   0.000000e+00   2.105204e-06   24
  2.315441e-02   9.669657e-06   4.325955e-10   2.537281e-06   24
  2.418399e-02   1.297561e-05   2.649095e-10   2.781556e-06   8
  2.517150e-02   1.266456e-05   3.532127e-10   1.666213e-06   24
  2.612170e-02   1.346174e-05   0.000000e+00   2.002221e-06   48
  2.792527e-02   2.025518e-05   0.000000e+00   9.430274e-06   6
  2.878471e-02   1.769046e-05   4.995182e-10   2.623633e-06   48
  2.961922e-02   1.808221e-05   0.000000e+00   1.996649e-06   36
  3.043086e-02   2.809439e-05   3.532127e-10   6.218041e-06   24
  3.122140e-02   1.811357e-05   0.000000e+00   3.295577e-06   24
  3.199241e-02   1.751376e-05   0.000000e+00   2.518104e-06   48
  3.274528e-02   2.890581e-05   4.995182e-10   4.351256e-06   24
  3.420133e-02   2.673602e-05   4.995182e-10   4.446172e-06   24
  3.490659e-02   1.953846e-05   0.000000e+00   3.382087e-06   30
  3.559787e-02   2.233557e-05   0.000000e+00   2.597221e-06   72
  3.627599e-02   2.349013e-05   5.298191e-10   5.081115e-06   32
  3.759554e-02   3.450446e-05   0.000000e+00   4.213705e-06   72
  3.823825e-02   2.257450e-05   0.000000e+00   3.493925e-06   48
  3.949229e-02   1.314167e-05   0.000000e+00   4.131758e-06   12
  4.010461e-02   2.742721e-05   0.000000e+00   4.346882e-06   48
  4.070772e-02   2.537600e-05   0.000000e+00   2.658628e-06   48
  4.130203e-02   3.558402e-05   4.995182e-10   4.751575e-06   48
  4.188790e-02   4.468282e-05   5.651403e-10   8.270600e-06   30
  4.246569e-02   4.303344e-05   4.995182e-10   1.024629e-05   24
  4.303573e-02   4.539002e-05   1.053077e-09   4.895618e-06   72
  4.415373e-02   2.963281e-05   0.000000e+00   5.955511e-06   24
  4.470224e-02   4.616642e-05   0.000000e+00   4.789416e-06   96
  4.524411e-02   3.689522e-05   0.000000e+00   5.190266e-06   48
  4.577956e-02   3.188203e-05   8.651909e-10   8.267882e-06   24
  4.630882e-02   2.464735e-05   8.651909e-10   5.357870e-06   24
  4.683210e-02   6.036776e-05   0.000000e+00   7.785716e-06   72
  4.734960e-02   4.755937e-05   0.000000e+00   7.742050e-06   48
  4.836798e-02   4.306281e-05   5.298191e-10   1.353945e-05   8
  4.886922e-02   6.781202e-05   6.279337e-10   8.659633e-06   54
  4.936537e-02   4.651123e-05   0.000000e+00   8.483431e-06   84
  4.985658e-02   5.416200e-05   0.000000e+00   8.246339e-06   48
  5.034299e-02   3.434053e-05   7.064254e-10   6.466786e-06   24
  5.082475e-02   4.765803e-05   6.660243e-10   5.950386e-06   72
  5.130199e-02   6.445635e-05   0.000000e+00   7.721152e-06   96
  5.224339e-02   9.185023e-05   0.000000e+00   1.058782e-05   48
  5.270779e-02   5.224094e-05   0.000000e+00   5.178447e-06   48
  5.316813e-02   4.784648e-05   7.064254e-10   9.848884e-06   24
  5.362451e-02   5.502302e-05   0.000000e+00   6.296931e-06   72
  5.452583e-02   5.922780e-05   6.660243e-10   7.384569e-06   72
  5.497095e-02   6.029426e-05   0.000000e+00   7.263900e-06   96
  5.585054e-02   9.346999e-05   0.000000e+00   4.346978e-05   6
  5.628518e-02   7.440779e-05   0.000000e+00   7.721115e-06   96
  5.671649e-02   7.841189e-05   7.064254e-10   8.842954e-06   96
  5.714454e-02   5.337331e-05   0.000000e+00   1.341526e-05   24
  5.756941e-02   6.143635e-05   9.990364e-10   7.825025e-06   48
  5.799117e-02   6.423372e-05   0.000000e+00   6.833614e-06   96
  5.840989e-02   7.305730e-05   0.000000e+00   1.040774e-05   48
  5.923844e-02   7.021043e-05   0.000000e+00   1.364461e-05   36
  5.964840e-02   7.228767e-05   1.223565e-09   9.542949e-06   48
  6.005556e-02   8.139530e-05   1.384305e-09   7.690111e-06   120
  6.045998e-02   7.332486e-05   0.000000e+00   1.018318e-05   56
  6.086171e-02   4.164927e-05   7.064254e-10   7.701548e-06   24
  6.126081e-02   6.255884e-05   0.000000e+00   5.879579e-06   96
  6.165732e-02   6.713594e-05   0.000000e+00   9.133945e-06   48
  6.244280e-02   8.801062e-05   0.000000e+00   1.725904e-05   24
  6.283185e-02   9.544991e-05   0.000000e+00   1.006661e-05   102
  6.321851e-02   1.052049e-04   0.000000e+00   1.681055e-05   48
  6.360282e-02   9.515019e-05   0.000000e+00   1.009526e-05   72
  6.398483e-02   8.827796e-05   0.000000e+00   9.409475e-06   48
  6.436456e-02   9.976459e-05   0.000000e+00   1.937604e-05   48
  6.474207e-02   8.468185e-05   1.598458e-09   8.051493e-06   120
  6.549056e-02   1.307329e-04   9.990364e-10   2.300206e-05   24
  6.586161e-02   8.063088e-05   9.419006e-10   7.157895e-06   144
  6.623059e-02   8.369054e-05   1.130281e-09   8.565044e-06   120
  6.659752e-02   7.027574e-05   9.990364e-10   1.042547e-05   48
  6.732538e-02   1.030952e-04   9.990364e-10   1.452014e-05   48
  6.768638e-02   8.602333e-05   9.990364e-10   9.292612e-06   96
  6.863955e-02   1.162400e-04   1.675093e-04   1.472622e-05   72
  6.911151e-02   8.978773e-05   1.255867e-09   7.176766e-06   108
  6.946323e-02   1.060749e-04   0.000000e+00   1.197321e-05   72
  6.981317e-02   6.830835e-05   0.000000e+00   1.411311e-05   30
  7.016137e-02   1.128232e-04   0.000000e+00   9.281639e-06   168
  7.050785e-02   1.191021e-04   0.000000e+00   1.429528e-05   48
  7.119574e-02   8.152625e-05   0.000000e+00   1.015572e-05   72
  7.153721e-02   1.104690e-04   0.000000e+00   1.117543e-05   96
  7.187706e-02   1.074368e-04   1.883801e-09   1.742910e-05   72
  7.221530e-02   1.261280e-04   0.000000e+00   1.420208e-05   72
  7.278398e-02   1.178543e-04   1.546684e-04   9.412041e-06   104
  7.322067e-02   1.126037e-04   1.332049e-09   8.746238e-06   144
  7.421242e-02   8.254801e-05   2.233913e-09   8.252066e-06   96
  7.454007e-02   8.730337e-05   0.000000e+00   9.521671e-06   96
  7.506116e-02   1.238773e-04   1.591194e-04   1.208300e-05   120
  7.551449e-02   1.062709e-04   0.000000e+00   1.011089e-05   120
  7.583651e-02   1.297558e-04   0.000000e+00   1.483398e-05   72
  7.647650e-02   1.362063e-04   0.000000e+00   1.907111e-05   48
  7.679449e-02   1.402797e-04   1.505926e-09   1.720123e-05   78
  7.720128e-02   1.493576e-04   1.424762e-04   1.239187e-05   168
  7.805350e-02   1.413612e-04   1.332049e-09   1.278414e-05   144
  7.836509e-02   1.528040e-04   1.332049e-09   1.153965e-05   144
  7.926883e-02   1.373052e-04   8.205478e-05   1.260556e-05   156
  7.959926e-02   1.058988e-04   1.730382e-09   2.140912e-05   48
  7.990483e-02   1.270819e-04   1.130281e-09   1.281250e-05   120
  8.020923e-02   8.953504e-05   0.000000e+00   9.833923e-06   48
  8.074745e-02   1.383675e-04   1.255998e-04   1.013664e-05   216
  8.141545e-02   1.185070e-04   0.000000e+00   1.501970e-05   48
  8.171422e-02   1.153525e-04   9.990364e-10   1.056192e-05   96
  8.213902e-02   1.330592e-04   1.467830e-04   1.226456e-05   168
  8.260406e-02   1.080938e-04   9.990364e-10   1.631574e-05   48
  8.289855e-02   1.482002e-04   0.000000e+00   1.564534e-05   96
  8.319199e-02   1.335035e-04   0.000000e+00   2.556138e-05   48
  8.377580e-02   1.641314e-04   1.130281e-09   1.731288e-05   30
  8.406619e-02   1.080573e-04   9.990364e-10   9.293412e-06   96
  8.441325e-02   1.348991e-04   1.153584e-04   9.789834e-06   240
  8.485953e-02   2.004456e-04   1.244551e-04   3.000549e-05   32
  8.521783e-02   1.051880e-04   0.000000e+00   8.105709e-06   168
  8.550332e-02   1.259843e-04   0.000000e+00   1.290947e-05   120
  8.607146e-02   1.051676e-04   2.106154e-09   1.292852e-05   72
  8.635412e-02   1.644957e-04   1.332049e-09   1.593298e-05   144
  8.663587e-02   1.214893e-04   0.000000e+00   1.266834e-05   96
  8.691670e-02   1.562569e-04   0.000000e+00   1.320381e-05   96
  8.747565e-02   1.735740e-04   1.631420e-09   2.244931e-05   72
  8.775379e-02   1.340055e-04   1.412851e-09   1.378947e-05   96
  8.830745e-02   1.453511e-04   0.000000e+00   2.826753e-05   24
  8.858298e-02   1.538992e-04   0.000000e+00   1.162331e-05   192
  8.890745e-02   1.465441e-04   1.056148e-04   1.154240e-05   132
  8.940448e-02   1.617299e-04   0.000000e+00   1.498056e-05   96
  8.967664e-02   1.133925e-04   0.000000e+00   1.205604e-05   96
  8.994798e-02   1.478795e-04   1.130281e-09   1.299154e-05   120
  9.048821e-02   1.604272e-04   0.000000e+00   2.312427e-05   48
  9.093103e-02   1.126386e-04   1.279966e-04   7.531291e-06   222
  9.129257e-02   1.448557e-04   0.000000e+00   1.428126e-05   120
  9.155911e-02   1.495203e-04   1.730382e-09   3.175426e-05   24
  9.194720e-02   1.734889e-04   1.321111e-04   9.917359e-06   312
  9.279280e-02   1.934268e-04   1.238595e-04   2.181499e-05   72
  9.314239e-02   1.348018e-04   9.990364e-10   1.817896e-05   96
  9.350136e-02   1.677228e-04   1.261337e-04   1.369049e-05   192
  9.392401e-02   1.525027e-04   1.598458e-09   1.670825e-05   120
  9.418312e-02   1.556166e-04   0.000000e+00   1.635025e-05   144
  9.469919e-02   1.442397e-04   0.000000e+00   2.174805e-05   48
  9.506602e-02   1.408776e-04   1.268319e-04   8.803149e-06   336
  9.546807e-02   1.591819e-04   0.000000e+00   2.188630e-05   48
  9.597724e-02   1.488698e-04   0.000000e+00   1.419872e-05   192
  9.623081e-02   1.502956e-04   0.000000e+00   1.924081e-05   48
  9.695161e-02   1.570988e-04   8.803796e-05   2.004715e-05   56
  9.731001e-02   1.585746e-04   1.130706e-04   9.161859e-06   336
  9.773844e-02   1.621859e-04   1.255867e-09   2.476438e-05   54
  9.811165e-02   1.485057e-04   1.241922e-04   9.652194e-06   240
  9.888643e-02   1.540437e-04   1.189150e-04   1.246122e-05   228
  9.922316e-02   1.772708e-04   1.332049e-09   2.394879e-05   72
  9.955002e-02   1.831694e-04   1.153504e-04   1.424214e-05   144
  9.995725e-02   1.545036e-04   0.000000e+00   1.566927e-05   96
  1.002007e-01   1.550091e-04   1.598458e-09   1.052404e-05   240
  1.006860e-01   1.382484e-04   1.412851e-09   2.764801e-05   24
  1.009966e-01   1.666564e-04   1.089476e-04   1.021886e-05   336
  1.014095e-01   1.470539e-04   0.000000e+00   1.812734e-05   72
  1.017863e-01   1.938261e-04   1.185007e-04   1.473627e-05   168
  1.021279e-01   1.366553e-04   0.000000e+00   1.329078e-05   72
  1.026040e-01   2.092230e-04   0.000000e+00   2.095791e-05   96
  1.029727e-01   1.616429e-04   1.176117e-04   1.207925e-05   216
  1.033141e-01   1.298914e-04   1.412851e-09   1.030045e-05   96
  1.037847e-01   1.608210e-04   0.000000e+00   1.104533e-05   192
  1.040193e-01   1.618992e-04   1.332049e-09   1.333786e-05   144
  1.044868e-01   1.610358e-04   0.000000e+00   2.183052e-05   48
  1.048105e-01   1.774177e-04   1.133915e-04   1.285472e-05   246
  1.052503e-01   2.181357e-04   1.045488e-04   1.744673e-05   168
  1.056465e-01   1.764931e-04   1.957704e-09   1.972262e-05   120
  1.058769e-01   1.472984e-04   0.000000e+00   1.055381e-05   240
  1.063363e-01   1.139396e-04   1.412851e-09   2.443226e-05   24
  1.067022e-01   1.704744e-04   1.119102e-04   1.087004e-05   360
  1.071580e-01   1.761426e-04   1.114340e-04   1.412716e-05   120
  1.074760e-01   1.896848e-04   0.000000e+00   1.631264e-05   144
  1.077025e-01   1.995108e-04   0.000000e+00   1.803021e-05   96
  1.083792e-01   1.875044e-04   0.000000e+00   1.532312e-05   144
  1.086038e-01   2.058264e-04   0.000000e+00   1.861542e-05   132
  1.089195e-01   1.783448e-04   1.099837e-04   1.374814e-05   176
  1.093777e-01   1.821428e-04   1.110614e-04   9.933898e-06   312
  1.099419e-01   2.546807e-04   0.000000e+00   3.958484e-05   96
  1.101633e-01   1.713225e-04   0.000000e+00   1.586308e-05   144
  1.105031e-01   1.922847e-04   1.099474e-04   1.154255e-05   312
  1.110446e-01   2.115532e-04   0.000000e+00   2.203237e-05   48
  1.112639e-01   1.709587e-04   1.412851e-09   1.309324e-05   192
  1.117011e-01   7.415962e-05   0.000000e+00   2.421469e-05   6
  1.119915e-01   1.661574e-04   1.025446e-04   9.418212e-06   288
  1.124620e-01   1.705770e-04   1.083450e-04   1.295920e-05   192
  1.127866e-01   1.629395e-04   3.322713e-09   1.090734e-05   216
  1.130025e-01   2.009993e-04   0.000000e+00   2.818391e-05   72
  1.135403e-01   1.769782e-04   1.073161e-04   1.518449e-05   192
  1.138975e-01   2.212979e-04   7.968796e-05   1.396265e-05   288
  1.142891e-01   1.883096e-04   0.000000e+00   3.833492e-05   24
  1.145916e-01   2.073993e-04   1.049823e-04   1.000795e-05   456
  1.151388e-01   1.392570e-04   1.998073e-09   2.161540e-05   48
  1.154769e-01   1.974442e-04   1.034033e-04   1.477062e-05   240
  1.158655e-01   2.312003e-04   1.045007e-04   1.577715e-05   216
  1.161923e-01   1.811728e-04   0.000000e+00   2.309454e-05   72
  1.164018e-01   1.803080e-04   3.610549e-09   1.525138e-05   168
  1.169935e-01   2.159109e-04   7.767385e-05   1.404555e-05   288
  1.173253e-01   2.196154e-04   1.027758e-04   1.610103e-05   168
  1.178582e-01   2.448581e-04   0.000000e+00   1.868137e-05   192
  1.180648e-01   1.954925e-04   1.332049e-09   1.464500e-05   144
  1.184769e-01   2.715149e-04   0.000000e+00   3.617034e-05   36
  1.188264e-01   1.735038e-04   9.385617e-05   9.353652e-06   342
  1.191605e-01   2.061347e-04   9.637890e-05   1.711456e-05   144
  1.195900e-01   2.047002e-04   1.010773e-04   1.124456e-05   384
  1.201111e-01   2.470079e-04   2.768611e-09   2.428481e-05   120
  1.203690e-01   2.463698e-04   9.013158e-05   1.564981e-05   264
  1.207183e-01   2.085296e-04   4.467827e-09   1.571359e-05   192
  1.210471e-01   2.246804e-04   9.713401e-05   1.784428e-05   152
  1.213224e-01   2.092757e-04   2.664097e-09   1.965600e-05   144
  1.219012e-01   1.786819e-04   6.286607e-05   1.361051e-05   216
  1.221692e-01   2.444166e-04   8.400585e-05   1.375854e-05   312
  1.226409e-01   2.127747e-04   9.736112e-05   1.244008e-05   240
  1.229188e-01   2.486116e-04   1.412851e-09   2.681831e-05   96
  1.234463e-01   2.130613e-04   9.308426e-05   1.800926e-05   144
  1.237714e-01   2.263685e-04   9.149363e-05   1.157483e-05   456
  1.242988e-01   1.781134e-04   0.000000e+00   1.217381e-05   120
  1.244947e-01   2.006727e-04   0.000000e+00   1.915376e-05   144
  1.248856e-01   1.609740e-04   0.000000e+00   2.785999e-05   24
  1.251362e-01   2.300099e-04   8.794658e-05   1.219605e-05   336
  1.255696e-01   2.203733e-04   9.699311e-05   1.746746e-05   198
  1.259757e-01   2.313952e-04   9.432023e-05   1.327250e-05   432
  1.264370e-01   2.758026e-04   0.000000e+00   2.916366e-05   48
  1.266777e-01   2.776850e-04   8.326844e-05   1.512156e-05   384
  1.271098e-01   2.521010e-04   9.585962e-05   2.181028e-05   144
  1.275013e-01   2.780660e-04   9.517601e-05   1.888987e-05   264
  1.279697e-01   2.105689e-04   0.000000e+00   2.121042e-05   48
  1.282839e-01   2.473285e-04   9.049683e-05   1.571026e-05   276
  1.285870e-01   2.279133e-04   8.203293e-05   2.025934e-05   192
  1.289922e-01   2.370011e-04   9.218697e-05   1.040208e-05   552
  1.294841e-01   1.703060e-04   3.196917e-09   1.618806e-05   120
  1.297765e-01   2.428451e-04   9.331596e-05   1.725205e-05   216
  1.300475e-01   2.316269e-04   1.598458e-09   1.900465e-05   120
  1.305316e-01   2.774858e-04   9.189333e-05   1.446310e-05   408
  1.309811e-01   2.116720e-04   1.998073e-09   2.938369e-05   24
  1.312599e-01   2.310141e-04   9.282881e-05   1.454904e-05   384
  1.316492e-01   2.136038e-04   9.069708e-05   1.513008e-05   240
  1.319872e-01   2.324927e-04   9.136125e-05   1.679217e-05   168
  1.324612e-01   1.951966e-04   2.260561e-09   2.003296e-05   120
  1.327667e-01   2.520289e-04   9.523931e-05   1.400708e-05   350
  1.332635e-01   2.596544e-04   1.567823e-04   1.486912e-05   384
  1.335605e-01   2.825362e-04   0.000000e+00   2.805614e-05   144
  1.341067e-01   2.218413e-04   3.767602e-09   1.417917e-05   288
  1.343919e-01   2.319998e-04   8.974411e-05   1.236595e-05   336
  1.347800e-01   2.678652e-04   8.170456e-05   2.104549e-05   168
  1.350122e-01   2.608914e-04   1.614687e-09   1.715798e-05   336
  1.354927e-01   2.178737e-04   8.480446e-05   1.339530e-05   288
  1.357812e-01   2.389492e-04   7.990748e-05   1.492869e-05   264
  1.362699e-01   2.484304e-04   0.000000e+00   1.626893e-05   240
  1.364486e-01   2.470613e-04   2.825702e-09   2.174626e-05   96
  1.370900e-01   2.814294e-04   1.086688e-04   1.603174e-05   360
  1.373893e-01   2.677251e-04   8.010757e-05   2.529167e-05   168
  1.377676e-01   2.611819e-04   8.732558e-05   1.244520e-05   456
  1.382230e-01   2.402840e-04   2.511735e-09   2.223159e-05   108
  1.384792e-01   2.323633e-04   8.761995e-05   1.674539e-05   264
  1.387988e-01   2.390271e-04   7.817127e-05   1.681919e-05   264
  1.392364e-01   2.792723e-04   7.376599e-05   1.661528e-05   312
  1.397814e-01   2.781756e-04   5.481617e-05   1.933766e-05   270
  1.400098e-01   2.610093e-04   6.959603e-05   1.972136e-05   240
  1.404204e-01   2.706526e-04   8.609907e-05   1.483586e-05   384
  1.406696e-01   2.244736e-04   0.000000e+00   1.559947e-05   192
  1.411539e-01   2.867217e-04   6.908303e-05   2.195930e-05   240
  1.414347e-01   2.723191e-04   8.525963e-05   1.574399e-05   336
  1.419630e-01   2.739228e-04   8.583011e-05   1.252133e-05   480
  1.423915e-01   2.814508e-04   0.000000e+00   3.266692e-05   72
  1.426309e-01   2.822606e-04   8.369217e-05   2.065685e-05   240
  1.429564e-01   2.458946e-04   7.865917e-05   1.438020e-05   312
  1.433297e-01   2.308855e-04   8.501169e-05   1.614550e-05   240
  1.438936e-01   2.694182e-04   6.458688e-05   1.410994e-05   408
  1.441169e-01   2.526540e-04   5.914602e-05   1.518317e-05   336
  1.445532e-01   2.675131e-04   7.510087e-05   2.056694e-05   264
  1.447677e-01   2.903918e-04   0.000000e+00   2.514563e-05   144
  1.453643e-01   2.662057e-04   1.040943e-04   1.413744e-05   464
  1.456786e-01   2.069427e-04   8.277629e-05   1.535165e-05   168
  1.459889e-01   3.124048e-04   7.539115e-05   1.806144e-05   336
  1.465498e-01   2.673794e-04   7.921315e-05   1.532942e-05   414
  1.468660e-01   3.224064e-04   8.245619e-05   2.280266e-05   216
  1.472710e-01   3.337397e-04   1.998073e-09   3.623167e-05   96
  1.474364e-01   2.623572e-04   5.994218e-09   1.363882e-05   384
  1.480158e-01   2.858487e-04   8.229688e-05   1.471011e-05   492
  1.483263e-01   2.420771e-04   8.047930e-05   1.539025e-05   240
  1.486772e-01   2.322653e-04   8.171468e-05   1.346031e-05   312
  1.491618e-01   2.427385e-04   8.168777e-05   1.890208e-05   192
  1.494688e-01   2.781719e-04   7.916535e-05   1.355533e-05   504
  1.498761e-01   2.717979e-04   5.240881e-05   1.613660e-05   408
  1.501968e-01   2.947531e-04   1.605609e-04   2.471608e-05   168
  1.505981e-01   2.689094e-04   7.626782e-05   1.839644e-05   288
  1.509348e-01   2.538258e-04   7.959200e-05   1.793482e-05   288
  1.512797e-01   2.605604e-04   8.005014e-05   1.363658e-05   432
  1.517801e-01   2.953618e-04   7.570076e-05   2.045548e-05   216
  1.520474e-01   2.653862e-04   7.554106e-05   1.402571e-05   360
  1.525234e-01   2.942266e-04   7.372735e-05   1.787407e-05   312
  1.529530e-01   3.482541e-04   0.000000e+00   5.789272e-05   48
  1.532006e-01   2.674790e-04   7.904634e-05   1.403541e-05   432
  1.536441e-01   2.495757e-04   1.318501e-04   1.254759e-05   414
  1.539060e-01   2.636941e-04   6.955573e-09   1.621580e-05   312
  1.543946e-01   2.859156e-04   1.156911e-04   1.397493e-05   528
  1.547243e-01   2.983666e-04   6.072803e-05   2.188528e-05   264
  1.551204e-01   2.704852e-04   7.200680e-05   1.470374e-05   480
  1.556380e-01   2.734500e-04   0.000000e+00   1.554720e-05   288
  1.558615e-01   2.893161e-04   7.736908e-05   2.577385e-05   168
  1.562704e-01   2.886788e-04   1.224750e-04   1.313493e-05   504
  1.567302e-01   3.484835e-04   2.664097e-09   2.853766e-05   144
  1.570194e-01   2.562865e-04   7.865832e-05   1.247232e-05   464
  1.574541e-01   2.354275e-04   1.154355e-04   1.185022e-05   432
  1.576603e-01   3.103416e-04   1.998073e-09   2.235545e-05   192
  1.581934e-01   2.515219e-04   8.557628e-05   1.192938e-05   396
  1.585082e-01   2.641978e-04   7.687110e-05   1.681200e-05   288
  1.588263e-01   2.687681e-04   7.593549e-05   1.584208e-05   336
  1.593345e-01   2.560203e-04   4.808388e-05   1.253012e-05   432
  1.596570e-01   2.835647e-04   1.246267e-04   1.557185e-05   360
  1.600192e-01   2.766282e-04   7.371853e-05   1.347606e-05   384
  1.605335e-01   2.346298e-04   6.507077e-05   1.803449e-05   198
  1.607813e-01   2.741957e-04   7.396430e-05   1.182996e-05   552
  1.612434e-01   2.488904e-04   1.035450e-04   1.601048e-05   432
  1.616292e-01   3.026610e-04   0.000000e+00   2.407884e-05   168
  1.619530e-01   2.940372e-04   1.283579e-04   1.484147e-05   480
  1.623813e-01   2.116800e-04   0.000000e+00   2.066777e-05   120
  1.625741e-01   2.693132e-04   1.048372e-04   1.808771e-05   336
  1.630445e-01   2.804743e-04   7.396097e-05   1.115315e-05   672
  1.635097e-01   2.957679e-04   1.075863e-04   1.420532e-05   528
  1.637264e-01   2.422085e-04   3.229373e-09   1.627570e-05   168
  1.642270e-01   2.842630e-04   1.200118e-04   1.356300e-05   456
  1.645324e-01   3.351026e-04   7.329223e-05   3.721506e-05   168
  1.648495e-01   2.922062e-04   7.316065e-05   1.588239e-05   504
  1.653766e-01   2.546627e-04   9.414654e-05   1.608348e-05   336
  1.656953e-01   3.180110e-04   6.786851e-05   1.875412e-05   312
  1.660489e-01   2.955611e-04   6.631214e-05   1.511482e-05   504
  1.665141e-01   2.755201e-04   4.600920e-05   1.243277e-05   432
  1.667329e-01   2.468279e-04   7.109945e-05   1.428022e-05   312
  1.671876e-01   2.636585e-04   7.288039e-05   1.320595e-05   384
  1.676624e-01   3.178050e-04   6.192036e-05   3.344366e-05   126
  1.679555e-01   2.833836e-04   1.087174e-04   1.426837e-05   492
  1.683299e-01   3.028867e-04   6.963360e-05   1.463759e-05   528
  1.687978e-01   2.768326e-04   7.073279e-05   1.360892e-05   480
  1.690879e-01   3.146898e-04   9.771696e-05   1.697151e-05   432
  1.695076e-01   3.139671e-04   7.684145e-05   1.622179e-05   440
  1.699951e-01   2.951043e-04   3.821294e-05   1.759323e-05   312
  1.701781e-01   2.948468e-04   5.726529e-05   1.924450e-05   480
  1.705533e-01   2.860142e-04   1.121243e-04   1.693409e-05   408
  1.711016e-01   3.083045e-04   6.714979e-05   1.720290e-05   360
  1.713332e-01   2.775262e-04   6.479710e-05   1.502968e-05   408
  1.717625e-01   2.617963e-04   6.593925e-05   1.290724e-05   456
  1.722458e-01   3.084352e-04   6.302169e-05   1.887974e-05   264
  1.725141e-01   2.885675e-04   6.839435e-05   1.774167e-05   384
  1.729046e-01   2.903636e-04   1.151467e-04   1.298442e-05   672
  1.733561e-01   3.053924e-04   6.887260e-05   2.444886e-05   240
  1.736166e-01   2.889112e-04   6.988846e-05   1.714396e-05   264
  1.739843e-01   2.371819e-04   8.619588e-05   1.093055e-05   624
  1.745329e-01   2.896461e-04   0.000000e+00   2.474122e-05   150
  1.747283e-01   3.307291e-04   9.658929e-05   1.615103e-05   600
  1.751402e-01   2.777005e-04   6.666345e-05   1.285942e-05   672
  1.756067e-01   2.902620e-04   6.270167e-05   1.913461e-05   336
  1.758666e-01   3.302882e-04   6.820115e-05   1.927248e-05   408
  1.762818e-01   2.959072e-04   6.804049e-05   1.791165e-05   408
  1.767436e-01   2.821907e-04   3.440492e-05   1.587205e-05   360
  1.770283e-01   3.185362e-04   1.263238e-04   1.729201e-05   456
  1.773722e-01   2.892397e-04   6.869566e-05   1.556659e-05   384
  1.778099e-01   3.060427e-04   6.341480e-05   1.527747e-05   348
  1.780464e-01   3.113916e-04   7.817791e-05   1.507717e-05   576
  1.784907e-01   2.967906e-04   6.436923e-05   1.439071e-05   504
  1.789452e-01   2.984244e-04   9.078907e-05   1.566792e-05   432
  1.793419e-01   2.741377e-04   1.235181e-04   1.138125e-05   576
  1.796248e-01   2.856894e-04   0.000000e+00   1.882100e-05   264
  1.800736e-01   3.000022e-04   9.828954e-05   1.157913e-05   768
  1.804640e-01   3.083766e-04   1.323290e-04   2.165719e-05   240
  1.807743e-01   2.799922e-04   1.167016e-04   2.441636e-05   192
  1.812263e-01   2.824463e-04   8.590664e-05   1.272140e-05   504
  1.815615e-01   2.952672e-04   1.157624e-04   1.560791e-05   590
  1.818830e-01   3.033744e-04   1.297055e-04   1.762977e-05   384
  1.822861e-01   3.012003e-04   1.083956e-04   1.567499e-05   504
  1.827729e-01   3.397599e-04   1.043140e-04   1.451789e-05   648
  1.832449e-01   2.986227e-04   2.833030e-05   1.526620e-05   504
  1.834353e-01   3.125933e-04   6.462673e-05   1.729424e-05   312
  1.837714e-01   2.995404e-04   9.311123e-05   1.332713e-05   576
  1.842327e-01   3.239300e-04   6.479663e-05   2.538752e-05   240
  1.845017e-01   2.885356e-04   6.547387e-05   1.352066e-05   552
  1.848823e-01   3.383361e-04   6.147846e-05   1.703117e-05   600
  1.854246e-01   3.086635e-04   7.509108e-05   1.372058e-05   600
  1.857506e-01   3.237320e-04   1.202524e-04   2.018918e-05   312
  1.860753e-01   3.408102e-04   1.047280e-04   1.704831e-05   480
  1.864809e-01   3.257638e-04   6.534019e-05   1.623931e-05   576
  1.868380e-01   3.540206e-04   1.052119e-04   2.293388e-05   408
  1.871548e-01   2.637942e-04   1.227345e-04   1.657078e-05   216
  1.875642e-01   2.830048e-04   9.400084e-05   1.456954e-05   516
  1.880028e-01   3.292774e-04   8.968636e-05   1.382835e-05   744
  1.884552e-01   3.244528e-04   5.990257e-05   1.651111e-05   462
  1.887109e-01   3.235227e-04   6.088230e-05   1.772309e-05   432
  1.891075e-01   3.538075e-04   5.648168e-05   1.457098e-05   648
  1.895737e-01   3.478129e-04   8.264320e-05   1.748243e-05   528
  1.899483e-01   3.029407e-04   9.952305e-05   1.342077e-05   600
  1.903225e-01   3.782396e-04   1.254725e-04   3.802650e-05   240
  1.906850e-01   3.057726e-04   9.611075e-05   1.273869e-05   720
  1.911062e-01   3.471318e-04   7.604100e-05   1.378046e-05   720
  1.915732e-01   2.343630e-04   0.000000e+00   1.767593e-05   144
  1.918190e-01   3.203638e-04   9.803961e-05   1.287527e-05   720
  1.921686e-01   3.744686e-04   5.878648e-05   2.073387e-05   384
  1.926063e-01   3.192597e-04   6.516793e-05   1.392819e-05   672
  1.930215e-01   3.565570e-04   1.141019e-04   2.350126e-05   336
  1.932199e-01   3.736442e-04   0.000000e+00   2.731947e-05   288
  1.937055e-01   3.077588e-04   9.030399e-05   1.187540e-05   776
  1.941551e-01   3.326809e-04   7.726878e-05   1.330567e-05   720
  1.945327e-01   3.128491e-04   6.224567e-05   1.709769e-05   432
  1.948347e-01   3.515195e-04   8.873905e-05   2.395454e-05   504
  1.951706e-01   3.084109e-04   6.217429e-05   1.555539e-05   528
  1.956407e-01   3.291845e-04   8.470885e-05   1.726434e-05   438
  1.960275e-01   3.234083e-04   9.859335e-05   1.586522e-05   624
  1.963189e-01   3.641217e-04   1.207635e-04   2.199945e-05   312
  1.967196e-01   3.731885e-04   6.506437e-05   1.497304e-05   696
  1.971339e-01   3.402060e-04   5.887146e-05   1.710785e-05   552
  1.975648e-01   3.108541e-04   4.554687e-05   1.473438e-05   516
  1.978313e-01   3.550158e-04   9.097645e-05   1.873078e-05   528
  1.981558e-01   2.822136e-04   5.916447e-05   1.386996e-05   528
  1.986168e-01   3.362202e-04   7.802593e-05   1.416457e-05   864
  1.989297e-01   3.131059e-04   1.068795e-04   1.782397e-05   408
  1.992429e-01   3.770254e-04   1.058911e-04   2.541785e-05   192
  1.996868e-01   3.227473e-04   8.762994e-05   1.349082e-05   720
  2.000615e-01   2.962958e-04   8.079911e-05   1.228978e-05   696
  2.005068e-01   3.349818e-04   8.726379e-05   1.339142e-05   720
  2.009142e-01   3.223005e-04   1.182756e-04   1.703284e-05   432
  2.011518e-01   2.864660e-04   6.962164e-05   1.944106e-05   264
  2.015793e-01   3.318444e-04   9.614441e-05   1.365361e-05   672
  2.019616e-01   3.416920e-04   9.843711e-05   1.549566e-05   600
  2.024154e-01   2.847839e-04   5.763483e-05   1.867516e-05   270
  2.026441e-01   3.252191e-04   8.675648e-05   1.665770e-05   528
  2.030077e-01   3.742036e-04   5.940776e-05   1.502829e-05   840
  2.035062e-01   3.668999e-04   1.135983e-04   1.459967e-05   888
  2.039669e-01   3.184973e-04   8.463909e-05   1.273277e-05   744
  2.043562e-01   3.800778e-04   4.349214e-05   2.089157e-05   456
  2.045498e-01   3.927715e-04   5.943469e-05   2.068211e-05   360
  2.048811e-01   3.111362e-04   5.149682e-05   1.780657e-05   384
  2.053895e-01   3.448032e-04   8.260041e-05   1.306136e-05   816
  2.057710e-01   3.504980e-04   1.198416e-04   1.284452e-05   824
  2.062346e-01   3.319734e-04   5.570811e-05   2.095479e-05   360
  2.064829e-01   4.003485e-04   8.220424e-05   1.738049e-05   624
  2.068246e-01   3.313931e-04   5.554917e-05   1.909734e-05   360
  2.072798e-01   3.367715e-04   7.556319e-05   1.294848e-05   876
  2.076909e-01   3.206134e-04   8.974647e-05   1.493317e-05   696
  2.081055e-01   3.411782e-04   5.795238e-05   2.072879e-05   336
  2.083228e-01   3.809873e-04   5.788726e-05   2.271459e-05   504
  2.086818e-01   3.324057e-04   5.838888e-05   1.599915e-05   672
  2.092144e-01   3.068762e-04   1.162387e-04   1.238011e-05   720
  2.095838e-01   3.233384e-04   8.780591e-05   1.423528e-05   774
  2.099915e-01   3.927286e-04   5.025783e-05   2.623415e-05   384
  2.102050e-01   3.837171e-04   9.671763e-05   2.137026e-05   528
  2.105364e-01   3.580989e-04   9.217729e-05   1.473662e-05   744
  2.110694e-01   3.937892e-04   7.602671e-05   1.726854e-05   768
  2.114233e-01   3.481292e-04   8.534571e-05   1.812369e-05   552
  2.118649e-01   3.213728e-04   9.301717e-05   1.332612e-05   696
  2.121934e-01   3.943736e-04   1.130320e-04   2.360199e-05   408
  2.124541e-01   3.633632e-04   4.883074e-05   1.867002e-05   504
  2.128675e-01   3.360386e-04   8.772259e-05   1.435557e-05   888
  2.132743e-01   3.153395e-04   9.116913e-05   1.524911e-05   648
  2.136971e-01   3.205682e-04   9.038766e-05   1.397459e-05   648
  2.140948e-01   3.341340e-04   9.746006e-05   1.373481e-05   792
  2.145162e-01   3.145387e-04   1.425907e-04   1.444756e-05   600
  2.148267e-01   2.950311e-04   9.663487e-05   1.541843e-05   456
  2.151535e-01   3.458487e-04   4.709572e-05   1.541712e-05   648
  2.155732e-01   3.114761e-04   9.184351e-05   1.121308e-05   936
  2.160264e-01   3.681414e-04   5.640375e-05   1.950162e-05   384
  2.164208e-01   9.395337e-08   4.745948e-09   9.102789e-09   198
  2.167253e-01   8.926120e-08   1.431011e-04   3.352521e-09   1224
  2.170537e-01   7.337760e-08   1.042217e-04   4.667997e-09   420
  2.174420e-01   8.440954e-08   1.008648e-04   3.927376e-09   792
  2.178218e-01   8.812133e-08   8.340657e-05   4.204401e-09   680
  2.182552e-01   9.228442e-08   7.658783e-05   5.030817e-09   600
  2.186039e-01   9.042494e-08   1.110734e-04   3.806868e-09   840
  2.190695e-01   1.016481e-07   5.244369e-05   5.974153e-09   432
  2.192474e-01   8.968237e-08   4.914665e-05   4.142140e-09   720
  2.196343e-01   9.046022e-08   9.843213e-05   3.558308e-09   960
  2.201154e-01   1.036052e-07   8.774504e-05   6.186003e-09   528
  2.204670e-01   9.407971e-08   8.969217e-05   4.448560e-09   624
  2.208855e-01   9.419730e-08   7.049743e-05   4.270965e-09   816
  2.213008e-01   8.299422e-08   1.159345e-04   4.139098e-09   696
  2.217599e-01   9.684932e-08   7.830814e-09   7.983183e-09   240
  2.219325e-01   1.035382e-07   6.836935e-05   4.598117e-09   672
  2.223177e-01   8.881422e-08   1.221858e-04   3.501314e-09   864
  2.227499e-01   9.830015e-08   9.375778e-05   3.980053e-09   816
  2.231394e-01   9.581076e-08   5.366372e-05   4.598345e-09   648
  2.235589e-01   9.383048e-08   5.485410e-05   3.770802e-09   843
  2.239151e-01   9.822753e-08   9.869601e-05   4.694725e-09   780
  2.243395e-01   1.059656e-07   5.295844e-05   8.037870e-09   216
  2.246013e-01   8.993436e-08   1.277035e-04   3.281062e-09   1056
  2.250039e-01   1.219391e-07   1.044758e-04   8.889709e-09   228
  2.253767e-01   9.370294e-08   1.300750e-04   3.792742e-09   924
  2.257594e-01   8.768267e-08   4.825052e-05   3.649312e-09   696
  2.261647e-01   9.648194e-08   8.587211e-05   3.716480e-09   996
  2.265793e-01   1.000087e-07   5.069718e-05   4.915324e-09   576
  2.270107e-01   1.038848e-07   7.824775e-05   5.563389e-09   552
  2.273251e-01   9.915731e-08   9.342507e-05   5.332736e-09   516
  2.276442e-01   9.694584e-08   1.358594e-04   4.133886e-09   744
  2.280088e-01   1.181450e-07   6.664715e-05   6.462243e-09   576
  2.283260e-01   9.335160e-08   6.859680e-05   3.615033e-09   792
  2.287768e-01   9.615114e-08   7.841886e-05   3.939179e-09   792
  2.291071e-01   1.015795e-07   8.457391e-05   4.208412e-09   720
  2.295538e-01   9.306040e-08   9.639481e-05   4.026644e-09   656
  2.299724e-01   9.750837e-08   1.052581e-04   4.019623e-09   816
  2.304015e-01   1.028124e-07   5.675340e-05   5.218934e-09   492
  2.306454e-01   1.035813e-07   8.164378e-05   5.014777e-09   552
  2.311032e-01   1.038809e-07   1.419686e-04   5.297199e-09   780
  2.314005e-01   9.832205e-08   8.720963e-05   5.023992e-09   528
  2.317208e-01   1.027964e-07   1.018002e-04   4.734937e-09   600
  2.321929e-01   1.012306e-07   8.460399e-05   3.617542e-09   900
  2.325183e-01   1.058128e-07   4.683822e-05   4.421813e-09   696
  2.329660e-01   1.090024e-07   1.184322e-04   4.708562e-09   696
  2.333991e-01   1.167777e-07   4.804683e-05   5.592143e-09   552
  2.337633e-01   9.003228e-08   5.587403e-05   3.941712e-09   708
  2.341448e-01   1.113376e-07   9.225121e-05   4.651799e-09   876
  2.345418e-01   9.775563e-08   4.898356e-05   7.465537e-09   216
  2.348082e-01   9.517574e-08   1.339767e-04   3.419645e-09   1032
  2.352071e-01   1.102844e-07   1.491682e-04   5.254450e-09   600
  2.356212e-01   1.177349e-07   7.117755e-05   5.146630e-09   600
  2.359371e-01   1.040192e-07   1.256929e-04   5.781144e-09   528
  2.363105e-01   1.058234e-07   6.899988e-05   4.119998e-09   732
  2.367039e-01   8.758285e-08   5.095015e-05   4.437804e-09   336
  2.371566e-01   1.070342e-07   7.261407e-05   3.960428e-09   912
  2.374950e-01   1.034725e-07   7.288252e-05   4.556581e-09   624
  2.378647e-01   1.073785e-07   6.141657e-05   4.425491e-09   768
  2.382963e-01   1.178835e-07   1.108076e-04   4.885754e-09   792
  2.387198e-01   1.057793e-07   5.493383e-05   5.182018e-09   660
  2.390212e-01   1.033335e-07   8.095383e-05   5.225254e-09   504
  2.393329e-01   1.178287e-07   1.322631e-04   6.348346e-09   480
  2.398000e-01   9.338970e-08   1.223261e-04   3.550336e-09   912
  2.401658e-01   1.216025e-07   1.362291e-04   7.340426e-09   432
  2.405113e-01   9.731330e-08   8.088962e-05   4.640618e-09   564
  2.408180e-01   1.075354e-07   7.742251e-05   4.730192e-09   600
  2.412498e-01   1.062797e-07   1.079196e-04   4.027854e-09   876
  2.415741e-01   1.207439e-07   4.852393e-05   7.989707e-09   264
  2.420212e-01   1.224828e-07   9.415549e-05   5.871087e-09   560
  2.423806e-01   1.069892e-07   6.398069e-05   3.864190e-09   840
  2.428168e-01   1.149683e-07   9.863978e-05   4.342046e-09   1008
  2.432202e-01   1.312690e-07   4.412481e-05   6.343223e-09   456
  2.435886e-01   1.220986e-07   5.715745e-05   5.382257e-09   576
  2.439292e-01   1.183611e-07   8.782853e-05   5.385433e-09   612
  2.443783e-01   1.105929e-07   7.844513e-05   4.636748e-09   780
  2.447447e-01   1.144953e-07   8.989453e-05   4.922100e-09   648
  2.451197e-01   1.292667e-07   4.189201e-05   8.910337e-09   312
  2.453594e-01   1.211879e-07   1.064407e-04   6.054533e-09   528
  2.457747e-01   1.120365e-07   1.390063e-04   4.854933e-09   720
  2.461718e-01   1.102286e-07   1.394416e-04   5.088445e-09   576
  2.466533e-01   1.167160e-07   1.202863e-04   5.586423e-09   444
  2.469529e-01   1.195436e-07   1.179621e-04   4.198177e-09   996
  2.473200e-01   1.122932e-07   9.853387e-05   6.005386e-09   432
  2.476669e-01   1.195820e-07   1.078752e-04   6.046681e-09   504
  2.479666e-01   1.345691e-07   4.863583e-05   6.269542e-09   504
  2.483934e-01   1.273595e-07   9.571589e-05   5.310704e-09   876
  2.487796e-01   1.193850e-07   1.101599e-04   6.052379e-09   504
  2.491817e-01   1.103894e-07   7.025420e-05   4.559269e-09   696
  2.495140e-01   1.343604e-07   6.005997e-05   6.757774e-09   492
  2.499662e-01   1.151959e-07   8.597875e-05   6.137848e-09   432
  2.503011e-01   1.213004e-07   8.050968e-05   4.664438e-09   768
  2.506981e-01   1.140983e-07   1.002856e-04   5.601484e-09   648
  2.510772e-01   1.104538e-07   6.542561e-05   5.334960e-09   456
  2.515128e-01   1.122499e-07   8.997083e-05   5.213022e-09   552
  2.518153e-01   1.203728e-07   6.166608e-05   6.047166e-09   648
  2.522317e-01   1.167493e-07   1.005122e-04   4.320193e-09   840
  2.526384e-01   1.323976e-07   4.793217e-05   7.190474e-09   432
  2.530455e-01   1.122395e-07   5.870872e-05   4.981591e-09   600
  2.533287e-01   1.283761e-07   6.255029e-05   7.601192e-09   432
  2.538044e-01   1.185567e-07   6.227491e-05   5.930521e-09   560
  2.541265e-01   1.242201e-07   9.857465e-05   5.004278e-09   840
  2.545299e-01   1.315591e-07   5.838720e-05   6.280668e-09   504
  2.548502e-01   1.175923e-07   1.191648e-04   5.169089e-09   696
  2.553018e-01   1.308822e-07   6.508356e-05   7.361535e-09   384
  2.556535e-01   1.142362e-07   9.533975e-05   5.117550e-09   576
  2.560789e-01   1.163590e-07   5.883893e-05   7.844697e-09   360
  2.564218e-01   1.189221e-07   8.762544e-05   5.351147e-09   828
  2.567917e-01   1.239719e-07   7.804673e-05   6.678091e-09   372
  2.571307e-01   1.266025e-07   1.191923e-04   5.886691e-09   576
  2.575797e-01   1.272419e-07   4.991761e-05   5.675993e-09   636
  2.578996e-01   1.205849e-07   9.622826e-05   5.409953e-09   648
  2.583323e-01   1.386850e-07   7.822306e-05   6.903323e-09   576
  2.586430e-01   1.224781e-07   1.261820e-04   6.145687e-09   528
  2.590561e-01   1.150254e-07   5.394804e-05   6.816948e-09   360
  2.593981e-01   1.195602e-07   1.241007e-04   5.020578e-09   672
  2.598446e-01   1.198755e-07   6.356642e-05   4.839398e-09   804
  2.602163e-01   1.373452e-07   7.012137e-05   7.997168e-09   408
  2.606274e-01   1.132035e-07   4.334263e-05   5.601363e-09   384
  2.609042e-01   1.166740e-07   9.918459e-05   6.489048e-09   480
  2.612947e-01   1.239355e-07   6.408778e-05   6.304900e-09   432
  2.616692e-01   1.409832e-07   1.181001e-04   6.085980e-09   648
  2.621125e-01   1.295668e-07   7.328056e-05   6.374672e-09   624
  2.624367e-01   1.327014e-07   6.665485e-05   7.994017e-09   456
  2.628795e-01   1.194910e-07   9.105646e-05   6.739372e-09   588
  2.631762e-01   1.148646e-07   5.809364e-05   5.346692e-09   600
  2.636094e-01   1.208624e-07   9.061183e-05   4.845878e-09   708
  2.639516e-01   1.097654e-07   5.708370e-05   6.307219e-09   360
  2.643298e-01   1.289505e-07   6.561923e-05   6.694303e-09   552
  2.646923e-01   1.200445e-07   4.603344e-05   8.732613e-09   288
  2.650603e-01   1.131631e-07   8.655546e-05   5.317961e-09   528
  2.654060e-01   1.165556e-07   5.839431e-05   5.821308e-09   456
  2.657924e-01   1.252974e-07   1.035458e-04   5.647267e-09   608
  2.661809e-01   1.148263e-07   5.009661e-05   5.731958e-09   504
  2.666055e-01   1.131920e-07   1.075546e-04   6.167592e-09   540
  2.669384e-01   1.380133e-07   1.154568e-04   9.140937e-09   360
  2.672972e-01   1.414036e-07   5.228475e-05   6.687737e-09   540
  2.676146e-01   1.268531e-07   4.489266e-05   6.292889e-09   576
  2.680762e-01   1.220082e-07   1.040909e-04   5.473532e-09   588
  2.685150e-01   1.274685e-07   1.436140e-04   5.999766e-09   672
  2.688920e-01   1.404809e-07   1.097654e-04   7.257898e-09   552
  2.691959e-01   9.888012e-08   1.098209e-04   9.012514e-09   144
  2.695837e-01   1.290655e-07   9.330411e-05   6.082203e-09   600
  2.699514e-01   1.145909e-07   1.169304e-04   5.954249e-09   504
  2.703595e-01   1.245393e-07   1.201111e-04   8.738469e-09   336
  2.707887e-01   1.233942e-07   1.350054e-04   5.333370e-09   600
  2.711731e-01   1.233270e-07   8.712810e-05   5.803781e-09   636
  2.715880e-01   1.283607e-07   7.005178e-05   9.682409e-09   384
  2.718789e-01   1.295174e-07   9.771396e-05   7.926231e-09   504
  2.722982e-01   1.297959e-07   4.100918e-05   9.283632e-09   240
  2.726291e-01   1.305140e-07   9.633639e-05   5.196351e-09   744
  2.730261e-01   1.195070e-07   6.578310e-05   5.652702e-09   648
  2.733790e-01   1.782717e-07   4.366878e-05   1.646988e-08   120
  2.737925e-01   1.152828e-07   6.859799e-05   5.054213e-09   564
  2.741050e-01   1.440264e-07   1.077373e-04   7.933297e-09   432
  2.745220e-01   1.119554e-07   8.362543e-05   7.125766e-09   480
  2.748361e-01   1.037041e-07   6.155045e-05   6.073669e-09   456
  2.752067e-01   1.245945e-07   1.018569e-04   7.184036e-09   444
  2.756274e-01   1.214304e-07   1.558464e-04   6.203097e-09   528
  2.759969e-01   1.274263e-07   1.157439e-04   1.069352e-08   264
  2.763555e-01   1.207020e-07   1.186203e-04   6.681121e-09   444
  2.768379e-01   1.280671e-07   1.299311e-04   5.631496e-09   696
  2.772383e-01   1.293895e-07   6.949148e-05   7.639797e-09   384
  2.775311e-01   1.339287e-07   8.780831e-05   7.486615e-09   432
  2.779866e-01   1.594076e-07   6.067143e-05   1.046326e-08   488
  2.782823e-01   1.420279e-07   9.143939e-05   7.013650e-09   480
  2.787111e-01   1.217295e-07   1.019738e-04   7.322630e-09   480
  2.790432e-01   1.203753e-07   4.278510e-05   7.661764e-09   240
  2.794202e-01   1.288320e-07   9.994261e-05   6.461370e-09   600
  2.797758e-01   1.206826e-07   8.708975e-05   8.172601e-09   288
  2.801544e-01   1.301430e-07   8.377397e-05   7.688936e-09   480
  2.805379e-01   1.098684e-07   1.490189e-04   6.333644e-09   504
  2.809155e-01   1.542220e-07   6.393839e-05   1.082122e-08   216
  2.813970e-01   1.337973e-07   1.046773e-04   7.994244e-09   504
  2.817720e-01   1.209098e-07   8.419242e-05   7.044248e-09   456
  2.821825e-01   1.699592e-07   4.828579e-05   1.100059e-08   384
  2.824544e-01   1.574340e-07   9.800271e-05   9.255109e-09   480
  2.828408e-01   1.164125e-07   8.605736e-05   6.939054e-09   504
  2.831988e-01   1.395429e-07   5.458940e-05   9.555480e-09   312
  2.835845e-01   1.317857e-07   8.796897e-05   8.005214e-09   492
  2.839260e-01   1.383309e-07   8.245044e-05   8.163410e-09   312
  2.843655e-01   1.204708e-07   1.339342e-04   5.263745e-09   576
  2.847524e-01   1.483547e-07   1.236321e-04   1.148308e-08   336
  2.850738e-01   1.015591e-07   9.519099e-05   7.676821e-09   240
  2.855192e-01   1.284591e-07   1.261991e-04   7.568585e-09   468
  2.859039e-01   1.263117e-07   7.901891e-05   1.303816e-08   192
  2.863065e-01   1.059620e-07   7.925442e-05   7.534550e-09   324
  2.866016e-01   1.258521e-07   5.752155e-05   6.839361e-09   600
  2.870037e-01   1.239592e-07   9.332283e-05   6.921102e-09   456
  2.873023e-01   1.385087e-07   4.197661e-05   9.405002e-09   336
  2.877972e-01   1.283884e-07   1.256898e-04   6.730590e-09   612
  2.881573e-01   8.529461e-08   1.054844e-04   1.132054e-08   144
  2.884978e-01   1.394717e-07   1.231274e-04   7.671663e-09   552
  2.889609e-01   9.831402e-08   4.848907e-05   5.966490e-09   264
  2.892225e-01   1.165651e-07   1.122646e-04   8.358948e-09   336
  2.896353e-01   1.151860e-07   7.418058e-05   6.650626e-09   384
  2.899932e-01   1.124516e-07   4.175634e-05   1.016763e-08   216
  2.903894e-01   1.051170e-07   8.853205e-05   7.401760e-09   344
  2.907507e-01   9.766240e-08   1.320940e-04   6.128194e-09   408
  2.911910e-01   1.207733e-07   1.015056e-04   1.100272e-08   264
  2.915811e-01   1.157522e-07   1.415038e-04   6.001330e-09   612
  2.919709e-01   1.410651e-07   7.282870e-05   9.162629e-09   408
  2.923718e-01   1.112973e-07   7.293338e-05   8.266990e-09   444
  2.926663e-01   1.883930e-07   4.079109e-05   1.791680e-08   120
  2.930609e-01   1.323945e-07   1.126983e-04   9.798899e-09   336
  2.933538e-01   1.143364e-07   3.916222e-05   8.534023e-09   288
  2.937496e-01   1.177054e-07   1.218735e-04   6.193710e-09   552
  2.942938e-01   1.309931e-07   6.525678e-09   1.863281e-08   72
  2.945736e-01   1.183776e-07   1.210514e-04   6.841246e-09   504
  2.949004e-01   7.942112e-08   3.895317e-05   7.323140e-09   216
  2.953239e-01   1.060008e-07   6.954821e-05   7.885606e-09   312
  2.957040e-01   8.846418e-08   7.919158e-05   6.048921e-09   336
  2.960663e-01   1.015741e-07   1.097684e-04   8.668706e-09   204
  2.964271e-01   1.624969e-07   1.275676e-04   1.097808e-08   504
  2.968098e-01   1.484279e-07   1.214810e-04   9.450113e-09   396
  2.971778e-01   1.183281e-07   1.114044e-04   8.919549e-09   312
  2.976240e-01   1.577865e-07   6.808000e-05   1.439430e-08   216
  2.979383e-01   1.198191e-07   3.694832e-05   1.307845e-08   168
  2.983203e-01   1.211751e-07   9.329657e-05   6.478932e-09   588
  2.987563e-01   9.288593e-08   1.266392e-04   7.709264e-09   240
  2.990950e-01   9.445126e-08   1.118436e-04   8.756428e-09   264
  2.994922e-01   1.179074e-07   1.383176e-04   1.038475e-08   288
  2.998446e-01   1.286787e-07   6.907007e-05   1.092135e-08   288
  3.002913e-01   9.090317e-08   6.486779e-05   6.998225e-09   288
  3.005921e-01   1.107465e-07   7.514392e-05   8.707613e-09   192
  3.009705e-01   8.476274e-08   7.996067e-05   6.524989e-09   264
  3.013310e-01   1.733080e-07   1.315242e-04   1.234632e-08   372
  3.017189e-01   1.689372e-07   1.420518e-04   1.594841e-08   360
  3.021924e-01   1.508278e-07   6.011768e-05   2.127210e-08   144
  3.024371e-01   9.097332e-08   8.350082e-05   8.902593e-09   296
  3.028234e-01   1.086260e-07   8.996782e-05   1.035492e-08   288
  3.032657e-01   1.178720e-07   1.344546e-04   7.392218e-09   480
  3.036471e-01   1.044145e-07   1.117190e-04   1.704925e-08   192
  3.040181e-01   1.323852e-07   1.198338e-04   1.106860e-08   192
  3.043553e-01   9.529199e-08   7.637151e-05   7.938287e-09   288
  3.048242e-01   5.924500e-08   6.648036e-05   7.246625e-09   108
  3.050604e-01   1.018105e-07   6.391272e-05   9.401170e-09   240
  3.054775e-01   8.929144e-08   1.192307e-04   7.112121e-09   384
  3.059059e-01   1.242070e-07   1.454479e-04   1.332006e-08   108
  3.062848e-01   1.416075e-07   8.527881e-05   1.073996e-08   348
  3.066832e-01   9.002781e-08   8.900031e-05   9.544736e-09   312
  3.070391e-01   9.313504e-08   8.648246e-05   1.977393e-08   96
  3.073663e-01   1.132293e-07   1.151358e-04   8.601909e-09   384
  3.077328e-01   1.189346e-07   7.919012e-05   1.108134e-08   144
  3.080912e-01   1.180688e-07   1.216791e-04   8.720534e-09   408
  3.085368e-01   7.239614e-08   5.427748e-05   1.031494e-08   144
  3.089578e-01   1.099921e-07   1.043490e-04   1.251608e-08   192
  3.092074e-01   1.406649e-07   1.174468e-04   1.538860e-08   144
  3.096144e-01   8.751710e-08   9.548855e-05   8.908710e-09   144
  3.099983e-01   1.206215e-07   1.167025e-04   1.109412e-08   336
  3.104685e-01   6.846203e-08   8.634502e-05   5.240097e-09   240
  3.107666e-01   9.095108e-08   3.920851e-05   1.266868e-08   96
  3.111825e-01   1.199641e-07   1.149797e-04   1.016675e-08   372
  3.116031e-01   9.491560e-08   1.367659e-04   1.446864e-08   132
  3.119726e-01   7.684999e-08   8.462908e-05   5.981288e-09   264
  3.123032e-01   1.588688e-07   6.499128e-05   1.843678e-08   168
  3.126560e-01   1.182971e-07   1.039086e-04   9.977825e-09   216
  3.129676e-01   8.048577e-08   6.357256e-05   1.019187e-08   216
  3.134215e-01   5.497527e-08   1.166292e-04   6.267295e-09   96
  3.138333e-01   1.240850e-07   7.608990e-05   1.534367e-08   120
  3.142110e-01   9.073788e-08   9.673168e-05   9.522258e-09   216
  3.145221e-01   7.811647e-08   4.227207e-05   8.255908e-09   200
  3.149340e-01   1.019643e-07   1.094242e-04   1.329412e-08   288
  3.154623e-01   3.840387e-08   2.879164e-05   3.170016e-09   144
  3.156848e-01   1.071226e-07   8.959781e-05   1.883349e-08   168
  3.161391e-01   8.970376e-08   1.008340e-04   1.369229e-08   159
  3.164937e-01   7.379611e-08   1.057991e-04   5.980335e-09   174
  3.168369e-01   6.618042e-08   9.593494e-05   6.643547e-09   144
  3.172863e-01   1.033081e-07   5.539549e-05   9.488126e-09   222
  3.175869e-01   7.943946e-08   5.589895e-05   9.142861e-09   168
  3.181060e-01   1.104209e-07   1.226079e-04   2.671175e-08   30
  3.183205e-01   3.659090e-08   1.082537e-04   5.093670e-09   72
  3.187244e-01   8.015820e-08   9.661517e-05   8.548699e-09   258
  3.191684e-01   6.790056e-08   6.051257e-05   5.622367e-09   264
  3.193905e-01   8.253328e-08   0.000000e+00   1.364709e-08   72
  3.198532e-01   4.680829e-08   1.199385e-04   5.055671e-09   174
  3.202721e-01   8.808718e-08   1.277123e-04   1.267689e-08   168
  3.206090e-01   2.624272e-08   3.996146e-09   4.055430e-09   48
  3.209705e-01   5.038784e-08   7.212215e-05   5.696299e-09   150
  3.213898e-01   1.141844e-07   1.326739e-04   1.061965e-08   168
  3.218102e-01   5.580164e-08   8.081877e-05   6.228632e-09   144
  3.221967e-01   7.637655e-08   7.550312e-05   1.466391e-08   102
  3.224847e-01   3.073937e-08   1.117576e-04   2.644669e-09   96
  3.229415e-01   2.392349e-08   1.109119e-04   1.903210e-09   120
  3.232799e-01   2.423970e-08   1.189559e-04   1.954887e-09   168
  3.236458e-01   9.742753e-08   8.783953e-05   1.018332e-08   126
  3.239576e-01   5.772414e-08   6.624856e-05   8.167738e-09   168
  3.243872e-01   3.319425e-08   1.062297e-04   4.929384e-09   72
  3.247626e-01   3.696337e-08   1.330232e-04   3.418413e-09   168
  3.250914e-01   7.774718e-08   3.646820e-05   1.575573e-08   78
  3.255420e-01   3.483428e-08   5.987806e-05   4.658669e-09   60
  3.259049e-01   1.126453e-07   9.713191e-05   2.226303e-08   96
  3.262812e-01   4.355657e-08   1.178615e-04   3.766122e-09   168
  3.266349e-01   3.617710e-08   7.457817e-05   6.638354e-09   86
  3.270060e-01   2.869904e-08   6.665520e-05   4.212041e-09   120
  3.275378e-01   3.444314e-08   4.753401e-05   3.449241e-09   168
  3.278247e-01   2.119063e-08   0.000000e+00   2.554452e-09   48
  3.282110e-01   7.362870e-08   8.660181e-05   8.612667e-09   120
  3.284330e-01   4.782879e-08   6.317951e-05   6.900529e-09   126
  3.289749e-01   4.389885e-08   1.111151e-04   5.429940e-09   96
  3.293266e-01   4.281337e-08   3.204012e-05   4.438202e-09   96
  3.296039e-01   2.875195e-08   0.000000e+00   3.748275e-09   72
  3.301949e-01   3.312492e-08   3.996146e-09   6.551650e-09   24
  3.305637e-01   4.706248e-08   6.593782e-05   4.543791e-09   120
  3.308514e-01   3.687426e-08   9.618300e-05   5.021964e-09   126
  3.311713e-01   2.791769e-08   8.018157e-05   3.433785e-09   96
  3.315452e-01   1.710886e-08   1.385771e-04   1.995171e-09   72
  3.319614e-01   2.902080e-08   5.993927e-05   2.554047e-09   144
  3.323038e-01   3.046878e-08   3.457157e-05   4.171099e-09   72
  3.326459e-01   4.496075e-08   6.905176e-05   9.229187e-09   54
  3.329469e-01   4.354781e-08   6.085106e-05   5.186718e-09   108
  3.335726e-01   5.001531e-08   5.964977e-05   5.713156e-09   72
  3.337673e-01   3.749054e-08   3.441997e-05   4.556360e-09   72
  3.342294e-01   2.221046e-08   6.921527e-09   3.080480e-09   24
  3.346666e-01   1.328195e-08   7.281693e-05   2.096842e-09   48
  3.349321e-01   3.595851e-08   5.546771e-05   5.162558e-09   102
  3.353317e-01   2.432427e-08   1.254449e-04   2.062429e-09   168
  3.358538e-01   1.863650e-08   6.841470e-05   2.701694e-09   72
  3.360473e-01   2.208246e-08   0.000000e+00   3.739226e-09   48
  3.364531e-01   2.937906e-08   1.176775e-04   3.131260e-09   120
  3.369887e-01   2.797790e-08   7.231517e-05   2.454365e-09   96
  3.374945e-01   6.035677e-08   7.830814e-09   2.139594e-08   30
  3.380957e-01   3.922922e-08   3.397687e-05   5.875523e-09   72
  3.383599e-01   1.989249e-08   3.996146e-09   4.784438e-09   24
  3.386992e-01   9.944825e-09   5.036212e-05   1.826476e-09   56
  3.390793e-01   9.997283e-09   7.186930e-05   9.540590e-10   96
  3.395342e-01   2.251536e-08   7.936128e-05   2.142262e-09   144
  3.398849e-01   3.201778e-08   4.505822e-05   7.454542e-09   54
  3.403944e-01   2.214814e-08   6.750198e-05   2.374542e-09   108
  3.409071e-01   5.349385e-08   3.574199e-05   9.851969e-09   48
  3.413952e-01   2.304882e-08   1.345800e-04   2.269893e-09   72
  3.425664e-01   4.357399e-08   8.891744e-05   5.911516e-09   78
  3.428909e-01   1.040758e-08   6.701044e-05   1.273874e-09   72
  3.432698e-01   1.181510e-08   6.692725e-05   1.367336e-09   72
  3.436659e-01   2.303649e-08   1.615028e-04   2.143091e-09   96
  3.439790e-01   1.231897e-08   6.678928e-05   8.667951e-10   72
  3.443566e-01   1.708286e-08   0.000000e+00   2.873129e-09   24
  3.447338e-01   2.194370e-08   1.332770e-04   2.630350e-09   72
  3.455858e-01   2.629640e-08   8.463498e-05   5.295019e-09   30
  3.457691e-01   3.673225e-08   0.000000e+00   7.785580e-09   24
  3.467544e-01   9.383971e-09   7.027855e-05   1.374076e-09   48
  3.470634e-01   1.504380e-08   1.512394e-04   2.314727e-09   120
  3.474798e-01   9.329844e-09   6.612537e-05   1.392359e-09   72
  3.479003e-01   1.377400e-08   6.604543e-05   2.341557e-09   36
  3.481894e-01   1.586273e-08   1.305365e-04   2.071117e-09   78
  3.489960e-01   1.907102e-08   6.982714e-05   2.268648e-09   48
  3.500419e-01   2.668210e-08   5.651403e-09   3.464865e-09   24
  3.507870e-01   5.020623e-09   4.862619e-05   8.469888e-10   56
  3.511622e-01   6.634732e-09   7.482652e-05   7.697511e-10   102
  3.516395e-01   1.074049e-08   5.328194e-09   1.293929e-09   72
  3.519166e-01   1.352113e-08   0.000000e+00   2.353705e-09   24
  3.524009e-01   1.058543e-08   6.915246e-05   1.322899e-09   48
  3.532988e-01   1.360875e-08   0.000000e+00   3.425173e-09   24
  3.544007e-01   1.306807e-08   0.000000e+00   7.003449e-09   6
  3.547443e-01   3.357710e-09   0.000000e+00   7.352953e-10   24
  3.549732e-01   5.952757e-09   6.472929e-05   6.488410e-10   72
  3.553914e-01   5.467064e-09   1.207586e-04   5.082667e-10   84
  3.558418e-01   9.943007e-09   0.000000e+00   2.279795e-09   24
  3.559787e-01   1.006850e-08   5.651403e-09   1.390679e-09   24
  3.566626e-01   1.099259e-08   3.996146e-09   2.199872e-09   24
  3.576179e-01   9.506596e-09   0.000000e+00   2.595436e-09   6
  3.588424e-01   3.074973e-09   6.791113e-05   4.015832e-10   48
  3.591365e-01   4.716826e-09   1.279335e-04   5.088390e-10   72
  3.595209e-01   6.344723e-09   6.778297e-05   9.767447e-10   48
  3.601304e-01   1.332182e-08   0.000000e+00   2.191357e-09   24
  3.609415e-01   2.747779e-08   3.996146e-09   4.742734e-09   6
  3.627599e-01   1.514884e-09   0.000000e+00   3.355099e-10   8
  3.628942e-01   3.606300e-09   3.996146e-09   9.912053e-10   48
  3.632164e-01   4.624974e-09   6.573533e-05   7.290921e-10   60
  3.636991e-01   6.864157e-09   0.000000e+00   1.754058e-09   24
  3.643686e-01   6.927220e-09   0.000000e+00   2.081931e-09   6
  3.668348e-01   2.560131e-09   0.000000e+00   5.193191e-10   24
  3.670341e-01   2.915971e-09   6.639546e-05   3.118811e-10   48
  3.673659e-01   4.283043e-09   0.000000e+00   1.239822e-09   24
  3.678962e-01   1.095877e-09   3.996146e-09   3.949173e-10   6
  3.709088e-01   1.362630e-09   6.194064e-05   1.942157e-10   36
  3.711278e-01   2.874220e-09   0.000000e+00   7.271551e-10   24
  3.715215e-01   2.981436e-09   0.000000e+00   1.643916e-09   6
  3.749494e-01   1.735958e-09   5.629118e-05   2.999785e-10   32
  3.752417e-01   9.778902e-10   3.996146e-09   2.833719e-10   6
  3.789254e-01   5.486976e-10   0.000000e+00   1.248291e-10   12
  3.790540e-01   1.962438e-09   0.000000e+00   3.744662e-10   6
  3.829556e-01   4.716691e-10   5.651403e-09   1.067729e-10   6
