# power spectrum of B
# redshift z=100.000000
# k              Pk             sigma(k)       sigma(Pk)      count
  6.981317e-03   7.010396e-18   0.000000e+00   9.884433e-19   6
  9.873073e-03   4.358230e-18   0.000000e+00   7.758328e-19   12
  1.209200e-02   3.126467e-18   1.324548e-10   6.585817e-19   8
  1.396263e-02   2.013485e-17   0.000000e+00   4.795085e-18   6
  1.561070e-02   6.568108e-16   0.000000e+00   1.745066e-16   24
  1.710066e-02   1.004597e-15   2.497591e-10   1.385961e-16   24
  1.974615e-02   1.116909e-17   0.000000e+00   2.855104e-18   12
  2.094395e-02   1.302681e-16   2.825702e-10   2.359939e-17   30
  2.207686e-02   1.009118e-15   0.000000e+00   1.902021e-16   24
  2.315441e-02   1.412565e-15   4.325955e-10   2.855868e-16   24
  2.418399e-02   6.599320e-18   2.649095e-10   1.144628e-18   8
  2.517150e-02   6.205616e-16   3.532127e-10   6.268558e-17   24
  2.612170e-02   7.877799e-16   0.000000e+00   9.692285e-17   48
  2.792527e-02   2.425540e-17   0.000000e+00   3.287672e-18   6
  2.878471e-02   7.063493e-16   4.995182e-10   8.902012e-17   48
  2.961922e-02   9.938846e-16   0.000000e+00   1.446966e-16   36
  3.043086e-02   2.844218e-16   3.532127e-10   4.697304e-17   24
  3.122140e-02   1.073776e-15   0.000000e+00   1.611176e-16   24
  3.199241e-02   1.115714e-15   0.000000e+00   1.326110e-16   48
  3.274528e-02   1.911678e-16   4.995182e-10   2.497585e-17   24
  3.420133e-02   1.234800e-15   4.995182e-10   1.642171e-16   24
  3.490659e-02   2.879383e-16   0.000000e+00   4.330171e-17   30
  3.559787e-02   4.463478e-16   0.000000e+00   3.985200e-17   72
  3.627599e-02   9.108990e-16   5.298191e-10   1.690561e-16   32
  3.759554e-02   7.829492e-16   0.000000e+00   7.253488e-17   72
  3.823825e-02   1.088126e-15   0.000000e+00   1.341241e-16   48
  3.949229e-02   7.769548e-18   0.000000e+00   2.430081e-18   12
  4.010461e-02   6.035053e-16   0.000000e+00   1.249197e-16   48
  4.070772e-02   4.069410e-16   0.000000e+00   4.845331e-17   48
  4.130203e-02   1.032230e-15   4.995182e-10   1.070619e-16   48
  4.188790e-02   2.062571e-16   5.651403e-10   3.528080e-17   30
  4.246569e-02   5.925441e-16   4.995182e-10   1.120741e-16   24
  4.303573e-02   1.109582e-15   1.053077e-09   9.255264e-17   72
  4.415373e-02   9.191064e-16   0.000000e+00   1.510254e-16   24
  4.470224e-02   7.160053e-16   0.000000e+00   8.195978e-17   96
  4.524411e-02   3.002970e-16   0.000000e+00   3.312583e-17   48
  4.577956e-02   4.921591e-16   8.651909e-10   1.053460e-16   24
  4.630882e-02   9.633201e-16   8.651909e-10   1.607035e-16   24
  4.683210e-02   9.303948e-16   0.000000e+00   1.219097e-16   72
  4.734960e-02   1.333050e-15   0.000000e+00   1.739062e-16   48
  4.836798e-02   3.525146e-18   5.298191e-10   7.375224e-19   8
  4.886922e-02   1.559348e-15   6.279337e-10   1.703292e-16   54
  4.936537e-02   2.834636e-16   0.000000e+00   4.362018e-17   84
  4.985658e-02   3.964412e-16   0.000000e+00   7.606574e-17   48
  5.034299e-02   4.490255e-16   7.064254e-10   6.889569e-17   24
  5.082475e-02   7.473656e-16   6.660243e-10   7.325771e-17   72
  5.130199e-02   1.154263e-15   0.000000e+00   1.241652e-16   96
  5.224339e-02   1.313883e-15   0.000000e+00   1.222414e-16   48
  5.270779e-02   8.228722e-16   0.000000e+00   1.172634e-16   48
  5.316813e-02   1.092502e-15   7.064254e-10   1.780444e-16   24
  5.362451e-02   9.662781e-16   0.000000e+00   1.185003e-16   72
  5.452583e-02   5.433385e-16   6.660243e-10   7.112229e-17   72
  5.497095e-02   8.631283e-16   0.000000e+00   1.221815e-16   96
  5.585054e-02   6.778215e-18   0.000000e+00   1.946053e-18   6
  5.628518e-02   5.854501e-16   0.000000e+00   5.970435e-17   96
  5.671649e-02   9.723088e-16   7.064254e-10   1.182332e-16   96
  5.714454e-02   1.201973e-15   0.000000e+00   2.451018e-16   24
  5.756941e-02   6.170918e-16   9.990364e-10   5.468242e-17   48
  5.799117e-02   1.072013e-15   0.000000e+00   8.923654e-17   96
  5.840989e-02   3.476933e-16   0.000000e+00   3.819243e-17   48
  5.923844e-02   5.806727e-16   0.000000e+00   1.291380e-16   36
  5.964840e-02   6.606624e-16   1.223565e-09   1.085177e-16   48
  6.005556e-02   1.213881e-15   1.384305e-09   1.035619e-16   120
  6.045998e-02   4.384963e-16   0.000000e+00   5.446889e-17   56
  6.086171e-02   1.068474e-16   7.064254e-10   1.257290e-17   24
  6.126081e-02   7.632165e-16   0.000000e+00   8.906135e-17   96
  6.165732e-02   5.444068e-16   0.000000e+00   6.122631e-17   48
  6.244280e-02   1.322041e-15   0.000000e+00   2.138647e-16   24
  6.283185e-02   1.054368e-15   0.000000e+00   1.125363e-16   102
  6.321851e-02   1.255130e-15   0.000000e+00   2.178183e-16   48
  6.360282e-02   6.492396e-16   0.000000e+00   5.549475e-17   72
  6.398483e-02   1.462719e-15   0.000000e+00   1.267397e-16   48
  6.436456e-02   7.258744e-16   0.000000e+00   1.320037e-16   48
  6.474207e-02   5.244550e-16   1.598458e-09   6.931421e-17   120
  6.549056e-02   2.123085e-16   9.990364e-10   3.035482e-17   24
  6.586161e-02   7.494657e-16   9.419006e-10   6.450920e-17   144
  6.623059e-02   7.235860e-16   1.130281e-09   6.855861e-17   120
  6.659752e-02   1.058008e-15   9.990364e-10   1.219942e-16   48
  6.732538e-02   1.045100e-15   9.990364e-10   1.182169e-16   48
  6.768638e-02   8.553779e-16   9.990364e-10   8.629455e-17   96
  6.863955e-02   8.010743e-16   1.675093e-04   1.042992e-16   72
  6.911151e-02   9.365532e-16   1.255867e-09   6.789617e-17   108
  6.946323e-02   6.751735e-16   0.000000e+00   1.188891e-16   72
  6.981317e-02   1.772600e-16   0.000000e+00   2.865271e-17   30
  7.016137e-02   6.258819e-16   0.000000e+00   5.701882e-17   168
  7.050785e-02   3.834114e-16   0.000000e+00   5.369433e-17   48
  7.119574e-02   4.669666e-16   0.000000e+00   4.999854e-17   72
  7.153721e-02   9.026772e-16   0.000000e+00   7.194488e-17   96
  7.187706e-02   1.405748e-15   1.883801e-09   1.910459e-16   72
  7.221530e-02   1.063930e-15   0.000000e+00   1.247787e-16   72
  7.278398e-02   9.173391e-16   1.546684e-04   8.618685e-17   104
  7.322067e-02   9.296320e-16   1.332049e-09   8.379308e-17   144
  7.421242e-02   8.349898e-16   2.233913e-09   8.570329e-17   96
  7.454007e-02   1.735322e-16   0.000000e+00   1.502370e-17   96
  7.506116e-02   1.061978e-15   1.591194e-04   9.838575e-17   120
  7.551449e-02   6.838198e-16   0.000000e+00   7.009073e-17   120
  7.583651e-02   1.089406e-15   0.000000e+00   1.161121e-16   72
  7.647650e-02   1.824110e-15   0.000000e+00   2.004923e-16   48
  7.679449e-02   6.176272e-16   1.505926e-09   9.015036e-17   78
  7.720128e-02   5.979655e-16   1.424762e-04   6.176514e-17   168
  7.805350e-02   1.171970e-15   1.332049e-09   1.234730e-16   144
  7.836509e-02   1.160194e-15   1.332049e-09   7.818020e-17   144
  7.926883e-02   7.945073e-16   8.205478e-05   9.220085e-17   156
  7.959926e-02   6.814427e-16   1.730382e-09   1.442314e-16   48
  7.990483e-02   7.736319e-16   1.130281e-09   6.819810e-17   120
  8.020923e-02   5.118891e-16   0.000000e+00   7.346104e-17   48
  8.074745e-02   1.027141e-15   1.255998e-04   8.373700e-17   216
  8.141545e-02   3.908860e-16   0.000000e+00   4.164549e-17   48
  8.171422e-02   6.865907e-16   9.990364e-10   6.253103e-17   96
  8.213902e-02   8.121250e-16   1.467830e-04   8.300371e-17   168
  8.260406e-02   8.136913e-16   9.990364e-10   9.916811e-17   48
  8.289855e-02   1.572875e-15   0.000000e+00   1.369715e-16   96
  8.319199e-02   5.563937e-16   0.000000e+00   8.414479e-17   48
  8.377580e-02   1.710806e-16   1.130281e-09   2.097897e-17   30
  8.406619e-02   5.220129e-16   9.990364e-10   5.559912e-17   96
  8.441325e-02   8.777707e-16   1.153584e-04   7.755907e-17   240
  8.485953e-02   6.010708e-16   1.244551e-04   9.960705e-17   32
  8.521783e-02   2.474185e-16   0.000000e+00   2.152606e-17   168
  8.550332e-02   8.607948e-16   0.000000e+00   6.958152e-17   120
  8.607146e-02   7.087385e-16   2.106154e-09   7.363212e-17   72
  8.635412e-02   7.110605e-16   1.332049e-09   6.723352e-17   144
  8.663587e-02   4.522998e-16   0.000000e+00   4.585092e-17   96
  8.691670e-02   9.436609e-16   0.000000e+00   9.673253e-17   96
  8.747565e-02   1.469048e-15   1.631420e-09   1.561254e-16   72
  8.775379e-02   8.358205e-16   1.412851e-09   7.683432e-17   96
  8.830745e-02   1.242446e-15   0.000000e+00   1.935288e-16   24
  8.858298e-02   8.808844e-16   0.000000e+00   5.584093e-17   192
  8.890745e-02   8.071672e-16   1.056148e-04   8.972110e-17   132
  8.940448e-02   8.836756e-16   0.000000e+00   9.154717e-17   96
  8.967664e-02   3.054622e-16   0.000000e+00   2.876738e-17   96
  8.994798e-02   5.099237e-16   1.130281e-09   5.263212e-17   120
  9.048821e-02   3.151633e-16   0.000000e+00   3.705816e-17   48
  9.093103e-02   7.027927e-16   1.279966e-04   5.042205e-17   222
  9.129257e-02   5.870964e-16   0.000000e+00   6.536459e-17   120
  9.155911e-02   5.950248e-16   1.730382e-09   1.020705e-16   24
  9.194720e-02   8.413624e-16   1.321111e-04   4.492963e-17   312
  9.279280e-02   8.826183e-16   1.238595e-04   1.109153e-16   72
  9.314239e-02   8.015242e-16   9.990364e-10   9.618772e-17   96
  9.350136e-02   7.644972e-16   1.261337e-04   6.026969e-17   192
  9.392401e-02   6.639192e-16   1.598458e-09   9.796874e-17   120
  9.418312e-02   6.997240e-16   0.000000e+00   7.467104e-17   144
  9.469919e-02   1.110779e-15   0.000000e+00   1.339211e-16   48
  9.506602e-02   6.856523e-16   1.268319e-04   4.617848e-17   336
  9.546807e-02   6.580054e-16   0.000000e+00   1.125318e-16   48
  9.597724e-02   8.474112e-16   0.000000e+00   8.449008e-17   192
  9.623081e-02   1.594762e-16   0.000000e+00   1.800832e-17   48
  9.695161e-02   7.577392e-16   8.803796e-05   8.753654e-17   56
  9.731001e-02   8.353921e-16   1.130706e-04   4.658271e-17   336
  9.773844e-02   1.068551e-15   1.255867e-09   1.380911e-16   54
  9.811165e-02   4.953911e-16   1.241922e-04   4.915962e-17   240
  9.888643e-02   4.964749e-16   1.189150e-04   6.784073e-17   228
  9.922316e-02   7.932883e-16   1.332049e-09   1.117947e-16   72
  9.955002e-02   7.467840e-16   1.153504e-04   8.049962e-17   144
  9.995725e-02   9.390354e-16   0.000000e+00   8.468229e-17   96
  1.002007e-01   6.100191e-16   1.598458e-09   4.855325e-17   240
  1.006860e-01   4.952633e-16   1.412851e-09   8.265538e-17   24
  1.009966e-01   7.985070e-16   1.089476e-04   4.819910e-17   336
  1.014095e-01   1.819506e-16   0.000000e+00   2.194547e-17   72
  1.017863e-01   7.926781e-16   1.185007e-04   6.256218e-17   168
  1.021279e-01   9.888795e-16   0.000000e+00   7.314477e-17   72
  1.026040e-01   1.228174e-15   0.000000e+00   1.213631e-16   96
  1.029727e-01   5.101345e-16   1.176117e-04   4.098397e-17   216
  1.033141e-01   7.413533e-16   1.412851e-09   5.600678e-17   96
  1.037847e-01   7.851550e-16   0.000000e+00   5.461917e-17   192
  1.040193e-01   7.620016e-16   1.332049e-09   7.121018e-17   144
  1.044868e-01   5.978067e-16   0.000000e+00   6.503969e-17   48
  1.048105e-01   4.538555e-16   1.133915e-04   5.681371e-17   246
  1.052503e-01   6.710118e-16   1.045488e-04   6.223573e-17   168
  1.056465e-01   4.720015e-16   1.957704e-09   4.147677e-17   120
  1.058769e-01   5.031425e-16   0.000000e+00   3.659715e-17   240
  1.063363e-01   7.527511e-16   1.412851e-09   1.318473e-16   24
  1.067022e-01   6.738045e-16   1.119102e-04   3.806997e-17   360
  1.071580e-01   8.230277e-16   1.114340e-04   6.052887e-17   120
  1.074760e-01   8.619321e-16   0.000000e+00   8.712938e-17   144
  1.077025e-01   6.784193e-16   0.000000e+00   6.321318e-17   96
  1.083792e-01   9.452150e-16   0.000000e+00   6.974164e-17   144
  1.086038e-01   8.516475e-16   0.000000e+00   7.243448e-17   132
  1.089195e-01   5.737575e-16   1.099837e-04   5.057740e-17   176
  1.093777e-01   6.386919e-16   1.110614e-04   4.771698e-17   312
  1.099419e-01   7.621905e-16   0.000000e+00   8.752044e-17   96
  1.101633e-01   6.413290e-16   0.000000e+00   6.420246e-17   144
  1.105031e-01   7.405331e-16   1.099474e-04   5.353469e-17   312
  1.110446e-01   2.311645e-16   0.000000e+00   1.907765e-17   48
  1.112639e-01   7.894572e-16   1.412851e-09   4.808804e-17   192
  1.117011e-01   1.493213e-18   0.000000e+00   5.187220e-19   6
  1.119915e-01   4.883719e-16   1.025446e-04   3.435074e-17   288
  1.124620e-01   6.068387e-16   1.083450e-04   5.715685e-17   192
  1.127866e-01   6.314346e-16   3.322713e-09   4.376696e-17   216
  1.130025e-01   8.101973e-16   0.000000e+00   1.256472e-16   72
  1.135403e-01   6.588544e-16   1.073161e-04   6.106764e-17   192
  1.138975e-01   6.690311e-16   7.968796e-05   5.079444e-17   288
  1.142891e-01   1.068627e-15   0.000000e+00   1.765327e-16   24
  1.145916e-01   6.477292e-16   1.049823e-04   3.521447e-17   456
  1.151388e-01   4.090834e-16   1.998073e-09   6.355766e-17   48
  1.154769e-01   5.370466e-16   1.034033e-04   4.109985e-17   240
  1.158655e-01   1.121372e-15   1.045007e-04   7.560122e-17   216
  1.161923e-01   9.275251e-16   0.000000e+00   9.638230e-17   72
  1.164018e-01   5.892372e-16   3.610549e-09   5.717928e-17   168
  1.169935e-01   6.987415e-16   7.767385e-05   5.245804e-17   288
  1.173253e-01   9.152417e-16   1.027758e-04   6.950052e-17   168
  1.178582e-01   8.287562e-16   0.000000e+00   7.877683e-17   192
  1.180648e-01   8.167243e-16   1.332049e-09   6.090674e-17   144
  1.184769e-01   1.227056e-15   0.000000e+00   1.997437e-16   36
  1.188264e-01   5.274580e-16   9.385617e-05   3.691630e-17   342
  1.191605e-01   2.012333e-16   9.637890e-05   2.199787e-17   144
  1.195900e-01   4.787135e-16   1.010773e-04   2.485207e-17   384
  1.201111e-01   1.188702e-15   2.768611e-09   1.104990e-16   120
  1.203690e-01   9.214653e-16   9.013158e-05   6.267941e-17   264
  1.207183e-01   5.882304e-16   4.467827e-09   4.711540e-17   192
  1.210471e-01   6.689910e-16   9.713401e-05   6.686090e-17   152
  1.213224e-01   4.382461e-16   2.664097e-09   4.783004e-17   144
  1.219012e-01   5.447573e-16   6.286607e-05   4.290368e-17   216
  1.221692e-01   7.952680e-16   8.400585e-05   4.800120e-17   312
  1.226409e-01   8.485224e-16   9.736112e-05   4.738759e-17   240
  1.229188e-01   1.069094e-15   1.412851e-09   1.003047e-16   96
  1.234463e-01   3.829432e-16   9.308426e-05   3.490616e-17   144
  1.237714e-01   7.282855e-16   9.149363e-05   4.190072e-17   456
  1.242988e-01   5.085412e-16   0.000000e+00   5.699037e-17   120
  1.244947e-01   5.192392e-16   0.000000e+00   5.464132e-17   144
  1.248856e-01   7.365394e-16   0.000000e+00   1.042156e-16   24
  1.251362e-01   6.739823e-16   8.794658e-05   4.182187e-17   336
  1.255696e-01   7.268194e-16   9.699311e-05   5.989716e-17   198
  1.259757e-01   5.069585e-16   9.432023e-05   3.218520e-17   432
  1.264370e-01   9.099313e-16   0.000000e+00   1.160711e-16   48
  1.266777e-01   9.253032e-16   8.326844e-05   5.712291e-17   384
  1.271098e-01   5.716604e-16   9.585962e-05   4.739021e-17   144
  1.275013e-01   7.351041e-16   9.517601e-05   4.932054e-17   264
  1.279697e-01   9.685719e-16   0.000000e+00   7.951997e-17   48
  1.282839e-01   7.249204e-16   9.049683e-05   5.157225e-17   276
  1.285870e-01   7.811187e-16   8.203293e-05   8.440993e-17   192
  1.289922e-01   7.438992e-16   9.218697e-05   3.485955e-17   552
  1.294841e-01   3.290691e-16   3.196917e-09   4.435486e-17   120
  1.297765e-01   6.095055e-16   9.331596e-05   5.204999e-17   216
  1.300475e-01   6.656133e-16   1.598458e-09   6.592956e-17   120
  1.305316e-01   7.643544e-16   9.189333e-05   4.397286e-17   408
  1.309811e-01   7.374830e-17   1.998073e-09   8.136369e-18   24
  1.312599e-01   8.213070e-16   9.282881e-05   5.328880e-17   384
  1.316492e-01   5.472149e-16   9.069708e-05   3.989552e-17   240
  1.319872e-01   8.651073e-16   9.136125e-05   5.992786e-17   168
  1.324612e-01   5.273824e-16   2.260561e-09   5.367073e-17   120
  1.327667e-01   7.357383e-16   9.523931e-05   4.987434e-17   350
  1.332635e-01   6.888182e-16   1.567823e-04   4.744595e-17   384
  1.335605e-01   2.402521e-16   0.000000e+00   2.472984e-17   144
  1.341067e-01   6.243504e-16   3.767602e-09   4.120267e-17   288
  1.343919e-01   4.638215e-16   8.974411e-05   2.580819e-17   336
  1.347800e-01   7.480971e-16   8.170456e-05   6.451059e-17   168
  1.350122e-01   7.731079e-16   1.614687e-09   4.819973e-17   336
  1.354927e-01   5.451082e-16   8.480446e-05   4.056636e-17   288
  1.357812e-01   6.960815e-16   7.990748e-05   4.041545e-17   264
  1.362699e-01   5.191643e-16   0.000000e+00   3.775690e-17   240
  1.364486e-01   8.310423e-16   2.825702e-09   8.377924e-17   96
  1.370900e-01   8.758637e-16   1.086688e-04   5.242041e-17   360
  1.373893e-01   7.980513e-16   8.010757e-05   8.303615e-17   168
  1.377676e-01   7.765523e-16   8.732558e-05   4.202152e-17   456
  1.382230e-01   7.362286e-16   2.511735e-09   6.543535e-17   108
  1.384792e-01   3.335942e-16   8.761995e-05   2.654677e-17   264
  1.387988e-01   6.291849e-16   7.817127e-05   5.608766e-17   264
  1.392364e-01   8.718955e-16   7.376599e-05   4.851136e-17   312
  1.397814e-01   4.714658e-16   5.481617e-05   3.983507e-17   270
  1.400098e-01   5.163686e-16   6.959603e-05   4.956398e-17   240
  1.404204e-01   4.964909e-16   8.609907e-05   2.829249e-17   384
  1.406696e-01   7.263295e-16   0.000000e+00   4.941956e-17   192
  1.411539e-01   6.894139e-16   6.908303e-05   6.072630e-17   240
  1.414347e-01   6.447587e-16   8.525963e-05   4.227769e-17   336
  1.419630e-01   7.428591e-16   8.583011e-05   3.440575e-17   480
  1.423915e-01   4.839660e-16   0.000000e+00   5.169762e-17   72
  1.426309e-01   5.267306e-16   8.369217e-05   4.736423e-17   240
  1.429564e-01   6.092185e-16   7.865917e-05   3.783549e-17   312
  1.433297e-01   5.403934e-16   8.501169e-05   4.254156e-17   240
  1.438936e-01   6.929103e-16   6.458688e-05   3.927955e-17   408
  1.441169e-01   6.699563e-16   5.914602e-05   4.432145e-17   336
  1.445532e-01   6.505793e-16   7.510087e-05   6.417848e-17   264
  1.447677e-01   4.292116e-16   0.000000e+00   5.600762e-17   144
  1.453643e-01   7.042540e-16   1.040943e-04   4.461681e-17   464
  1.456786e-01   6.054096e-16   8.277629e-05   4.758197e-17   168
  1.459889e-01   6.406770e-16   7.539115e-05   4.903320e-17   336
  1.465498e-01   7.715349e-16   7.921315e-05   5.046555e-17   414
  1.468660e-01   5.111529e-16   8.245619e-05   4.105928e-17   216
  1.472710e-01   1.068726e-15   1.998073e-09   1.134322e-16   96
  1.474364e-01   5.059175e-16   5.994218e-09   2.949989e-17   384
  1.480158e-01   7.327976e-16   8.229688e-05   4.163990e-17   492
  1.483263e-01   6.274456e-16   8.047930e-05   4.439180e-17   240
  1.486772e-01   5.432661e-16   8.171468e-05   3.283743e-17   312
  1.491618e-01   1.451187e-16   8.168777e-05   1.535609e-17   192
  1.494688e-01   6.106789e-16   7.916535e-05   3.331604e-17   504
  1.498761e-01   6.936790e-16   5.240881e-05   4.467068e-17   408
  1.501968e-01   6.971325e-16   1.605609e-04   6.707412e-17   168
  1.505981e-01   7.928927e-16   7.626782e-05   5.996788e-17   288
  1.509348e-01   6.412624e-16   7.959200e-05   5.303438e-17   288
  1.512797e-01   5.336970e-16   8.005014e-05   3.122213e-17   432
  1.517801e-01   8.310038e-16   7.570076e-05   5.535654e-17   216
  1.520474e-01   5.943978e-16   7.554106e-05   4.017503e-17   360
  1.525234e-01   7.332620e-16   7.372735e-05   4.896239e-17   312
  1.529530e-01   1.438770e-15   0.000000e+00   1.920176e-16   48
  1.532006e-01   6.032365e-16   7.904634e-05   3.753031e-17   432
  1.536441e-01   4.586318e-16   1.318501e-04   3.226241e-17   414
  1.539060e-01   5.314536e-16   6.955573e-09   4.368234e-17   312
  1.543946e-01   4.712894e-16   1.156911e-04   3.048794e-17   528
  1.547243e-01   7.188460e-16   6.072803e-05   4.800535e-17   264
  1.551204e-01   4.927125e-16   7.200680e-05   2.903400e-17   480
  1.556380e-01   5.315507e-16   0.000000e+00   3.551849e-17   288
  1.558615e-01   8.558291e-16   7.736908e-05   7.913064e-17   168
  1.562704e-01   6.248170e-16   1.224750e-04   3.412478e-17   504
  1.567302e-01   8.859450e-16   2.664097e-09   6.398892e-17   144
  1.570194e-01   6.523592e-16   7.865832e-05   3.339211e-17   464
  1.574541e-01   4.979302e-16   1.154355e-04   2.923481e-17   432
  1.576603e-01   5.907751e-16   1.998073e-09   4.640114e-17   192
  1.581934e-01   5.659678e-16   8.557628e-05   3.391200e-17   396
  1.585082e-01   5.317641e-16   7.687110e-05   4.767225e-17   288
  1.588263e-01   5.303254e-16   7.593549e-05   3.768063e-17   336
  1.593345e-01   4.999554e-16   4.808388e-05   3.605582e-17   432
  1.596570e-01   6.204758e-16   1.246267e-04   4.101496e-17   360
  1.600192e-01   7.352628e-16   7.371853e-05   3.459434e-17   384
  1.605335e-01   4.167949e-16   6.507077e-05   3.714370e-17   198
  1.607813e-01   4.927820e-16   7.396430e-05   2.614313e-17   552
  1.612434e-01   3.180587e-16   1.035450e-04   2.014290e-17   432
  1.616292e-01   7.587613e-16   0.000000e+00   6.819033e-17   168
  1.619530e-01   5.090877e-16   1.283579e-04   2.853473e-17   480
  1.623813e-01   6.248373e-16   0.000000e+00   5.592169e-17   120
  1.625741e-01   5.990884e-16   1.048372e-04   4.816138e-17   336
  1.630445e-01   5.298954e-16   7.396097e-05   2.513442e-17   672
  1.635097e-01   6.998468e-16   1.075863e-04   3.989727e-17   528
  1.637264e-01   3.547421e-16   3.229373e-09   3.836678e-17   168
  1.642270e-01   5.606946e-16   1.200118e-04   3.256414e-17   456
  1.645324e-01   6.773938e-16   7.329223e-05   7.815166e-17   168
  1.648495e-01   6.925711e-16   7.316065e-05   4.370903e-17   504
  1.653766e-01   4.121997e-16   9.414654e-05   3.451964e-17   336
  1.656953e-01   7.735312e-16   6.786851e-05   4.614697e-17   312
  1.660489e-01   6.454707e-16   6.631214e-05   4.000047e-17   504
  1.665141e-01   6.423345e-16   4.600920e-05   3.316778e-17   432
  1.667329e-01   5.185244e-16   7.109945e-05   3.244759e-17   312
  1.671876e-01   5.617143e-16   7.288039e-05   3.787375e-17   384
  1.676624e-01   3.750060e-16   6.192036e-05   5.756308e-17   126
  1.679555e-01   4.050596e-16   1.087174e-04   2.474184e-17   492
  1.683299e-01   5.763230e-16   6.963360e-05   3.844709e-17   528
  1.687978e-01   4.925271e-16   7.073279e-05   2.871926e-17   480
  1.690879e-01   6.501524e-16   9.771696e-05   3.956852e-17   432
  1.695076e-01   5.846253e-16   7.684145e-05   3.696034e-17   440
  1.699951e-01   5.681903e-16   3.821294e-05   3.444467e-17   312
  1.701781e-01   4.975793e-16   5.726529e-05   4.487076e-17   480
  1.705533e-01   5.438354e-16   1.121243e-04   3.525280e-17   408
  1.711016e-01   7.041966e-16   6.714979e-05   3.760567e-17   360
  1.713332e-01   5.404041e-16   6.479710e-05   3.461890e-17   408
  1.717625e-01   4.193498e-16   6.593925e-05   2.367418e-17   456
  1.722458e-01   7.831902e-16   6.302169e-05   4.675223e-17   264
  1.725141e-01   6.878535e-16   6.839435e-05   4.426474e-17   384
  1.729046e-01   6.019640e-16   1.151467e-04   3.358790e-17   672
  1.733561e-01   5.680750e-16   6.887260e-05   6.276721e-17   240
  1.736166e-01   6.050651e-16   6.988846e-05   4.136809e-17   264
  1.739843e-01   3.673038e-16   8.619588e-05   2.110863e-17   624
  1.745329e-01   3.465656e-16   0.000000e+00   5.124184e-17   150
  1.747283e-01   6.206277e-16   9.658929e-05   3.738240e-17   600
  1.751402e-01   5.439194e-16   6.666345e-05   3.165508e-17   672
  1.756067e-01   4.941677e-16   6.270167e-05   3.000350e-17   336
  1.758666e-01   5.864857e-16   6.820115e-05   4.314144e-17   408
  1.762818e-01   5.194216e-16   6.804049e-05   3.282999e-17   408
  1.767436e-01   6.313706e-16   3.440492e-05   3.983658e-17   360
  1.770283e-01   5.986754e-16   1.263238e-04   3.665175e-17   456
  1.773722e-01   5.569672e-16   6.869566e-05   3.236137e-17   384
  1.778099e-01   4.828284e-16   6.341480e-05   3.408358e-17   348
  1.780464e-01   5.432607e-16   7.817791e-05   3.318405e-17   576
  1.784907e-01   5.515526e-16   6.436923e-05   2.843572e-17   504
  1.789452e-01   6.142648e-16   9.078907e-05   4.029485e-17   432
  1.793419e-01   5.249099e-16   1.235181e-04   2.604376e-17   576
  1.796248e-01   4.510450e-16   0.000000e+00   3.610839e-17   264
  1.800736e-01   5.968117e-16   9.828954e-05   2.886697e-17   768
  1.804640e-01   4.095072e-16   1.323290e-04   3.048153e-17   240
  1.807743e-01   3.994003e-16   1.167016e-04   5.080183e-17   192
  1.812263e-01   5.918475e-16   8.590664e-05   3.067112e-17   504
  1.815615e-01   5.818228e-16   1.157624e-04   2.903781e-17   590
  1.818830e-01   5.005096e-16   1.297055e-04   3.467198e-17   384
  1.822861e-01   4.892307e-16   1.083956e-04   3.726492e-17   504
  1.827729e-01   4.831764e-16   1.043140e-04   2.424798e-17   648
  1.832449e-01   4.442743e-16   2.833030e-05   3.313896e-17   504
  1.834353e-01   5.815075e-16   6.462673e-05   4.222804e-17   312
  1.837714e-01   5.163357e-16   9.311123e-05   2.663764e-17   576
  1.842327e-01   5.632790e-16   6.479663e-05   5.627554e-17   240
  1.845017e-01   5.839395e-16   6.547387e-05   3.467394e-17   552
  1.848823e-01   5.443165e-16   6.147846e-05   2.965940e-17   600
  1.854246e-01   6.111942e-16   7.509108e-05   3.153804e-17   600
  1.857506e-01   6.133482e-16   1.202524e-04   4.381276e-17   312
  1.860753e-01   6.783694e-16   1.047280e-04   4.047455e-17   480
  1.864809e-01   5.520709e-16   6.534019e-05   3.749455e-17   576
  1.868380e-01   7.246397e-16   1.052119e-04   5.614885e-17   408
  1.871548e-01   2.209312e-16   1.227345e-04   2.039899e-17   216
  1.875642e-01   6.132981e-16   9.400084e-05   3.645170e-17   516
  1.880028e-01   5.933355e-16   8.968636e-05   2.952679e-17   744
  1.884552e-01   6.494891e-16   5.990257e-05   3.741403e-17   462
  1.887109e-01   2.919805e-16   6.088230e-05   2.242505e-17   432
  1.891075e-01   5.086014e-16   5.648168e-05   2.977135e-17   648
  1.895737e-01   5.156007e-16   8.264320e-05   3.065124e-17   528
  1.899483e-01   4.900780e-16   9.952305e-05   2.757479e-17   600
  1.903225e-01   6.991324e-16   1.254725e-04   4.919726e-17   240
  1.906850e-01   4.380826e-16   9.611075e-05   2.025404e-17   720
  1.911062e-01   6.158736e-16   7.604100e-05   2.934550e-17   720
  1.915732e-01   2.494557e-16   0.000000e+00   2.837547e-17   144
  1.918190e-01   5.706702e-16   9.803961e-05   2.351766e-17   720
  1.921686e-01   6.281923e-16   5.878648e-05   4.153415e-17   384
  1.926063e-01   6.102746e-16   6.516793e-05   3.324833e-17   672
  1.930215e-01   6.056336e-16   1.141019e-04   4.853789e-17   336
  1.932199e-01   5.936094e-16   0.000000e+00   6.380042e-17   288
  1.937055e-01   4.934320e-16   9.030399e-05   2.384310e-17   776
  1.941551e-01   5.465667e-16   7.726878e-05   2.780042e-17   720
  1.945327e-01   4.895996e-16   6.224567e-05   3.906966e-17   432
  1.948347e-01   6.911266e-16   8.873905e-05   5.311719e-17   504
  1.951706e-01   5.426617e-16   6.217429e-05   3.401079e-17   528
  1.956407e-01   3.608577e-16   8.470885e-05   2.642827e-17   438
  1.960275e-01   4.015015e-16   9.859335e-05   2.098368e-17   624
  1.963189e-01   5.127359e-16   1.207635e-04   4.171223e-17   312
  1.967196e-01   6.917024e-16   6.506437e-05   3.114326e-17   696
  1.971339e-01   5.591474e-16   5.887146e-05   2.987137e-17   552
  1.975648e-01   4.489192e-16   4.554687e-05   2.735791e-17   516
  1.978313e-01   5.949315e-16   9.097645e-05   3.604835e-17   528
  1.981558e-01   3.945971e-16   5.916447e-05   2.535051e-17   528
  1.986168e-01   4.866574e-16   7.802593e-05   2.347050e-17   864
  1.989297e-01   5.459977e-16   1.068795e-04   3.775983e-17   408
  1.992429e-01   8.071869e-16   1.058911e-04   6.366314e-17   192
  1.996868e-01   4.789473e-16   8.762994e-05   2.705621e-17   720
  2.000615e-01   5.018847e-16   8.079911e-05   2.451287e-17   696
  2.005068e-01   5.607590e-16   8.726379e-05   2.751923e-17   720
  2.009142e-01   5.799619e-16   1.182756e-04   3.813641e-17   432
  2.011518e-01   5.032248e-16   6.962164e-05   4.128233e-17   264
  2.015793e-01   5.675973e-16   9.614441e-05   2.984771e-17   672
  2.019616e-01   6.169270e-16   9.843711e-05   3.316305e-17   600
  2.024154e-01   2.985509e-16   5.763483e-05   2.413119e-17   270
  2.026441e-01   3.178654e-16   8.675648e-05   2.628653e-17   528
  2.030077e-01   5.627522e-16   5.940776e-05   2.753445e-17   840
  2.035062e-01   5.089213e-16   1.135983e-04   2.403017e-17   888
  2.039669e-01   4.049323e-16   8.463909e-05   1.944605e-17   744
  2.043562e-01   6.743630e-16   4.349214e-05   4.643916e-17   456
  2.045498e-01   7.702976e-16   5.943469e-05   4.184490e-17   360
  2.048811e-01   2.942683e-16   5.149682e-05   2.167121e-17   384
  2.053895e-01   5.101872e-16   8.260041e-05   2.616592e-17   816
  2.057710e-01   5.135495e-16   1.198416e-04   2.287658e-17   824
  2.062346e-01   5.002102e-16   5.570811e-05   4.037021e-17   360
  2.064829e-01   7.306466e-16   8.220424e-05   3.438812e-17   624
  2.068246e-01   5.904776e-16   5.554917e-05   3.735539e-17   360
  2.072798e-01   4.905553e-16   7.556319e-05   2.489512e-17   876
  2.076909e-01   5.283374e-16   8.974647e-05   3.099369e-17   696
  2.081055e-01   5.199138e-16   5.795238e-05   4.442951e-17   336
  2.083228e-01   6.147598e-16   5.788726e-05   4.734148e-17   504
  2.086818e-01   5.021423e-16   5.838888e-05   3.413426e-17   672
  2.092144e-01   4.917519e-16   1.162387e-04   2.386888e-17   720
  2.095838e-01   4.131029e-16   8.780591e-05   2.351904e-17   774
  2.099915e-01   3.316843e-16   5.025783e-05   2.899558e-17   384
  2.102050e-01   6.509060e-16   9.671763e-05   4.280926e-17   528
  2.105364e-01   5.324512e-16   9.217729e-05   2.833260e-17   744
  2.110694e-01   7.285907e-16   7.602671e-05   3.670438e-17   768
  2.114233e-01   3.179570e-16   8.534571e-05   1.813292e-17   552
  2.118649e-01   4.961034e-16   9.301717e-05   2.545244e-17   696
  2.121934e-01   5.972965e-16   1.130320e-04   4.131670e-17   408
  2.124541e-01   6.136807e-16   4.883074e-05   3.618897e-17   504
  2.128675e-01   5.783028e-16   8.772259e-05   3.048413e-17   888
  2.132743e-01   4.519638e-16   9.116913e-05   2.741541e-17   648
  2.136971e-01   4.424193e-16   9.038766e-05   2.261544e-17   648
  2.140948e-01   4.946579e-16   9.746006e-05   2.762680e-17   792
  2.145162e-01   4.662972e-16   1.425907e-04   2.943121e-17   600
  2.148267e-01   4.439179e-16   9.663487e-05   3.069784e-17   456
  2.151535e-01   5.233050e-16   4.709572e-05   2.998285e-17   648
  2.155732e-01   4.674421e-16   9.184351e-05   2.177350e-17   936
  2.160264e-01   7.506311e-16   5.640375e-05   4.195552e-17   384
  2.164208e-01   5.269023e-19   4.745948e-09   4.214465e-20   198
  2.167253e-01   4.905240e-19   1.431011e-04   1.439108e-20   1224
  2.170537e-01   5.393208e-19   1.042217e-04   2.519775e-20   420
  2.174420e-01   4.901166e-19   1.008648e-04   1.747715e-20   792
  2.178218e-01   4.645422e-19   8.340657e-05   1.781430e-20   680
  2.182552e-01   4.285321e-19   7.658783e-05   1.901032e-20   600
  2.186039e-01   4.164066e-19   1.110734e-04   1.467654e-20   840
  2.190695e-01   4.041564e-19   5.244369e-05   1.710336e-20   432
  2.192474e-01   4.492818e-19   4.914665e-05   1.649825e-20   720
  2.196343e-01   4.142785e-19   9.843213e-05   1.304189e-20   960
  2.201154e-01   3.679417e-19   8.774504e-05   1.642900e-20   528
  2.204670e-01   4.302815e-19   8.969217e-05   2.014807e-20   624
  2.208855e-01   3.960595e-19   7.049743e-05   1.416761e-20   816
  2.213008e-01   3.656686e-19   1.159345e-04   1.309419e-20   696
  2.217599e-01   3.352874e-19   7.830814e-09   1.808633e-20   240
  2.219325e-01   4.233908e-19   6.836935e-05   1.609267e-20   672
  2.223177e-01   3.483227e-19   1.221858e-04   1.247402e-20   864
  2.227499e-01   2.784354e-19   9.375778e-05   7.845803e-21   816
  2.231394e-01   2.943163e-19   5.366372e-05   1.175528e-20   648
  2.235589e-01   3.910169e-19   5.485410e-05   1.584606e-20   843
  2.239151e-01   3.426772e-19   9.869601e-05   1.470464e-20   780
  2.243395e-01   3.089215e-19   5.295844e-05   2.336099e-20   216
  2.246013e-01   3.180673e-19   1.277035e-04   1.143864e-20   1056
  2.250039e-01   2.492975e-19   1.044758e-04   1.650440e-20   228
  2.253767e-01   3.661321e-19   1.300750e-04   1.566378e-20   924
  2.257594e-01   3.294432e-19   4.825052e-05   1.192120e-20   696
  2.261647e-01   2.648212e-19   8.587211e-05   1.035903e-20   996
  2.265793e-01   2.395304e-19   5.069718e-05   1.054996e-20   576
  2.270107e-01   3.049979e-19   7.824775e-05   2.085553e-20   552
  2.273251e-01   3.141715e-19   9.342507e-05   1.453920e-20   516
  2.276442e-01   2.901303e-19   1.358594e-04   1.416972e-20   744
  2.280088e-01   1.991861e-19   6.664715e-05   8.071148e-21   576
  2.283260e-01   2.252824e-19   6.859680e-05   8.816884e-21   792
  2.287768e-01   2.482878e-19   7.841886e-05   1.056571e-20   792
  2.291071e-01   2.396586e-19   8.457391e-05   1.125011e-20   720
  2.295538e-01   2.306973e-19   9.639481e-05   8.515797e-21   656
  2.299724e-01   2.239532e-19   1.052581e-04   7.907391e-21   816
  2.304015e-01   2.399601e-19   5.675340e-05   1.297838e-20   492
  2.306454e-01   2.278227e-19   8.164378e-05   9.472806e-21   552
  2.311032e-01   1.771969e-19   1.419686e-04   6.858783e-21   780
  2.314005e-01   1.945277e-19   8.720963e-05   8.744794e-21   528
  2.317208e-01   1.603077e-19   1.018002e-04   6.517547e-21   600
  2.321929e-01   2.026106e-19   8.460399e-05   6.782114e-21   900
  2.325183e-01   1.923251e-19   4.683822e-05   7.731871e-21   696
  2.329660e-01   1.525694e-19   1.184322e-04   6.523952e-21   696
  2.333991e-01   1.250004e-19   4.804683e-05   4.304166e-21   552
  2.337633e-01   1.569773e-19   5.587403e-05   5.724367e-21   708
  2.341448e-01   1.676858e-19   9.225121e-05   6.769604e-21   876
  2.345418e-01   1.841297e-19   4.898356e-05   1.318113e-20   216
  2.348082e-01   1.623024e-19   1.339767e-04   4.945490e-21   1032
  2.352071e-01   1.249926e-19   1.491682e-04   6.035096e-21   600
  2.356212e-01   1.106380e-19   7.117755e-05   3.874399e-21   600
  2.359371e-01   1.588893e-19   1.256929e-04   6.593231e-21   528
  2.363105e-01   1.411742e-19   6.899988e-05   6.088385e-21   732
  2.367039e-01   1.558333e-19   5.095015e-05   8.217927e-21   336
  2.371566e-01   1.301513e-19   7.261407e-05   4.899924e-21   912
  2.374950e-01   9.752235e-20   7.288252e-05   2.982463e-21   624
  2.378647e-01   1.293145e-19   6.141657e-05   4.781613e-21   768
  2.382963e-01   1.128971e-19   1.108076e-04   3.612551e-21   792
  2.387198e-01   1.162376e-19   5.493383e-05   4.942679e-21   660
  2.390212e-01   1.176982e-19   8.095383e-05   5.907923e-21   504
  2.393329e-01   9.902336e-20   1.322631e-04   4.104915e-21   480
  2.398000e-01   9.331515e-20   1.223261e-04   2.788081e-21   912
  2.401658e-01   1.090952e-19   1.362291e-04   5.126999e-21   432
  2.405113e-01   1.138622e-19   8.088962e-05   4.910341e-21   564
  2.408180e-01   1.015118e-19   7.742251e-05   3.192887e-21   600
  2.412498e-01   1.045202e-19   1.079196e-04   3.608715e-21   876
  2.415741e-01   1.038671e-19   4.852393e-05   5.614016e-21   264
  2.420212e-01   8.103825e-20   9.415549e-05   3.865557e-21   560
  2.423806e-01   8.893374e-20   6.398069e-05   3.020999e-21   840
  2.428168e-01   7.841044e-20   9.863978e-05   2.792000e-21   1008
  2.432202e-01   6.218299e-20   4.412481e-05   2.195320e-21   456
  2.435886e-01   9.229380e-20   5.715745e-05   3.684419e-21   576
  2.439292e-01   8.697920e-20   8.782853e-05   3.100932e-21   612
  2.443783e-01   8.323899e-20   7.844513e-05   3.235953e-21   780
  2.447447e-01   7.566581e-20   8.989453e-05   2.655419e-21   648
  2.451197e-01   8.472642e-20   4.189201e-05   5.112426e-21   312
  2.453594e-01   7.201097e-20   1.064407e-04   2.452515e-21   528
  2.457747e-01   6.761892e-20   1.390063e-04   2.333372e-21   720
  2.461718e-01   7.447460e-20   1.394416e-04   3.162766e-21   576
  2.466533e-01   7.499983e-20   1.202863e-04   2.995246e-21   444
  2.469529e-01   6.990943e-20   1.179621e-04   1.939268e-21   996
  2.473200e-01   6.149472e-20   9.853387e-05   2.756107e-21   432
  2.476669e-01   7.165337e-20   1.078752e-04   3.287836e-21   504
  2.479666e-01   4.859536e-20   4.863583e-05   1.421294e-21   504
  2.483934e-01   7.302900e-20   9.571589e-05   2.176651e-21   876
  2.487796e-01   6.174690e-20   1.101599e-04   2.993028e-21   504
  2.491817e-01   5.758026e-20   7.025420e-05   2.144471e-21   696
  2.495140e-01   6.081772e-20   6.005997e-05   2.092978e-21   492
  2.499662e-01   5.373287e-20   8.597875e-05   2.194257e-21   432
  2.503011e-01   6.436861e-20   8.050968e-05   2.172809e-21   768
  2.506981e-01   5.787058e-20   1.002856e-04   2.043094e-21   648
  2.510772e-01   5.300962e-20   6.542561e-05   2.075209e-21   456
  2.515128e-01   6.313755e-20   8.997083e-05   2.407633e-21   552
  2.518153e-01   5.085169e-20   6.166608e-05   1.720442e-21   648
  2.522317e-01   4.233940e-20   1.005122e-04   1.185193e-21   840
  2.526384e-01   4.809742e-20   4.793217e-05   1.760069e-21   432
  2.530455e-01   5.298081e-20   5.870872e-05   2.086913e-21   600
  2.533287e-01   5.508830e-20   6.255029e-05   2.405024e-21   432
  2.538044e-01   5.003380e-20   6.227491e-05   1.793690e-21   560
  2.541265e-01   4.314443e-20   9.857465e-05   1.135966e-21   840
  2.545299e-01   4.216544e-20   5.838720e-05   1.817843e-21   504
  2.548502e-01   4.249157e-20   1.191648e-04   1.246070e-21   696
  2.553018e-01   5.445074e-20   6.508356e-05   2.543205e-21   384
  2.556535e-01   3.815482e-20   9.533975e-05   1.131995e-21   576
  2.560789e-01   3.960644e-20   5.883893e-05   1.429258e-21   360
  2.564218e-01   4.413767e-20   8.762544e-05   1.328074e-21   828
  2.567917e-01   3.697518e-20   7.804673e-05   1.476651e-21   372
  2.571307e-01   3.833571e-20   1.191923e-04   1.241640e-21   576
  2.575797e-01   3.980349e-20   4.991761e-05   1.269994e-21   636
  2.578996e-01   3.837403e-20   9.622826e-05   1.448466e-21   648
  2.583323e-01   3.656390e-20   7.822306e-05   1.219158e-21   576
  2.586430e-01   3.883470e-20   1.261820e-04   1.510381e-21   528
  2.590561e-01   3.459924e-20   5.394804e-05   1.434839e-21   360
  2.593981e-01   3.585870e-20   1.241007e-04   1.004326e-21   672
  2.598446e-01   3.875961e-20   6.356642e-05   1.057992e-21   804
  2.602163e-01   3.426750e-20   7.012137e-05   1.371800e-21   408
  2.606274e-01   4.165826e-20   4.334263e-05   1.731322e-21   384
  2.609042e-01   3.004089e-20   9.918459e-05   1.108019e-21   480
  2.612947e-01   3.411100e-20   6.408778e-05   1.424517e-21   432
  2.616692e-01   3.381100e-20   1.181001e-04   1.081986e-21   648
  2.621125e-01   2.823553e-20   7.328056e-05   8.850976e-22   624
  2.624367e-01   3.162185e-20   6.665485e-05   1.361583e-21   456
  2.628795e-01   2.762342e-20   9.105646e-05   8.869965e-22   588
  2.631762e-01   2.711853e-20   5.809364e-05   8.242787e-22   600
  2.636094e-01   3.195252e-20   9.061183e-05   1.007568e-21   708
  2.639516e-01   2.976845e-20   5.708370e-05   1.321093e-21   360
  2.643298e-01   2.971390e-20   6.561923e-05   1.134639e-21   552
  2.646923e-01   2.786174e-20   4.603344e-05   1.351970e-21   288
  2.650603e-01   3.025786e-20   8.655546e-05   9.675053e-22   528
  2.654060e-01   3.283421e-20   5.839431e-05   1.121155e-21   456
  2.657924e-01   3.186691e-20   1.035458e-04   9.965113e-22   608
  2.661809e-01   2.547316e-20   5.009661e-05   7.549919e-22   504
  2.666055e-01   2.342079e-20   1.075546e-04   7.885784e-22   540
  2.669384e-01   2.525391e-20   1.154568e-04   1.165938e-21   360
  2.672972e-01   2.578820e-20   5.228475e-05   8.516176e-22   540
  2.676146e-01   2.454939e-20   4.489266e-05   7.296568e-22   576
  2.680762e-01   2.571701e-20   1.040909e-04   8.415888e-22   588
  2.685150e-01   2.261418e-20   1.436140e-04   6.282552e-22   672
  2.688920e-01   2.655917e-20   1.097654e-04   8.657885e-22   552
  2.691959e-01   2.635526e-20   1.098209e-04   1.464963e-21   144
  2.695837e-01   2.409071e-20   9.330411e-05   7.853986e-22   600
  2.699514e-01   2.144959e-20   1.169304e-04   6.176007e-22   504
  2.703595e-01   2.181354e-20   1.201111e-04   9.071995e-22   336
  2.707887e-01   2.482027e-20   1.350054e-04   7.654998e-22   600
  2.711731e-01   2.352069e-20   8.712810e-05   7.114544e-22   636
  2.715880e-01   2.034192e-20   7.005178e-05   8.331496e-22   384
  2.718789e-01   1.874464e-20   9.771396e-05   6.778488e-22   504
  2.722982e-01   1.618054e-20   4.100918e-05   7.775535e-22   240
  2.726291e-01   2.152660e-20   9.633639e-05   5.880122e-22   744
  2.730261e-01   2.113691e-20   6.578310e-05   6.288417e-22   648
  2.733790e-01   2.473801e-20   4.366878e-05   2.000882e-21   120
  2.737925e-01   2.026549e-20   6.859799e-05   5.726299e-22   564
  2.741050e-01   2.213490e-20   1.077373e-04   1.094547e-21   432
  2.745220e-01   2.180964e-20   8.362543e-05   7.985917e-22   480
  2.748361e-01   1.780282e-20   6.155045e-05   5.976066e-22   456
  2.752067e-01   1.985725e-20   1.018569e-04   6.749516e-22   444
  2.756274e-01   1.969851e-20   1.558464e-04   6.565972e-22   528
  2.759969e-01   1.895876e-20   1.157439e-04   8.418722e-22   264
  2.763555e-01   1.989323e-20   1.186203e-04   7.603436e-22   444
  2.768379e-01   1.901422e-20   1.299311e-04   5.910154e-22   696
  2.772383e-01   1.823028e-20   6.949148e-05   7.904940e-22   384
  2.775311e-01   1.929834e-20   8.780831e-05   8.464236e-22   432
  2.779866e-01   1.719424e-20   6.067143e-05   6.180327e-22   488
  2.782823e-01   2.023573e-20   9.143939e-05   8.065429e-22   480
  2.787111e-01   1.437301e-20   1.019738e-04   4.950250e-22   480
  2.790432e-01   2.116301e-20   4.278510e-05   9.886142e-22   240
  2.794202e-01   1.815435e-20   9.994261e-05   5.960397e-22   600
  2.797758e-01   1.689245e-20   8.708975e-05   6.957460e-22   288
  2.801544e-01   2.115258e-20   8.377397e-05   7.791670e-22   480
  2.805379e-01   1.772638e-20   1.490189e-04   5.855235e-22   504
  2.809155e-01   2.355331e-20   6.393839e-05   1.214446e-21   216
  2.813970e-01   1.509185e-20   1.046773e-04   5.218906e-22   504
  2.817720e-01   1.495070e-20   8.419242e-05   5.235373e-22   456
  2.821825e-01   1.903277e-20   4.828579e-05   7.579817e-22   384
  2.824544e-01   1.619851e-20   9.800271e-05   5.707250e-22   480
  2.828408e-01   1.385570e-20   8.605736e-05   4.362087e-22   504
  2.831988e-01   1.482312e-20   5.458940e-05   6.727270e-22   312
  2.835845e-01   1.685930e-20   8.796897e-05   6.215836e-22   492
  2.839260e-01   1.670233e-20   8.245044e-05   6.984721e-22   312
  2.843655e-01   1.665812e-20   1.339342e-04   5.040859e-22   576
  2.847524e-01   1.575111e-20   1.236321e-04   6.142620e-22   336
  2.850738e-01   1.526519e-20   9.519099e-05   8.712902e-22   240
  2.855192e-01   1.730239e-20   1.261991e-04   6.468566e-22   468
  2.859039e-01   1.984107e-20   7.901891e-05   1.088153e-21   192
  2.863065e-01   1.493993e-20   7.925442e-05   7.440989e-22   324
  2.866016e-01   1.402111e-20   5.752155e-05   5.652707e-22   600
  2.870037e-01   1.290063e-20   9.332283e-05   5.070840e-22   456
  2.873023e-01   1.304629e-20   4.197661e-05   6.686894e-22   336
  2.877972e-01   1.386806e-20   1.256898e-04   4.303254e-22   612
  2.881573e-01   1.098806e-20   1.054844e-04   6.386438e-22   144
  2.884978e-01   1.514410e-20   1.231274e-04   4.715030e-22   552
  2.889609e-01   1.526622e-20   4.848907e-05   7.156985e-22   264
  2.892225e-01   1.359496e-20   1.122646e-04   5.027891e-22   336
  2.896353e-01   1.576951e-20   7.418058e-05   6.728077e-22   384
  2.899932e-01   1.396872e-20   4.175634e-05   7.928074e-22   216
  2.903894e-01   1.395609e-20   8.853205e-05   7.071938e-22   344
  2.907507e-01   1.312876e-20   1.320940e-04   5.135825e-22   408
  2.911910e-01   1.150789e-20   1.015056e-04   6.482077e-22   264
  2.915811e-01   1.021285e-20   1.415038e-04   3.789011e-22   612
  2.919709e-01   1.522013e-20   7.282870e-05   5.580568e-22   408
  2.923718e-01   9.838717e-21   7.293338e-05   3.919840e-22   444
  2.926663e-01   1.695985e-20   4.079109e-05   1.145508e-21   120
  2.930609e-01   1.313366e-20   1.126983e-04   5.727874e-22   336
  2.933538e-01   1.336627e-20   3.916222e-05   7.062623e-22   288
  2.937496e-01   1.519925e-20   1.218735e-04   5.311956e-22   552
  2.942938e-01   1.140895e-20   6.525678e-09   1.118619e-21   72
  2.945736e-01   1.455063e-20   1.210514e-04   6.246053e-22   504
  2.949004e-01   9.991733e-21   3.895317e-05   6.476658e-22   216
  2.953239e-01   1.140953e-20   6.954821e-05   6.903204e-22   312
  2.957040e-01   1.396815e-20   7.919158e-05   5.998179e-22   336
  2.960663e-01   1.192646e-20   1.097684e-04   8.174921e-22   204
  2.964271e-01   1.225197e-20   1.275676e-04   5.616924e-22   504
  2.968098e-01   1.074945e-20   1.214810e-04   5.051889e-22   396
  2.971778e-01   1.206791e-20   1.114044e-04   7.281224e-22   312
  2.976240e-01   1.091057e-20   6.808000e-05   5.698953e-22   216
  2.979383e-01   1.674107e-20   3.694832e-05   1.301905e-21   168
  2.983203e-01   1.241035e-20   9.329657e-05   3.887716e-22   588
  2.987563e-01   1.019801e-20   1.266392e-04   5.923786e-22   240
  2.990950e-01   1.114468e-20   1.118436e-04   7.569310e-22   264
  2.994922e-01   1.180348e-20   1.383176e-04   7.118988e-22   288
  2.998446e-01   1.395754e-20   6.907007e-05   8.906726e-22   288
  3.002913e-01   1.053100e-20   6.486779e-05   4.497239e-22   288
  3.005921e-01   1.441629e-20   7.514392e-05   8.879340e-22   192
  3.009705e-01   1.062028e-20   7.996067e-05   5.910688e-22   264
  3.013310e-01   1.174640e-20   1.315242e-04   6.551544e-22   372
  3.017189e-01   1.159731e-20   1.420518e-04   6.251759e-22   360
  3.021924e-01   1.411849e-20   6.011768e-05   1.073688e-21   144
  3.024371e-01   7.815128e-21   8.350082e-05   3.578333e-22   296
  3.028234e-01   1.257388e-20   8.996782e-05   8.699628e-22   288
  3.032657e-01   1.327170e-20   1.344546e-04   5.648901e-22   480
  3.036471e-01   7.813023e-21   1.117190e-04   6.306034e-22   192
  3.040181e-01   1.410020e-20   1.198338e-04   7.445891e-22   192
  3.043553e-01   1.009741e-20   7.637151e-05   6.338832e-22   288
  3.048242e-01   7.129835e-21   6.648036e-05   5.828793e-22   108
  3.050604e-01   1.267184e-20   6.391272e-05   5.732763e-22   240
  3.054775e-01   1.082985e-20   1.192307e-04   6.001368e-22   384
  3.059059e-01   1.425360e-20   1.454479e-04   1.228863e-21   108
  3.062848e-01   1.100420e-20   8.527881e-05   5.489737e-22   348
  3.066832e-01   6.506087e-21   8.900031e-05   3.592510e-22   312
  3.070391e-01   3.594662e-21   8.648246e-05   3.318657e-22   96
  3.073663e-01   1.207310e-20   1.151358e-04   6.001594e-22   384
  3.077328e-01   1.294510e-20   7.919012e-05   1.147557e-21   144
  3.080912e-01   1.186366e-20   1.216791e-04   6.066724e-22   408
  3.085368e-01   8.423906e-21   5.427748e-05   8.301857e-22   144
  3.089578e-01   8.270251e-21   1.043490e-04   5.851927e-22   192
  3.092074e-01   1.668575e-20   1.174468e-04   1.368867e-21   144
  3.096144e-01   1.135626e-20   9.548855e-05   9.200965e-22   144
  3.099983e-01   1.322734e-20   1.167025e-04   6.957319e-22   336
  3.104685e-01   8.335919e-21   8.634502e-05   5.099134e-22   240
  3.107666e-01   9.729633e-21   3.920851e-05   1.120461e-21   96
  3.111825e-01   9.134008e-21   1.149797e-04   6.193748e-22   372
  3.116031e-01   5.932791e-21   1.367659e-04   4.209833e-22   132
  3.119726e-01   9.639150e-21   8.462908e-05   6.043975e-22   264
  3.123032e-01   1.162782e-20   6.499128e-05   6.630714e-22   168
  3.126560e-01   1.405367e-20   1.039086e-04   9.070345e-22   216
  3.129676e-01   7.415534e-21   6.357256e-05   6.464329e-22   216
  3.134215e-01   6.605128e-21   1.166292e-04   5.019268e-22   96
  3.138333e-01   9.796941e-21   7.608990e-05   9.621200e-22   120
  3.142110e-01   1.105877e-20   9.673168e-05   7.977796e-22   216
  3.145221e-01   9.843345e-21   4.227207e-05   8.678897e-22   200
  3.149340e-01   9.297689e-21   1.094242e-04   7.733694e-22   288
  3.154623e-01   4.018075e-21   2.879164e-05   3.641182e-22   144
  3.156848e-01   1.302017e-20   8.959781e-05   1.610621e-21   168
  3.161391e-01   7.714879e-21   1.008340e-04   7.519399e-22   159
  3.164937e-01   8.625621e-21   1.057991e-04   6.950206e-22   174
  3.168369e-01   8.959811e-21   9.593494e-05   7.162386e-22   144
  3.172863e-01   1.167291e-20   5.539549e-05   7.773276e-22   222
  3.175869e-01   9.331335e-21   5.589895e-05   8.157478e-22   168
  3.181060e-01   1.001387e-20   1.226079e-04   1.292482e-21   30
  3.183205e-01   3.140530e-21   1.082537e-04   3.477964e-22   72
  3.187244e-01   7.925320e-21   9.661517e-05   6.984731e-22   258
  3.191684e-01   7.983218e-21   6.051257e-05   5.690257e-22   264
  3.193905e-01   9.683751e-21   0.000000e+00   1.462571e-21   72
  3.198532e-01   4.373025e-21   1.199385e-04   3.664733e-22   174
  3.202721e-01   9.132633e-21   1.277123e-04   9.821770e-22   168
  3.206090e-01   2.608382e-21   3.996146e-09   3.144000e-22   48
  3.209705e-01   4.402610e-21   7.212215e-05   3.497880e-22   150
  3.213898e-01   1.404751e-20   1.326739e-04   1.045337e-21   168
  3.218102e-01   7.609342e-21   8.081877e-05   6.314515e-22   144
  3.221967e-01   7.893755e-21   7.550312e-05   1.143798e-21   102
  3.224847e-01   2.732095e-21   1.117576e-04   2.363508e-22   96
  3.229415e-01   2.723513e-21   1.109119e-04   2.196233e-22   120
  3.232799e-01   2.420438e-21   1.189559e-04   1.771453e-22   168
  3.236458e-01   1.267685e-20   8.783953e-05   1.045342e-21   126
  3.239576e-01   6.392302e-21   6.624856e-05   7.452179e-22   168
  3.243872e-01   3.870415e-21   1.062297e-04   4.791882e-22   72
  3.247626e-01   3.697766e-21   1.330232e-04   2.959560e-22   168
  3.250914e-01   8.367491e-21   3.646820e-05   1.379840e-21   78
  3.255420e-01   3.115136e-21   5.987806e-05   2.830392e-22   60
  3.259049e-01   1.384907e-20   9.713191e-05   2.096539e-21   96
  3.262812e-01   5.228612e-21   1.178615e-04   3.699677e-22   168
  3.266349e-01   4.380555e-21   7.457817e-05   6.943693e-22   86
  3.270060e-01   1.956107e-21   6.665520e-05   2.456054e-22   120
  3.275378e-01   4.112862e-21   4.753401e-05   3.569702e-22   168
  3.278247e-01   2.062965e-21   0.000000e+00   2.102697e-22   48
  3.282110e-01   8.703668e-21   8.660181e-05   8.602872e-22   120
  3.284330e-01   5.247538e-21   6.317951e-05   6.990239e-22   126
  3.289749e-01   5.533476e-21   1.111151e-04   5.140089e-22   96
  3.293266e-01   4.593295e-21   3.204012e-05   4.214214e-22   96
  3.296039e-01   2.382086e-21   0.000000e+00   1.815061e-22   72
  3.301949e-01   3.700801e-21   3.996146e-09   5.452674e-22   24
  3.305637e-01   5.502575e-21   6.593782e-05   4.583234e-22   120
  3.308514e-01   4.195221e-21   9.618300e-05   5.173977e-22   126
  3.311713e-01   1.851342e-21   8.018157e-05   1.973122e-22   96
  3.315452e-01   1.148059e-21   1.385771e-04   9.572657e-23   72
  3.319614e-01   2.839865e-21   5.993927e-05   2.242790e-22   144
  3.323038e-01   2.730338e-21   3.457157e-05   3.105610e-22   72
  3.326459e-01   4.574512e-21   6.905176e-05   9.033579e-22   54
  3.329469e-01   4.587456e-21   6.085106e-05   5.541187e-22   108
  3.335726e-01   5.496207e-21   5.964977e-05   5.344498e-22   72
  3.337673e-01   4.425829e-21   3.441997e-05   5.029616e-22   72
  3.342294e-01   1.980199e-21   6.921527e-09   2.236867e-22   24
  3.346666e-01   6.112772e-22   7.281693e-05   6.757113e-23   48
  3.349321e-01   3.617553e-21   5.546771e-05   5.052143e-22   102
  3.353317e-01   2.370886e-21   1.254449e-04   2.226677e-22   168
  3.358538e-01   1.074654e-21   6.841470e-05   9.255823e-23   72
  3.360473e-01   1.695216e-21   0.000000e+00   2.070457e-22   48
  3.364531e-01   2.837223e-21   1.176775e-04   2.373496e-22   120
  3.369887e-01   2.305417e-21   7.231517e-05   1.446525e-22   96
  3.374945e-01   6.132858e-21   7.830814e-09   1.975498e-21   30
  3.380957e-01   4.983384e-21   3.397687e-05   6.046255e-22   72
  3.383599e-01   2.093640e-21   3.996146e-09   3.981828e-22   24
  3.386992e-01   5.586208e-22   5.036212e-05   4.084587e-23   56
  3.390793e-01   6.386812e-22   7.186930e-05   4.802101e-23   96
  3.395342e-01   1.995691e-21   7.936128e-05   1.941071e-22   144
  3.398849e-01   2.646081e-21   4.505822e-05   7.180865e-22   54
  3.403944e-01   1.757736e-21   6.750198e-05   1.275377e-22   108
  3.409071e-01   5.293388e-21   3.574199e-05   8.907804e-22   48
  3.413952e-01   2.033903e-21   1.345800e-04   1.616631e-22   72
  3.425664e-01   4.360044e-21   8.891744e-05   5.487484e-22   78
  3.428909e-01   4.013463e-22   6.701044e-05   2.660129e-23   72
  3.432698e-01   7.300098e-22   6.692725e-05   7.467745e-23   72
  3.436659e-01   1.819517e-21   1.615028e-04   2.144583e-22   96
  3.439790e-01   1.010658e-21   6.678928e-05   7.606603e-23   72
  3.443566e-01   1.290314e-21   0.000000e+00   1.726319e-22   24
  3.447338e-01   2.220469e-21   1.332770e-04   1.895239e-22   72
  3.455858e-01   2.775713e-21   8.463498e-05   4.305775e-22   30
  3.457691e-01   2.998026e-21   0.000000e+00   5.180920e-22   24
  3.467544e-01   3.662305e-22   7.027855e-05   3.485603e-23   48
  3.470634e-01   1.216634e-21   1.512394e-04   1.909065e-22   120
  3.474798e-01   6.349780e-22   6.612537e-05   6.052250e-23   72
  3.479003e-01   8.021843e-22   6.604543e-05   9.710264e-23   36
  3.481894e-01   1.357333e-21   1.305365e-04   1.876990e-22   78
  3.489960e-01   1.741171e-21   6.982714e-05   1.662358e-22   48
  3.500419e-01   2.756829e-21   5.651403e-09   2.603049e-22   24
  3.507870e-01   3.052017e-22   4.862619e-05   4.726705e-23   56
  3.511622e-01   4.234141e-22   7.482652e-05   4.453906e-23   102
  3.516395e-01   6.915572e-22   5.328194e-09   6.213779e-23   72
  3.519166e-01   9.723780e-22   0.000000e+00   1.598121e-22   24
  3.524009e-01   8.527003e-22   6.915246e-05   8.376614e-23   48
  3.532988e-01   1.237741e-21   0.000000e+00   2.513546e-22   24
  3.544007e-01   1.521034e-21   0.000000e+00   5.418877e-22   6
  3.547443e-01   2.074395e-22   0.000000e+00   3.128510e-23   24
  3.549732e-01   2.855380e-22   6.472929e-05   1.996709e-23   72
  3.553914e-01   3.382036e-22   1.207586e-04   2.336015e-23   84
  3.558418e-01   7.920734e-22   0.000000e+00   1.349633e-22   24
  3.559787e-01   9.188107e-22   5.651403e-09   1.060331e-22   24
  3.566626e-01   1.034851e-21   3.996146e-09   1.560941e-22   24
  3.576179e-01   7.563110e-22   0.000000e+00   1.280945e-22   6
  3.588424e-01   1.920405e-22   6.791113e-05   2.728915e-23   48
  3.591365e-01   2.060321e-22   1.279335e-04   1.717715e-23   72
  3.595209e-01   3.665202e-22   6.778297e-05   4.124486e-23   48
  3.601304e-01   1.074140e-21   0.000000e+00   1.612274e-22   24
  3.609415e-01   2.616960e-21   3.996146e-09   4.357102e-22   6
  3.627599e-01   1.151882e-22   0.000000e+00   2.811169e-23   8
  3.628942e-01   2.192644e-22   3.996146e-09   1.884647e-23   48
  3.632164e-01   2.348053e-22   6.573533e-05   2.163798e-23   60
  3.636991e-01   4.642689e-22   0.000000e+00   1.013786e-22   24
  3.643686e-01   5.983285e-22   0.000000e+00   1.689743e-22   6
  3.668348e-01   1.109199e-22   0.000000e+00   1.538268e-23   24
  3.670341e-01   1.989089e-22   6.639546e-05   1.789689e-23   48
  3.673659e-01   2.666624e-22   0.000000e+00   5.748350e-23   24
  3.678962e-01   8.736318e-23   3.996146e-09   3.356063e-23   6
  3.709088e-01   9.195587e-23   6.194064e-05   6.017701e-24   36
  3.711278e-01   1.753619e-22   0.000000e+00   2.932987e-23   24
  3.715215e-01   2.438431e-22   0.000000e+00   9.242907e-23   6
  3.749494e-01   5.891958e-23   5.629118e-05   6.885995e-24   32
  3.752417e-01   8.480804e-23   3.996146e-09   2.028367e-23   6
  3.789254e-01   2.405923e-23   0.000000e+00   5.777371e-24   12
  3.790540e-01   8.289820e-23   0.000000e+00   2.024074e-23   6
  3.829556e-01   1.013518e-23   5.651403e-09   3.502641e-24   6
