# power spectrum of B
# redshift z=3.000000
# k              Pk             sigma(k)       sigma(Pk)      count
  6.981317e-03   1.324405e-16   0.000000e+00   1.818093e-17   6
  9.873073e-03   1.775368e-16   0.000000e+00   3.405843e-17   12
  1.209200e-02   1.240125e-16   1.324548e-10   2.332964e-17   8
  1.396263e-02   3.849122e-16   0.000000e+00   9.466954e-17   6
  1.561070e-02   3.160254e-16   0.000000e+00   4.247459e-17   24
  1.710066e-02   2.772934e-16   2.497591e-10   4.754160e-17   24
  1.974615e-02   2.869949e-16   0.000000e+00   5.861897e-17   12
  2.094395e-02   3.199466e-16   2.825702e-10   4.466666e-17   30
  2.207686e-02   3.527382e-16   0.000000e+00   3.722996e-17   24
  2.315441e-02   2.761309e-16   4.325955e-10   4.320342e-17   24
  2.418399e-02   2.660994e-16   2.649095e-10   2.982566e-17   8
  2.517150e-02   2.470970e-16   3.532127e-10   3.106820e-17   24
  2.612170e-02   2.593452e-16   0.000000e+00   3.113842e-17   48
  2.792527e-02   4.292558e-16   0.000000e+00   5.059978e-17   6
  2.878471e-02   2.855585e-16   4.995182e-10   2.709421e-17   48
  2.961922e-02   2.438074e-16   0.000000e+00   3.984851e-17   36
  3.043086e-02   2.672805e-16   3.532127e-10   3.829777e-17   24
  3.122140e-02   1.840354e-16   0.000000e+00   1.413035e-17   24
  3.199241e-02   2.379664e-16   0.000000e+00   2.649303e-17   48
  3.274528e-02   2.296575e-16   4.995182e-10   4.784561e-17   24
  3.420133e-02   2.195744e-16   4.995182e-10   3.903867e-17   24
  3.490659e-02   2.447524e-16   0.000000e+00   2.634926e-17   30
  3.559787e-02   2.070963e-16   0.000000e+00   2.044306e-17   72
  3.627599e-02   1.758313e-16   5.298191e-10   1.758885e-17   32
  3.759554e-02   1.982425e-16   0.000000e+00   1.353792e-17   72
  3.823825e-02   2.089063e-16   0.000000e+00   2.183408e-17   48
  3.949229e-02   2.226256e-16   0.000000e+00   5.164190e-17   12
  4.010461e-02   2.200277e-16   0.000000e+00   2.052673e-17   48
  4.070772e-02   1.877562e-16   0.000000e+00   2.387388e-17   48
  4.130203e-02   1.947958e-16   4.995182e-10   1.843884e-17   48
  4.188790e-02   2.235290e-16   5.651403e-10   2.119009e-17   30
  4.246569e-02   1.451846e-16   4.995182e-10   1.315735e-17   24
  4.303573e-02   2.439185e-16   1.053077e-09   1.983276e-17   72
  4.415373e-02   1.388210e-16   0.000000e+00   1.543816e-17   24
  4.470224e-02   1.954234e-16   0.000000e+00   1.655532e-17   96
  4.524411e-02   1.650628e-16   0.000000e+00   2.134567e-17   48
  4.577956e-02   1.082552e-16   8.651909e-10   1.254377e-17   24
  4.630882e-02   2.471936e-16   8.651909e-10   2.301526e-17   24
  4.683210e-02   1.371501e-16   0.000000e+00   1.237491e-17   72
  4.734960e-02   1.479154e-16   0.000000e+00   1.627697e-17   48
  4.836798e-02   1.053388e-16   5.298191e-10   2.293276e-17   8
  4.886922e-02   1.738209e-16   6.279337e-10   1.733158e-17   54
  4.936537e-02   1.550991e-16   0.000000e+00   1.121891e-17   84
  4.985658e-02   1.497936e-16   0.000000e+00   1.312045e-17   48
  5.034299e-02   2.083056e-16   7.064254e-10   2.955017e-17   24
  5.082475e-02   1.719331e-16   6.660243e-10   1.318168e-17   72
  5.130199e-02   1.448444e-16   0.000000e+00   7.467946e-18   96
  5.224339e-02   1.395880e-16   0.000000e+00   1.185371e-17   48
  5.270779e-02   1.366047e-16   0.000000e+00   1.307132e-17   48
  5.316813e-02   1.291946e-16   7.064254e-10   1.512123e-17   24
  5.362451e-02   1.472573e-16   0.000000e+00   1.267767e-17   72
  5.452583e-02   1.238470e-16   6.660243e-10   1.284085e-17   72
  5.497095e-02   1.153648e-16   0.000000e+00   8.576026e-18   96
  5.585054e-02   1.128557e-16   0.000000e+00   3.263738e-17   6
  5.628518e-02   1.053791e-16   0.000000e+00   5.742228e-18   96
  5.671649e-02   1.311676e-16   7.064254e-10   1.174408e-17   96
  5.714454e-02   7.742160e-17   0.000000e+00   1.245130e-17   24
  5.756941e-02   1.486113e-16   9.990364e-10   1.812087e-17   48
  5.799117e-02   1.518222e-16   0.000000e+00   1.021392e-17   96
  5.840989e-02   1.158455e-16   0.000000e+00   1.607841e-17   48
  5.923844e-02   1.199682e-16   0.000000e+00   7.952035e-18   36
  5.964840e-02   1.139983e-16   1.223565e-09   9.719931e-18   48
  6.005556e-02   1.053026e-16   1.384305e-09   8.022486e-18   120
  6.045998e-02   9.432161e-17   0.000000e+00   7.617002e-18   56
  6.086171e-02   8.709806e-17   7.064254e-10   9.867658e-18   24
  6.126081e-02   1.065436e-16   0.000000e+00   8.184105e-18   96
  6.165732e-02   9.421711e-17   0.000000e+00   1.043301e-17   48
  6.244280e-02   1.222824e-16   0.000000e+00   1.990987e-17   24
  6.283185e-02   9.525834e-17   0.000000e+00   6.727700e-18   102
  6.321851e-02   1.545868e-16   0.000000e+00   1.472327e-17   48
  6.360282e-02   1.137203e-16   0.000000e+00   8.021228e-18   72
  6.398483e-02   1.019360e-16   0.000000e+00   1.060550e-17   48
  6.436456e-02   1.251199e-16   0.000000e+00   1.436592e-17   48
  6.474207e-02   1.074110e-16   1.598458e-09   7.882965e-18   120
  6.549056e-02   7.742356e-17   9.990364e-10   8.123953e-18   24
  6.586161e-02   8.735578e-17   9.419006e-10   4.913578e-18   144
  6.623059e-02   9.631462e-17   1.130281e-09   6.725918e-18   120
  6.659752e-02   1.174911e-16   9.990364e-10   1.297759e-17   48
  6.732538e-02   7.485491e-17   9.990364e-10   7.359207e-18   48
  6.768638e-02   1.056113e-16   9.990364e-10   8.062679e-18   96
  6.863955e-02   9.542378e-17   1.675093e-04   1.031083e-17   72
  6.911151e-02   1.116439e-16   1.255867e-09   8.220314e-18   108
  6.946323e-02   8.702838e-17   0.000000e+00   6.785619e-18   72
  6.981317e-02   1.094883e-16   0.000000e+00   1.468075e-17   30
  7.016137e-02   7.910754e-17   0.000000e+00   4.588271e-18   168
  7.050785e-02   1.038647e-16   0.000000e+00   1.070687e-17   48
  7.119574e-02   7.806278e-17   0.000000e+00   5.561368e-18   72
  7.153721e-02   9.054987e-17   0.000000e+00   8.190659e-18   96
  7.187706e-02   8.359406e-17   1.883801e-09   9.689989e-18   72
  7.221530e-02   7.175984e-17   0.000000e+00   5.366291e-18   72
  7.278398e-02   9.142807e-17   1.546684e-04   6.667568e-18   104
  7.322067e-02   7.381078e-17   1.332049e-09   4.514333e-18   144
  7.421242e-02   7.493209e-17   2.233913e-09   4.624181e-18   96
  7.454007e-02   7.208231e-17   0.000000e+00   5.437447e-18   96
  7.506116e-02   8.019389e-17   1.591194e-04   5.510827e-18   120
  7.551449e-02   6.698598e-17   0.000000e+00   5.067878e-18   120
  7.583651e-02   8.387837e-17   0.000000e+00   8.382601e-18   72
  7.647650e-02   8.536037e-17   0.000000e+00   7.751353e-18   48
  7.679449e-02   7.791649e-17   1.505926e-09   7.910406e-18   78
  7.720128e-02   7.054319e-17   1.424762e-04   4.091840e-18   168
  7.805350e-02   7.067078e-17   1.332049e-09   5.116344e-18   144
  7.836509e-02   7.493508e-17   1.332049e-09   4.783318e-18   144
  7.926883e-02   5.836668e-17   8.205478e-05   3.060575e-18   156
  7.959926e-02   6.812378e-17   1.730382e-09   6.803480e-18   48
  7.990483e-02   6.884326e-17   1.130281e-09   4.760925e-18   120
  8.020923e-02   6.152160e-17   0.000000e+00   6.281335e-18   48
  8.074745e-02   6.264821e-17   1.255998e-04   3.411257e-18   216
  8.141545e-02   6.933287e-17   0.000000e+00   5.824895e-18   48
  8.171422e-02   7.213992e-17   9.990364e-10   5.206437e-18   96
  8.213902e-02   5.303759e-17   1.467830e-04   2.858624e-18   168
  8.260406e-02   5.645758e-17   9.990364e-10   4.499664e-18   48
  8.289855e-02   5.231414e-17   0.000000e+00   3.720356e-18   96
  8.319199e-02   4.750637e-17   0.000000e+00   4.778048e-18   48
  8.377580e-02   5.980264e-17   1.130281e-09   6.920654e-18   30
  8.406619e-02   6.291662e-17   9.990364e-10   4.508633e-18   96
  8.441325e-02   6.279956e-17   1.153584e-04   3.047068e-18   240
  8.485953e-02   8.056118e-17   1.244551e-04   8.591552e-18   32
  8.521783e-02   5.774511e-17   0.000000e+00   3.149556e-18   168
  8.550332e-02   5.225439e-17   0.000000e+00   3.965100e-18   120
  8.607146e-02   6.303049e-17   2.106154e-09   4.586479e-18   72
  8.635412e-02   5.174793e-17   1.332049e-09   3.147389e-18   144
  8.663587e-02   5.019035e-17   0.000000e+00   4.185713e-18   96
  8.691670e-02   3.868172e-17   0.000000e+00   2.553081e-18   96
  8.747565e-02   6.296923e-17   1.631420e-09   6.108985e-18   72
  8.775379e-02   4.187963e-17   1.412851e-09   3.160023e-18   96
  8.830745e-02   5.935183e-17   0.000000e+00   7.814956e-18   24
  8.858298e-02   4.548285e-17   0.000000e+00   2.432746e-18   192
  8.890745e-02   4.610550e-17   1.056148e-04   3.128039e-18   132
  8.940448e-02   5.224337e-17   0.000000e+00   3.203554e-18   96
  8.967664e-02   3.148938e-17   0.000000e+00   2.197141e-18   96
  8.994798e-02   4.464235e-17   1.130281e-09   2.584501e-18   120
  9.048821e-02   4.588667e-17   0.000000e+00   4.200289e-18   48
  9.093103e-02   5.265369e-17   1.279966e-04   3.279776e-18   222
  9.129257e-02   4.785523e-17   0.000000e+00   3.460384e-18   120
  9.155911e-02   4.032602e-17   1.730382e-09   6.691314e-18   24
  9.194720e-02   4.808184e-17   1.321111e-04   2.183803e-18   312
  9.279280e-02   5.459266e-17   1.238595e-04   3.434457e-18   72
  9.314239e-02   4.722268e-17   9.990364e-10   2.748889e-18   96
  9.350136e-02   4.711760e-17   1.261337e-04   2.666103e-18   192
  9.392401e-02   2.993674e-17   1.598458e-09   2.126691e-18   120
  9.418312e-02   3.982988e-17   0.000000e+00   2.288647e-18   144
  9.469919e-02   4.716235e-17   0.000000e+00   4.110762e-18   48
  9.506602e-02   3.983076e-17   1.268319e-04   1.704344e-18   336
  9.546807e-02   4.224064e-17   0.000000e+00   5.236545e-18   48
  9.597724e-02   3.816404e-17   0.000000e+00   1.972469e-18   192
  9.623081e-02   3.791500e-17   0.000000e+00   3.537108e-18   48
  9.695161e-02   2.684621e-17   8.803796e-05   3.039534e-18   56
  9.731001e-02   3.738435e-17   1.130706e-04   1.583737e-18   336
  9.773844e-02   3.790457e-17   1.255867e-09   4.788455e-18   54
  9.811165e-02   3.799639e-17   1.241922e-04   1.905081e-18   240
  9.888643e-02   3.809962e-17   1.189150e-04   1.962030e-18   228
  9.922316e-02   3.516709e-17   1.332049e-09   2.213606e-18   72
  9.955002e-02   3.842091e-17   1.153504e-04   2.514371e-18   144
  9.995725e-02   4.749638e-17   0.000000e+00   4.211687e-18   96
  1.002007e-01   3.576304e-17   1.598458e-09   1.871894e-18   240
  1.006860e-01   4.258693e-17   1.412851e-09   5.835755e-18   24
  1.009966e-01   3.304498e-17   1.089476e-04   1.417990e-18   336
  1.014095e-01   2.428494e-17   0.000000e+00   2.143071e-18   72
  1.017863e-01   3.929977e-17   1.185007e-04   2.861988e-18   168
  1.021279e-01   4.423532e-17   0.000000e+00   4.570946e-18   72
  1.026040e-01   3.802097e-17   0.000000e+00   3.228706e-18   96
  1.029727e-01   2.546657e-17   1.176117e-04   1.428395e-18   216
  1.033141e-01   2.782307e-17   1.412851e-09   1.938404e-18   96
  1.037847e-01   3.315830e-17   0.000000e+00   1.979106e-18   192
  1.040193e-01   3.266477e-17   1.332049e-09   1.899930e-18   144
  1.044868e-01   2.037376e-17   0.000000e+00   1.883562e-18   48
  1.048105e-01   2.923685e-17   1.133915e-04   1.614712e-18   246
  1.052503e-01   3.014169e-17   1.045488e-04   2.232792e-18   168
  1.056465e-01   3.229843e-17   1.957704e-09   2.896681e-18   120
  1.058769e-01   3.071715e-17   0.000000e+00   1.641915e-18   240
  1.063363e-01   4.115297e-17   1.412851e-09   5.877334e-18   24
  1.067022e-01   2.456395e-17   1.119102e-04   1.063156e-18   360
  1.071580e-01   3.302514e-17   1.114340e-04   2.612793e-18   120
  1.074760e-01   2.342407e-17   0.000000e+00   1.274293e-18   144
  1.077025e-01   2.935830e-17   0.000000e+00   3.000425e-18   96
  1.083792e-01   2.744132e-17   0.000000e+00   1.717245e-18   144
  1.086038e-01   3.242499e-17   0.000000e+00   3.059955e-18   132
  1.089195e-01   2.333548e-17   1.099837e-04   1.689594e-18   176
  1.093777e-01   2.603746e-17   1.110614e-04   1.229611e-18   312
  1.099419e-01   2.296801e-17   0.000000e+00   1.717361e-18   96
  1.101633e-01   2.098657e-17   0.000000e+00   1.505034e-18   144
  1.105031e-01   2.752671e-17   1.099474e-04   1.536270e-18   312
  1.110446e-01   1.308912e-17   0.000000e+00   1.236181e-18   48
  1.112639e-01   2.540904e-17   1.412851e-09   1.158145e-18   192
  1.117011e-01   2.607229e-17   0.000000e+00   6.254421e-18   6
  1.119915e-01   2.705566e-17   1.025446e-04   1.772648e-18   288
  1.124620e-01   2.857754e-17   1.083450e-04   1.826096e-18   192
  1.127866e-01   2.605079e-17   3.322713e-09   1.653376e-18   216
  1.130025e-01   2.362267e-17   0.000000e+00   1.894052e-18   72
  1.135403e-01   3.093356e-17   1.073161e-04   1.674832e-18   192
  1.138975e-01   2.179899e-17   7.968796e-05   1.130702e-18   288
  1.142891e-01   1.207095e-17   0.000000e+00   1.664897e-18   24
  1.145916e-01   2.067496e-17   1.049823e-04   8.153792e-19   456
  1.151388e-01   2.291258e-17   1.998073e-09   3.360884e-18   48
  1.154769e-01   2.480189e-17   1.034033e-04   1.487480e-18   240
  1.158655e-01   2.795089e-17   1.045007e-04   1.448367e-18   216
  1.161923e-01   2.284496e-17   0.000000e+00   1.941861e-18   72
  1.164018e-01   1.875954e-17   3.610549e-09   9.490761e-19   168
  1.169935e-01   2.193389e-17   7.767385e-05   1.155073e-18   288
  1.173253e-01   2.250760e-17   1.027758e-04   1.576240e-18   168
  1.178582e-01   2.315178e-17   0.000000e+00   1.721411e-18   192
  1.180648e-01   1.672545e-17   1.332049e-09   1.040228e-18   144
  1.184769e-01   3.031375e-17   0.000000e+00   4.473820e-18   36
  1.188264e-01   2.050516e-17   9.385617e-05   1.025918e-18   342
  1.191605e-01   2.485683e-17   9.637890e-05   2.193876e-18   144
  1.195900e-01   2.474521e-17   1.010773e-04   1.296503e-18   384
  1.201111e-01   1.750002e-17   2.768611e-09   1.309536e-18   120
  1.203690e-01   2.293550e-17   9.013158e-05   1.420914e-18   264
  1.207183e-01   2.006075e-17   4.467827e-09   1.583326e-18   192
  1.210471e-01   1.841311e-17   9.713401e-05   1.304184e-18   152
  1.213224e-01   2.243456e-17   2.664097e-09   2.151032e-18   144
  1.219012e-01   1.848756e-17   6.286607e-05   1.142934e-18   216
  1.221692e-01   2.072404e-17   8.400585e-05   1.094437e-18   312
  1.226409e-01   2.388248e-17   9.736112e-05   1.363505e-18   240
  1.229188e-01   1.433331e-17   1.412851e-09   9.059656e-19   96
  1.234463e-01   1.155346e-17   9.308426e-05   6.893928e-19   144
  1.237714e-01   1.987195e-17   9.149363e-05   9.503747e-19   456
  1.242988e-01   1.420530e-17   0.000000e+00   9.797016e-19   120
  1.244947e-01   1.872842e-17   0.000000e+00   1.713084e-18   144
  1.248856e-01   2.080123e-17   0.000000e+00   2.090794e-18   24
  1.251362e-01   1.451958e-17   8.794658e-05   5.738097e-19   336
  1.255696e-01   1.874922e-17   9.699311e-05   1.140658e-18   198
  1.259757e-01   1.690732e-17   9.432023e-05   9.788590e-19   432
  1.264370e-01   3.108731e-17   0.000000e+00   4.243650e-18   48
  1.266777e-01   2.021640e-17   8.326844e-05   9.839084e-19   384
  1.271098e-01   1.499937e-17   9.585962e-05   1.527651e-18   144
  1.275013e-01   1.695343e-17   9.517601e-05   9.609096e-19   264
  1.279697e-01   1.070167e-17   0.000000e+00   1.197386e-18   48
  1.282839e-01   1.638872e-17   9.049683e-05   9.387632e-19   276
  1.285870e-01   1.897998e-17   8.203293e-05   1.289814e-18   192
  1.289922e-01   1.590686e-17   9.218697e-05   6.839244e-19   552
  1.294841e-01   1.564472e-17   3.196917e-09   1.761602e-18   120
  1.297765e-01   9.830491e-18   9.331596e-05   6.056665e-19   216
  1.300475e-01   1.422273e-17   1.598458e-09   1.180584e-18   120
  1.305316e-01   1.512093e-17   9.189333e-05   7.752835e-19   408
  1.309811e-01   6.677881e-18   1.998073e-09   6.180134e-19   24
  1.312599e-01   1.513866e-17   9.282881e-05   8.480607e-19   384
  1.316492e-01   1.259481e-17   9.069708e-05   8.604378e-19   240
  1.319872e-01   1.612278e-17   9.136125e-05   9.917239e-19   168
  1.324612e-01   1.447071e-17   2.260561e-09   1.219257e-18   120
  1.327667e-01   1.434433e-17   9.523931e-05   7.481530e-19   350
  1.332635e-01   1.968030e-17   1.567823e-04   1.254632e-18   384
  1.335605e-01   1.832262e-17   0.000000e+00   1.841873e-18   144
  1.341067e-01   1.386255e-17   3.767602e-09   9.705617e-19   288
  1.343919e-01   1.644542e-17   8.974411e-05   1.221962e-18   336
  1.347800e-01   1.030087e-17   8.170456e-05   5.869939e-19   168
  1.350122e-01   1.478092e-17   1.614687e-09   8.881516e-19   336
  1.354927e-01   1.338177e-17   8.480446e-05   7.971413e-19   288
  1.357812e-01   1.501517e-17   7.990748e-05   8.779615e-19   264
  1.362699e-01   1.217904e-17   0.000000e+00   8.497974e-19   240
  1.364486e-01   1.348919e-17   2.825702e-09   1.227300e-18   96
  1.370900e-01   1.438920e-17   1.086688e-04   7.224172e-19   360
  1.373893e-01   1.487866e-17   8.010757e-05   1.373880e-18   168
  1.377676e-01   1.164983e-17   8.732558e-05   5.709960e-19   456
  1.382230e-01   1.064482e-17   2.511735e-09   6.830528e-19   108
  1.384792e-01   9.531045e-18   8.761995e-05   8.440315e-19   264
  1.387988e-01   1.071153e-17   7.817127e-05   7.611053e-19   264
  1.392364e-01   1.263204e-17   7.376599e-05   7.250405e-19   312
  1.397814e-01   1.364570e-17   5.481617e-05   1.045044e-18   270
  1.400098e-01   1.270561e-17   6.959603e-05   8.633152e-19   240
  1.404204e-01   1.403607e-17   8.609907e-05   8.384893e-19   384
  1.406696e-01   1.222769e-17   0.000000e+00   8.691522e-19   192
  1.411539e-01   1.587792e-17   6.908303e-05   1.158204e-18   240
  1.414347e-01   1.306428e-17   8.525963e-05   7.291058e-19   336
  1.419630e-01   1.219501e-17   8.583011e-05   6.396078e-19   480
  1.423915e-01   1.572378e-17   0.000000e+00   1.873168e-18   72
  1.426309e-01   1.436828e-17   8.369217e-05   1.614065e-18   240
  1.429564e-01   1.073013e-17   7.865917e-05   7.409947e-19   312
  1.433297e-01   8.652091e-18   8.501169e-05   5.195658e-19   240
  1.438936e-01   1.154302e-17   6.458688e-05   7.261727e-19   408
  1.441169e-01   1.185811e-17   5.914602e-05   7.088288e-19   336
  1.445532e-01   1.280111e-17   7.510087e-05   9.550830e-19   264
  1.447677e-01   5.772097e-18   0.000000e+00   3.960339e-19   144
  1.453643e-01   9.253581e-18   1.040943e-04   5.095084e-19   464
  1.456786e-01   9.350441e-18   8.277629e-05   5.953685e-19   168
  1.459889e-01   6.328072e-18   7.539115e-05   3.501696e-19   336
  1.465498e-01   1.099680e-17   7.921315e-05   5.984007e-19   414
  1.468660e-01   1.294519e-17   8.245619e-05   1.058355e-18   216
  1.472710e-01   1.960524e-17   1.998073e-09   1.930762e-18   96
  1.474364e-01   1.070554e-17   5.994218e-09   7.453100e-19   384
  1.480158e-01   1.026600e-17   8.229688e-05   5.517285e-19   492
  1.483263e-01   1.401226e-17   8.047930e-05   1.109861e-18   240
  1.486772e-01   1.079012e-17   8.171468e-05   6.499477e-19   312
  1.491618e-01   6.739223e-18   8.168777e-05   8.072607e-19   192
  1.494688e-01   9.199436e-18   7.916535e-05   5.401288e-19   504
  1.498761e-01   1.029320e-17   5.240881e-05   7.606984e-19   408
  1.501968e-01   7.105722e-18   1.605609e-04   5.864249e-19   168
  1.505981e-01   1.350841e-17   7.626782e-05   8.213860e-19   288
  1.509348e-01   9.566702e-18   7.959200e-05   6.890554e-19   288
  1.512797e-01   6.217524e-18   8.005014e-05   3.572228e-19   432
  1.517801e-01   7.682152e-18   7.570076e-05   5.978098e-19   216
  1.520474e-01   7.548266e-18   7.554106e-05   4.381596e-19   360
  1.525234e-01   9.268670e-18   7.372735e-05   6.177932e-19   312
  1.529530e-01   1.036656e-17   0.000000e+00   1.025578e-18   48
  1.532006e-01   7.529348e-18   7.904634e-05   3.745133e-19   432
  1.536441e-01   8.214723e-18   1.318501e-04   6.572650e-19   414
  1.539060e-01   9.361491e-18   6.955573e-09   7.780017e-19   312
  1.543946e-01   9.069180e-18   1.156911e-04   6.121780e-19   528
  1.547243e-01   9.954590e-18   6.072803e-05   7.596482e-19   264
  1.551204e-01   1.067388e-17   7.200680e-05   7.573901e-19   480
  1.556380e-01   8.633990e-18   0.000000e+00   7.140571e-19   288
  1.558615e-01   6.867448e-18   7.736908e-05   5.487319e-19   168
  1.562704e-01   9.557774e-18   1.224750e-04   5.552899e-19   504
  1.567302e-01   1.349547e-17   2.664097e-09   1.223768e-18   144
  1.570194e-01   6.286331e-18   7.865832e-05   2.558391e-19   464
  1.574541e-01   8.246381e-18   1.154355e-04   5.238535e-19   432
  1.576603e-01   7.340929e-18   1.998073e-09   7.097167e-19   192
  1.581934e-01   6.608925e-18   8.557628e-05   4.392284e-19   396
  1.585082e-01   5.894508e-18   7.687110e-05   5.222288e-19   288
  1.588263e-01   6.313069e-18   7.593549e-05   4.900148e-19   336
  1.593345e-01   6.715755e-18   4.808388e-05   4.577596e-19   432
  1.596570e-01   5.899189e-18   1.246267e-04   3.456914e-19   360
  1.600192e-01   6.392542e-18   7.371853e-05   3.253270e-19   384
  1.605335e-01   6.670285e-18   6.507077e-05   5.680295e-19   198
  1.607813e-01   7.499701e-18   7.396430e-05   5.232490e-19   552
  1.612434e-01   1.063305e-17   1.035450e-04   7.516630e-19   432
  1.616292e-01   6.670247e-18   0.000000e+00   5.635279e-19   168
  1.619530e-01   1.007295e-17   1.283579e-04   7.075967e-19   480
  1.623813e-01   5.652863e-18   0.000000e+00   4.657351e-19   120
  1.625741e-01   9.708926e-18   1.048372e-04   8.193231e-19   336
  1.630445e-01   6.203099e-18   7.396097e-05   3.489594e-19   672
  1.635097e-01   7.685247e-18   1.075863e-04   4.728517e-19   528
  1.637264e-01   3.194197e-18   3.229373e-09   2.555692e-19   168
  1.642270e-01   6.920206e-18   1.200118e-04   4.451633e-19   456
  1.645324e-01   8.577689e-18   7.329223e-05   9.858533e-19   168
  1.648495e-01   6.310549e-18   7.316065e-05   3.617646e-19   504
  1.653766e-01   4.195022e-18   9.414654e-05   3.640080e-19   336
  1.656953e-01   6.307699e-18   6.786851e-05   5.364867e-19   312
  1.660489e-01   6.851796e-18   6.631214e-05   4.498780e-19   504
  1.665141e-01   4.904412e-18   4.600920e-05   3.098537e-19   432
  1.667329e-01   5.682317e-18   7.109945e-05   4.757340e-19   312
  1.671876e-01   5.678404e-18   7.288039e-05   3.550443e-19   384
  1.676624e-01   1.004189e-17   6.192036e-05   1.477287e-18   126
  1.679555e-01   9.463864e-18   1.087174e-04   7.170347e-19   492
  1.683299e-01   7.622983e-18   6.963360e-05   5.427674e-19   528
  1.687978e-01   5.934288e-18   7.073279e-05   4.418498e-19   480
  1.690879e-01   7.229022e-18   9.771696e-05   5.125781e-19   432
  1.695076e-01   5.894321e-18   7.684145e-05   4.196622e-19   440
  1.699951e-01   9.167399e-18   3.821294e-05   7.140553e-19   312
  1.701781e-01   4.778355e-18   5.726529e-05   3.338495e-19   480
  1.705533e-01   6.299641e-18   1.121243e-04   4.650568e-19   408
  1.711016e-01   7.481393e-18   6.714979e-05   4.875698e-19   360
  1.713332e-01   6.047799e-18   6.479710e-05   4.230047e-19   408
  1.717625e-01   4.502433e-18   6.593925e-05   3.647068e-19   456
  1.722458e-01   6.157657e-18   6.302169e-05   5.493595e-19   264
  1.725141e-01   6.117636e-18   6.839435e-05   3.753012e-19   384
  1.729046e-01   5.005780e-18   1.151467e-04   3.049006e-19   672
  1.733561e-01   7.796132e-18   6.887260e-05   6.953929e-19   240
  1.736166e-01   4.048944e-18   6.988846e-05   2.848827e-19   264
  1.739843e-01   3.317976e-18   8.619588e-05   2.248557e-19   624
  1.745329e-01   3.784550e-18   0.000000e+00   5.245783e-19   150
  1.747283e-01   7.126177e-18   9.658929e-05   4.577557e-19   600
  1.751402e-01   6.882066e-18   6.666345e-05   4.166276e-19   672
  1.756067e-01   4.276082e-18   6.270167e-05   4.270249e-19   336
  1.758666e-01   7.101669e-18   6.820115e-05   5.584605e-19   408
  1.762818e-01   6.777751e-18   6.804049e-05   6.250508e-19   408
  1.767436e-01   6.810349e-18   3.440492e-05   4.786339e-19   360
  1.770283e-01   7.053441e-18   1.263238e-04   6.060872e-19   456
  1.773722e-01   4.756837e-18   6.869566e-05   4.540484e-19   384
  1.778099e-01   2.816998e-18   6.341480e-05   1.982322e-19   348
  1.780464e-01   6.248992e-18   7.817791e-05   3.784895e-19   576
  1.784907e-01   3.864634e-18   6.436923e-05   2.549949e-19   504
  1.789452e-01   4.601681e-18   9.078907e-05   3.493101e-19   432
  1.793419e-01   5.019029e-18   1.235181e-04   2.982383e-19   576
  1.796248e-01   4.263211e-18   0.000000e+00   4.810082e-19   264
  1.800736e-01   4.025351e-18   9.828954e-05   2.094440e-19   768
  1.804640e-01   1.673420e-18   1.323290e-04   8.683967e-20   240
  1.807743e-01   5.432192e-18   1.167016e-04   6.480009e-19   192
  1.812263e-01   3.598767e-18   8.590664e-05   2.403488e-19   504
  1.815615e-01   6.308360e-18   1.157624e-04   3.977569e-19   590
  1.818830e-01   6.541509e-18   1.297055e-04   5.509765e-19   384
  1.822861e-01   4.804873e-18   1.083956e-04   3.659630e-19   504
  1.827729e-01   5.785456e-18   1.043140e-04   3.914825e-19   648
  1.832449e-01   4.118126e-18   2.833030e-05   3.593504e-19   504
  1.834353e-01   3.665622e-18   6.462673e-05   2.646984e-19   312
  1.837714e-01   6.191749e-18   9.311123e-05   4.500105e-19   576
  1.842327e-01   5.813340e-18   6.479663e-05   5.983916e-19   240
  1.845017e-01   3.040441e-18   6.547387e-05   1.699433e-19   552
  1.848823e-01   5.495433e-18   6.147846e-05   4.000763e-19   600
  1.854246e-01   3.823875e-18   7.509108e-05   2.262598e-19   600
  1.857506e-01   3.954974e-18   1.202524e-04   3.308899e-19   312
  1.860753e-01   5.083983e-18   1.047280e-04   3.532108e-19   480
  1.864809e-01   2.813218e-18   6.534019e-05   1.942916e-19   576
  1.868380e-01   4.440571e-18   1.052119e-04   3.705300e-19   408
  1.871548e-01   1.309527e-18   1.227345e-04   1.377472e-19   216
  1.875642e-01   3.991918e-18   9.400084e-05   2.683829e-19   516
  1.880028e-01   3.550545e-18   8.968636e-05   1.885452e-19   744
  1.884552e-01   4.654308e-18   5.990257e-05   3.463361e-19   462
  1.887109e-01   4.977605e-18   6.088230e-05   5.486011e-19   432
  1.891075e-01   5.417366e-18   5.648168e-05   4.230269e-19   648
  1.895737e-01   4.890976e-18   8.264320e-05   4.469072e-19   528
  1.899483e-01   5.251536e-18   9.952305e-05   3.572308e-19   600
  1.903225e-01   7.928475e-18   1.254725e-04   7.927729e-19   240
  1.906850e-01   4.312732e-18   9.611075e-05   3.407533e-19   720
  1.911062e-01   4.218831e-18   7.604100e-05   2.707398e-19   720
  1.915732e-01   1.050770e-18   0.000000e+00   1.084681e-19   144
  1.918190e-01   4.993148e-18   9.803961e-05   3.484116e-19   720
  1.921686e-01   4.481208e-18   5.878648e-05   3.507912e-19   384
  1.926063e-01   2.961569e-18   6.516793e-05   2.085259e-19   672
  1.930215e-01   5.239501e-18   1.141019e-04   5.572335e-19   336
  1.932199e-01   3.461578e-18   0.000000e+00   3.366793e-19   288
  1.937055e-01   2.753483e-18   9.030399e-05   1.805002e-19   776
  1.941551e-01   2.775274e-18   7.726878e-05   1.977476e-19   720
  1.945327e-01   2.348725e-18   6.224567e-05   1.690972e-19   432
  1.948347e-01   3.645097e-18   8.873905e-05   2.583516e-19   504
  1.951706e-01   3.742627e-18   6.217429e-05   2.749360e-19   528
  1.956407e-01   4.369470e-18   8.470885e-05   4.763125e-19   438
  1.960275e-01   5.450818e-18   9.859335e-05   4.730682e-19   624
  1.963189e-01   4.181822e-18   1.207635e-04   4.021609e-19   312
  1.967196e-01   5.175364e-18   6.506437e-05   3.356914e-19   696
  1.971339e-01   3.800088e-18   5.887146e-05   3.062726e-19   552
  1.975648e-01   4.431160e-18   4.554687e-05   3.668748e-19   516
  1.978313e-01   5.131950e-18   9.097645e-05   4.202348e-19   528
  1.981558e-01   1.353441e-18   5.916447e-05   7.231122e-20   528
  1.986168e-01   3.883820e-18   7.802593e-05   2.746078e-19   864
  1.989297e-01   3.391609e-18   1.068795e-04   3.075089e-19   408
  1.992429e-01   5.691997e-18   1.058911e-04   4.746784e-19   192
  1.996868e-01   2.470037e-18   8.762994e-05   1.833948e-19   720
  2.000615e-01   2.970089e-18   8.079911e-05   2.263290e-19   696
  2.005068e-01   2.693108e-18   8.726379e-05   1.758921e-19   720
  2.009142e-01   3.396471e-18   1.182756e-04   2.347733e-19   432
  2.011518e-01   1.985897e-18   6.962164e-05   2.044043e-19   264
  2.015793e-01   2.823111e-18   9.614441e-05   1.796857e-19   672
  2.019616e-01   2.694109e-18   9.843711e-05   2.012547e-19   600
  2.024154e-01   1.115329e-18   5.763483e-05   1.251793e-19   270
  2.026441e-01   4.382632e-18   8.675648e-05   4.957835e-19   528
  2.030077e-01   3.561164e-18   5.940776e-05   2.660799e-19   840
  2.035062e-01   4.442156e-18   1.135983e-04   3.031554e-19   888
  2.039669e-01   2.724298e-18   8.463909e-05   2.211045e-19   744
  2.043562e-01   3.670538e-18   4.349214e-05   3.588728e-19   456
  2.045498e-01   6.246164e-18   5.943469e-05   5.944583e-19   360
  2.048811e-01   2.490313e-18   5.149682e-05   2.795223e-19   384
  2.053895e-01   3.247466e-18   8.260041e-05   2.175648e-19   816
  2.057710e-01   3.056101e-18   1.198416e-04   2.129425e-19   824
  2.062346e-01   2.702025e-18   5.570811e-05   2.870989e-19   360
  2.064829e-01   2.540094e-18   8.220424e-05   1.975008e-19   624
  2.068246e-01   4.097833e-18   5.554917e-05   4.069496e-19   360
  2.072798e-01   2.332635e-18   7.556319e-05   1.592321e-19   876
  2.076909e-01   2.290544e-18   8.974647e-05   1.767663e-19   696
  2.081055e-01   1.469564e-18   5.795238e-05   1.283959e-19   336
  2.083228e-01   2.925617e-18   5.788726e-05   2.317168e-19   504
  2.086818e-01   2.056273e-18   5.838888e-05   1.531135e-19   672
  2.092144e-01   1.636496e-18   1.162387e-04   1.101875e-19   720
  2.095838e-01   2.673077e-18   8.780591e-05   1.891506e-19   774
  2.099915e-01   4.910911e-18   5.025783e-05   5.000790e-19   384
  2.102050e-01   3.230833e-18   9.671763e-05   2.808126e-19   528
  2.105364e-01   3.388575e-18   9.217729e-05   2.856700e-19   744
  2.110694e-01   3.349679e-18   7.602671e-05   2.408404e-19   768
  2.114233e-01   2.878263e-18   8.534571e-05   2.665953e-19   552
  2.118649e-01   2.452449e-18   9.301717e-05   2.288974e-19   696
  2.121934e-01   3.273962e-18   1.130320e-04   2.921225e-19   408
  2.124541e-01   2.828219e-18   4.883074e-05   2.424681e-19   504
  2.128675e-01   1.970439e-18   8.772259e-05   1.227209e-19   888
  2.132743e-01   2.223061e-18   9.116913e-05   2.136996e-19   648
  2.136971e-01   2.099094e-18   9.038766e-05   1.703491e-19   648
  2.140948e-01   1.905823e-18   9.746006e-05   1.291404e-19   792
  2.145162e-01   1.770061e-18   1.425907e-04   1.476736e-19   600
  2.148267e-01   8.891090e-19   9.663487e-05   6.334417e-20   456
  2.151535e-01   1.882393e-18   4.709572e-05   1.363905e-19   648
  2.155732e-01   1.417857e-18   9.184351e-05   8.477392e-20   936
  2.160264e-01   2.223699e-18   5.640375e-05   1.444461e-19   384
  2.164208e-01   2.404299e-18   4.745948e-09   3.772381e-19   198
  2.167253e-01   2.189929e-18   1.431011e-04   1.576164e-19   1224
  2.170537e-01   3.045833e-18   1.042217e-04   2.822482e-19   420
  2.174420e-01   2.273697e-18   1.008648e-04   1.860234e-19   792
  2.178218e-01   1.995101e-18   8.340657e-05   1.580190e-19   680
  2.182552e-01   1.885721e-18   7.658783e-05   1.783025e-19   600
  2.186039e-01   1.744673e-18   1.110734e-04   1.285418e-19   840
  2.190695e-01   1.335734e-18   5.244369e-05   9.286476e-20   432
  2.192474e-01   2.070329e-18   4.914665e-05   1.489585e-19   720
  2.196343e-01   1.452158e-18   9.843213e-05   1.078750e-19   960
  2.201154e-01   1.488341e-18   8.774504e-05   1.582598e-19   528
  2.204670e-01   1.929749e-18   8.969217e-05   1.833385e-19   624
  2.208855e-01   1.747179e-18   7.049743e-05   1.148811e-19   816
  2.213008e-01   1.344499e-18   1.159345e-04   1.160790e-19   696
  2.217599e-01   9.016374e-19   7.830814e-09   9.450919e-20   240
  2.219325e-01   1.653777e-18   6.836935e-05   1.274067e-19   672
  2.223177e-01   1.304183e-18   1.221858e-04   9.595505e-20   864
  2.227499e-01   7.212762e-19   9.375778e-05   5.559061e-20   816
  2.231394e-01   9.207564e-19   5.366372e-05   8.469463e-20   648
  2.235589e-01   1.685768e-18   5.485410e-05   1.200782e-19   843
  2.239151e-01   1.462490e-18   9.869601e-05   1.321731e-19   780
  2.243395e-01   1.514397e-18   5.295844e-05   2.365047e-19   216
  2.246013e-01   1.323469e-18   1.277035e-04   1.001511e-19   1056
  2.250039e-01   9.106840e-19   1.044758e-04   1.777528e-19   228
  2.253767e-01   1.655572e-18   1.300750e-04   1.281842e-19   924
  2.257594e-01   1.073470e-18   4.825052e-05   6.776649e-20   696
  2.261647e-01   1.118382e-18   8.587211e-05   8.811524e-20   996
  2.265793e-01   6.337776e-19   5.069718e-05   8.345653e-20   576
  2.270107e-01   1.289808e-18   7.824775e-05   1.652088e-19   552
  2.273251e-01   1.214324e-18   9.342507e-05   9.331034e-20   516
  2.276442e-01   1.159664e-18   1.358594e-04   9.858277e-20   744
  2.280088e-01   4.098956e-19   6.664715e-05   4.080051e-20   576
  2.283260e-01   6.513732e-19   6.859680e-05   5.117971e-20   792
  2.287768e-01   7.866230e-19   7.841886e-05   7.422538e-20   792
  2.291071e-01   8.577187e-19   8.457391e-05   7.271840e-20   720
  2.295538e-01   5.842287e-19   9.639481e-05   4.304489e-20   656
  2.299724e-01   6.694145e-19   1.052581e-04   4.814975e-20   816
  2.304015e-01   8.235815e-19   5.675340e-05   9.166868e-20   492
  2.306454e-01   6.799372e-19   8.164378e-05   5.662320e-20   552
  2.311032e-01   5.008190e-19   1.419686e-04   4.992736e-20   780
  2.314005e-01   5.754749e-19   8.720963e-05   5.546585e-20   528
  2.317208e-01   3.647761e-19   1.018002e-04   3.517129e-20   600
  2.321929e-01   5.996419e-19   8.460399e-05   3.326514e-20   900
  2.325183e-01   5.123638e-19   4.683822e-05   4.164931e-20   696
  2.329660e-01   4.079271e-19   1.184322e-04   3.662158e-20   696
  2.333991e-01   1.971751e-19   4.804683e-05   1.072055e-20   552
  2.337633e-01   3.820938e-19   5.587403e-05   3.113665e-20   708
  2.341448e-01   3.980531e-19   9.225121e-05   2.775284e-20   876
  2.345418e-01   5.467184e-19   4.898356e-05   9.054650e-20   216
  2.348082e-01   4.368074e-19   1.339767e-04   2.786607e-20   1032
  2.352071e-01   2.576210e-19   1.491682e-04   2.111966e-20   600
  2.356212e-01   2.156702e-19   7.117755e-05   1.843666e-20   600
  2.359371e-01   3.487625e-19   1.256929e-04   2.524191e-20   528
  2.363105e-01   3.270690e-19   6.899988e-05   2.774855e-20   732
  2.367039e-01   4.542648e-19   5.095015e-05   4.811168e-20   336
  2.371566e-01   2.783752e-19   7.261407e-05   1.926115e-20   912
  2.374950e-01   1.574279e-19   7.288252e-05   9.279100e-21   624
  2.378647e-01   2.729681e-19   6.141657e-05   1.630776e-20   768
  2.382963e-01   2.217548e-19   1.108076e-04   1.136688e-20   792
  2.387198e-01   2.562426e-19   5.493383e-05   2.182185e-20   660
  2.390212e-01   2.478419e-19   8.095383e-05   2.351167e-20   504
  2.393329e-01   1.543133e-19   1.322631e-04   1.123998e-20   480
  2.398000e-01   1.396540e-19   1.223261e-04   8.562381e-21   912
  2.401658e-01   2.333424e-19   1.362291e-04   1.975521e-20   432
  2.405113e-01   2.424858e-19   8.088962e-05   1.976189e-20   564
  2.408180e-01   1.635953e-19   7.742251e-05   7.870932e-21   600
  2.412498e-01   2.434510e-19   1.079196e-04   1.304460e-20   876
  2.415741e-01   1.794677e-19   4.852393e-05   1.818888e-20   264
  2.420212e-01   1.549985e-19   9.415549e-05   1.292226e-20   560
  2.423806e-01   1.607068e-19   6.398069e-05   9.708383e-21   840
  2.428168e-01   1.256009e-19   9.863978e-05   9.333684e-21   1008
  2.432202e-01   7.925825e-20   4.412481e-05   4.430661e-21   456
  2.435886e-01   1.812932e-19   5.715745e-05   1.310036e-20   576
  2.439292e-01   1.467468e-19   8.782853e-05   9.361477e-21   612
  2.443783e-01   1.432016e-19   7.844513e-05   8.914822e-21   780
  2.447447e-01   1.230265e-19   8.989453e-05   7.569087e-21   648
  2.451197e-01   1.447482e-19   4.189201e-05   1.192236e-20   312
  2.453594e-01   9.605457e-20   1.064407e-04   6.221645e-21   528
  2.457747e-01   8.550598e-20   1.390063e-04   3.570963e-21   720
  2.461718e-01   1.439173e-19   1.394416e-04   1.092012e-20   576
  2.466533e-01   1.096363e-19   1.202863e-04   8.800690e-21   444
  2.469529e-01   1.065477e-19   1.179621e-04   4.639001e-21   996
  2.473200e-01   8.698338e-20   9.853387e-05   7.382625e-21   432
  2.476669e-01   1.077996e-19   1.078752e-04   7.212160e-21   504
  2.479666e-01   5.180638e-20   4.863583e-05   2.599527e-21   504
  2.483934e-01   1.132604e-19   9.571589e-05   6.085180e-21   876
  2.487796e-01   7.394765e-20   1.101599e-04   5.789458e-21   504
  2.491817e-01   7.416213e-20   7.025420e-05   4.405051e-21   696
  2.495140e-01   7.641172e-20   6.005997e-05   4.837007e-21   492
  2.499662e-01   6.666585e-20   8.597875e-05   4.558561e-21   432
  2.503011e-01   9.528279e-20   8.050968e-05   5.079823e-21   768
  2.506981e-01   7.193121e-20   1.002856e-04   4.127123e-21   648
  2.510772e-01   5.850674e-20   6.542561e-05   4.039739e-21   456
  2.515128e-01   7.501382e-20   8.997083e-05   4.842910e-21   552
  2.518153e-01   5.988815e-20   6.166608e-05   2.887360e-21   648
  2.522317e-01   4.814822e-20   1.005122e-04   1.887146e-21   840
  2.526384e-01   5.759294e-20   4.793217e-05   3.155129e-21   432
  2.530455e-01   7.044869e-20   5.870872e-05   4.875961e-21   600
  2.533287e-01   6.912731e-20   6.255029e-05   4.210113e-21   432
  2.538044e-01   6.577745e-20   6.227491e-05   3.323642e-21   560
  2.541265e-01   4.381371e-20   9.857465e-05   1.814223e-21   840
  2.545299e-01   5.158812e-20   5.838720e-05   3.119885e-21   504
  2.548502e-01   4.559138e-20   1.191648e-04   2.160657e-21   696
  2.553018e-01   6.491158e-20   6.508356e-05   3.839668e-21   384
  2.556535e-01   3.780653e-20   9.533975e-05   1.795501e-21   576
  2.560789e-01   4.059395e-20   5.883893e-05   2.615326e-21   360
  2.564218e-01   4.990237e-20   8.762544e-05   2.144519e-21   828
  2.567917e-01   3.927461e-20   7.804673e-05   2.705410e-21   372
  2.571307e-01   4.235791e-20   1.191923e-04   2.053238e-21   576
  2.575797e-01   4.628730e-20   4.991761e-05   1.984035e-21   636
  2.578996e-01   4.639090e-20   9.622826e-05   2.367160e-21   648
  2.583323e-01   3.172776e-20   7.822306e-05   1.612619e-21   576
  2.586430e-01   3.808084e-20   1.261820e-04   2.370429e-21   528
  2.590561e-01   4.394750e-20   5.394804e-05   2.833150e-21   360
  2.593981e-01   2.784728e-20   1.241007e-04   1.199738e-21   672
  2.598446e-01   4.088668e-20   6.356642e-05   1.543078e-21   804
  2.602163e-01   3.427381e-20   7.012137e-05   2.144668e-21   408
  2.606274e-01   4.826737e-20   4.334263e-05   3.078923e-21   384
  2.609042e-01   2.552152e-20   9.918459e-05   1.440580e-21   480
  2.612947e-01   3.074175e-20   6.408778e-05   2.101567e-21   432
  2.616692e-01   3.372890e-20   1.181001e-04   1.296804e-21   648
  2.621125e-01   2.808069e-20   7.328056e-05   1.234381e-21   624
  2.624367e-01   2.930234e-20   6.665485e-05   1.544421e-21   456
  2.628795e-01   2.581303e-20   9.105646e-05   1.156696e-21   588
  2.631762e-01   2.345662e-20   5.809364e-05   9.632634e-22   600
  2.636094e-01   2.773654e-20   9.061183e-05   1.378861e-21   708
  2.639516e-01   2.731363e-20   5.708370e-05   1.500351e-21   360
  2.643298e-01   2.711734e-20   6.561923e-05   1.359523e-21   552
  2.646923e-01   2.005844e-20   4.603344e-05   1.273272e-21   288
  2.650603e-01   2.373291e-20   8.655546e-05   1.353031e-21   528
  2.654060e-01   2.636014e-20   5.839431e-05   1.106775e-21   456
  2.657924e-01   2.490965e-20   1.035458e-04   1.339239e-21   608
  2.661809e-01   1.996800e-20   5.009661e-05   9.378717e-22   504
  2.666055e-01   1.588040e-20   1.075546e-04   6.655479e-22   540
  2.669384e-01   2.284685e-20   1.154568e-04   1.218364e-21   360
  2.672972e-01   2.785139e-20   5.228475e-05   1.296313e-21   540
  2.676146e-01   2.095870e-20   4.489266e-05   1.050142e-21   576
  2.680762e-01   2.100463e-20   1.040909e-04   9.189970e-22   588
  2.685150e-01   2.012255e-20   1.436140e-04   8.343281e-22   672
  2.688920e-01   2.050937e-20   1.097654e-04   8.714470e-22   552
  2.691959e-01   1.775337e-20   1.098209e-04   1.420106e-21   144
  2.695837e-01   2.080031e-20   9.330411e-05   9.021699e-22   600
  2.699514e-01   1.542484e-20   1.169304e-04   8.718256e-22   504
  2.703595e-01   1.689269e-20   1.201111e-04   1.072723e-21   336
  2.707887e-01   1.782153e-20   1.350054e-04   8.454463e-22   600
  2.711731e-01   1.479804e-20   8.712810e-05   7.182807e-22   636
  2.715880e-01   1.870719e-20   7.005178e-05   1.155000e-21   384
  2.718789e-01   1.700096e-20   9.771396e-05   7.578268e-22   504
  2.722982e-01   1.477004e-20   4.100918e-05   9.186506e-22   240
  2.726291e-01   1.733619e-20   9.633639e-05   6.589413e-22   744
  2.730261e-01   1.397890e-20   6.578310e-05   5.788138e-22   648
  2.733790e-01   2.445402e-20   4.366878e-05   1.890493e-21   120
  2.737925e-01   1.438885e-20   6.859799e-05   6.127881e-22   564
  2.741050e-01   1.636168e-20   1.077373e-04   8.025741e-22   432
  2.745220e-01   1.508794e-20   8.362543e-05   7.671081e-22   480
  2.748361e-01   9.264112e-21   6.155045e-05   4.777862e-22   456
  2.752067e-01   1.586280e-20   1.018569e-04   7.591924e-22   444
  2.756274e-01   1.118167e-20   1.558464e-04   6.043742e-22   528
  2.759969e-01   1.409926e-20   1.157439e-04   8.887493e-22   264
  2.763555e-01   1.233055e-20   1.186203e-04   6.529573e-22   444
  2.768379e-01   1.404502e-20   1.299311e-04   5.386678e-22   696
  2.772383e-01   1.397840e-20   6.949148e-05   8.481459e-22   384
  2.775311e-01   1.106266e-20   8.780831e-05   5.613596e-22   432
  2.779866e-01   1.172280e-20   6.067143e-05   5.761431e-22   488
  2.782823e-01   1.413672e-20   9.143939e-05   7.001447e-22   480
  2.787111e-01   1.153231e-20   1.019738e-04   6.467432e-22   480
  2.790432e-01   1.104302e-20   4.278510e-05   6.160367e-22   240
  2.794202e-01   1.421331e-20   9.994261e-05   7.264842e-22   600
  2.797758e-01   9.199715e-21   8.708975e-05   6.409271e-22   288
  2.801544e-01   1.138879e-20   8.377397e-05   5.740155e-22   480
  2.805379e-01   9.317261e-21   1.490189e-04   4.798508e-22   504
  2.809155e-01   1.143698e-20   6.393839e-05   7.054241e-22   216
  2.813970e-01   1.096912e-20   1.046773e-04   6.128305e-22   504
  2.817720e-01   8.783973e-21   8.419242e-05   4.184477e-22   456
  2.821825e-01   1.205985e-20   4.828579e-05   5.539494e-22   384
  2.824544e-01   1.185519e-20   9.800271e-05   6.038147e-22   480
  2.828408e-01   7.745432e-21   8.605736e-05   3.731247e-22   504
  2.831988e-01   9.734644e-21   5.458940e-05   6.543622e-22   312
  2.835845e-01   1.043922e-20   8.796897e-05   5.626086e-22   492
  2.839260e-01   9.730548e-21   8.245044e-05   5.897029e-22   312
  2.843655e-01   8.045811e-21   1.339342e-04   4.134779e-22   576
  2.847524e-01   9.336599e-21   1.236321e-04   6.582079e-22   336
  2.850738e-01   6.273737e-21   9.519099e-05   4.206591e-22   240
  2.855192e-01   8.103910e-21   1.261991e-04   4.115235e-22   468
  2.859039e-01   8.124283e-21   7.901891e-05   5.408631e-22   192
  2.863065e-01   7.337072e-21   7.925442e-05   4.605491e-22   324
  2.866016e-01   8.058313e-21   5.752155e-05   4.021143e-22   600
  2.870037e-01   9.578893e-21   9.332283e-05   5.654669e-22   456
  2.873023e-01   7.990297e-21   4.197661e-05   5.518317e-22   336
  2.877972e-01   9.531201e-21   1.256898e-04   5.017731e-22   612
  2.881573e-01   6.806895e-21   1.054844e-04   8.088931e-22   144
  2.884978e-01   8.090738e-21   1.231274e-04   4.025936e-22   552
  2.889609e-01   5.427198e-21   4.848907e-05   3.917124e-22   264
  2.892225e-01   7.895418e-21   1.122646e-04   5.765410e-22   336
  2.896353e-01   5.894066e-21   7.418058e-05   3.796291e-22   384
  2.899932e-01   8.107829e-21   4.175634e-05   7.244005e-22   216
  2.903894e-01   5.491906e-21   8.853205e-05   3.566650e-22   344
  2.907507e-01   5.584329e-21   1.320940e-04   3.257173e-22   408
  2.911910e-01   5.002935e-21   1.015056e-04   3.422797e-22   264
  2.915811e-01   6.725696e-21   1.415038e-04   3.418472e-22   612
  2.919709e-01   8.675515e-21   7.282870e-05   4.423390e-22   408
  2.923718e-01   6.930708e-21   7.293338e-05   5.203238e-22   444
  2.926663e-01   1.228706e-20   4.079109e-05   1.071151e-21   120
  2.930609e-01   7.469949e-21   1.126983e-04   4.876857e-22   336
  2.933538e-01   5.027485e-21   3.916222e-05   4.307032e-22   288
  2.937496e-01   5.807970e-21   1.218735e-04   2.756923e-22   552
  2.942938e-01   8.673551e-21   6.525678e-09   1.398893e-21   72
  2.945736e-01   5.378031e-21   1.210514e-04   3.230788e-22   504
  2.949004e-01   3.249853e-21   3.895317e-05   2.699434e-22   216
  2.953239e-01   4.874549e-21   6.954821e-05   3.778720e-22   312
  2.957040e-01   4.613670e-21   7.919158e-05   2.866684e-22   336
  2.960663e-01   4.735478e-21   1.097684e-04   4.796249e-22   204
  2.964271e-01   6.046143e-21   1.275676e-04   3.291709e-22   504
  2.968098e-01   7.317358e-21   1.214810e-04   5.079685e-22   396
  2.971778e-01   5.718717e-21   1.114044e-04   3.871003e-22   312
  2.976240e-01   8.258283e-21   6.808000e-05   6.206652e-22   216
  2.979383e-01   4.698710e-21   3.694832e-05   4.246968e-22   168
  2.983203e-01   4.758956e-21   9.329657e-05   2.495046e-22   588
  2.987563e-01   3.115570e-21   1.266392e-04   2.606650e-22   240
  2.990950e-01   4.001467e-21   1.118436e-04   3.687300e-22   264
  2.994922e-01   3.956730e-21   1.383176e-04   3.646129e-22   288
  2.998446e-01   3.811211e-21   6.907007e-05   3.192044e-22   288
  3.002913e-01   4.074806e-21   6.486779e-05   2.945026e-22   288
  3.005921e-01   3.269031e-21   7.514392e-05   2.556354e-22   192
  3.009705e-01   2.797107e-21   7.996067e-05   2.223257e-22   264
  3.013310e-01   7.480889e-21   1.315242e-04   4.187117e-22   372
  3.017189e-01   6.518649e-21   1.420518e-04   4.499201e-22   360
  3.021924e-01   6.870120e-21   6.011768e-05   6.646220e-22   144
  3.024371e-01   2.848566e-21   8.350082e-05   2.715012e-22   296
  3.028234e-01   3.771601e-21   8.996782e-05   2.982309e-22   288
  3.032657e-01   4.124793e-21   1.344546e-04   2.844863e-22   480
  3.036471e-01   2.573430e-21   1.117190e-04   3.106524e-22   192
  3.040181e-01   5.742083e-21   1.198338e-04   5.485728e-22   192
  3.043553e-01   4.022535e-21   7.637151e-05   3.800544e-22   288
  3.048242e-01   1.380240e-21   6.648036e-05   1.362314e-22   108
  3.050604e-01   4.289650e-21   6.391272e-05   3.187181e-22   240
  3.054775e-01   2.461554e-21   1.192307e-04   1.770778e-22   384
  3.059059e-01   4.139768e-21   1.454479e-04   5.551617e-22   108
  3.062848e-01   5.799798e-21   8.527881e-05   3.818115e-22   348
  3.066832e-01   3.308085e-21   8.900031e-05   2.944033e-22   312
  3.070391e-01   3.122471e-21   8.648246e-05   6.328486e-22   96
  3.073663e-01   3.196102e-21   1.151358e-04   2.721747e-22   384
  3.077328e-01   3.705815e-21   7.919012e-05   4.880783e-22   144
  3.080912e-01   3.102403e-21   1.216791e-04   1.988149e-22   408
  3.085368e-01   1.565575e-21   5.427748e-05   1.277170e-22   144
  3.089578e-01   3.378798e-21   1.043490e-04   4.177700e-22   192
  3.092074e-01   4.574780e-21   1.174468e-04   4.815673e-22   144
  3.096144e-01   1.568496e-21   9.548855e-05   1.622906e-22   144
  3.099983e-01   3.059435e-21   1.167025e-04   2.384743e-22   336
  3.104685e-01   1.511234e-21   8.634502e-05   1.207642e-22   240
  3.107666e-01   2.988358e-21   3.920851e-05   4.342144e-22   96
  3.111825e-01   4.037799e-21   1.149797e-04   3.546732e-22   372
  3.116031e-01   2.996728e-21   1.367659e-04   5.090868e-22   132
  3.119726e-01   1.522894e-21   8.462908e-05   1.008287e-22   264
  3.123032e-01   3.918225e-21   6.499128e-05   4.216028e-22   168
  3.126560e-01   3.018595e-21   1.039086e-04   2.670122e-22   216
  3.129676e-01   2.510971e-21   6.357256e-05   4.192283e-22   216
  3.134215e-01   1.237033e-21   1.166292e-04   1.204434e-22   96
  3.138333e-01   3.460391e-21   7.608990e-05   4.585624e-22   120
  3.142110e-01   1.894606e-21   9.673168e-05   2.334768e-22   216
  3.145221e-01   1.787623e-21   4.227207e-05   1.854949e-22   200
  3.149340e-01   1.929696e-21   1.094242e-04   1.973135e-22   288
  3.154623e-01   7.017017e-22   2.879164e-05   7.174235e-23   144
  3.156848e-01   2.085437e-21   8.959781e-05   2.636218e-22   168
  3.161391e-01   3.815266e-21   1.008340e-04   5.888347e-22   159
  3.164937e-01   1.886973e-21   1.057991e-04   2.928747e-22   174
  3.168369e-01   1.394642e-21   9.593494e-05   1.186594e-22   144
  3.172863e-01   2.061611e-21   5.539549e-05   2.378074e-22   222
  3.175869e-01   1.263967e-21   5.589895e-05   1.328281e-22   168
  3.181060e-01   4.611022e-21   1.226079e-04   1.365717e-21   30
  3.183205e-01   5.001020e-22   1.082537e-04   5.352469e-23   72
  3.187244e-01   1.722519e-21   9.661517e-05   1.801591e-22   258
  3.191684e-01   1.126256e-21   6.051257e-05   9.277121e-23   264
  3.193905e-01   1.385612e-21   0.000000e+00   2.272270e-22   72
  3.198532e-01   9.664156e-22   1.199385e-04   1.976547e-22   174
  3.202721e-01   1.394172e-21   1.277123e-04   2.396257e-22   168
  3.206090e-01   3.246157e-22   3.996146e-09   3.741899e-23   48
  3.209705e-01   8.691830e-22   7.212215e-05   1.802160e-22   150
  3.213898e-01   1.633317e-21   1.326739e-04   1.239285e-22   168
  3.218102e-01   7.863676e-22   8.081877e-05   5.941261e-23   144
  3.221967e-01   1.831398e-21   7.550312e-05   3.399514e-22   102
  3.224847e-01   5.119973e-22   1.117576e-04   4.781915e-23   96
  3.229415e-01   5.003904e-22   1.109119e-04   4.356300e-23   120
  3.232799e-01   3.809447e-22   1.189559e-04   2.597034e-23   168
  3.236458e-01   1.758858e-21   8.783953e-05   1.513183e-22   126
  3.239576e-01   8.784789e-22   6.624856e-05   1.107689e-22   168
  3.243872e-01   4.022977e-22   1.062297e-04   3.524188e-23   72
  3.247626e-01   4.723651e-22   1.330232e-04   3.761189e-23   168
  3.250914e-01   8.034158e-22   3.646820e-05   1.383747e-22   78
  3.255420e-01   4.107281e-22   5.987806e-05   3.456950e-23   60
  3.259049e-01   2.198275e-21   9.713191e-05   2.191863e-22   96
  3.262812e-01   5.828862e-22   1.178615e-04   3.620608e-23   168
  3.266349e-01   7.263080e-22   7.457817e-05   1.225087e-22   86
  3.270060e-01   2.898365e-22   6.665520e-05   3.034752e-23   120
  3.275378e-01   3.856460e-22   4.753401e-05   3.556018e-23   168
  3.278247e-01   2.956963e-22   0.000000e+00   2.768769e-23   48
  3.282110e-01   9.235626e-22   8.660181e-05   1.029411e-22   120
  3.284330e-01   5.389344e-22   6.317951e-05   8.079187e-23   126
  3.289749e-01   4.739676e-22   1.111151e-04   4.102704e-23   96
  3.293266e-01   6.009191e-22   3.204012e-05   5.357995e-23   96
  3.296039e-01   2.930245e-22   0.000000e+00   2.770560e-23   72
  3.301949e-01   3.673991e-22   3.996146e-09   4.227282e-23   24
  3.305637e-01   6.813122e-22   6.593782e-05   1.066461e-22   120
  3.308514e-01   4.825844e-22   9.618300e-05   5.503901e-23   126
  3.311713e-01   2.451502e-22   8.018157e-05   3.091798e-23   96
  3.315452e-01   1.616759e-22   1.385771e-04   1.439354e-23   72
  3.319614e-01   3.081792e-22   5.993927e-05   2.638563e-23   144
  3.323038e-01   3.424600e-22   3.457157e-05   3.733518e-23   72
  3.326459e-01   5.932212e-22   6.905176e-05   1.459673e-22   54
  3.329469e-01   6.389711e-22   6.085106e-05   1.013188e-22   108
  3.335726e-01   4.682983e-22   5.964977e-05   6.267182e-23   72
  3.337673e-01   3.991796e-22   3.441997e-05   3.715585e-23   72
  3.342294e-01   4.517876e-22   6.921527e-09   4.942752e-23   24
  3.346666e-01   1.263015e-22   7.281693e-05   1.171412e-23   48
  3.349321e-01   3.934054e-22   5.546771e-05   6.790709e-23   102
  3.353317e-01   2.948288e-22   1.254449e-04   3.211784e-23   168
  3.358538e-01   1.762520e-22   6.841470e-05   1.639103e-23   72
  3.360473e-01   1.910482e-22   0.000000e+00   2.432901e-23   48
  3.364531e-01   3.584824e-22   1.176775e-04   3.928595e-23   120
  3.369887e-01   2.447763e-22   7.231517e-05   2.131476e-23   96
  3.374945e-01   5.109349e-22   7.830814e-09   9.763750e-23   30
  3.380957e-01   4.208876e-22   3.397687e-05   4.782831e-23   72
  3.383599e-01   4.004368e-22   3.996146e-09   4.813163e-23   24
  3.386992e-01   1.187316e-22   5.036212e-05   1.360803e-23   56
  3.390793e-01   1.262610e-22   7.186930e-05   8.894589e-24   96
  3.395342e-01   2.595292e-22   7.936128e-05   2.144068e-23   144
  3.398849e-01   2.621323e-22   4.505822e-05   4.856886e-23   54
  3.403944e-01   1.726269e-22   6.750198e-05   1.369550e-23   108
  3.409071e-01   3.668617e-22   3.574199e-05   4.246788e-23   48
  3.413952e-01   2.070417e-22   1.345800e-04   2.083194e-23   72
  3.425664e-01   3.027634e-22   8.891744e-05   3.193417e-23   78
  3.428909e-01   1.062447e-22   6.701044e-05   1.101763e-23   72
  3.432698e-01   1.355461e-22   6.692725e-05   1.460430e-23   72
  3.436659e-01   1.866985e-22   1.615028e-04   2.352362e-23   96
  3.439790e-01   1.334235e-22   6.678928e-05   1.223531e-23   72
  3.443566e-01   1.541641e-22   0.000000e+00   2.002924e-23   24
  3.447338e-01   1.746113e-22   1.332770e-04   1.681393e-23   72
  3.455858e-01   1.901316e-22   8.463498e-05   3.219670e-23   30
  3.457691e-01   1.904010e-22   0.000000e+00   1.802194e-23   24
  3.467544e-01   8.780964e-23   7.027855e-05   9.980627e-24   48
  3.470634e-01   1.446916e-22   1.512394e-04   1.668181e-23   120
  3.474798e-01   9.640014e-23   6.612537e-05   8.388025e-24   72
  3.479003e-01   1.203902e-22   6.604543e-05   1.757903e-23   36
  3.481894e-01   1.916297e-22   1.305365e-04   2.341488e-23   78
  3.489960e-01   1.736662e-22   6.982714e-05   1.638880e-23   48
  3.500419e-01   2.111537e-22   5.651403e-09   2.121712e-23   24
  3.507870e-01   6.689176e-23   4.862619e-05   6.614764e-24   56
  3.511622e-01   8.396700e-23   7.482652e-05   7.759977e-24   102
  3.516395e-01   1.045521e-22   5.328194e-09   1.033909e-23   72
  3.519166e-01   1.526480e-22   0.000000e+00   2.105760e-23   24
  3.524009e-01   9.831485e-23   6.915246e-05   8.500013e-24   48
  3.532988e-01   1.135807e-22   0.000000e+00   1.892841e-23   24
  3.544007e-01   1.820672e-22   0.000000e+00   1.652598e-23   6
  3.547443e-01   4.070819e-23   0.000000e+00   6.054424e-24   24
  3.549732e-01   6.401363e-23   6.472929e-05   4.854171e-24   72
  3.553914e-01   1.019070e-22   1.207586e-04   7.843912e-24   84
  3.558418e-01   8.682674e-23   0.000000e+00   1.042107e-23   24
  3.559787e-01   1.228395e-22   5.651403e-09   1.078491e-23   24
  3.566626e-01   1.304939e-22   3.996146e-09   1.855930e-23   24
  3.576179e-01   1.295064e-22   0.000000e+00   2.380598e-23   6
  3.588424e-01   5.074027e-23   6.791113e-05   5.062230e-24   48
  3.591365e-01   6.464500e-23   1.279335e-04   5.022269e-24   72
  3.595209e-01   8.201206e-23   6.778297e-05   8.433269e-24   48
  3.601304e-01   9.466557e-23   0.000000e+00   1.441419e-23   24
  3.609415e-01   3.713995e-23   3.996146e-09   4.455659e-25   6
  3.627599e-01   3.951103e-23   0.000000e+00   1.031695e-23   8
  3.628942e-01   4.652238e-23   3.996146e-09   4.123922e-24   48
  3.632164e-01   5.686757e-23   6.573533e-05   5.681815e-24   60
  3.636991e-01   8.205872e-23   0.000000e+00   1.440766e-23   24
  3.643686e-01   1.246899e-22   0.000000e+00   1.662903e-23   6
  3.668348e-01   5.535816e-23   0.000000e+00   9.119197e-24   24
  3.670341e-01   5.138930e-23   6.639546e-05   5.237800e-24   48
  3.673659e-01   5.823218e-23   0.000000e+00   6.442621e-24   24
  3.678962e-01   5.555602e-23   3.996146e-09   1.243710e-23   6
  3.709088e-01   4.455505e-23   6.194064e-05   4.883461e-24   36
  3.711278e-01   4.386757e-23   0.000000e+00   6.085254e-24   24
  3.715215e-01   3.724324e-23   0.000000e+00   8.468432e-24   6
  3.749494e-01   3.853861e-23   5.629118e-05   3.869161e-24   32
  3.752417e-01   5.046413e-23   3.996146e-09   1.455351e-23   6
  3.789254e-01   4.982504e-23   0.000000e+00   1.352857e-23   12
  3.790540e-01   6.237455e-23   0.000000e+00   1.493895e-23   6
  3.829556e-01   1.968690e-23   5.651403e-09   3.239197e-24   6
