# power spectrum of phi
# redshift z=10.000000
# k              Pk             sigma(k)       sigma(Pk)      count
  6.981317e-03   3.590164e-10   0.000000e+00   1.447258e-10   6
  9.873073e-03   2.015265e-10   0.000000e+00   4.021614e-11   12
  1.209200e-02   1.450995e-10   1.324548e-10   2.958748e-11   8
  1.396263e-02   4.759201e-10   0.000000e+00   5.116929e-11   6
  1.561070e-02   3.171883e-10   0.000000e+00   1.010903e-10   24
  1.710066e-02   4.356601e-10   2.497591e-10   7.352832e-11   24
  1.974615e-02   1.825671e-10   0.000000e+00   8.206411e-11   12
  2.094395e-02   2.052074e-10   2.825702e-10   3.742151e-11   30
  2.207686e-02   2.573978e-10   0.000000e+00   5.667794e-11   24
  2.315441e-02   2.256731e-10   4.325955e-10   5.603492e-11   24
  2.418399e-02   2.488144e-10   2.649095e-10   5.035581e-11   8
  2.517150e-02   2.102805e-10   3.532127e-10   2.624850e-11   24
  2.612170e-02   1.915010e-10   0.000000e+00   2.695953e-11   48
  2.792527e-02   2.303497e-10   0.000000e+00   1.013521e-10   6
  2.878471e-02   1.725528e-10   4.995182e-10   2.411559e-11   48
  2.961922e-02   1.585651e-10   0.000000e+00   1.668299e-11   36
  3.043086e-02   2.146064e-10   3.532127e-10   4.501155e-11   24
  3.122140e-02   1.279515e-10   0.000000e+00   2.185684e-11   24
  3.199241e-02   1.113412e-10   0.000000e+00   1.507396e-11   48
  3.274528e-02   1.610904e-10   4.995182e-10   2.291868e-11   24
  3.420133e-02   1.280436e-10   4.995182e-10   2.007822e-11   24
  3.490659e-02   8.599249e-11   0.000000e+00   1.408397e-11   30
  3.559787e-02   9.200854e-11   0.000000e+00   9.997948e-12   72
  3.627599e-02   9.271020e-11   5.298191e-10   1.911393e-11   32
  3.759554e-02   1.115698e-10   0.000000e+00   1.276268e-11   72
  3.823825e-02   7.083726e-11   0.000000e+00   1.037748e-11   48
  3.949229e-02   3.464558e-11   0.000000e+00   1.027592e-11   12
  4.010461e-02   6.846667e-11   0.000000e+00   1.023514e-11   48
  4.070772e-02   5.903114e-11   0.000000e+00   5.778808e-12   48
  4.130203e-02   7.904880e-11   4.995182e-10   1.001474e-11   48
  4.188790e-02   9.313845e-11   5.651403e-10   1.630590e-11   30
  4.246569e-02   9.312569e-11   4.995182e-10   2.090275e-11   24
  4.303573e-02   8.792723e-11   1.053077e-09   9.264899e-12   72
  4.415373e-02   5.291759e-11   0.000000e+00   1.007314e-11   24
  4.470224e-02   7.384676e-11   0.000000e+00   7.102348e-12   96
  4.524411e-02   5.543831e-11   0.000000e+00   7.438971e-12   48
  4.577956e-02   4.491019e-11   8.651909e-10   1.097358e-11   24
  4.630882e-02   3.511138e-11   8.651909e-10   7.239128e-12   24
  4.683210e-02   7.904862e-11   0.000000e+00   9.624449e-12   72
  4.734960e-02   6.169465e-11   0.000000e+00   9.491649e-12   48
  4.836798e-02   4.681720e-11   5.298191e-10   1.376083e-11   8
  4.886922e-02   7.726020e-11   6.279337e-10   9.636686e-12   54
  4.936537e-02   4.850184e-11   0.000000e+00   8.102239e-12   84
  4.985658e-02   5.779387e-11   0.000000e+00   8.430738e-12   48
  5.034299e-02   3.388601e-11   7.064254e-10   6.004100e-12   24
  5.082475e-02   4.626098e-11   6.660243e-10   5.403808e-12   72
  5.130199e-02   5.954293e-11   0.000000e+00   6.713358e-12   96
  5.224339e-02   7.524250e-11   0.000000e+00   8.223989e-12   48
  5.270779e-02   4.234956e-11   0.000000e+00   4.038993e-12   48
  5.316813e-02   3.948112e-11   7.064254e-10   7.698142e-12   24
  5.362451e-02   4.201928e-11   0.000000e+00   4.629973e-12   72
  5.452583e-02   4.002813e-11   6.660243e-10   4.701162e-12   72
  5.497095e-02   4.099727e-11   0.000000e+00   4.673633e-12   96
  5.585054e-02   7.022265e-11   0.000000e+00   3.070778e-11   6
  5.628518e-02   4.684025e-11   0.000000e+00   4.811664e-12   96
  5.671649e-02   4.790587e-11   7.064254e-10   5.100501e-12   96
  5.714454e-02   3.025051e-11   0.000000e+00   7.217383e-12   24
  5.756941e-02   3.520145e-11   9.990364e-10   3.975191e-12   48
  5.799117e-02   3.665064e-11   0.000000e+00   3.670289e-12   96
  5.840989e-02   3.572978e-11   0.000000e+00   4.868377e-12   48
  5.923844e-02   3.548280e-11   0.000000e+00   6.209264e-12   36
  5.964840e-02   3.559502e-11   1.223565e-09   4.380549e-12   48
  6.005556e-02   3.850629e-11   1.384305e-09   3.427104e-12   120
  6.045998e-02   3.244807e-11   0.000000e+00   4.250851e-12   56
  6.086171e-02   1.748637e-11   7.064254e-10   3.077864e-12   24
  6.126081e-02   2.657165e-11   0.000000e+00   2.388544e-12   96
  6.165732e-02   2.713795e-11   0.000000e+00   3.479075e-12   48
  6.244280e-02   3.704720e-11   0.000000e+00   6.874144e-12   24
  6.283185e-02   3.679803e-11   0.000000e+00   3.690200e-12   102
  6.321851e-02   4.425485e-11   0.000000e+00   6.793940e-12   48
  6.360282e-02   3.612177e-11   0.000000e+00   3.787934e-12   72
  6.398483e-02   3.220713e-11   0.000000e+00   3.234480e-12   48
  6.436456e-02   3.875627e-11   0.000000e+00   7.053954e-12   48
  6.474207e-02   3.036947e-11   1.598458e-09   2.921132e-12   120
  6.549056e-02   3.771574e-11   9.990364e-10   6.223906e-12   24
  6.586161e-02   2.554571e-11   9.419006e-10   2.165274e-12   144
  6.623059e-02   2.545003e-11   1.130281e-09   2.550452e-12   120
  6.659752e-02   2.400365e-11   9.990364e-10   3.378463e-12   48
  6.732538e-02   2.924703e-11   9.990364e-10   3.913671e-12   48
  6.768638e-02   2.426915e-11   9.990364e-10   2.394849e-12   96
  6.863955e-02   2.894540e-11   1.675093e-04   3.319270e-12   72
  6.911151e-02   2.332879e-11   1.255867e-09   1.745603e-12   108
  6.946323e-02   2.571704e-11   0.000000e+00   2.760904e-12   72
  6.981317e-02   1.816389e-11   0.000000e+00   4.033501e-12   30
  7.016137e-02   2.713487e-11   0.000000e+00   2.061731e-12   168
  7.050785e-02   3.206048e-11   0.000000e+00   4.010805e-12   48
  7.119574e-02   1.925584e-11   0.000000e+00   2.367037e-12   72
  7.153721e-02   2.681234e-11   0.000000e+00   2.607414e-12   96
  7.187706e-02   2.389899e-11   1.883801e-09   3.682807e-12   72
  7.221530e-02   2.661897e-11   0.000000e+00   2.893769e-12   72
  7.278398e-02   2.572014e-11   1.546684e-04   2.112673e-12   104
  7.322067e-02   2.304552e-11   1.332049e-09   1.755963e-12   144
  7.421242e-02   1.636759e-11   2.233913e-09   1.596241e-12   96
  7.454007e-02   1.482547e-11   0.000000e+00   1.543930e-12   96
  7.506116e-02   2.177350e-11   1.591194e-04   2.015841e-12   120
  7.551449e-02   1.871830e-11   0.000000e+00   1.664754e-12   120
  7.583651e-02   2.282392e-11   0.000000e+00   2.486588e-12   72
  7.647650e-02   2.480194e-11   0.000000e+00   3.298140e-12   48
  7.679449e-02   2.263193e-11   1.505926e-09   2.818875e-12   78
  7.720128e-02   2.439925e-11   1.424762e-04   1.979268e-12   168
  7.805350e-02   2.175057e-11   1.332049e-09   1.859155e-12   144
  7.836509e-02   2.535148e-11   1.332049e-09   1.869148e-12   144
  7.926883e-02   2.000236e-11   8.205478e-05   1.869780e-12   156
  7.959926e-02   1.697794e-11   1.730382e-09   3.475492e-12   48
  7.990483e-02   1.811511e-11   1.130281e-09   1.659203e-12   120
  8.020923e-02   1.166672e-11   0.000000e+00   1.198449e-12   48
  8.074745e-02   1.853469e-11   1.255998e-04   1.379537e-12   216
  8.141545e-02   1.316466e-11   0.000000e+00   1.506938e-12   48
  8.171422e-02   1.423386e-11   9.990364e-10   1.215291e-12   96
  8.213902e-02   1.610807e-11   1.467830e-04   1.449645e-12   168
  8.260406e-02   1.257266e-11   9.990364e-10   1.811778e-12   48
  8.289855e-02   1.841500e-11   0.000000e+00   1.872681e-12   96
  8.319199e-02   1.355920e-11   0.000000e+00   2.463195e-12   48
  8.377580e-02   1.844967e-11   1.130281e-09   2.174442e-12   30
  8.406619e-02   1.267650e-11   9.990364e-10   1.094313e-12   96
  8.441325e-02   1.543405e-11   1.153584e-04   1.111049e-12   240
  8.485953e-02   2.649811e-11   1.244551e-04   4.080765e-12   32
  8.521783e-02   1.106962e-11   0.000000e+00   8.397540e-13   168
  8.550332e-02   1.269212e-11   0.000000e+00   1.217059e-12   120
  8.607146e-02   1.154676e-11   2.106154e-09   1.505848e-12   72
  8.635412e-02   1.573911e-11   1.332049e-09   1.512882e-12   144
  8.663587e-02   1.217195e-11   0.000000e+00   1.165546e-12   96
  8.691670e-02   1.400786e-11   0.000000e+00   1.149056e-12   96
  8.747565e-02   1.968707e-11   1.631420e-09   2.483876e-12   72
  8.775379e-02   1.197718e-11   1.412851e-09   1.201144e-12   96
  8.830745e-02   1.609874e-11   0.000000e+00   2.948805e-12   24
  8.858298e-02   1.334265e-11   0.000000e+00   9.155164e-13   192
  8.890745e-02   1.240651e-11   1.056148e-04   9.892484e-13   132
  8.940448e-02   1.398530e-11   0.000000e+00   1.196387e-12   96
  8.967664e-02   8.418380e-12   0.000000e+00   8.567976e-13   96
  8.994798e-02   1.065726e-11   1.130281e-09   8.549180e-13   120
  9.048821e-02   1.155350e-11   0.000000e+00   1.563509e-12   48
  9.093103e-02   9.698145e-12   1.279966e-04   6.017913e-13   222
  9.129257e-02   1.177004e-11   0.000000e+00   1.104721e-12   120
  9.155911e-02   9.312576e-12   1.730382e-09   1.902536e-12   24
  9.194720e-02   1.391197e-11   1.321111e-04   8.559886e-13   312
  9.279280e-02   1.478224e-11   1.238595e-04   1.606608e-12   72
  9.314239e-02   9.730513e-12   9.990364e-10   1.113605e-12   96
  9.350136e-02   1.249172e-11   1.261337e-04   1.085631e-12   192
  9.392401e-02   9.933831e-12   1.598458e-09   1.115367e-12   120
  9.418312e-02   1.047527e-11   0.000000e+00   9.966194e-13   144
  9.469919e-02   9.905108e-12   0.000000e+00   1.408752e-12   48
  9.506602e-02   9.119659e-12   1.268319e-04   5.891456e-13   336
  9.546807e-02   1.001133e-11   0.000000e+00   1.255676e-12   48
  9.597724e-02   9.480936e-12   0.000000e+00   9.542557e-13   192
  9.623081e-02   7.709451e-12   0.000000e+00   9.283169e-13   48
  9.695161e-02   8.325242e-12   8.803796e-05   1.023356e-12   56
  9.731001e-02   9.053524e-12   1.130706e-04   5.076901e-13   336
  9.773844e-02   9.411627e-12   1.255867e-09   1.530232e-12   54
  9.811165e-02   8.746539e-12   1.241922e-04   5.930137e-13   240
  9.888643e-02   9.038158e-12   1.189150e-04   7.862491e-13   228
  9.922316e-02   8.792192e-12   1.332049e-09   1.142446e-12   72
  9.955002e-02   9.909261e-12   1.153504e-04   7.646004e-13   144
  9.995725e-02   8.822489e-12   0.000000e+00   8.548634e-13   96
  1.002007e-01   8.157803e-12   1.598458e-09   6.001918e-13   240
  1.006860e-01   6.359038e-12   1.412851e-09   1.156844e-12   24
  1.009966e-01   8.209686e-12   1.089476e-04   4.676448e-13   336
  1.014095e-01   5.717822e-12   0.000000e+00   6.684794e-13   72
  1.017863e-01   9.697448e-12   1.185007e-04   7.621683e-13   168
  1.021279e-01   7.526190e-12   0.000000e+00   7.778019e-13   72
  1.026040e-01   1.100217e-11   0.000000e+00   1.162495e-12   96
  1.029727e-01   6.256583e-12   1.176117e-04   4.484716e-13   216
  1.033141e-01   5.633281e-12   1.412851e-09   4.404682e-13   96
  1.037847e-01   7.040423e-12   0.000000e+00   4.508436e-13   192
  1.040193e-01   7.279770e-12   1.332049e-09   5.840809e-13   144
  1.044868e-01   5.730788e-12   0.000000e+00   7.315688e-13   48
  1.048105e-01   7.548840e-12   1.133915e-04   5.794897e-13   246
  1.052503e-01   9.028883e-12   1.045488e-04   7.605645e-13   168
  1.056465e-01   7.584839e-12   1.957704e-09   1.035561e-12   120
  1.058769e-01   6.167895e-12   0.000000e+00   4.827226e-13   240
  1.063363e-01   5.294292e-12   1.412851e-09   1.082599e-12   24
  1.067022e-01   6.543020e-12   1.119102e-04   3.911457e-13   360
  1.071580e-01   8.335578e-12   1.114340e-04   7.195534e-13   120
  1.074760e-01   6.777296e-12   0.000000e+00   5.874960e-13   144
  1.077025e-01   8.740960e-12   0.000000e+00   8.236848e-13   96
  1.083792e-01   6.942117e-12   0.000000e+00   5.288226e-13   144
  1.086038e-01   8.043939e-12   0.000000e+00   7.658617e-13   132
  1.089195e-01   5.896043e-12   1.099837e-04   4.704231e-13   176
  1.093777e-01   6.243684e-12   1.110614e-04   3.729853e-13   312
  1.099419e-01   7.672299e-12   0.000000e+00   1.066143e-12   96
  1.101633e-01   5.024319e-12   0.000000e+00   4.670084e-13   144
  1.105031e-01   6.547218e-12   1.099474e-04   4.292858e-13   312
  1.110446e-01   5.566829e-12   0.000000e+00   5.577504e-13   48
  1.112639e-01   5.388949e-12   1.412851e-09   3.853410e-13   192
  1.117011e-01   4.072631e-12   0.000000e+00   1.247951e-12   6
  1.119915e-01   5.233092e-12   1.025446e-04   3.148604e-13   288
  1.124620e-01   5.773406e-12   1.083450e-04   4.760561e-13   192
  1.127866e-01   5.284277e-12   3.322713e-09   3.638033e-13   216
  1.130025e-01   6.095783e-12   0.000000e+00   8.671273e-13   72
  1.135403e-01   6.033166e-12   1.073161e-04   5.867875e-13   192
  1.138975e-01   6.580887e-12   7.968796e-05   4.685202e-13   288
  1.142891e-01   4.859846e-12   0.000000e+00   9.612281e-13   24
  1.145916e-01   5.768933e-12   1.049823e-04   3.434833e-13   456
  1.151388e-01   4.328942e-12   1.998073e-09   7.616288e-13   48
  1.154769e-01   5.627588e-12   1.034033e-04   4.226484e-13   240
  1.158655e-01   6.704644e-12   1.045007e-04   4.717143e-13   216
  1.161923e-01   4.855273e-12   0.000000e+00   5.774349e-13   72
  1.164018e-01   4.301283e-12   3.610549e-09   3.732272e-13   168
  1.169935e-01   5.330807e-12   7.767385e-05   3.792051e-13   288
  1.173253e-01   5.766315e-12   1.027758e-04   4.632200e-13   168
  1.178582e-01   5.772606e-12   0.000000e+00   5.169314e-13   192
  1.180648e-01   4.257904e-12   1.332049e-09   3.131694e-13   144
  1.184769e-01   7.687723e-12   0.000000e+00   1.065602e-12   36
  1.188264e-01   4.240447e-12   9.385617e-05   2.579637e-13   342
  1.191605e-01   5.042781e-12   9.637890e-05   5.580662e-13   144
  1.195900e-01   5.238843e-12   1.010773e-04   3.487894e-13   384
  1.201111e-01   5.901253e-12   2.768611e-09   6.127546e-13   120
  1.203690e-01   5.751603e-12   9.013158e-05   3.516677e-13   264
  1.207183e-01   4.707848e-12   4.467827e-09   3.871733e-13   192
  1.210471e-01   4.436760e-12   9.713401e-05   3.582409e-13   152
  1.213224e-01   4.569011e-12   2.664097e-09   4.971407e-13   144
  1.219012e-01   3.514302e-12   6.286607e-05   2.820384e-13   216
  1.221692e-01   5.531095e-12   8.400585e-05   3.375385e-13   312
  1.226409e-01   4.632004e-12   9.736112e-05   3.069134e-13   240
  1.229188e-01   4.545878e-12   1.412851e-09   4.584536e-13   96
  1.234463e-01   3.206109e-12   9.308426e-05   2.638053e-13   144
  1.237714e-01   4.529892e-12   9.149363e-05   2.533638e-13   456
  1.242988e-01   3.028899e-12   0.000000e+00   2.097435e-13   120
  1.244947e-01   3.865259e-12   0.000000e+00   3.797051e-13   144
  1.248856e-01   3.286026e-12   0.000000e+00   5.347415e-13   24
  1.251362e-01   3.857568e-12   8.794658e-05   2.070459e-13   336
  1.255696e-01   3.883394e-12   9.699311e-05   3.056161e-13   198
  1.259757e-01   4.741140e-12   9.432023e-05   3.418214e-13   432
  1.264370e-01   7.126867e-12   0.000000e+00   8.535491e-13   48
  1.266777e-01   5.487464e-12   8.326844e-05   3.335064e-13   384
  1.271098e-01   4.256982e-12   9.585962e-05   4.482806e-13   144
  1.275013e-01   6.126744e-12   9.517601e-05   5.400400e-13   264
  1.279697e-01   3.439562e-12   0.000000e+00   3.311594e-13   48
  1.282839e-01   4.217562e-12   9.049683e-05   2.898100e-13   276
  1.285870e-01   4.100341e-12   8.203293e-05   3.908653e-13   192
  1.289922e-01   3.933772e-12   9.218697e-05   1.889622e-13   552
  1.294841e-01   2.989490e-12   3.196917e-09   3.517272e-13   120
  1.297765e-01   2.999886e-12   9.331596e-05   2.197860e-13   216
  1.300475e-01   3.382573e-12   1.598458e-09   2.783756e-13   120
  1.305316e-01   4.527070e-12   9.189333e-05   2.526341e-13   408
  1.309811e-01   1.797641e-12   1.998073e-09   2.352654e-13   24
  1.312599e-01   3.639774e-12   9.282881e-05   2.730961e-13   384
  1.316492e-01   2.628164e-12   9.069708e-05   1.740237e-13   240
  1.319872e-01   3.665705e-12   9.136125e-05   2.789333e-13   168
  1.324612e-01   2.523954e-12   2.260561e-09   2.681701e-13   120
  1.327667e-01   3.873309e-12   9.523931e-05   2.649998e-13   350
  1.332635e-01   4.271433e-12   1.567823e-04   3.078989e-13   384
  1.335605e-01   5.025149e-12   0.000000e+00   6.627033e-13   144
  1.341067e-01   3.300310e-12   3.767602e-09   2.766609e-13   288
  1.343919e-01   3.570912e-12   8.974411e-05   2.641748e-13   336
  1.347800e-01   3.082003e-12   8.170456e-05   2.674182e-13   168
  1.350122e-01   4.045696e-12   1.614687e-09   3.352333e-13   336
  1.354927e-01   2.745491e-12   8.480446e-05   1.792664e-13   288
  1.357812e-01   3.398963e-12   7.990748e-05   2.269491e-13   264
  1.362699e-01   3.133468e-12   0.000000e+00   2.477177e-13   240
  1.364486e-01   2.959564e-12   2.825702e-09   2.869606e-13   96
  1.370900e-01   3.719292e-12   1.086688e-04   2.687023e-13   360
  1.373893e-01   3.313995e-12   8.010757e-05   4.036840e-13   168
  1.377676e-01   3.081507e-12   8.732558e-05   1.748510e-13   456
  1.382230e-01   2.632898e-12   2.511735e-09   2.435979e-13   108
  1.384792e-01   2.047170e-12   8.761995e-05   1.344885e-13   264
  1.387988e-01   2.687269e-12   7.817127e-05   2.373282e-13   264
  1.392364e-01   3.147635e-12   7.376599e-05   1.744516e-13   312
  1.397814e-01   3.428734e-12   5.481617e-05   3.362587e-13   270
  1.400098e-01   3.400686e-12   6.959603e-05   3.540902e-13   240
  1.404204e-01   3.581198e-12   8.609907e-05   2.877015e-13   384
  1.406696e-01   2.387674e-12   0.000000e+00   1.832753e-13   192
  1.411539e-01   3.533975e-12   6.908303e-05   3.434093e-13   240
  1.414347e-01   3.455850e-12   8.525963e-05   2.545232e-13   336
  1.419630e-01   2.982825e-12   8.583011e-05   1.630625e-13   480
  1.423915e-01   3.323605e-12   0.000000e+00   4.473313e-13   72
  1.426309e-01   3.280090e-12   8.369217e-05   3.514686e-13   240
  1.429564e-01   2.406933e-12   7.865917e-05   1.509290e-13   312
  1.433297e-01   2.001209e-12   8.501169e-05   1.352565e-13   240
  1.438936e-01   2.721040e-12   6.458688e-05   1.769079e-13   408
  1.441169e-01   2.481134e-12   5.914602e-05   1.648585e-13   336
  1.445532e-01   2.605457e-12   7.510087e-05   2.309178e-13   264
  1.447677e-01   1.939331e-12   0.000000e+00   1.694827e-13   144
  1.453643e-01   2.488463e-12   1.040943e-04   1.702719e-13   464
  1.456786e-01   1.864902e-12   8.277629e-05   1.530781e-13   168
  1.459889e-01   2.431859e-12   7.539115e-05   1.911651e-13   336
  1.465498e-01   2.555710e-12   7.921315e-05   1.906879e-13   414
  1.468660e-01   4.027743e-12   8.245619e-05   4.178417e-13   216
  1.472710e-01   4.867185e-12   1.998073e-09   5.747322e-13   96
  1.474364e-01   2.505244e-12   5.994218e-09   2.147127e-13   384
  1.480158e-01   2.624126e-12   8.229688e-05   1.562484e-13   492
  1.483263e-01   2.655017e-12   8.047930e-05   1.991972e-13   240
  1.486772e-01   2.198230e-12   8.171468e-05   1.527801e-13   312
  1.491618e-01   1.476026e-12   8.168777e-05   1.343762e-13   192
  1.494688e-01   2.449205e-12   7.916535e-05   1.584770e-13   504
  1.498761e-01   2.401109e-12   5.240881e-05   2.066913e-13   408
  1.501968e-01   2.035907e-12   1.605609e-04   1.816251e-13   168
  1.505981e-01   2.742904e-12   7.626782e-05   2.048232e-13   288
  1.509348e-01   1.965031e-12   7.959200e-05   1.524082e-13   288
  1.512797e-01   1.701280e-12   8.005014e-05   1.106809e-13   432
  1.517801e-01   2.234084e-12   7.570076e-05   1.751632e-13   216
  1.520474e-01   1.933513e-12   7.554106e-05   1.448314e-13   360
  1.525234e-01   2.241149e-12   7.372735e-05   1.701341e-13   312
  1.529530e-01   2.983488e-12   0.000000e+00   4.786257e-13   48
  1.532006e-01   1.926839e-12   7.904634e-05   1.238547e-13   432
  1.536441e-01   1.763967e-12   1.318501e-04   1.302996e-13   414
  1.539060e-01   2.084830e-12   6.955573e-09   1.835075e-13   312
  1.543946e-01   2.266372e-12   1.156911e-04   1.838107e-13   528
  1.547243e-01   2.452755e-12   6.072803e-05   2.867791e-13   264
  1.551204e-01   2.241344e-12   7.200680e-05   1.806501e-13   480
  1.556380e-01   2.026928e-12   0.000000e+00   1.657450e-13   288
  1.558615e-01   1.972386e-12   7.736908e-05   2.069617e-13   168
  1.562704e-01   2.310111e-12   1.224750e-04   1.455871e-13   504
  1.567302e-01   3.337829e-12   2.664097e-09   3.620789e-13   144
  1.570194e-01   1.480745e-12   7.865832e-05   8.482995e-14   464
  1.574541e-01   1.534526e-12   1.154355e-04   1.045749e-13   432
  1.576603e-01   2.138121e-12   1.998073e-09   2.087434e-13   192
  1.581934e-01   1.539710e-12   8.557628e-05   1.005297e-13   396
  1.585082e-01   1.514868e-12   7.687110e-05   1.131648e-13   288
  1.588263e-01   1.498989e-12   7.593549e-05   1.195305e-13   336
  1.593345e-01   1.543713e-12   4.808388e-05   1.061874e-13   432
  1.596570e-01   1.744050e-12   1.246267e-04   1.330845e-13   360
  1.600192e-01   1.543783e-12   7.371853e-05   8.999861e-14   384
  1.605335e-01   1.429912e-12   6.507077e-05   1.363728e-13   198
  1.607813e-01   1.730849e-12   7.396430e-05   1.315717e-13   552
  1.612434e-01   2.183174e-12   1.035450e-04   2.213153e-13   432
  1.616292e-01   1.750906e-12   0.000000e+00   1.742359e-13   168
  1.619530e-01   2.180680e-12   1.283579e-04   1.714208e-13   480
  1.623813e-01   1.081693e-12   0.000000e+00   1.139187e-13   120
  1.625741e-01   1.790918e-12   1.048372e-04   1.564846e-13   336
  1.630445e-01   1.591802e-12   7.396097e-05   1.036267e-13   672
  1.635097e-01   1.859792e-12   1.075863e-04   1.091862e-13   528
  1.637264e-01   9.504218e-13   3.229373e-09   7.454683e-14   168
  1.642270e-01   1.711702e-12   1.200118e-04   1.205887e-13   456
  1.645324e-01   2.311947e-12   7.329223e-05   3.866187e-13   168
  1.648495e-01   1.587903e-12   7.316065e-05   1.137216e-13   504
  1.653766e-01   1.129684e-12   9.414654e-05   1.140356e-13   336
  1.656953e-01   1.763298e-12   6.786851e-05   1.412517e-13   312
  1.660489e-01   1.571532e-12   6.631214e-05   1.194920e-13   504
  1.665141e-01   1.278225e-12   4.600920e-05   7.220214e-14   432
  1.667329e-01   1.060238e-12   7.109945e-05   6.479763e-14   312
  1.671876e-01   1.191539e-12   7.288039e-05   7.723272e-14   384
  1.676624e-01   2.089395e-12   6.192036e-05   3.791587e-13   126
  1.679555e-01   1.564015e-12   1.087174e-04   1.202345e-13   492
  1.683299e-01   1.755868e-12   6.963360e-05   1.337652e-13   528
  1.687978e-01   1.402844e-12   7.073279e-05   1.179276e-13   480
  1.690879e-01   1.824510e-12   9.771696e-05   1.532104e-13   432
  1.695076e-01   1.621883e-12   7.684145e-05   1.384580e-13   440
  1.699951e-01   1.777560e-12   3.821294e-05   1.494660e-13   312
  1.701781e-01   1.373376e-12   5.726529e-05   1.505386e-13   480
  1.705533e-01   1.466237e-12   1.121243e-04   1.363833e-13   408
  1.711016e-01   1.767872e-12   6.714979e-05   1.433806e-13   360
  1.713332e-01   1.368022e-12   6.479710e-05   1.150819e-13   408
  1.717625e-01   9.995781e-13   6.593925e-05   8.422642e-14   456
  1.722458e-01   1.355816e-12   6.302169e-05   1.012070e-13   264
  1.725141e-01   1.357011e-12   6.839435e-05   1.172029e-13   384
  1.729046e-01   1.226595e-12   1.151467e-04   7.916859e-14   672
  1.733561e-01   1.735542e-12   6.887260e-05   1.962811e-13   240
  1.736166e-01   1.015399e-12   6.988846e-05   6.773300e-14   264
  1.739843e-01   7.254196e-13   8.619588e-05   4.734128e-14   624
  1.745329e-01   9.861243e-13   0.000000e+00   1.557230e-13   150
  1.747283e-01   1.762267e-12   9.658929e-05   1.296348e-13   600
  1.751402e-01   1.322412e-12   6.666345e-05   8.933977e-14   672
  1.756067e-01   1.169405e-12   6.270167e-05   1.515569e-13   336
  1.758666e-01   1.896026e-12   6.820115e-05   1.632563e-13   408
  1.762818e-01   1.466234e-12   6.804049e-05   1.563035e-13   408
  1.767436e-01   1.223608e-12   3.440492e-05   9.402461e-14   360
  1.770283e-01   1.512620e-12   1.263238e-04   1.338656e-13   456
  1.773722e-01   1.267996e-12   6.869566e-05   1.193758e-13   384
  1.778099e-01   8.515834e-13   6.341480e-05   5.945920e-14   348
  1.780464e-01   1.549657e-12   7.817791e-05   1.131341e-13   576
  1.784907e-01   1.016445e-12   6.436923e-05   7.131749e-14   504
  1.789452e-01   1.109537e-12   9.078907e-05   8.909486e-14   432
  1.793419e-01   9.994330e-13   1.235181e-04   5.923658e-14   576
  1.796248e-01   1.020318e-12   0.000000e+00   1.225040e-13   264
  1.800736e-01   1.053174e-12   9.828954e-05   6.075107e-14   768
  1.804640e-01   5.956362e-13   1.323290e-04   4.359798e-14   240
  1.807743e-01   9.982901e-13   1.167016e-04   1.439750e-13   192
  1.812263e-01   8.117616e-13   8.590664e-05   4.653042e-14   504
  1.815615e-01   1.292643e-12   1.157624e-04   1.387904e-13   590
  1.818830e-01   1.399030e-12   1.297055e-04   1.465251e-13   384
  1.822861e-01   1.117412e-12   1.083956e-04   9.545889e-14   504
  1.827729e-01   1.552575e-12   1.043140e-04   1.199597e-13   648
  1.832449e-01   1.004677e-12   2.833030e-05   9.383678e-14   504
  1.834353e-01   9.734382e-13   6.462673e-05   7.983604e-14   312
  1.837714e-01   1.300229e-12   9.311123e-05   9.798205e-14   576
  1.842327e-01   1.464481e-12   6.479663e-05   1.805446e-13   240
  1.845017e-01   8.226986e-13   6.547387e-05   5.483409e-14   552
  1.848823e-01   1.410309e-12   6.147846e-05   1.265610e-13   600
  1.854246e-01   1.051194e-12   7.509108e-05   8.148362e-14   600
  1.857506e-01   9.142320e-13   1.202524e-04   7.839942e-14   312
  1.860753e-01   1.219823e-12   1.047280e-04   9.262951e-14   480
  1.864809e-01   9.333132e-13   6.534019e-05   8.477611e-14   576
  1.868380e-01   1.426433e-12   1.052119e-04   1.335357e-13   408
  1.871548e-01   3.616984e-13   1.227345e-04   2.672344e-14   216
  1.875642e-01   8.287734e-13   9.400084e-05   6.186418e-14   516
  1.880028e-01   9.361594e-13   8.968636e-05   5.820220e-14   744
  1.884552e-01   1.036610e-12   5.990257e-05   8.026416e-14   462
  1.887109e-01   1.140392e-12   6.088230e-05   1.383066e-13   432
  1.891075e-01   1.327726e-12   5.648168e-05   9.891057e-14   648
  1.895737e-01   1.203379e-12   8.264320e-05   1.242362e-13   528
  1.899483e-01   1.034402e-12   9.952305e-05   7.749618e-14   600
  1.903225e-01   1.988398e-12   1.254725e-04   3.129122e-13   240
  1.906850e-01   9.852611e-13   9.611075e-05   8.057232e-14   720
  1.911062e-01   9.820553e-13   7.604100e-05   6.988478e-14   720
  1.915732e-01   3.073364e-13   0.000000e+00   2.888396e-14   144
  1.918190e-01   1.075051e-12   9.803961e-05   7.455298e-14   720
  1.921686e-01   1.122129e-12   5.878648e-05   9.128696e-14   384
  1.926063e-01   7.811701e-13   6.516793e-05   5.027846e-14   672
  1.930215e-01   1.316702e-12   1.141019e-04   1.407008e-13   336
  1.932199e-01   1.175730e-12   0.000000e+00   1.339195e-13   288
  1.937055e-01   7.714593e-13   9.030399e-05   5.245775e-14   776
  1.941551e-01   6.976118e-13   7.726878e-05   4.142835e-14   720
  1.945327e-01   6.044546e-13   6.224567e-05   4.702538e-14   432
  1.948347e-01   1.069327e-12   8.873905e-05   1.160902e-13   504
  1.951706e-01   7.496386e-13   6.217429e-05   6.132200e-14   528
  1.956407e-01   1.007899e-12   8.470885e-05   1.149457e-13   438
  1.960275e-01   1.194631e-12   9.859335e-05   1.187374e-13   624
  1.963189e-01   1.146883e-12   1.207635e-04   1.323685e-13   312
  1.967196e-01   1.276094e-12   6.506437e-05   8.469298e-14   696
  1.971339e-01   1.010226e-12   5.887146e-05   9.928849e-14   552
  1.975648e-01   9.308749e-13   4.554687e-05   8.451311e-14   516
  1.978313e-01   1.224162e-12   9.097645e-05   1.137562e-13   528
  1.981558e-01   3.904455e-13   5.916447e-05   2.400466e-14   528
  1.986168e-01   9.992218e-13   7.802593e-05   7.849933e-14   864
  1.989297e-01   9.463577e-13   1.068795e-04   9.236533e-14   408
  1.992429e-01   1.255945e-12   1.058911e-04   1.063652e-13   192
  1.996868e-01   6.897387e-13   8.762994e-05   5.535607e-14   720
  2.000615e-01   6.702486e-13   8.079911e-05   5.136005e-14   696
  2.005068e-01   7.613914e-13   8.726379e-05   5.137132e-14   720
  2.009142e-01   7.406430e-13   1.182756e-04   6.016716e-14   432
  2.011518e-01   4.868391e-13   6.962164e-05   4.724391e-14   264
  2.015793e-01   6.921368e-13   9.614441e-05   4.535422e-14   672
  2.019616e-01   8.038966e-13   9.843711e-05   5.924042e-14   600
  2.024154e-01   4.146664e-13   5.763483e-05   6.721572e-14   270
  2.026441e-01   9.746461e-13   8.675648e-05   1.076586e-13   528
  2.030077e-01   9.757682e-13   5.940776e-05   6.957177e-14   840
  2.035062e-01   1.137710e-12   1.135983e-04   8.294363e-14   888
  2.039669e-01   7.057150e-13   8.463909e-05   5.817651e-14   744
  2.043562e-01   8.592053e-13   4.349214e-05   6.967484e-14   456
  2.045498e-01   1.387361e-12   5.943469e-05   1.096409e-13   360
  2.048811e-01   7.689542e-13   5.149682e-05   1.058856e-13   384
  2.053895e-01   7.483183e-13   8.260041e-05   4.801578e-14   816
  2.057710e-01   8.057969e-13   1.198416e-04   5.514062e-14   824
  2.062346e-01   6.786404e-13   5.570811e-05   8.561875e-14   360
  2.064829e-01   8.296665e-13   8.220424e-05   5.661377e-14   624
  2.068246e-01   8.693051e-13   5.554917e-05   8.695881e-14   360
  2.072798e-01   6.757716e-13   7.556319e-05   5.030161e-14   876
  2.076909e-01   5.944579e-13   8.974647e-05   4.621362e-14   696
  2.081055e-01   4.613278e-13   5.795238e-05   4.365366e-14   336
  2.083228e-01   8.791124e-13   5.788726e-05   9.370148e-14   504
  2.086818e-01   6.512376e-13   5.838888e-05   6.245057e-14   672
  2.092144e-01   4.608003e-13   1.162387e-04   3.359206e-14   720
  2.095838e-01   8.029405e-13   8.780591e-05   7.353251e-14   774
  2.099915e-01   1.529565e-12   5.025783e-05   1.869282e-13   384
  2.102050e-01   1.066619e-12   9.671763e-05   1.037679e-13   528
  2.105364e-01   8.283985e-13   9.217729e-05   6.553205e-14   744
  2.110694e-01   9.484523e-13   7.602671e-05   7.149940e-14   768
  2.114233e-01   9.505388e-13   8.534571e-05   1.055561e-13   552
  2.118649e-01   6.272711e-13   9.301717e-05   5.053311e-14   696
  2.121934e-01   1.041221e-12   1.130320e-04   1.040755e-13   408
  2.124541e-01   8.446225e-13   4.883074e-05   7.396237e-14   504
  2.128675e-01   6.266692e-13   8.772259e-05   4.668910e-14   888
  2.132743e-01   5.869400e-13   9.116913e-05   5.852222e-14   648
  2.136971e-01   5.808926e-13   9.038766e-05   4.894413e-14   648
  2.140948e-01   6.041645e-13   9.746006e-05   4.791076e-14   792
  2.145162e-01   5.085414e-13   1.425907e-04   4.275499e-14   600
  2.148267e-01   3.323818e-13   9.663487e-05   2.421139e-14   456
  2.151535e-01   6.096258e-13   4.709572e-05   4.892840e-14   648
  2.155732e-01   4.807846e-13   9.184351e-05   3.253988e-14   936
  2.160264e-01   7.049609e-13   5.640375e-05   5.546301e-14   384
  2.164208e-01   2.415010e-15   4.745948e-09   1.732152e-16   198
  2.167253e-01   2.383857e-15   1.431011e-04   7.448470e-17   1224
  2.170537e-01   2.529731e-15   1.042217e-04   1.291601e-16   420
  2.174420e-01   2.185405e-15   1.008648e-04   8.773650e-17   792
  2.178218e-01   2.260958e-15   8.340657e-05   8.579985e-17   680
  2.182552e-01   2.316710e-15   7.658783e-05   1.079882e-16   600
  2.186039e-01   2.278191e-15   1.110734e-04   7.706162e-17   840
  2.190695e-01   2.785014e-15   5.244369e-05   1.523971e-16   432
  2.192474e-01   2.347509e-15   4.914665e-05   9.483824e-17   720
  2.196343e-01   2.528573e-15   9.843213e-05   8.568211e-17   960
  2.201154e-01   2.448527e-15   8.774504e-05   1.148228e-16   528
  2.204670e-01   2.258117e-15   8.969217e-05   9.713835e-17   624
  2.208855e-01   2.552632e-15   7.049743e-05   9.342140e-17   816
  2.213008e-01   2.075337e-15   1.159345e-04   8.436233e-17   696
  2.217599e-01   2.532398e-15   7.830814e-09   1.638762e-16   240
  2.219325e-01   2.588957e-15   6.836935e-05   1.089059e-16   672
  2.223177e-01   2.243088e-15   1.221858e-04   8.349321e-17   864
  2.227499e-01   2.107041e-15   9.375778e-05   7.968015e-17   816
  2.231394e-01   2.195462e-15   5.366372e-05   9.591472e-17   648
  2.235589e-01   2.345134e-15   5.485410e-05   7.861538e-17   843
  2.239151e-01   1.980671e-15   9.869601e-05   7.833860e-17   780
  2.243395e-01   1.864521e-15   5.295844e-05   1.242339e-16   216
  2.246013e-01   2.087240e-15   1.277035e-04   6.343971e-17   1056
  2.250039e-01   2.556160e-15   1.044758e-04   1.548776e-16   228
  2.253767e-01   2.263149e-15   1.300750e-04   7.958059e-17   924
  2.257594e-01   2.350090e-15   4.825052e-05   8.729979e-17   696
  2.261647e-01   1.942335e-15   8.587211e-05   6.744911e-17   996
  2.265793e-01   2.055776e-15   5.069718e-05   9.001360e-17   576
  2.270107e-01   2.080627e-15   7.824775e-05   1.060063e-16   552
  2.273251e-01   2.394784e-15   9.342507e-05   1.152427e-16   516
  2.276442e-01   2.073325e-15   1.358594e-04   7.352089e-17   744
  2.280088e-01   2.080843e-15   6.664715e-05   9.713083e-17   576
  2.283260e-01   1.890891e-15   6.859680e-05   7.108842e-17   792
  2.287768e-01   2.093050e-15   7.841886e-05   7.630574e-17   792
  2.291071e-01   2.033236e-15   8.457391e-05   8.037313e-17   720
  2.295538e-01   1.842110e-15   9.639481e-05   6.765418e-17   656
  2.299724e-01   1.974965e-15   1.052581e-04   7.447550e-17   816
  2.304015e-01   1.879148e-15   5.675340e-05   8.542179e-17   492
  2.306454e-01   2.030326e-15   8.164378e-05   8.482995e-17   552
  2.311032e-01   1.744268e-15   1.419686e-04   8.165471e-17   780
  2.314005e-01   1.948403e-15   8.720963e-05   1.002975e-16   528
  2.317208e-01   1.824379e-15   1.018002e-04   7.811765e-17   600
  2.321929e-01   2.108924e-15   8.460399e-05   7.047070e-17   900
  2.325183e-01   1.898368e-15   4.683822e-05   8.632760e-17   696
  2.329660e-01   1.798838e-15   1.184322e-04   7.258642e-17   696
  2.333991e-01   1.866199e-15   4.804683e-05   7.790082e-17   552
  2.337633e-01   1.508986e-15   5.587403e-05   6.335327e-17   708
  2.341448e-01   1.830757e-15   9.225121e-05   7.048414e-17   876
  2.345418e-01   2.116587e-15   4.898356e-05   1.976675e-16   216
  2.348082e-01   1.786965e-15   1.339767e-04   6.031183e-17   1032
  2.352071e-01   1.684101e-15   1.491682e-04   7.708000e-17   600
  2.356212e-01   1.535172e-15   7.117755e-05   6.472139e-17   600
  2.359371e-01   1.769301e-15   1.256929e-04   9.135691e-17   528
  2.363105e-01   1.708255e-15   6.899988e-05   6.853330e-17   732
  2.367039e-01   1.629223e-15   5.095015e-05   9.275515e-17   336
  2.371566e-01   1.617362e-15   7.261407e-05   5.758065e-17   912
  2.374950e-01   1.463808e-15   7.288252e-05   6.356560e-17   624
  2.378647e-01   1.664254e-15   6.141657e-05   6.788639e-17   768
  2.382963e-01   1.838966e-15   1.108076e-04   7.216428e-17   792
  2.387198e-01   1.558222e-15   5.493383e-05   7.357924e-17   660
  2.390212e-01   1.511431e-15   8.095383e-05   8.769628e-17   504
  2.393329e-01   1.556248e-15   1.322631e-04   8.041817e-17   480
  2.398000e-01   1.166588e-15   1.223261e-04   4.170575e-17   912
  2.401658e-01   1.777632e-15   1.362291e-04   1.065596e-16   432
  2.405113e-01   1.494670e-15   8.088962e-05   7.423168e-17   564
  2.408180e-01   1.542591e-15   7.742251e-05   7.362837e-17   600
  2.412498e-01   1.665073e-15   1.079196e-04   6.485626e-17   876
  2.415741e-01   1.597794e-15   4.852393e-05   1.014425e-16   264
  2.420212e-01   1.554245e-15   9.415549e-05   6.971834e-17   560
  2.423806e-01   1.363984e-15   6.398069e-05   4.869122e-17   840
  2.428168e-01   1.302327e-15   9.863978e-05   5.126922e-17   1008
  2.432202e-01   1.377238e-15   4.412481e-05   6.941524e-17   456
  2.435886e-01   1.604033e-15   5.715745e-05   7.516737e-17   576
  2.439292e-01   1.499246e-15   8.782853e-05   6.921351e-17   612
  2.443783e-01   1.402814e-15   7.844513e-05   6.019353e-17   780
  2.447447e-01   1.456007e-15   8.989453e-05   6.265275e-17   648
  2.451197e-01   1.661619e-15   4.189201e-05   1.262106e-16   312
  2.453594e-01   1.222916e-15   1.064407e-04   5.281029e-17   528
  2.457747e-01   1.229350e-15   1.390063e-04   5.481261e-17   720
  2.461718e-01   1.343419e-15   1.394416e-04   7.932681e-17   576
  2.466533e-01   1.256047e-15   1.202863e-04   6.528678e-17   444
  2.469529e-01   1.381180e-15   1.179621e-04   4.950370e-17   996
  2.473200e-01   1.168791e-15   9.853387e-05   7.170615e-17   432
  2.476669e-01   1.395724e-15   1.078752e-04   7.225159e-17   504
  2.479666e-01   1.202704e-15   4.863583e-05   6.445838e-17   504
  2.483934e-01   1.461103e-15   9.571589e-05   6.368345e-17   876
  2.487796e-01   1.195149e-15   1.101599e-04   6.072496e-17   504
  2.491817e-01   1.083695e-15   7.025420e-05   5.298822e-17   696
  2.495140e-01   1.394481e-15   6.005997e-05   7.037988e-17   492
  2.499662e-01   1.100567e-15   8.597875e-05   6.144636e-17   432
  2.503011e-01   1.306347e-15   8.050968e-05   5.450556e-17   768
  2.506981e-01   1.109955e-15   1.002856e-04   5.865454e-17   648
  2.510772e-01   9.922227e-16   6.542561e-05   5.370300e-17   456
  2.515128e-01   1.063593e-15   8.997083e-05   5.379322e-17   552
  2.518153e-01   1.086795e-15   6.166608e-05   6.013782e-17   648
  2.522317e-01   1.035369e-15   1.005122e-04   3.827594e-17   840
  2.526384e-01   1.248295e-15   4.793217e-05   6.790157e-17   432
  2.530455e-01   1.044358e-15   5.870872e-05   5.524112e-17   600
  2.533287e-01   1.217204e-15   6.255029e-05   7.293255e-17   432
  2.538044e-01   1.120317e-15   6.227491e-05   5.371155e-17   560
  2.541265e-01   9.866620e-16   9.857465e-05   4.238590e-17   840
  2.545299e-01   1.172187e-15   5.838720e-05   6.605914e-17   504
  2.548502e-01   9.501234e-16   1.191648e-04   4.470975e-17   696
  2.553018e-01   1.177953e-15   6.508356e-05   6.900082e-17   384
  2.556535e-01   8.804930e-16   9.533975e-05   4.448048e-17   576
  2.560789e-01   9.307897e-16   5.883893e-05   6.332945e-17   360
  2.564218e-01   9.510780e-16   8.762544e-05   4.466786e-17   828
  2.567917e-01   9.125685e-16   7.804673e-05   5.162945e-17   372
  2.571307e-01   9.472694e-16   1.191923e-04   4.385418e-17   576
  2.575797e-01   1.014802e-15   4.991761e-05   4.665670e-17   636
  2.578996e-01   9.327332e-16   9.622826e-05   4.369886e-17   648
  2.583323e-01   9.194997e-16   7.822306e-05   4.627267e-17   576
  2.586430e-01   9.038499e-16   1.261820e-04   4.755826e-17   528
  2.590561e-01   9.033551e-16   5.394804e-05   5.818357e-17   360
  2.593981e-01   7.741453e-16   1.241007e-04   3.281244e-17   672
  2.598446e-01   9.225709e-16   6.356642e-05   4.189468e-17   804
  2.602163e-01   9.449731e-16   7.012137e-05   5.207440e-17   408
  2.606274e-01   8.472313e-16   4.334263e-05   4.682762e-17   384
  2.609042e-01   6.876177e-16   9.918459e-05   4.296492e-17   480
  2.612947e-01   7.831710e-16   6.408778e-05   4.433744e-17   432
  2.616692e-01   1.003245e-15   1.181001e-04   4.609244e-17   648
  2.621125e-01   8.737889e-16   7.328056e-05   4.374995e-17   624
  2.624367e-01   8.418450e-16   6.665485e-05   5.131215e-17   456
  2.628795e-01   7.600777e-16   9.105646e-05   4.803400e-17   588
  2.631762e-01   7.208701e-16   5.809364e-05   3.580170e-17   600
  2.636094e-01   7.279907e-16   9.061183e-05   2.969160e-17   708
  2.639516e-01   6.966042e-16   5.708370e-05   3.897714e-17   360
  2.643298e-01   8.390486e-16   6.561923e-05   4.541985e-17   552
  2.646923e-01   7.317584e-16   4.603344e-05   6.387688e-17   288
  2.650603e-01   6.511022e-16   8.655546e-05   3.288110e-17   528
  2.654060e-01   7.199424e-16   5.839431e-05   3.548114e-17   456
  2.657924e-01   7.671327e-16   1.035458e-04   3.973837e-17   608
  2.661809e-01   6.201817e-16   5.009661e-05   2.943051e-17   504
  2.666055e-01   5.201891e-16   1.075546e-04   2.830065e-17   540
  2.669384e-01   8.531835e-16   1.154568e-04   5.551790e-17   360
  2.672972e-01   8.594413e-16   5.228475e-05   4.225587e-17   540
  2.676146e-01   6.849211e-16   4.489266e-05   3.631204e-17   576
  2.680762e-01   6.842799e-16   1.040909e-04   3.329345e-17   588
  2.685150e-01   6.973010e-16   1.436140e-04   3.628294e-17   672
  2.688920e-01   7.886054e-16   1.097654e-04   3.831629e-17   552
  2.691959e-01   4.921985e-16   1.098209e-04   4.027823e-17   144
  2.695837e-01   7.253731e-16   9.330411e-05   3.659536e-17   600
  2.699514e-01   5.548375e-16   1.169304e-04   3.153059e-17   504
  2.703595e-01   6.289143e-16   1.201111e-04   4.768268e-17   336
  2.707887e-01   6.185638e-16   1.350054e-04   2.889044e-17   600
  2.711731e-01   5.713903e-16   8.712810e-05   3.149596e-17   636
  2.715880e-01   6.830616e-16   7.005178e-05   5.623563e-17   384
  2.718789e-01   6.744629e-16   9.771396e-05   4.340451e-17   504
  2.722982e-01   5.628727e-16   4.100918e-05   4.141357e-17   240
  2.726291e-01   6.130264e-16   9.633639e-05   2.546052e-17   744
  2.730261e-01   5.360502e-16   6.578310e-05   2.679909e-17   648
  2.733790e-01   9.987583e-16   4.366878e-05   8.551751e-17   120
  2.737925e-01   4.946839e-16   6.859799e-05   2.252695e-17   564
  2.741050e-01   6.959618e-16   1.077373e-04   4.006549e-17   432
  2.745220e-01   4.998986e-16   8.362543e-05   3.423595e-17   480
  2.748361e-01   4.013550e-16   6.155045e-05   2.479420e-17   456
  2.752067e-01   5.534064e-16   1.018569e-04   3.402759e-17   444
  2.756274e-01   4.963292e-16   1.558464e-04   3.183069e-17   528
  2.759969e-01   6.144250e-16   1.157439e-04   5.578360e-17   264
  2.763555e-01   4.930295e-16   1.186203e-04   2.883783e-17   444
  2.768379e-01   5.403406e-16   1.299311e-04   2.454076e-17   696
  2.772383e-01   5.827792e-16   6.949148e-05   4.016754e-17   384
  2.775311e-01   4.801776e-16   8.780831e-05   2.696210e-17   432
  2.779866e-01   6.415662e-16   6.067143e-05   3.852726e-17   488
  2.782823e-01   5.848818e-16   9.143939e-05   3.038358e-17   480
  2.787111e-01   4.846866e-16   1.019738e-04   3.198828e-17   480
  2.790432e-01   4.120801e-16   4.278510e-05   2.708080e-17   240
  2.794202e-01   5.210634e-16   9.994261e-05   2.817631e-17   600
  2.797758e-01   3.914611e-16   8.708975e-05   2.780767e-17   288
  2.801544e-01   4.774989e-16   8.377397e-05   2.945906e-17   480
  2.805379e-01   3.864408e-16   1.490189e-04   2.427407e-17   504
  2.809155e-01   5.244399e-16   6.393839e-05   3.730354e-17   216
  2.813970e-01   4.805590e-16   1.046773e-04   3.089968e-17   504
  2.817720e-01   3.919066e-16   8.419242e-05   2.468603e-17   456
  2.821825e-01   6.200109e-16   4.828579e-05   3.962365e-17   384
  2.824544e-01   6.174254e-16   9.800271e-05   3.948465e-17   480
  2.828408e-01   3.741712e-16   8.605736e-05   2.490346e-17   504
  2.831988e-01   4.606918e-16   5.458940e-05   3.000711e-17   312
  2.835845e-01   4.605705e-16   8.796897e-05   2.967299e-17   492
  2.839260e-01   5.360547e-16   8.245044e-05   3.681666e-17   312
  2.843655e-01   3.894760e-16   1.339342e-04   2.000054e-17   576
  2.847524e-01   5.215158e-16   1.236321e-04   4.339851e-17   336
  2.850738e-01   2.749477e-16   9.519099e-05   2.242268e-17   240
  2.855192e-01   4.231905e-16   1.261991e-04   2.577269e-17   468
  2.859039e-01   4.015415e-16   7.901891e-05   3.869104e-17   192
  2.863065e-01   3.279508e-16   7.925442e-05   2.622882e-17   324
  2.866016e-01   3.976184e-16   5.752155e-05   2.217179e-17   600
  2.870037e-01   4.074305e-16   9.332283e-05   2.456256e-17   456
  2.873023e-01   4.329855e-16   4.197661e-05   3.361600e-17   336
  2.877972e-01   4.475133e-16   1.256898e-04   2.753830e-17   612
  2.881573e-01   3.178007e-16   1.054844e-04   5.618199e-17   144
  2.884978e-01   4.419640e-16   1.231274e-04   2.544158e-17   552
  2.889609e-01   2.239165e-16   4.848907e-05   1.420768e-17   264
  2.892225e-01   3.510700e-16   1.122646e-04   3.023367e-17   336
  2.896353e-01   2.899862e-16   7.418058e-05   1.771170e-17   384
  2.899932e-01   3.390984e-16   4.175634e-05   3.076073e-17   216
  2.903894e-01   2.527756e-16   8.853205e-05   1.813121e-17   344
  2.907507e-01   2.600529e-16   1.320940e-04   1.762987e-17   408
  2.911910e-01   3.252598e-16   1.015056e-04   3.246758e-17   264
  2.915811e-01   3.374625e-16   1.415038e-04   2.091173e-17   612
  2.919709e-01   4.488184e-16   7.282870e-05   3.145866e-17   408
  2.923718e-01   3.189568e-16   7.293338e-05   2.716103e-17   444
  2.926663e-01   6.143264e-16   4.079109e-05   5.410387e-17   120
  2.930609e-01   3.660288e-16   1.126983e-04   3.159941e-17   336
  2.933538e-01   2.852200e-16   3.916222e-05   2.292842e-17   288
  2.937496e-01   3.044614e-16   1.218735e-04   1.821211e-17   552
  2.942938e-01   4.159253e-16   6.525678e-09   5.889005e-17   72
  2.945736e-01   2.938063e-16   1.210514e-04   1.863198e-17   504
  2.949004e-01   1.505301e-16   3.895317e-05   1.379204e-17   216
  2.953239e-01   2.318093e-16   6.954821e-05   1.836751e-17   312
  2.957040e-01   1.940028e-16   7.919158e-05   1.509975e-17   336
  2.960663e-01   1.933157e-16   1.097684e-04   1.725171e-17   204
  2.964271e-01   4.461206e-16   1.275676e-04   3.495271e-17   504
  2.968098e-01   3.846906e-16   1.214810e-04   2.640435e-17   396
  2.971778e-01   2.769014e-16   1.114044e-04   2.433238e-17   312
  2.976240e-01   4.433804e-16   6.808000e-05   4.432664e-17   216
  2.979383e-01   2.605410e-16   3.694832e-05   2.871214e-17   168
  2.983203e-01   2.685031e-16   9.329657e-05   1.748286e-17   588
  2.987563e-01   1.849670e-16   1.266392e-04   2.216232e-17   240
  2.990950e-01   1.843472e-16   1.118436e-04   1.731416e-17   264
  2.994922e-01   2.327495e-16   1.383176e-04   2.077118e-17   288
  2.998446e-01   2.507798e-16   6.907007e-05   2.386657e-17   288
  3.002913e-01   1.845857e-16   6.486779e-05   1.598951e-17   288
  3.005921e-01   1.980545e-16   7.514392e-05   1.830500e-17   192
  3.009705e-01   1.360341e-16   7.996067e-05   1.274105e-17   264
  3.013310e-01   4.074476e-16   1.315242e-04   2.990511e-17   372
  3.017189e-01   4.278834e-16   1.420518e-04   3.917695e-17   360
  3.021924e-01   3.631640e-16   6.011768e-05   5.240279e-17   144
  3.024371e-01   2.034883e-16   8.350082e-05   2.188668e-17   296
  3.028234e-01   2.165842e-16   8.996782e-05   2.095619e-17   288
  3.032657e-01   2.342233e-16   1.344546e-04   1.717135e-17   480
  3.036471e-01   1.952189e-16   1.117190e-04   3.435822e-17   192
  3.040181e-01   2.731271e-16   1.198338e-04   2.784141e-17   192
  3.043553e-01   1.880807e-16   7.637151e-05   1.858607e-17   288
  3.048242e-01   8.264117e-17   6.648036e-05   1.029515e-17   108
  3.050604e-01   1.927128e-16   6.391272e-05   1.992628e-17   240
  3.054775e-01   1.427173e-16   1.192307e-04   1.538272e-17   384
  3.059059e-01   2.149643e-16   1.454479e-04   2.518323e-17   108
  3.062848e-01   2.914565e-16   8.527881e-05   2.171799e-17   348
  3.066832e-01   1.850632e-16   8.900031e-05   2.398792e-17   312
  3.070391e-01   1.982638e-16   8.648246e-05   4.515661e-17   96
  3.073663e-01   1.807139e-16   1.151358e-04   1.595725e-17   384
  3.077328e-01   2.014131e-16   7.919012e-05   2.009140e-17   144
  3.080912e-01   2.000396e-16   1.216791e-04   1.689307e-17   408
  3.085368e-01   8.696963e-17   5.427748e-05   1.440594e-17   144
  3.089578e-01   1.887437e-16   1.043490e-04   2.363555e-17   192
  3.092074e-01   2.237469e-16   1.174468e-04   2.356868e-17   144
  3.096144e-01   1.066933e-16   9.548855e-05   1.169897e-17   144
  3.099983e-01   1.865647e-16   1.167025e-04   1.898975e-17   336
  3.104685e-01   8.339039e-17   8.634502e-05   6.874936e-18   240
  3.107666e-01   1.167788e-16   3.920851e-05   1.687572e-17   96
  3.111825e-01   2.260679e-16   1.149797e-04   2.193969e-17   372
  3.116031e-01   1.550840e-16   1.367659e-04   2.725856e-17   132
  3.119726e-01   9.185498e-17   8.462908e-05   7.322208e-18   264
  3.123032e-01   2.548560e-16   6.499128e-05   3.369226e-17   168
  3.126560e-01   1.700065e-16   1.039086e-04   1.544718e-17   216
  3.129676e-01   1.340750e-16   6.357256e-05   1.870481e-17   216
  3.134215e-01   4.937479e-17   1.166292e-04   4.966034e-18   96
  3.138333e-01   2.145083e-16   7.608990e-05   3.270994e-17   120
  3.142110e-01   1.123528e-16   9.673168e-05   1.347787e-17   216
  3.145221e-01   8.902067e-17   4.227207e-05   9.649873e-18   200
  3.149340e-01   1.392567e-16   1.094242e-04   2.006402e-17   288
  3.154623e-01   3.542299e-17   2.879164e-05   2.912496e-18   144
  3.156848e-01   1.462517e-16   8.959781e-05   2.441151e-17   168
  3.161391e-01   1.649123e-16   1.008340e-04   2.967187e-17   159
  3.164937e-01   8.037427e-17   1.057991e-04   7.918499e-18   174
  3.168369e-01   7.280690e-17   9.593494e-05   7.188264e-18   144
  3.172863e-01   1.416652e-16   5.539549e-05   1.513034e-17   222
  3.175869e-01   7.921228e-17   5.589895e-05   9.583102e-18   168
  3.181060e-01   1.496061e-16   1.226079e-04   3.963636e-17   30
  3.183205e-01   2.659649e-17   1.082537e-04   3.574795e-18   72
  3.187244e-01   7.874480e-17   9.661517e-05   1.017335e-17   258
  3.191684e-01   6.544898e-17   6.051257e-05   6.318742e-18   264
  3.193905e-01   9.323546e-17   0.000000e+00   1.614162e-17   72
  3.198532e-01   4.174858e-17   1.199385e-04   5.289239e-18   174
  3.202721e-01   8.964154e-17   1.277123e-04   1.364941e-17   168
  3.206090e-01   1.878965e-17   3.996146e-09   2.628275e-18   48
  3.209705e-01   4.821199e-17   7.212215e-05   7.345120e-18   150
  3.213898e-01   1.049576e-16   1.326739e-04   9.619172e-18   168
  3.218102e-01   4.523227e-17   8.081877e-05   4.903507e-18   144
  3.221967e-01   1.073032e-16   7.550312e-05   1.998933e-17   102
  3.224847e-01   2.121475e-17   1.117576e-04   1.959075e-18   96
  3.229415e-01   1.565104e-17   1.109119e-04   1.305971e-18   120
  3.232799e-01   1.579774e-17   1.189559e-04   1.278563e-18   168
  3.236458e-01   9.552106e-17   8.783953e-05   8.943050e-18   126
  3.239576e-01   5.716251e-17   6.624856e-05   8.946348e-18   168
  3.243872e-01   2.886793e-17   1.062297e-04   4.052007e-18   72
  3.247626e-01   2.453458e-17   1.330232e-04   2.198632e-18   168
  3.250914e-01   8.664665e-17   3.646820e-05   2.171899e-17   78
  3.255420e-01   2.255590e-17   5.987806e-05   3.085646e-18   60
  3.259049e-01   9.797408e-17   9.713191e-05   1.892000e-17   96
  3.262812e-01   3.180640e-17   1.178615e-04   2.670136e-18   168
  3.266349e-01   2.895200e-17   7.457817e-05   5.953015e-18   86
  3.270060e-01   1.759227e-17   6.665520e-05   2.236583e-18   120
  3.275378e-01   1.979129e-17   4.753401e-05   1.946726e-18   168
  3.278247e-01   1.008876e-17   0.000000e+00   1.140575e-18   48
  3.282110e-01   5.320715e-17   8.660181e-05   6.022591e-18   120
  3.284330e-01   3.442250e-17   6.317951e-05   5.417176e-18   126
  3.289749e-01   2.699854e-17   1.111151e-04   3.521055e-18   96
  3.293266e-01   2.568544e-17   3.204012e-05   2.510294e-18   96
  3.296039e-01   1.714330e-17   0.000000e+00   1.891330e-18   72
  3.301949e-01   1.940751e-17   3.996146e-09   3.595146e-18   24
  3.305637e-01   2.989110e-17   6.593782e-05   3.286769e-18   120
  3.308514e-01   2.761314e-17   9.618300e-05   4.230583e-18   126
  3.311713e-01   1.625062e-17   8.018157e-05   1.991329e-18   96
  3.315452e-01   8.987298e-18   1.385771e-04   9.979792e-19   72
  3.319614e-01   1.548335e-17   5.993927e-05   1.360889e-18   144
  3.323038e-01   1.391113e-17   3.457157e-05   1.985051e-18   72
  3.326459e-01   2.676337e-17   6.905176e-05   6.601083e-18   54
  3.329469e-01   2.730726e-17   6.085106e-05   3.413205e-18   108
  3.335726e-01   2.901288e-17   5.964977e-05   3.224716e-18   72
  3.337673e-01   1.807164e-17   3.441997e-05   1.958647e-18   72
  3.342294e-01   9.694672e-18   6.921527e-09   1.618872e-18   24
  3.346666e-01   5.238822e-18   7.281693e-05   9.627509e-19   48
  3.349321e-01   2.118666e-17   5.546771e-05   3.195201e-18   102
  3.353317e-01   1.278696e-17   1.254449e-04   1.319975e-18   168
  3.358538e-01   8.812817e-18   6.841470e-05   1.147172e-18   72
  3.360473e-01   1.051594e-17   0.000000e+00   1.462135e-18   48
  3.364531e-01   1.461155e-17   1.176775e-04   1.681442e-18   120
  3.369887e-01   1.204095e-17   7.231517e-05   1.188264e-18   96
  3.374945e-01   4.322241e-17   7.830814e-09   1.580598e-17   30
  3.380957e-01   1.903015e-17   3.397687e-05   2.811666e-18   72
  3.383599e-01   9.439336e-18   3.996146e-09   1.870269e-18   24
  3.386992e-01   5.082440e-18   5.036212e-05   7.684079e-19   56
  3.390793e-01   5.323887e-18   7.186930e-05   5.119623e-19   96
  3.395342e-01   1.004764e-17   7.936128e-05   9.633237e-19   144
  3.398849e-01   1.692814e-17   4.505822e-05   4.301390e-18   54
  3.403944e-01   9.118123e-18   6.750198e-05   9.795526e-19   108
  3.409071e-01   2.580342e-17   3.574199e-05   4.685694e-18   48
  3.413952e-01   8.910995e-18   1.345800e-04   9.858976e-19   72
  3.425664e-01   1.903483e-17   8.891744e-05   2.226568e-18   78
  3.428909e-01   4.534350e-18   6.701044e-05   4.543733e-19   72
  3.432698e-01   5.371673e-18   6.692725e-05   6.356891e-19   72
  3.436659e-01   8.995059e-18   1.615028e-04   8.052418e-19   96
  3.439790e-01   6.272413e-18   6.678928e-05   4.944702e-19   72
  3.443566e-01   9.728347e-18   0.000000e+00   1.720866e-18   24
  3.447338e-01   7.919175e-18   1.332770e-04   8.078430e-19   72
  3.455858e-01   9.825950e-18   8.463498e-05   1.511546e-18   30
  3.457691e-01   1.315946e-17   0.000000e+00   2.805506e-18   24
  3.467544e-01   3.903278e-18   7.027855e-05   5.662289e-19   48
  3.470634e-01   5.526368e-18   1.512394e-04   6.286273e-19   120
  3.474798e-01   4.801943e-18   6.612537e-05   5.143342e-19   72
  3.479003e-01   5.598143e-18   6.604543e-05   8.908506e-19   36
  3.481894e-01   5.825371e-18   1.305365e-04   7.356769e-19   78
  3.489960e-01   7.034854e-18   6.982714e-05   7.266140e-19   48
  3.500419e-01   1.107886e-17   5.651403e-09   1.537828e-18   24
  3.507870e-01   2.033582e-18   4.862619e-05   2.690673e-19   56
  3.511622e-01   2.752443e-18   7.482652e-05   2.729260e-19   102
  3.516395e-01   4.147423e-18   5.328194e-09   4.992000e-19   72
  3.519166e-01   4.646087e-18   0.000000e+00   7.079535e-19   24
  3.524009e-01   3.719475e-18   6.915246e-05   5.680467e-19   48
  3.532988e-01   6.366374e-18   0.000000e+00   1.195339e-18   24
  3.544007e-01   2.817410e-18   0.000000e+00   8.918378e-19   6
  3.547443e-01   1.500826e-18   0.000000e+00   2.511151e-19   24
  3.549732e-01   2.243902e-18   6.472929e-05   2.805058e-19   72
  3.553914e-01   2.918131e-18   1.207586e-04   2.868330e-19   84
  3.558418e-01   2.106442e-18   0.000000e+00   4.425077e-19   24
  3.559787e-01   3.451151e-18   5.651403e-09   4.560897e-19   24
  3.566626e-01   3.526087e-18   3.996146e-09   5.841035e-19   24
  3.576179e-01   3.458142e-18   0.000000e+00   1.264739e-18   6
  3.588424e-01   1.788868e-18   6.791113e-05   2.492744e-19   48
  3.591365e-01   2.019935e-18   1.279335e-04   2.039426e-19   72
  3.595209e-01   2.340529e-18   6.778297e-05   2.784765e-19   48
  3.601304e-01   3.389692e-18   0.000000e+00   1.021119e-18   24
  3.609415e-01   3.837216e-18   3.996146e-09   8.243203e-19   6
  3.627599e-01   2.035145e-18   0.000000e+00   6.676615e-19   8
  3.628942e-01   1.923635e-18   3.996146e-09   3.020661e-19   48
  3.632164e-01   2.032380e-18   6.573533e-05   2.390755e-19   60
  3.636991e-01   3.470638e-18   0.000000e+00   5.217084e-19   24
  3.643686e-01   1.005687e-18   0.000000e+00   3.845770e-19   6
  3.668348e-01   1.608207e-18   0.000000e+00   3.391051e-19   24
  3.670341e-01   1.649853e-18   6.639546e-05   2.228924e-19   48
  3.673659e-01   1.114391e-18   0.000000e+00   2.431661e-19   24
  3.678962e-01   8.345385e-19   3.996146e-09   9.301190e-20   6
  3.709088e-01   1.360325e-18   6.194064e-05   2.452336e-19   36
  3.711278e-01   1.530703e-18   0.000000e+00   4.045304e-19   24
  3.715215e-01   1.604259e-18   0.000000e+00   4.335663e-19   6
  3.749494e-01   1.530064e-18   5.629118e-05   2.412619e-19   32
  3.752417e-01   1.415899e-18   3.996146e-09   4.598089e-19   6
  3.789254e-01   1.916605e-18   0.000000e+00   5.690243e-19   12
  3.790540e-01   1.733358e-18   0.000000e+00   1.321498e-19   6
  3.829556e-01   8.891455e-19   5.651403e-09   2.170180e-19   6
