# power spectrum of delta
# redshift z=100.000000
# k              Pk             sigma(k)       sigma(Pk)      count
  4.188790e-02   5.547331e-06   0.000000e+00   2.415540e-06   6
  5.923844e-02   7.920901e-06   0.000000e+00   1.708695e-06   12
  7.255197e-02   1.021468e-05   7.947286e-10   2.250894e-06   8
  8.377580e-02   4.624446e-05   0.000000e+00   5.377855e-06   6
  9.366420e-02   3.919889e-05   0.000000e+00   1.350609e-05   24
  1.026040e-01   6.672220e-05   1.498555e-09   1.216496e-05   24
  1.184769e-01   4.288049e-05   0.000000e+00   2.084774e-05   12
  1.256637e-01   5.906596e-05   1.695421e-09   1.172725e-05   30
  1.324612e-01   8.505266e-05   0.000000e+00   2.023935e-05   24
  1.389265e-01   8.655321e-05   2.595573e-09   2.319067e-05   24
  1.451039e-01   1.097184e-04   1.589457e-09   2.396771e-05   8
  1.510290e-01   9.949036e-05   2.119276e-09   1.338385e-05   24
  1.567302e-01   9.971840e-05   0.000000e+00   1.516301e-05   48
  1.675516e-01   1.351540e-04   0.000000e+00   6.420789e-05   6
  1.727082e-01   1.169019e-04   2.997109e-09   1.776676e-05   48
  1.777153e-01   1.176004e-04   0.000000e+00   1.323382e-05   36
  1.825851e-01   1.837092e-04   2.119276e-09   4.154340e-05   24
  1.873284e-01   1.163752e-04   0.000000e+00   2.158248e-05   24
  1.919545e-01   1.116954e-04   0.000000e+00   1.637483e-05   48
  1.964717e-01   1.840730e-04   2.997109e-09   2.830083e-05   24
  2.052080e-01   1.629483e-04   2.997109e-09   2.760672e-05   24
  2.094395e-01   1.154064e-04   0.000000e+00   2.043666e-05   30
  2.135872e-01   1.285167e-04   0.000000e+00   1.533251e-05   72
  2.176559e-01   1.295620e-04   3.178914e-09   2.856915e-05   32
  2.255733e-01   1.868661e-04   0.000000e+00   2.344210e-05   72
  2.294295e-01   1.180332e-04   0.000000e+00   1.864960e-05   48
  2.369538e-01   6.825428e-05   0.000000e+00   2.192963e-05   12
  2.424370e-01   1.360708e-04   1.809332e-03   1.340256e-05   96
  2.478122e-01   1.802747e-04   2.997109e-09   2.464801e-05   48
  2.513274e-01   2.271779e-04   3.390842e-09   4.306706e-05   30
  2.573593e-01   2.203638e-04   1.480994e-03   2.222444e-05   96
  2.649224e-01   1.407833e-04   0.000000e+00   2.892128e-05   24
  2.692972e-01   2.077521e-04   1.532626e-03   1.815889e-05   144
  2.746773e-01   1.519219e-04   5.191145e-09   4.012575e-05   24
  2.802077e-01   2.350099e-04   1.359522e-03   2.898675e-05   96
  2.840976e-01   2.116871e-04   0.000000e+00   3.510303e-05   48
  2.928273e-01   2.777370e-04   1.008193e-03   3.393694e-05   62
  2.972639e-01   2.101201e-04   1.417766e-03   2.727003e-05   132
  3.020580e-01   1.444297e-04   4.238553e-09   2.767617e-05   24
  3.065848e-01   2.353541e-04   1.417030e-03   2.173277e-05   168
  3.148535e-01   2.947463e-04   1.393185e-03   2.629328e-05   96
  3.210625e-01   2.104319e-04   1.185729e-03   2.148653e-05   96
  3.286811e-01   2.346997e-04   1.321652e-03   2.094002e-05   168
  3.351032e-01   3.313161e-04   0.000000e+00   1.573521e-04   6
  3.377111e-01   2.773840e-04   0.000000e+00   2.906994e-05   96
  3.408126e-01   2.709231e-04   1.027332e-03   2.888647e-05   120
  3.471035e-01   2.251790e-04   1.192916e-03   1.931058e-05   144
  3.504593e-01   2.686171e-04   0.000000e+00   3.929688e-05   48
  3.568362e-01   2.463546e-04   1.217264e-03   2.852145e-05   84
  3.603334e-01   2.789255e-04   8.305833e-09   2.698821e-05   120
  3.634830e-01   2.216422e-04   1.104580e-03   2.755274e-05   80
  3.683579e-01   2.171306e-04   1.121512e-03   1.719104e-05   144
  3.746568e-01   2.849233e-04   0.000000e+00   5.688388e-05   24
  3.777335e-01   3.187922e-04   1.082209e-03   2.882564e-05   150
  3.825338e-01   2.962639e-04   1.122853e-03   2.314791e-05   120
  3.878053e-01   2.769350e-04   1.023244e-03   2.515000e-05   168
  3.929434e-01   4.307290e-04   5.994218e-09   7.691054e-05   24
  3.961760e-01   2.564768e-04   1.102343e-03   1.760278e-05   264
  3.995851e-01   2.060109e-04   5.994218e-09   3.133045e-05   48
  4.053963e-01   2.790694e-04   1.021053e-03   2.482601e-05   144
  4.118373e-01   3.545792e-04   1.005056e-03   4.692177e-05   72
  4.155132e-01   2.866120e-04   1.033826e-03   1.975555e-05   180
  4.206517e-01   3.105029e-04   7.490779e-04   2.509236e-05   198
  4.230471e-01   3.303081e-04   0.000000e+00   3.874702e-05   48
  4.283452e-01   2.742135e-04   1.013898e-03   2.243315e-05   168
  4.322771e-01   3.313649e-04   1.014741e-03   3.251424e-05   144
  4.382252e-01   3.210647e-04   1.425767e-03   1.807531e-05   248
  4.462575e-01   2.393345e-04   9.829507e-04   1.825144e-05   192
  4.517270e-01   3.204685e-04   1.518311e-03   2.259088e-05   240
  4.550191e-01   3.562542e-04   0.000000e+00   4.183042e-05   72
  4.600401e-01   3.774278e-04   9.265384e-04   3.560534e-05   126
  4.632077e-01   4.053767e-04   8.548569e-04   3.455707e-05   168
  4.692558e-01   3.904165e-04   9.347761e-04   2.346578e-05   288
  4.756130e-01   3.677352e-04   4.923287e-04   3.382707e-05   156
  4.789051e-01   3.181863e-04   8.282398e-04   2.995052e-05   168
  4.838976e-01   3.462839e-04   1.419871e-03   2.285626e-05   264
  4.884927e-01   3.308331e-04   0.000000e+00   4.428159e-05   48
  4.919073e-01   3.383267e-04   1.413116e-03   2.398930e-05   264
  4.968023e-01   3.509586e-04   8.329422e-04   3.140974e-05   144
  5.004992e-01   4.008529e-04   1.704158e-03   4.919549e-05   78
  5.058846e-01   3.305830e-04   1.107773e-03   1.976018e-05   336
  5.109630e-01   3.129284e-04   8.428349e-04   2.266923e-05   200
  5.142982e-01   3.087200e-04   1.650282e-03   2.530787e-05   192
  5.188009e-01   3.937087e-04   8.281531e-04   3.007983e-05   240
  5.229375e-01   4.248673e-04   1.659668e-03   3.159893e-05   168
  5.271872e-01   3.549216e-04   1.328777e-03   3.300239e-05   120
  5.322910e-01   4.035096e-04   1.038555e-03   2.321237e-05   324
  5.372434e-01   3.671723e-04   8.164812e-04   2.682595e-05   192
  5.406140e-01   4.226842e-04   1.464314e-03   3.274216e-05   168
  5.463473e-01   3.192745e-04   1.206051e-03   1.886664e-05   342
  5.515169e-01   4.469229e-04   9.711134e-04   2.470096e-05   336
  5.567568e-01   5.042576e-04   7.431568e-04   6.052845e-05   72
  5.602902e-01   4.079820e-04   1.188580e-03   2.919016e-05   288
  5.643921e-01   4.127447e-04   7.740850e-04   3.215460e-05   264
  5.701210e-01   3.729126e-04   1.018113e-03   2.179961e-05   384
  5.752524e-01   3.975504e-04   1.222000e-03   3.183590e-05   240
  5.773849e-01   4.231342e-04   0.000000e+00   5.522837e-05   48
  5.835528e-01   4.232489e-04   1.000287e-03   2.304041e-05   392
  5.882586e-01   3.952416e-04   1.097765e-03   2.412294e-05   294
  5.933186e-01   3.983638e-04   7.134899e-04   3.181837e-05   228
  5.966464e-01   4.764904e-04   1.083539e-03   3.344358e-05   216
  6.007871e-01   4.028158e-04   6.600168e-04   2.287268e-05   336
  6.058555e-01   4.369642e-04   7.842082e-04   2.688803e-05   360
  6.100397e-01   4.780245e-04   1.194797e-03   3.171486e-05   240
  6.143996e-01   4.401009e-04   1.413719e-03   3.329917e-05   168
  6.184665e-01   4.185774e-04   1.112769e-03   2.557695e-05   312
  6.233115e-01   4.185935e-04   6.964094e-04   2.299678e-05   336
  6.285457e-01   4.606346e-04   9.500317e-04   3.007067e-05   294
  6.324922e-01   5.244722e-04   1.266198e-03   3.463409e-05   288
  6.355120e-01   3.719063e-04   7.923024e-04   2.619375e-05   264
  6.408971e-01   4.370639e-04   1.360972e-03   2.385045e-05   480
  6.453997e-01   4.933536e-04   6.657829e-04   3.152206e-05   240
  6.509197e-01   4.938949e-04   6.732237e-04   3.100073e-05   276
  6.552747e-01   4.705847e-04   1.477859e-03   2.119652e-05   488
  6.604485e-01   5.413419e-04   6.508805e-04   5.131693e-05   240
  6.634517e-01   4.955153e-04   1.263842e-03   2.648596e-05   360
  6.676628e-01   4.248809e-04   4.496560e-04   3.414949e-05   198
  6.730784e-01   4.186020e-04   1.519406e-03   1.959149e-05   480
  6.770436e-01   4.242785e-04   5.608201e-04   2.778299e-05   288
  6.825276e-01   4.963555e-04   1.185446e-03   2.538673e-05   480
  6.874591e-01   5.141752e-04   7.303847e-04   2.341610e-05   480
  6.925235e-01   4.576632e-04   9.446312e-04   3.300242e-05   288
  6.956832e-01   5.178281e-04   1.007747e-03   3.178433e-05   288
  7.006529e-01   5.038969e-04   1.751971e-03   2.615351e-05   456
  7.056569e-01   5.680644e-04   1.649948e-03   3.018104e-05   360
  7.088832e-01   5.103825e-04   9.890274e-04   3.391150e-05   180
  7.135522e-01   4.372943e-04   1.077171e-03   2.002672e-05   486
  7.182846e-01   4.979307e-04   1.432984e-03   2.407674e-05   504
  7.230964e-01   5.420812e-04   1.113357e-03   2.759685e-05   456
  7.270862e-01   5.299342e-04   9.250029e-04   3.370012e-05   296
  7.323574e-01   5.052296e-04   9.127630e-04   2.391027e-05   528
  7.363216e-01   5.165162e-04   9.006602e-04   2.809764e-05   336
  7.421603e-01   5.296696e-04   9.990012e-04   2.350988e-05   600
  7.464340e-01   4.473520e-04   5.852681e-04   2.889078e-05   264
  7.507170e-01   5.355708e-04   6.328979e-04   2.823525e-05   360
  7.550885e-01   5.181494e-04   1.267124e-03   2.433329e-05   630
  7.599057e-01   6.027741e-04   6.540776e-04   3.082228e-05   432
  7.641789e-01   5.862378e-04   1.260242e-03   2.964841e-05   408
  7.694239e-01   5.424665e-04   8.364714e-04   3.148194e-05   324
  7.733259e-01   5.226554e-04   1.192074e-03   2.106302e-05   744
  7.780327e-01   5.180659e-04   9.529838e-04   3.109267e-05   336
  7.825295e-01   5.954576e-04   1.310109e-03   2.806447e-05   528
  7.874608e-01   5.109374e-04   6.684576e-04   2.938638e-05   408
  7.907302e-01   5.068058e-04   1.137716e-03   2.672361e-05   408
  7.961322e-01   5.284435e-04   9.392211e-04   2.560157e-05   470
  8.000671e-01   5.661085e-04   1.128308e-03   2.753750e-05   528
  8.055618e-01   4.957706e-04   9.401866e-04   1.977491e-05   624
  8.096089e-01   5.727960e-04   7.153935e-04   2.844501e-05   504
  8.137842e-01   5.042750e-04   9.964898e-04   2.340802e-05   552
  8.179256e-01   5.599800e-04   4.844103e-04   3.031670e-05   336
  8.231114e-01   6.029816e-04   1.031119e-03   2.825279e-05   528
  8.271287e-01   5.795349e-04   1.173948e-03   2.462384e-05   564
  8.318340e-01   5.586017e-04   1.080496e-03   2.892010e-05   528
  8.369355e-01   6.196165e-04   1.677502e-03   2.920289e-05   582
  8.415747e-01   5.767219e-04   1.291424e-03   2.461219e-05   624
  8.456319e-01   5.693378e-04   1.476345e-03   3.082969e-05   432
  8.504727e-01   6.003157e-04   1.642177e-03   2.204660e-05   816
  8.554537e-01   6.283529e-04   7.484305e-04   3.705925e-05   312
  8.587122e-01   5.584388e-04   1.212998e-03   2.673845e-05   552
  8.639668e-01   5.865465e-04   7.639748e-04   2.333890e-05   744
  8.677736e-01   6.522955e-04   7.137078e-04   3.792621e-05   408
  8.726870e-01   5.728656e-04   1.022774e-03   2.481931e-05   632
  8.777912e-01   6.688917e-04   1.736930e-03   2.653693e-05   750
  8.819437e-01   6.515827e-04   1.194879e-03   3.732176e-05   312
  8.865709e-01   6.241356e-04   1.764072e-03   2.296716e-05   876
  8.911477e-01   5.154598e-04   1.151834e-03   2.299810e-05   552
  8.963047e-01   6.383448e-04   9.525627e-04   2.699051e-05   696
  8.998178e-01   6.438901e-04   1.051449e-03   2.929942e-05   576
  9.045986e-01   5.807451e-04   1.113231e-03   2.885762e-05   576
  9.086792e-01   6.629181e-04   1.491733e-03   2.786150e-05   648
  9.136106e-01   6.641582e-04   1.493131e-03   2.602653e-05   672
  9.190551e-01   6.465068e-04   6.333308e-04   3.289405e-05   480
  9.225398e-01   6.101799e-04   9.807893e-04   2.326542e-05   726
  9.270269e-01   6.808020e-04   1.111362e-03   2.548198e-05   792
  9.318869e-01   6.316233e-04   1.541752e-03   2.482037e-05   768
  9.370090e-01   6.663971e-04   1.260016e-03   2.681498e-05   672
  9.417055e-01   6.514001e-04   8.451920e-04   2.707211e-05   608
  9.451052e-01   6.281580e-04   8.114100e-04   2.657349e-05   624
  9.499555e-01   6.357224e-04   1.054420e-03   2.464504e-05   684
  9.546731e-01   6.531556e-04   1.557502e-03   2.401489e-05   768
  9.590637e-01   6.821259e-04   1.245212e-03   2.502002e-05   744
  9.642952e-01   6.462288e-04   7.840592e-04   2.384413e-05   750
  9.681084e-01   6.066944e-04   1.165400e-03   2.823569e-05   600
  9.722318e-01   6.494795e-04   1.237444e-03   2.806474e-05   600
  9.773263e-01   6.742758e-04   1.426078e-03   2.206258e-05   1008
  9.813721e-01   6.844763e-04   7.909521e-04   2.754881e-05   696
  9.858551e-01   7.068706e-04   1.044883e-03   3.064757e-05   624
  9.903619e-01   6.911722e-04   1.625970e-03   2.702385e-05   840
  9.954820e-01   7.365388e-04   1.106341e-03   2.705231e-05   816
  9.996351e-01   6.680600e-04   7.348579e-04   2.469030e-05   744
  1.003829e+00   6.917247e-04   1.299108e-03   3.093298e-05   510
  1.008896e+00   7.117479e-04   1.247250e-03   2.439060e-05   1020
  1.013611e+00   7.045616e-04   1.006407e-03   2.390984e-05   912
  1.018259e+00   7.341388e-04   1.491049e-03   2.793610e-05   752
  1.022103e+00   7.249207e-04   1.237222e-03   2.963363e-05   888
  1.027348e+00   6.907578e-04   7.983746e-04   2.598642e-05   768
  1.031638e+00   7.109886e-04   1.450717e-03   2.742277e-05   720
  1.036576e+00   7.074517e-04   1.278849e-03   2.396865e-05   1056
  1.040955e+00   7.174133e-04   8.847616e-04   3.321874e-05   504
  1.044544e+00   6.787723e-04   1.381573e-03   2.731870e-05   774
  1.049675e+00   7.065912e-04   1.328708e-03   2.293383e-05   1272
  1.054495e+00   7.332533e-04   8.705126e-04   2.974540e-05   744
  1.058990e+00   6.775791e-04   1.421492e-03   2.572951e-05   768
  1.063113e+00   7.225718e-04   1.202397e-03   2.535464e-05   840
  1.067744e+00   7.639366e-04   8.151926e-04   2.627980e-05   924
  1.072203e+00   7.375044e-04   1.437183e-03   2.571257e-05   936
  1.076585e+00   6.909153e-04   9.987877e-04   2.415192e-05   840
  1.080999e+00   7.740002e-04   1.187442e-03   2.568620e-05   1008
  1.086610e+00   7.113871e-04   1.340512e-03   2.787620e-05   696
  1.090130e+00   6.852368e-04   1.191484e-03   2.316121e-05   974
  1.095359e+00   7.662193e-04   1.582429e-03   2.327621e-05   1152
  1.099906e+00   7.655044e-04   6.192086e-04   2.711863e-05   816
  1.103442e+00   6.949188e-04   1.362189e-03   2.430819e-05   816
  1.108200e+00   7.484496e-04   1.202874e-03   2.276772e-05   1152
  1.113217e+00   7.573009e-04   1.082999e-03   2.559893e-05   912
  1.117779e+00   8.105526e-04   1.315844e-03   2.584007e-05   1056
  1.121686e+00   7.931574e-04   1.125282e-03   3.342200e-05   624
  1.126939e+00   7.526709e-04   1.405625e-03   2.403060e-05   1260
  1.131473e+00   7.870309e-04   8.478135e-04   2.816231e-05   894
  1.135901e+00   8.296423e-04   1.452606e-03   2.384620e-05   1176
  1.140331e+00   7.130566e-04   1.202327e-03   2.806366e-05   840
  1.145374e+00   7.951984e-04   1.366621e-03   2.148235e-05   1440
  1.150668e+00   7.285688e-04   7.683220e-04   2.514590e-05   864
  1.154683e+00   8.253305e-04   1.318478e-03   2.801051e-05   1056
  1.158678e+00   8.379305e-04   7.773575e-04   3.622807e-05   624
  1.163531e+00   8.115941e-04   1.439532e-03   2.231262e-05   1496
  1.168172e+00   8.135471e-04   1.016361e-03   3.241644e-05   936
  1.172303e+00   7.852428e-04   1.471370e-03   2.680126e-05   966
  1.176748e+00   7.814123e-04   1.042967e-03   2.710654e-05   936
  1.181417e+00   8.070232e-04   1.290095e-03   2.359002e-05   1248
  1.186197e+00   7.603604e-04   9.094591e-04   2.349712e-05   1044
  1.190652e+00   7.958273e-04   1.408781e-03   2.374821e-05   1392
  1.194179e+00   7.392863e-04   1.085046e-03   3.026660e-05   600
  1.199226e+00   7.793948e-04   1.232726e-03   2.121805e-05   1416
  1.203958e+00   8.126141e-04   1.326879e-03   2.486911e-05   1152
  1.208752e+00   8.061484e-04   1.272932e-03   2.712164e-05   936
  1.212615e+00   8.184962e-04   1.365282e-03   2.969789e-05   870
  1.217204e+00   8.673091e-04   1.144735e-03   2.681119e-05   1368
  1.222297e+00   8.402650e-04   1.505028e-03   2.320438e-05   1632
  1.226650e+00   8.561634e-04   6.533985e-04   3.197991e-05   816
  1.231361e+00   8.629462e-04   1.490667e-03   2.622895e-05   1200
  1.235472e+00   8.750081e-04   1.425253e-03   2.653375e-05   1184
  1.239647e+00   8.993480e-04   1.081674e-03   3.094388e-05   984
  1.244771e+00   8.498430e-04   1.320613e-03   2.341227e-05   1572
  1.249415e+00   9.303631e-04   7.272844e-04   3.480687e-05   840
  1.253744e+00   8.394032e-04   1.691329e-03   2.319570e-05   1392
  1.258314e+00   8.248638e-04   1.241772e-03   2.699782e-05   1158
  1.262393e+00   8.838273e-04   1.130730e-03   2.629646e-05   1272
  1.267304e+00   9.007148e-04   1.152315e-03   2.574423e-05   1320
  1.271918e+00   8.663349e-04   1.127527e-03   2.857082e-05   1104
  1.276307e+00   8.521430e-04   1.276203e-03   2.526365e-05   1392
  1.280914e+00   8.400937e-04   1.380342e-03   2.552957e-05   1296
  1.285659e+00   8.753711e-04   1.441305e-03   2.480641e-05   1392
  1.290111e+00   8.840760e-04   1.057313e-03   2.811960e-05   1104
  1.294230e+00   8.543794e-04   1.331786e-03   2.405216e-05   1320
  1.300097e+00   8.760086e-04   1.017065e-03   2.467379e-05   1422
  1.303845e+00   8.535720e-04   1.266698e-03   2.634657e-05   1212
  1.308150e+00   8.554668e-04   1.384159e-03   2.434670e-05   1280
  1.312572e+00   9.318761e-04   1.441286e-03   2.776837e-05   1272
  1.316811e+00   9.493564e-04   1.247290e-03   2.492438e-05   1680
  1.321835e+00   8.376868e-04   1.178458e-03   2.636921e-05   1152
  1.326460e+00   8.857972e-04   1.364695e-03   2.295979e-05   1512
  1.331322e+00   8.838706e-04   5.761690e-04   3.152125e-05   912
  1.335166e+00   9.345330e-04   1.452404e-03   2.286246e-05   1680
  1.340278e+00   8.194402e-04   1.286659e-03   2.184391e-05   1518
  1.344067e+00   9.404852e-04   1.191202e-03   2.933386e-05   1056
  1.348058e+00   9.053910e-04   1.202784e-03   2.460972e-05   1344
  1.353217e+00   1.019191e-03   1.291528e-03   2.592915e-05   1680
  1.357884e+00   9.174502e-04   1.272667e-03   2.452272e-05   1656
  1.362985e+00   8.886571e-04   1.081787e-03   2.983337e-05   1140
  1.366814e+00   9.122966e-04   1.252627e-03   2.725147e-05   1368
  1.371320e+00   9.275161e-04   1.424870e-03   2.453620e-05   1656
  1.375900e+00   9.669039e-04   1.459373e-03   2.852975e-05   1448
  1.380885e+00   9.305402e-04   1.370985e-03   2.517590e-05   1422
  1.385490e+00   9.696023e-04   1.513511e-03   2.619799e-05   1512
  1.389428e+00   9.716235e-04   1.153857e-03   2.950363e-05   1296
  1.393984e+00   9.290845e-04   1.053547e-03   2.364271e-05   1824
  1.398910e+00   9.490791e-04   1.366083e-03   2.558056e-05   1464
  1.403886e+00   9.082703e-04   1.219033e-03   2.128550e-05   1824
  1.408504e+00   9.787168e-04   9.691927e-04   2.685980e-05   1416
  1.412521e+00   9.707119e-04   1.419607e-03   2.749867e-05   1392
  1.416858e+00   9.446681e-04   1.309991e-03   2.551986e-05   1464
  1.422149e+00   8.901033e-04   1.280720e-03   2.518876e-05   1524
  1.426239e+00   9.456037e-04   1.180204e-03   2.530508e-05   1686
  1.430964e+00   9.519984e-04   1.405268e-03   2.515021e-05   1800
  1.435026e+00   1.020609e-03   1.115649e-03   3.137903e-05   1344
  1.439532e+00   1.017345e-03   1.301623e-03   2.869245e-05   1656
  1.444050e+00   1.002244e-03   1.039280e-03   2.617825e-05   1488
  1.447975e+00   1.022655e-03   1.037587e-03   2.752337e-05   1536
  1.453444e+00   9.829996e-04   1.152642e-03   2.548774e-05   1760
  1.457682e+00   9.904276e-04   1.282089e-03   2.404631e-05   1824
  1.462583e+00   1.044886e-03   1.075912e-03   2.748168e-05   1560
  1.467298e+00   1.020110e-03   1.235785e-03   2.486076e-05   1926
  1.471733e+00   1.032528e-03   8.788059e-04   3.046425e-05   1272
  1.475781e+00   9.927564e-04   1.476832e-03   2.443873e-05   1848
  1.481102e+00   1.061006e-03   1.193154e-03   2.460309e-05   1908
  1.485149e+00   1.011579e-03   1.163764e-03   2.733267e-05   1488
  1.489419e+00   9.875635e-04   1.312475e-03   2.566405e-05   1800
  1.494049e+00   1.010844e-03   1.313769e-03   2.580817e-05   1752
  1.498483e+00   9.892436e-04   1.396984e-03   2.755472e-05   1368
  1.502920e+00   1.050914e-03   1.312897e-03   2.329988e-05   2016
  1.507801e+00   1.079117e-03   1.386741e-03   2.854980e-05   1542
  1.512305e+00   1.015179e-03   1.357995e-03   2.419472e-05   2184
  1.517291e+00   1.069843e-03   1.242257e-03   2.594173e-05   1776
  1.521598e+00   1.036237e-03   1.420087e-03   3.116684e-05   1568
  1.525703e+00   1.079469e-03   1.297409e-03   2.533480e-05   2040
  1.530170e+00   1.116606e-03   1.387046e-03   2.852870e-05   1704
  1.534846e+00   1.027340e-03   1.390413e-03   2.786762e-05   1512
  1.539255e+00   1.078445e-03   1.186026e-03   2.524431e-05   2028
  1.544209e+00   1.074931e-03   1.430652e-03   2.466679e-05   1968
  1.548738e+00   1.059276e-03   1.451183e-03   2.470481e-05   1854
  1.553170e+00   1.028882e-03   1.383424e-03   2.541939e-05   1632
  1.557712e+00   1.088724e-03   1.421587e-03   2.237252e-05   2424
  1.562419e+00   1.048521e-03   1.423065e-03   2.728739e-05   1560
  1.566399e+00   1.101581e-03   1.344795e-03   2.647325e-05   1728
  1.571208e+00   1.065796e-03   1.435507e-03   2.564999e-05   2088
  1.576048e+00   1.038260e-03   1.366449e-03   2.493874e-05   1968
  1.580501e+00   1.086094e-03   1.352916e-03   2.528584e-05   2256
  1.584966e+00   1.108167e-03   1.202892e-03   2.674837e-05   1728
  1.589627e+00   1.098910e-03   1.185795e-03   3.200200e-05   1416
  1.593757e+00   1.158657e-03   1.250065e-03   2.564341e-05   2246
  1.598432e+00   1.094050e-03   1.384433e-03   2.650846e-05   2148
  1.602905e+00   1.138951e-03   1.169436e-03   2.970398e-05   1680
  1.607115e+00   1.113839e-03   1.478411e-03   2.266221e-05   2280
  1.612176e+00   1.143047e-03   1.376727e-03   2.384693e-05   2352
  1.616902e+00   1.134238e-03   1.156794e-03   2.952235e-05   1632
  1.620642e+00   1.142626e-03   1.323680e-03   2.760804e-05   1968
  1.625773e+00   1.114175e-03   1.358096e-03   2.606531e-05   2112
  1.630531e+00   1.095208e-03   1.020170e-03   2.581409e-05   2208
  1.635155e+00   1.121608e-03   1.028638e-03   2.550779e-05   1974
  1.638804e+00   1.094457e-03   1.006287e-03   2.616162e-05   1944
  1.643734e+00   1.185323e-03   1.138498e-03   2.671522e-05   2160
  1.648007e+00   1.149094e-03   1.064753e-03   2.770134e-05   2040
  1.652625e+00   1.183243e-03   1.489614e-03   2.664546e-05   2352
  1.657362e+00   1.207558e-03   1.237511e-03   2.919426e-05   1836
  1.661685e+00   1.162919e-03   1.320118e-03   2.430282e-05   2352
  1.666538e+00   1.144643e-03   1.384625e-03   2.657882e-05   2008
  1.670987e+00   1.150769e-03   1.362136e-03   2.557343e-05   2464
  1.675949e+00   1.170038e-03   1.098622e-03   2.595712e-05   2118
  1.680018e+00   1.161885e-03   1.104391e-03   2.851794e-05   1848
  1.684207e+00   1.252300e-03   1.461470e-03   2.968882e-05   2280
  1.689266e+00   1.223286e-03   1.390208e-03   2.638869e-05   2472
  1.693993e+00   1.173331e-03   9.290332e-04   2.655856e-05   2280
  1.697962e+00   1.270568e-03   1.135587e-03   3.130977e-05   1992
  1.702242e+00   1.240380e-03   1.193851e-03   2.566342e-05   2184
  1.707177e+00   1.129511e-03   1.440197e-03   2.500909e-05   2352
  1.711933e+00   1.207293e-03   1.517710e-03   2.545730e-05   2496
  1.716589e+00   1.155117e-03   1.417559e-03   2.951881e-05   1770
  1.720766e+00   1.268174e-03   1.223130e-03   2.683108e-05   2568
  1.725787e+00   1.243807e-03   1.500219e-03   2.543273e-05   2712
  1.730351e+00   1.259368e-03   1.191390e-03   2.745013e-05   2448
  1.734908e+00   1.296690e-03   1.004281e-03   2.931614e-05   2064
  1.738689e+00   1.202303e-03   1.060041e-03   3.003254e-05   1944
  1.743591e+00   1.213353e-03   1.309540e-03   2.672835e-05   2480
  1.748591e+00   1.253740e-03   1.422545e-03   2.508527e-05   2880
  1.753021e+00   1.261440e-03   1.364595e-03   2.732519e-05   2304
  1.757647e+00   1.253971e-03   1.253726e-03   2.934792e-05   1806
  1.761750e+00   1.251411e-03   1.229523e-03   2.424559e-05   2856
  1.766890e+00   1.298074e-03   1.179149e-03   2.754014e-05   2568
  1.770802e+00   1.205881e-03   1.183014e-03   2.825321e-05   2112
  1.775060e+00   1.268854e-03   1.139451e-03   3.110547e-05   2028
  1.779628e+00   1.276821e-03   1.348774e-03   2.491276e-05   2712
  1.784266e+00   1.312256e-03   1.453091e-03   2.551849e-05   2952
  1.789251e+00   1.319183e-03   1.122760e-03   2.941480e-05   2112
  1.793281e+00   1.289000e-03   1.315817e-03   2.631062e-05   2520
  1.798121e+00   1.270932e-03   1.269132e-03   2.756357e-05   2376
  1.802530e+00   1.321318e-03   1.017378e-03   2.798448e-05   2526
  1.807107e+00   1.350001e-03   1.266100e-03   2.794552e-05   2664
  1.811638e+00   1.343717e-03   1.510096e-03   2.832618e-05   2408
  1.815981e+00   1.343742e-03   1.209646e-03   2.824596e-05   2568
  1.820411e+00   1.390473e-03   1.140479e-03   2.683043e-05   2904
  1.825216e+00   1.334238e-03   1.279650e-03   2.740968e-05   2544
  1.829782e+00   1.345384e-03   9.425500e-04   3.013266e-05   2160
  1.834089e+00   1.429546e-03   1.629561e-03   2.946864e-05   2652
  1.838848e+00   1.334965e-03   1.290277e-03   2.653848e-05   2784
  1.843428e+00   1.402212e-03   1.274186e-03   2.697292e-05   2694
  1.848172e+00   1.318007e-03   1.145137e-03   2.548434e-05   2952
  1.852295e+00   1.444347e-03   1.084653e-03   3.143999e-05   2208
  1.856495e+00   1.354891e-03   1.156026e-03   2.938011e-05   2304
  1.861183e+00   1.325149e-03   1.503284e-03   2.212784e-05   3504
  1.866651e+00   1.416537e-03   1.217263e-03   3.101133e-05   2616
  1.870915e+00   1.419345e-03   1.189167e-03   2.928400e-05   2664
  1.875023e+00   1.387691e-03   1.104840e-03   2.892853e-05   2448
  1.879162e+00   1.432059e-03   1.538679e-03   2.975569e-05   2472
  1.884032e+00   1.435102e-03   1.223337e-03   2.656048e-05   3134
  1.888615e+00   1.434005e-03   1.337971e-03   2.962075e-05   2616
  1.893191e+00   1.365436e-03   1.083809e-03   2.822530e-05   2712
  1.897899e+00   1.394348e-03   1.242972e-03   2.595476e-05   3204
  1.902398e+00   1.393249e-03   1.431530e-03   2.930623e-05   2760
  1.906672e+00   1.393379e-03   1.248987e-03   2.788198e-05   2688
  1.911384e+00   1.437621e-03   1.180913e-03   2.990880e-05   2760
  1.915551e+00   1.390463e-03   9.750988e-04   2.931022e-05   2568
  1.920350e+00   1.395928e-03   1.514280e-03   2.498765e-05   3336
  1.924955e+00   1.450706e-03   1.281672e-03   3.026109e-05   2334
  1.929606e+00   1.395430e-03   1.418308e-03   2.602277e-05   3264
  1.933953e+00   1.471653e-03   1.031218e-03   2.969683e-05   2760
  1.938410e+00   1.423730e-03   1.245420e-03   2.633466e-05   3192
  1.942948e+00   1.449098e-03   1.293012e-03   2.918412e-05   2904
  1.947775e+00   1.444419e-03   1.297359e-03   2.926807e-05   2784
  1.951816e+00   1.520072e-03   1.067750e-03   3.244717e-05   2592
  1.956412e+00   1.453726e-03   1.455496e-03   2.565282e-05   3284
  1.961297e+00   1.497758e-03   1.461979e-03   2.868045e-05   3168
  1.965667e+00   1.501119e-03   1.206237e-03   3.043746e-05   2616
  1.970261e+00   1.415416e-03   1.165523e-03   2.694847e-05   3222
  1.974729e+00   1.474504e-03   1.307753e-03   2.554674e-05   3240
  1.979057e+00   1.523249e-03   1.323003e-03   3.253770e-05   2568
  1.983977e+00   1.563095e-03   1.213920e-03   2.936489e-05   3120
  1.988091e+00   1.579313e-03   1.334527e-03   3.016522e-05   3168
  1.992515e+00   1.493677e-03   1.168277e-03   2.824649e-05   3240
  1.997355e+00   1.493766e-03   1.198623e-03   2.722560e-05   3144
  2.002057e+00   1.473392e-03   1.142497e-03   2.821726e-05   2856
  2.006502e+00   1.522682e-03   1.220232e-03   2.727322e-05   3264
  2.011531e+00   1.553958e-03   1.348302e-03   2.829397e-05   3318
  2.015489e+00   1.566336e-03   9.442747e-04   3.480843e-05   2556
  2.020206e+00   1.536412e-03   1.612995e-03   2.499658e-05   4008
  2.024981e+00   1.563714e-03   1.190672e-03   3.132560e-05   2904
  2.029067e+00   1.529818e-03   1.217504e-03   2.760746e-05   3144
  2.033718e+00   1.498006e-03   1.269260e-03   2.829692e-05   3200
  2.038531e+00   1.553883e-03   1.251798e-03   2.838216e-05   3312
  2.042845e+00   1.627751e-03   1.008893e-03   3.253299e-05   2832
  2.047663e+00   1.575403e-03   1.451861e-03   2.627336e-05   3984
  2.052136e+00   1.704429e-03   1.180294e-03   3.891689e-05   2238
  2.056219e+00   1.589002e-03   1.389003e-03   2.699344e-05   3984
  2.061285e+00   1.568893e-03   1.319967e-03   2.902287e-05   3384
  2.065494e+00   1.670511e-03   1.233813e-03   3.219055e-05   3048
  2.069888e+00   1.563210e-03   1.132881e-03   2.963691e-05   3096
  2.074478e+00   1.662567e-03   1.284086e-03   2.758697e-05   3708
  2.079042e+00   1.583616e-03   1.217140e-03   3.199055e-05   2784
  2.083281e+00   1.709540e-03   1.264233e-03   2.998146e-05   3648
  2.088097e+00   1.643824e-03   1.301168e-03   2.852665e-05   3888
  2.093222e+00   1.614705e-03   1.389035e-03   2.999621e-05   2958
  2.097048e+00   1.597808e-03   1.185670e-03   2.882320e-05   3264
  2.101659e+00   1.719978e-03   1.308946e-03   3.197775e-05   3160
  2.106015e+00   1.591411e-03   1.186281e-03   2.808404e-05   3736
  2.110144e+00   1.672263e-03   1.080980e-03   3.174276e-05   3216
  2.115013e+00   1.685893e-03   1.324683e-03   2.774366e-05   4032
  2.120091e+00   1.691565e-03   1.209411e-03   2.932777e-05   3528
  2.124421e+00   1.717510e-03   1.067565e-03   3.128989e-05   3192
  2.128749e+00   1.669451e-03   1.169173e-03   3.011775e-05   3456
  2.133445e+00   1.717752e-03   1.212309e-03   3.315782e-05   3060
  2.138151e+00   1.697670e-03   1.441575e-03   2.711639e-05   4518
  2.142737e+00   1.716976e-03   1.284257e-03   2.943288e-05   3528
  2.146953e+00   1.706752e-03   1.078552e-03   3.287445e-05   3024
  2.151447e+00   1.651007e-03   1.460316e-03   2.836889e-05   3672
  2.156026e+00   1.729162e-03   1.253394e-03   3.067271e-05   3864
  2.161109e+00   1.679636e-03   1.328581e-03   2.759279e-05   3816
  2.165266e+00   1.738021e-03   1.208715e-03   3.085330e-05   3456
  2.169252e+00   1.763044e-03   1.094161e-03   3.590249e-05   2688
  2.173948e+00   1.771452e-03   1.298201e-03   2.827357e-05   4248
  2.178603e+00   1.734384e-03   1.243428e-03   2.866387e-05   3926
  2.183279e+00   1.711440e-03   1.312846e-03   2.901184e-05   3504
  2.187796e+00   1.782424e-03   1.173704e-03   2.909800e-05   3960
  2.192784e+00   1.733194e-03   1.321317e-03   2.954943e-05   3684
  2.197061e+00   1.705358e-03   1.321229e-03   2.845940e-05   4104
  2.201337e+00   1.792429e-03   1.253113e-03   3.318457e-05   3144
  2.205931e+00   1.788860e-03   1.372590e-03   2.866706e-05   4224
  2.210982e+00   1.776145e-03   1.218293e-03   2.895035e-05   4008
  2.215297e+00   1.805740e-03   1.340315e-03   3.218073e-05   3312
  2.219740e+00   1.768964e-03   1.333096e-03   3.068001e-05   3726
  2.224466e+00   1.802726e-03   1.369253e-03   2.996207e-05   3936
  2.228662e+00   1.838477e-03   1.411431e-03   3.075173e-05   3888
  2.233017e+00   1.819938e-03   1.334643e-03   3.003704e-05   3864
  2.237548e+00   1.782471e-03   1.418838e-03   2.991734e-05   3888
  2.242214e+00   1.731083e-03   1.338183e-03   2.835774e-05   4080
  2.246822e+00   1.817354e-03   1.420219e-03   3.257245e-05   3400
  2.251522e+00   1.840387e-03   1.302484e-03   2.791179e-05   4588
  2.256275e+00   1.879761e-03   1.289190e-03   3.231922e-05   3816
  2.260429e+00   1.898000e-03   1.221616e-03   3.205805e-05   3534
  2.264826e+00   1.920515e-03   1.206630e-03   3.068628e-05   4080
  2.269426e+00   1.906840e-03   1.261270e-03   3.045488e-05   4248
  2.274046e+00   1.870717e-03   1.270977e-03   3.320894e-05   3528
  2.278308e+00   1.958898e-03   1.299401e-03   3.167099e-05   4248
  2.282617e+00   1.874864e-03   1.270944e-03   3.240260e-05   3696
  2.287415e+00   1.942678e-03   1.318783e-03   3.033393e-05   4560
  2.291966e+00   1.904555e-03   1.235262e-03   3.189355e-05   3864
  2.296639e+00   1.892288e-03   1.345011e-03   2.974885e-05   4440
  2.301068e+00   1.881248e-03   1.254927e-03   3.507817e-05   3432
  2.305723e+00   1.882614e-03   1.230482e-03   2.903441e-05   4470
  2.310301e+00   1.924349e-03   1.093490e-03   3.102136e-05   4188
  2.314801e+00   1.960389e-03   1.400914e-03   3.069088e-05   4392
  2.319271e+00   1.987053e-03   1.083740e-03   3.421910e-05   3960
  2.323919e+00   2.001573e-03   1.224311e-03   3.158737e-05   4328
  2.328421e+00   1.970765e-03   1.274145e-03   3.209718e-05   4320
  2.332972e+00   1.975163e-03   1.332359e-03   3.026961e-05   4152
  2.337191e+00   2.130871e-03   1.114538e-03   3.743440e-05   3528
  2.341963e+00   1.980097e-03   1.206317e-03   3.005006e-05   4512
  2.346428e+00   1.994415e-03   1.233153e-03   3.230870e-05   4134
  2.350963e+00   2.061301e-03   1.313721e-03   2.919348e-05   5208
  2.355324e+00   2.058834e-03   1.144572e-03   3.681177e-05   3240
  2.359836e+00   2.166540e-03   1.262411e-03   3.373835e-05   4680
  2.364428e+00   2.021337e-03   1.249889e-03   3.219480e-05   4440
  2.369026e+00   1.925958e-03   1.416327e-03   3.011019e-05   4260
  2.373436e+00   2.054092e-03   1.156294e-03   3.377857e-05   4056
  2.377977e+00   2.061618e-03   1.281954e-03   3.139805e-05   4704
  2.382744e+00   2.134022e-03   1.491772e-03   3.143753e-05   4800
  2.387783e+00   2.048689e-03   1.292506e-03   2.986015e-05   4806
  2.392137e+00   2.203981e-03   1.288423e-03   3.989641e-05   3552
  2.396284e+00   2.060709e-03   1.291878e-03   3.407657e-05   4304
  2.400966e+00   2.065273e-03   1.252829e-03   2.925623e-05   5280
  2.405596e+00   2.105026e-03   1.201877e-03   3.310547e-05   4320
  2.409978e+00   2.057129e-03   1.357235e-03   3.255002e-05   4296
  2.414600e+00   2.211778e-03   1.508907e-03   3.297494e-05   4608
  2.419274e+00   2.162824e-03   1.445614e-03   3.234838e-05   4824
  2.423901e+00   2.171507e-03   1.364762e-03   3.339186e-05   4488
  2.428867e+00   2.207664e-03   1.274152e-03   3.455122e-05   4530
  2.432967e+00   2.118650e-03   1.244104e-03   3.198893e-05   4464
  2.437069e+00   2.199834e-03   1.172476e-03   3.529137e-05   4104
  2.441780e+00   2.092267e-03   1.264174e-03   2.948020e-05   5424
  2.446413e+00   2.190704e-03   1.360806e-03   3.194306e-05   4392
  2.451128e+00   2.271829e-03   1.332284e-03   3.403779e-05   4896
  2.455410e+00   2.227885e-03   1.305911e-03   3.587238e-05   4104
  2.459878e+00   2.297012e-03   1.177587e-03   3.454794e-05   4824
  2.464592e+00   2.196537e-03   1.125497e-03   3.426944e-05   4680
  2.468699e+00   2.189923e-03   1.151138e-03   3.370696e-05   4328
  2.473466e+00   2.224435e-03   1.326964e-03   3.208895e-05   5118
  2.478256e+00   2.283222e-03   1.537372e-03   3.236313e-05   5304
  2.482578e+00   2.292894e-03   1.210609e-03   3.462166e-05   4392
  2.487288e+00   2.326397e-03   1.215073e-03   3.541318e-05   4476
  2.491407e+00   2.213232e-03   1.206712e-03   3.258602e-05   4704
  2.495989e+00   2.290814e-03   1.460581e-03   3.260831e-05   5208
  2.500806e+00   2.223386e-03   1.231514e-03   3.261009e-05   5304
  2.505244e+00   2.363178e-03   1.319123e-03   3.797892e-05   4296
  2.509795e+00   2.387852e-03   1.250869e-03   3.577370e-05   4752
  2.514577e+00   2.227481e-03   1.255669e-03   3.278335e-05   4950
  2.518874e+00   2.307718e-03   1.312511e-03   3.349913e-05   5064
  2.523173e+00   2.331995e-03   1.099714e-03   3.476233e-05   4872
  2.527519e+00   2.283745e-03   1.157698e-03   3.796903e-05   4224
  2.532161e+00   2.344237e-03   1.278822e-03   3.092164e-05   6120
  2.537100e+00   2.305021e-03   1.406867e-03   3.330733e-05   4968
  2.541580e+00   2.414629e-03   1.244955e-03   3.641236e-05   4424
  2.546215e+00   2.465184e-03   1.590166e-03   3.456193e-05   5436
  2.550794e+00   2.357738e-03   1.355756e-03   3.586616e-05   4896
  2.555220e+00   2.338717e-03   1.297988e-03   3.362760e-05   5214
  2.559487e+00   2.432971e-03   1.103358e-03   3.683026e-05   4656
  2.564228e+00   2.454562e-03   1.402830e-03   3.577189e-05   5448
  2.568759e+00   2.448996e-03   1.184794e-03   3.545667e-05   4992
  2.573195e+00   2.455329e-03   1.311238e-03   3.461767e-05   5400
  2.578071e+00   2.515194e-03   1.453258e-03   3.471780e-05   5328
  2.582563e+00   2.369470e-03   1.299479e-03   3.413225e-05   4776
  2.586790e+00   2.523757e-03   1.221076e-03   3.682493e-05   4800
  2.591486e+00   2.496127e-03   1.570240e-03   3.144791e-05   6552
  2.596400e+00   2.466675e-03   1.186295e-03   3.996368e-05   3942
  2.600657e+00   2.441929e-03   1.495190e-03   3.291114e-05   6072
  2.605372e+00   2.446120e-03   1.161220e-03   3.782895e-05   4692
  2.609324e+00   2.594339e-03   1.212295e-03   3.720788e-05   4944
  2.613954e+00   2.532513e-03   1.301166e-03   3.286676e-05   5840
  2.618708e+00   2.479078e-03   1.392844e-03   3.489399e-05   5712
  2.623388e+00   2.486800e-03   1.167293e-03   3.643068e-05   4800
  2.627658e+00   2.519258e-03   1.545908e-03   3.515366e-05   5688
  2.632335e+00   2.604743e-03   1.219689e-03   3.995564e-05   4848
  2.636969e+00   2.133026e-03   1.357586e-03   3.494985e-05   5406
  2.641368e+00   1.421187e-05   1.225442e-03   2.744759e-07   5568
  2.645785e+00   1.482960e-05   1.101590e-03   2.751278e-07   5736
  2.650558e+00   1.391457e-05   1.368104e-03   2.956055e-07   5280
  2.654889e+00   1.452808e-05   1.264912e-03   2.906444e-07   5592
  2.659348e+00   1.335731e-05   1.447989e-03   2.851033e-07   4968
  2.664062e+00   1.269146e-05   1.298316e-03   2.431804e-07   5964
  2.668660e+00   1.296313e-05   1.304349e-03   2.599464e-07   5376
  2.672839e+00   1.316853e-05   1.259429e-03   2.646280e-07   5472
  2.677683e+00   1.126265e-05   1.196096e-03   2.254745e-07   5472
  2.682113e+00   1.170564e-05   1.359922e-03   2.561222e-07   5415
  2.686406e+00   1.138567e-05   1.196216e-03   2.409535e-07   5096
  2.691050e+00   1.068334e-05   1.538304e-03   1.973559e-07   6372
  2.695749e+00   1.119093e-05   1.248725e-03   2.579630e-07   4656
  2.699959e+00   1.039467e-05   1.363208e-03   1.927127e-07   5844
  2.704490e+00   9.682631e-06   1.198577e-03   1.925384e-07   5508
  2.709291e+00   1.016859e-05   1.359683e-03   1.854370e-07   6324
  2.714003e+00   1.001146e-05   1.167969e-03   2.115928e-07   4752
  2.718309e+00   8.922843e-06   1.307639e-03   1.789038e-07   5676
  2.722971e+00   9.133919e-06   1.196238e-03   1.811510e-07   5472
  2.727395e+00   9.333568e-06   1.349323e-03   1.826572e-07   5556
  2.732148e+00   8.390717e-06   1.314890e-03   1.579593e-07   5436
  2.736736e+00   8.709522e-06   1.345881e-03   1.661194e-07   5916
  2.741447e+00   8.413005e-06   1.400309e-03   1.677140e-07   5520
  2.745688e+00   7.598524e-06   1.273515e-03   1.522369e-07   5280
  2.750035e+00   8.239107e-06   1.251343e-03   1.729483e-07   4416
  2.754938e+00   7.682985e-06   1.219753e-03   1.402710e-07   6260
  2.759545e+00   7.843302e-06   1.450436e-03   1.408220e-07   5940
  2.763717e+00   7.587834e-06   1.135928e-03   1.587143e-07   4188
  2.768311e+00   7.750643e-06   1.452380e-03   1.328947e-07   6360
  2.773141e+00   7.042682e-06   1.295462e-03   1.296736e-07   5256
  2.777627e+00   7.034492e-06   1.224639e-03   1.456100e-07   4848
  2.781470e+00   6.871101e-06   1.110199e-03   1.391065e-07   4704
  2.786202e+00   7.197874e-06   1.361925e-03   1.306821e-07   5784
  2.791016e+00   6.561459e-06   1.441074e-03   1.197278e-07   5820
  2.795662e+00   6.881052e-06   1.290894e-03   1.231055e-07   5700
  2.800337e+00   6.365774e-06   1.197125e-03   1.214072e-07   5232
  2.805017e+00   6.988193e-06   1.328313e-03   1.288065e-07   4932
  2.809163e+00   6.608264e-06   1.143331e-03   1.298841e-07   4716
  2.813519e+00   7.034849e-06   1.456357e-03   1.303482e-07   5616
  2.818001e+00   6.260585e-06   1.286177e-03   1.160360e-07   5184
  2.822624e+00   6.165663e-06   1.297437e-03   1.150523e-07   5064
  2.826985e+00   6.226872e-06   1.328513e-03   1.096784e-07   5544
  2.831820e+00   6.029271e-06   1.333602e-03   1.111525e-07   5192
  2.836220e+00   5.982518e-06   1.198450e-03   1.078184e-07   5244
  2.840846e+00   5.966959e-06   1.296736e-03   1.087751e-07   5112
  2.845445e+00   6.143503e-06   1.190010e-03   1.164356e-07   5040
  2.849666e+00   6.129954e-06   1.251076e-03   1.089648e-07   5124
  2.854595e+00   5.878769e-06   1.404501e-03   1.001634e-07   5952
  2.859144e+00   6.086296e-06   1.230629e-03   1.089153e-07   4824
  2.863269e+00   5.819680e-06   1.242166e-03   1.078704e-07   4536
  2.868043e+00   5.657342e-06   1.320309e-03   9.407056e-08   5712
  2.872947e+00   5.685965e-06   1.444778e-03   1.015160e-07   5352
  2.877572e+00   5.976822e-06   1.258455e-03   1.028278e-07   5004
  2.881703e+00   6.050581e-06   1.258797e-03   1.105127e-07   4800
  2.886143e+00   5.621646e-06   1.352749e-03   9.496749e-08   5148
  2.891062e+00   5.496011e-06   1.405005e-03   9.083097e-08   5664
  2.895507e+00   5.526020e-06   1.261898e-03   9.873827e-08   4692
  2.899614e+00   5.496953e-06   1.172319e-03   1.079631e-07   4008
  2.904404e+00   5.868135e-06   1.343731e-03   9.667321e-08   5852
  2.909273e+00   5.329574e-06   1.272388e-03   8.672408e-08   5784
  2.913598e+00   5.780381e-06   1.172920e-03   1.080105e-07   4392
  2.918049e+00   5.431015e-06   1.150523e-03   9.335553e-08   4944
  2.922723e+00   5.235729e-06   1.356447e-03   9.243969e-08   4776
  2.927130e+00   5.160340e-06   1.304976e-03   8.525516e-08   5244
  2.931913e+00   5.298409e-06   1.302674e-03   8.759088e-08   4884
  2.935926e+00   5.408411e-06   1.104769e-03   9.919652e-08   4488
  2.940593e+00   5.590437e-06   1.312757e-03   9.243847e-08   5160
  2.945293e+00   5.164826e-06   1.336570e-03   8.588134e-08   5316
  2.949820e+00   5.638146e-06   1.351365e-03   9.871377e-08   4896
  2.954233e+00   5.236544e-06   1.255655e-03   9.971113e-08   4188
  2.958680e+00   5.210088e-06   1.369579e-03   8.717464e-08   4836
  2.963221e+00   5.276944e-06   1.358635e-03   8.547978e-08   5316
  2.967821e+00   5.317091e-06   1.257581e-03   8.638399e-08   4920
  2.972123e+00   5.491460e-06   1.266919e-03   1.038555e-07   4128
  2.976738e+00   5.444318e-06   1.362910e-03   8.753629e-08   5348
  2.981281e+00   5.186149e-06   1.182596e-03   8.795455e-08   4836
  2.985618e+00   5.245263e-06   1.274285e-03   9.345450e-08   4392
  2.990289e+00   5.313748e-06   1.119564e-03   9.146595e-08   4632
  2.994495e+00   5.466414e-06   1.250934e-03   9.684201e-08   4596
  2.999326e+00   5.080717e-06   1.257988e-03   7.956733e-08   5424
  3.004104e+00   5.072239e-06   1.294871e-03   7.776727e-08   5256
  3.009027e+00   5.105216e-06   1.315096e-03   8.851333e-08   4524
  3.013127e+00   5.229448e-06   1.250916e-03   9.294833e-08   4440
  3.017719e+00   5.124736e-06   1.069694e-03   8.513944e-08   4380
  3.022213e+00   5.147796e-06   1.399879e-03   8.529503e-08   4812
  3.026996e+00   5.147500e-06   1.390410e-03   8.190292e-08   5376
  3.031369e+00   5.170601e-06   1.110566e-03   9.120539e-08   3888
  3.035560e+00   5.257970e-06   1.271727e-03   8.478391e-08   4896
  3.040235e+00   5.207494e-06   1.341880e-03   8.533192e-08   4608
  3.045144e+00   5.216288e-06   1.266652e-03   8.771163e-08   4448
  3.049417e+00   5.050132e-06   1.307531e-03   8.112671e-08   4752
  3.053919e+00   5.278375e-06   1.369557e-03   9.034573e-08   4356
  3.058653e+00   5.230180e-06   1.317943e-03   8.341820e-08   5232
  3.063361e+00   4.955093e-06   1.328157e-03   8.679632e-08   4548
  3.067925e+00   5.004809e-06   1.291136e-03   7.954274e-08   4608
  3.072381e+00   5.282212e-06   1.172893e-03   9.728244e-08   3936
  3.076587e+00   5.147678e-06   1.401948e-03   9.026344e-08   4260
  3.081314e+00   5.099791e-06   1.256867e-03   8.131931e-08   5004
  3.085635e+00   5.300643e-06   1.241997e-03   9.617855e-08   4224
  3.090374e+00   5.239462e-06   1.341850e-03   8.664138e-08   4788
  3.094977e+00   5.229293e-06   1.411186e-03   9.170280e-08   4428
  3.099461e+00   5.182515e-06   1.179236e-03   9.134676e-08   4080
  3.103779e+00   5.390890e-06   1.289387e-03   8.619715e-08   4632
  3.108324e+00   4.998574e-06   1.340864e-03   9.063539e-08   4056
  3.113102e+00   5.206770e-06   1.262446e-03   9.207647e-08   4536
  3.117468e+00   5.202252e-06   1.287612e-03   8.762595e-08   4668
  3.122248e+00   5.133372e-06   1.380091e-03   8.674053e-08   4604
  3.126905e+00   5.096881e-06   1.240025e-03   8.952910e-08   4152
  3.131202e+00   5.212720e-06   1.201781e-03   9.005418e-08   4224
  3.135757e+00   5.169878e-06   1.155423e-03   9.106055e-08   4152
  3.140308e+00   5.350537e-06   1.310629e-03   9.445687e-08   4224
  3.144732e+00   5.491996e-06   1.212068e-03   1.012981e-07   3960
  3.148994e+00   5.189404e-06   1.250777e-03   8.709786e-08   4656
  3.153649e+00   5.088424e-06   1.349563e-03   8.652323e-08   4452
  3.158423e+00   5.078024e-06   1.372054e-03   9.120485e-08   4056
  3.162865e+00   5.194007e-06   1.359538e-03   8.901080e-08   4212
  3.167365e+00   5.270204e-06   1.129833e-03   1.026405e-07   3432
  3.171926e+00   5.320007e-06   1.445386e-03   8.346335e-08   5352
  3.176383e+00   5.373787e-06   1.058573e-03   1.017247e-07   3600
  3.181235e+00   5.195082e-06   1.167625e-03   8.824371e-08   4584
  3.185471e+00   5.254372e-06   1.164187e-03   9.693701e-08   3768
  3.189835e+00   5.243977e-06   1.242786e-03   1.007437e-07   3848
  3.194190e+00   5.097439e-06   1.139494e-03   9.701128e-08   3720
  3.199130e+00   5.086432e-06   1.430233e-03   8.388341e-08   4764
  3.203490e+00   5.427385e-06   1.151735e-03   9.979896e-08   3864
  3.207968e+00   5.539024e-06   1.426562e-03   9.582418e-08   4332
  3.212853e+00   5.367831e-06   1.217941e-03   9.987906e-08   3792
  3.217217e+00   5.033751e-06   1.381506e-03   8.672318e-08   4284
  3.221842e+00   4.982857e-06   1.308134e-03   9.535110e-08   3840
  3.226220e+00   4.940922e-06   1.245172e-03   9.983334e-08   3480
  3.230665e+00   5.126800e-06   1.389373e-03   8.726125e-08   4380
  3.235471e+00   5.179703e-06   1.305072e-03   9.192151e-08   4200
  3.240193e+00   5.495133e-06   1.254413e-03   9.625675e-08   4056
  3.244578e+00   5.204925e-06   1.260736e-03   1.014120e-07   3600
  3.248686e+00   5.234486e-06   1.256125e-03   1.013769e-07   3492
  3.253486e+00   5.088985e-06   1.466870e-03   8.697365e-08   4500
  3.258384e+00   5.442415e-06   1.285177e-03   1.032315e-07   3516
  3.262593e+00   5.737386e-06   1.343533e-03   1.105064e-07   3968
  3.267311e+00   5.350537e-06   1.291252e-03   1.032757e-07   3648
  3.271487e+00   5.245850e-06   1.234793e-03   1.023193e-07   4224
  3.276221e+00   4.985495e-06   1.385944e-03   1.006745e-07   3588
  3.280664e+00   5.278917e-06   1.278371e-03   1.032063e-07   3456
  3.285133e+00   5.046216e-06   1.135352e-03   9.558950e-08   3660
  3.289753e+00   5.405215e-06   1.246181e-03   1.043662e-07   3768
  3.294058e+00   5.391025e-06   1.260257e-03   1.018367e-07   3744
  3.298681e+00   5.341425e-06   1.383339e-03   9.547375e-08   4176
  3.303600e+00   5.398557e-06   1.275979e-03   1.063464e-07   3612
  3.307666e+00   5.467856e-06   1.386637e-03   1.117185e-07   3216
  3.312319e+00   5.290520e-06   1.340642e-03   1.069217e-07   3624
  3.316996e+00   5.366192e-06   1.260644e-03   1.042317e-07   3744
  3.321517e+00   5.468000e-06   1.345097e-03   1.089943e-07   3672
  3.325978e+00   5.442495e-06   1.219770e-03   1.042430e-07   3852
  3.330583e+00   5.525389e-06   1.255424e-03   1.036417e-07   3672
  3.335483e+00   5.562710e-06   1.223203e-03   1.284116e-07   3248
  3.339574e+00   5.106830e-06   1.252034e-03   1.063601e-07   3336
  3.344040e+00   5.026832e-06   1.274459e-03   9.900933e-08   3576
  3.348607e+00   5.372636e-06   1.081901e-03   1.092881e-07   3336
  3.353260e+00   5.409034e-06   1.285109e-03   1.029818e-07   3936
  3.357850e+00   5.686454e-06   1.368677e-03   1.144937e-07   3408
  3.362404e+00   5.644107e-06   1.205826e-03   1.217327e-07   3336
  3.366828e+00   4.683219e-06   1.354419e-03   9.996361e-08   3312
  3.371250e+00   5.280195e-06   1.371364e-03   1.103763e-07   3432
  3.375961e+00   5.569283e-06   1.188918e-03   1.206053e-07   3144
  3.380259e+00   5.375983e-06   1.290689e-03   1.130252e-07   3456
  3.385095e+00   5.432239e-06   1.240500e-03   1.074927e-07   3792
  3.389464e+00   5.719966e-06   1.218519e-03   1.294418e-07   2868
  3.394184e+00   5.258513e-06   1.262381e-03   9.778967e-08   3888
  3.398595e+00   5.073273e-06   1.096140e-03   1.169013e-07   2784
  3.402937e+00   5.304842e-06   1.251823e-03   1.292566e-07   2964
  3.407680e+00   5.417699e-06   1.289132e-03   1.150296e-07   3432
  3.412196e+00   5.406405e-06   1.334381e-03   1.124064e-07   3416
  3.416765e+00   5.344606e-06   1.426337e-03   1.119968e-07   3528
  3.421441e+00   5.815695e-06   1.144737e-03   1.337101e-07   2904
  3.425577e+00   5.154247e-06   1.283585e-03   1.165643e-07   3072
  3.430388e+00   5.236615e-06   1.441614e-03   1.144042e-07   3216
  3.435198e+00   5.177624e-06   1.167554e-03   1.241398e-07   2844
  3.439420e+00   5.227776e-06   1.336051e-03   1.140924e-07   3432
  3.443755e+00   5.750923e-06   1.073869e-03   1.367088e-07   2880
  3.448596e+00   5.247882e-06   1.422494e-03   1.142264e-07   3576
  3.453158e+00   5.602564e-06   1.271510e-03   1.408373e-07   2700
  3.457526e+00   5.272377e-06   1.428221e-03   1.146652e-07   3000
  3.462099e+00   5.073626e-06   1.185849e-03   1.226497e-07   2556
  3.466540e+00   5.524883e-06   1.270994e-03   1.218120e-07   3360
  3.471132e+00   5.485096e-06   1.234973e-03   1.204758e-07   3120
  3.476080e+00   5.465063e-06   1.453955e-03   1.282504e-07   3216
  3.480339e+00   5.872561e-06   1.025435e-03   1.475637e-07   2628
  3.485127e+00   5.386926e-06   1.355477e-03   1.286775e-07   3200
  3.489495e+00   5.046568e-06   1.278762e-03   1.346453e-07   2232
  3.493906e+00   5.010758e-06   1.459667e-03   1.216051e-07   3108
  3.498298e+00   5.826943e-06   1.282233e-03   1.548156e-07   2604
  3.502792e+00   5.684981e-06   1.381328e-03   1.317696e-07   3096
  3.507736e+00   5.492379e-06   1.258571e-03   1.238812e-07   3084
  3.512025e+00   5.268378e-06   1.284352e-03   1.303107e-07   2664
  3.516446e+00   5.525400e-06   1.132597e-03   1.506230e-07   2232
  3.520778e+00   4.868334e-06   1.395189e-03   1.157874e-07   2808
  3.525521e+00   5.418030e-06   1.317971e-03   1.452683e-07   2592
  3.529949e+00   5.944568e-06   1.353056e-03   1.479920e-07   2952
  3.534603e+00   5.315391e-06   1.277451e-03   1.376179e-07   2772
  3.539127e+00   5.317747e-06   1.373818e-03   1.284823e-07   3036
  3.543860e+00   5.068339e-06   1.332610e-03   1.473175e-07   2136
  3.548175e+00   5.169416e-06   1.062760e-03   1.398677e-07   2496
  3.552607e+00   5.860420e-06   1.415517e-03   1.666426e-07   2228
  3.557228e+00   5.926900e-06   1.319716e-03   1.560247e-07   3048
  3.561827e+00   5.419388e-06   1.260631e-03   1.476041e-07   2676
  3.566397e+00   5.115256e-06   1.255867e-03   1.248707e-07   2784
  3.570765e+00   5.312301e-06   1.220077e-03   1.556213e-07   1920
  3.575146e+00   5.052354e-06   1.302117e-03   1.348488e-07   2400
  3.579893e+00   4.967599e-06   1.194310e-03   1.264356e-07   2532
  3.584803e+00   5.469067e-06   1.326593e-03   1.514579e-07   2544
  3.589219e+00   5.938096e-06   1.387796e-03   1.540102e-07   2772
  3.593571e+00   5.045249e-06   1.299896e-03   1.605053e-07   2160
  3.597892e+00   5.453122e-06   1.400112e-03   1.542059e-07   2304
  3.602892e+00   5.176315e-06   1.370082e-03   1.558074e-07   2328
  3.607374e+00   4.667983e-06   1.313619e-03   1.317219e-07   2304
  3.611525e+00   4.717234e-06   1.242209e-03   1.417832e-07   1908
  3.616248e+00   5.936077e-06   1.389331e-03   1.744495e-07   2736
  3.620797e+00   5.540484e-06   1.316390e-03   1.656571e-07   2448
  3.625635e+00   5.789073e-06   1.230754e-03   1.738914e-07   2040
  3.630012e+00   4.583762e-06   1.281465e-03   1.519663e-07   2120
  3.634222e+00   5.473180e-06   1.062465e-03   1.609697e-07   2040
  3.638753e+00   4.696069e-06   1.318179e-03   1.550485e-07   2208
  3.643881e+00   5.817435e-06   1.183525e-03   1.800465e-07   2208
  3.648034e+00   6.543005e-06   1.311571e-03   1.946393e-07   2196
  3.652326e+00   4.447817e-06   1.153742e-03   1.415907e-07   1848
  3.656694e+00   5.261766e-06   1.308496e-03   1.700005e-07   2124
  3.661579e+00   5.070098e-06   1.372584e-03   1.568186e-07   2328
  3.666349e+00   4.890433e-06   1.397410e-03   1.626138e-07   1920
  3.670986e+00   4.828621e-06   1.282806e-03   1.690222e-07   1548
  3.675111e+00   5.902411e-06   1.407198e-03   1.764356e-07   2388
  3.679976e+00   4.802979e-06   1.302196e-03   1.641749e-07   2160
  3.684432e+00   5.010517e-06   1.185246e-03   1.915298e-07   1704
  3.688701e+00   4.927024e-06   1.335284e-03   1.825247e-07   1776
  3.692739e+00   4.871510e-06   1.248990e-03   1.704579e-07   1800
  3.697845e+00   4.368877e-06   1.441843e-03   1.551997e-07   1700
  3.702615e+00   5.731101e-06   1.298207e-03   1.964240e-07   2292
  3.707057e+00   5.131957e-06   1.205121e-03   1.920972e-07   1704
  3.711248e+00   5.063216e-06   1.347528e-03   1.883434e-07   1728
  3.715838e+00   4.567595e-06   1.247167e-03   1.721926e-07   1728
  3.720337e+00   5.530395e-06   1.245994e-03   2.067453e-07   1680
  3.725122e+00   3.931958e-06   1.435423e-03   1.411779e-07   1704
  3.729889e+00   4.377264e-06   1.127236e-03   1.470742e-07   1752
  3.734152e+00   5.191465e-06   1.340070e-03   1.935520e-07   1872
  3.738763e+00   5.138078e-06   1.313416e-03   2.064798e-07   1500
  3.743441e+00   4.537664e-06   1.150088e-03   1.734428e-07   1656
  3.747984e+00   5.152184e-06   1.233113e-03   1.916014e-07   1464
  3.752021e+00   3.791862e-06   1.080083e-03   1.740776e-07   1488
  3.756973e+00   4.206877e-06   1.303580e-03   1.509348e-07   1680
  3.761499e+00   4.660745e-06   1.361915e-03   1.720201e-07   1692
  3.765735e+00   4.543411e-06   1.304102e-03   2.016305e-07   1128
  3.770435e+00   4.649794e-06   1.255738e-03   1.867943e-07   1536
  3.775019e+00   3.992819e-06   1.308980e-03   1.787309e-07   1616
  3.779661e+00   3.981780e-06   1.262267e-03   1.672115e-07   1476
  3.784340e+00   3.893666e-06   1.389156e-03   1.911635e-07   1176
  3.788516e+00   4.147093e-06   1.492500e-03   1.497030e-07   1656
  3.793064e+00   4.388688e-06   1.311023e-03   2.456519e-07   891
  3.797752e+00   3.795277e-06   1.397562e-03   1.352446e-07   1596
  3.802321e+00   3.754906e-06   1.218711e-03   1.690138e-07   1422
  3.806826e+00   3.679305e-06   1.168662e-03   1.584925e-07   1254
  3.811065e+00   3.190589e-06   1.193922e-03   1.372131e-07   918
  3.815605e+00   3.969524e-06   1.306675e-03   1.407620e-07   1614
  3.820179e+00   3.164718e-06   1.128724e-03   1.786013e-07   798
  3.824727e+00   3.173123e-06   1.446890e-03   1.242402e-07   1458
  3.829339e+00   3.495926e-06   1.324868e-03   1.311215e-07   1374
  3.833897e+00   2.941406e-06   1.131526e-03   1.419463e-07   984
  3.838418e+00   3.251663e-06   1.556823e-03   1.306985e-07   1062
  3.843024e+00   3.727309e-06   1.319701e-03   1.591203e-07   1246
  3.847496e+00   2.647033e-06   1.223689e-03   1.236797e-07   1072
  3.852274e+00   2.775824e-06   1.325177e-03   1.382161e-07   1110
  3.856689e+00   3.342073e-06   1.435636e-03   1.263030e-07   1254
  3.861329e+00   2.894427e-06   1.362495e-03   1.441285e-07   1032
  3.866387e+00   3.227160e-06   1.262341e-03   1.831170e-07   786
  3.870232e+00   3.190251e-06   1.294172e-03   1.300633e-07   1152
  3.874735e+00   2.706108e-06   1.410519e-03   1.158667e-07   1086
  3.879427e+00   2.182034e-06   1.272603e-03   8.626409e-08   912
  3.883763e+00   3.945043e-06   1.275666e-03   1.748416e-07   1062
  3.888189e+00   2.558836e-06   1.271531e-03   1.020540e-07   912
  3.893304e+00   2.164230e-06   1.419446e-03   1.037728e-07   750
  3.897290e+00   3.198802e-06   1.367647e-03   1.332235e-07   1200
  3.901903e+00   2.614269e-06   1.238512e-03   1.355698e-07   918
  3.906489e+00   2.220972e-06   1.285534e-03   9.828989e-08   876
  3.911149e+00   3.214598e-06   1.123298e-03   1.402132e-07   870
  3.915230e+00   2.773501e-06   1.310149e-03   1.273576e-07   768
  3.920014e+00   1.923709e-06   1.200821e-03   8.582282e-08   830
  3.924444e+00   2.684004e-06   1.243290e-03   1.200050e-07   1080
  3.929031e+00   2.524695e-06   1.398864e-03   1.160823e-07   840
  3.933656e+00   2.024334e-06   1.346952e-03   8.887827e-08   798
  3.938901e+00   3.250685e-06   1.069097e-03   1.644833e-07   792
  3.942968e+00   2.133813e-06   1.246913e-03   1.008866e-07   726
  3.947235e+00   1.783472e-06   1.397236e-03   6.330385e-08   864
  3.951910e+00   2.253119e-06   1.196001e-03   1.137521e-07   900
  3.956649e+00   1.880312e-06   1.329193e-03   7.729565e-08   726
  3.960715e+00   1.995105e-06   1.150359e-03   9.063648e-08   576
  3.966139e+00   2.274601e-06   1.197153e-03   1.092334e-07   840
  3.969955e+00   1.983450e-06   1.242720e-03   1.002966e-07   750
  3.974475e+00   1.834413e-06   1.246493e-03   8.305195e-08   720
  3.978740e+00   2.261264e-06   1.261017e-03   1.158866e-07   702
  3.983719e+00   2.080730e-06   1.377200e-03   9.606877e-08   696
  3.987818e+00   2.118562e-06   1.231647e-03   1.175929e-07   480
  3.992648e+00   2.039113e-06   1.167036e-03   9.918600e-08   830
  3.996924e+00   1.943089e-06   1.357641e-03   8.973752e-08   756
  4.001715e+00   1.962287e-06   1.303574e-03   9.875690e-08   624
  4.005944e+00   1.760857e-06   1.377409e-03   9.237992e-08   582
  4.010944e+00   2.157252e-06   1.057193e-03   1.217770e-07   576
  4.015268e+00   1.712860e-06   1.415926e-03   7.956018e-08   624
  4.019702e+00   1.906673e-06   1.156387e-03   9.424626e-08   702
  4.024090e+00   1.747001e-06   1.330154e-03   8.511002e-08   624
  4.029302e+00   1.953054e-06   1.286835e-03   9.252898e-08   672
  4.033548e+00   1.469033e-06   9.633162e-04   8.640057e-08   342
  4.038212e+00   1.909343e-06   1.204272e-03   1.078258e-07   660
  4.042499e+00   1.483790e-06   1.237940e-03   9.448822e-08   576
  4.046926e+00   1.613303e-06   1.203527e-03   9.541174e-08   600
  4.051402e+00   1.457941e-06   1.392044e-03   8.208485e-08   510
  4.056436e+00   1.753445e-06   1.304137e-03   8.586035e-08   600
  4.060318e+00   1.300691e-06   1.038695e-03   9.185308e-08   216
  4.064840e+00   1.468164e-06   1.264272e-03   6.911614e-08   758
  4.070111e+00   1.370655e-06   1.384110e-03   7.266897e-08   576
  4.074730e+00   1.676514e-06   1.175071e-03   8.679267e-08   528
  4.078898e+00   1.481920e-06   8.092051e-04   1.127555e-07   318
  4.083377e+00   1.763285e-06   1.397909e-03   8.926018e-08   540
  4.088673e+00   8.874025e-07   9.883004e-04   5.214114e-08   384
  4.092261e+00   1.488544e-06   1.365487e-03   8.554244e-08   576
  4.096932e+00   1.184832e-06   1.115856e-03   6.630129e-08   414
  4.101349e+00   1.616502e-06   1.246047e-03   9.632671e-08   504
  4.106066e+00   1.467062e-06   1.367868e-03   8.076371e-08   312
  4.110598e+00   1.390603e-06   1.239305e-03   8.997240e-08   414
  4.115094e+00   1.064424e-06   1.144919e-03   6.072576e-08   432
  4.119278e+00   1.182133e-06   1.516281e-03   6.246113e-08   504
  4.124121e+00   1.423190e-06   1.460349e-03   8.491982e-08   432
  4.128654e+00   1.250442e-06   1.196245e-03   7.494334e-08   354
  4.133272e+00   1.330120e-06   1.740683e-03   1.028211e-07   200
  4.137233e+00   1.070351e-06   1.235071e-03   5.816714e-08   480
  4.142586e+00   1.106093e-06   1.411339e-03   5.825809e-08   552
  4.147495e+00   1.162149e-06   8.791513e-04   7.536731e-08   366
  4.151279e+00   1.333799e-06   9.359008e-04   1.365820e-07   240
  4.155444e+00   1.342428e-06   1.308427e-03   8.170620e-08   288
  4.161305e+00   1.107107e-06   8.992274e-04   7.470957e-08   366
  4.165093e+00   9.036001e-07   1.457932e-03   5.250496e-08   408
  4.169323e+00   9.911897e-07   1.095988e-03   7.491999e-08   360
  4.173699e+00   1.124590e-06   1.021644e-03   7.188594e-08   324
  4.177943e+00   1.153292e-06   1.206595e-03   9.980931e-08   174
  4.182998e+00   1.038504e-06   1.386208e-03   8.014319e-08   264
  4.187743e+00   9.389181e-07   1.264289e-03   5.953076e-08   456
  4.192475e+00   9.796262e-07   1.271292e-03   6.162990e-08   360
  4.196365e+00   8.828205e-07   1.400451e-03   6.977122e-08   270
  4.201129e+00   1.184894e-06   1.531677e-03   9.464693e-08   240
  4.207097e+00   1.377316e-06   1.116178e-03   1.196737e-07   120
  4.210031e+00   5.402436e-07   1.165252e-03   4.065755e-08   320
  4.214767e+00   8.872470e-07   1.441800e-03   4.214060e-08   462
  4.219728e+00   8.703336e-07   8.388489e-04   5.601570e-08   276
  4.224037e+00   1.046981e-06   9.516613e-04   1.053739e-07   144
  4.228189e+00   1.280036e-06   9.994298e-04   1.281967e-07   120
  4.233707e+00   6.113155e-07   7.568314e-04   3.379663e-08   294
  4.237878e+00   8.101297e-07   1.342659e-03   4.875937e-08   384
  4.241769e+00   7.461431e-07   8.888317e-04   5.274344e-08   216
  4.245494e+00   1.029068e-06   8.254302e-04   7.967204e-08   168
  4.249701e+00   8.270488e-07   9.821302e-04   9.674920e-08   102
  4.255783e+00   8.577149e-07   1.490086e-03   7.147991e-08   168
  4.260048e+00   7.762940e-07   1.304184e-03   4.503080e-08   384
  4.264723e+00   8.294680e-07   1.325083e-03   6.363539e-08   300
  4.269074e+00   8.268578e-07   1.418877e-03   6.203022e-08   144
  4.273979e+00   8.394894e-07   1.453130e-03   7.912759e-08   102
  4.279864e+00   9.994174e-07   3.439882e-04   1.159716e-07   56
  4.282684e+00   5.492889e-07   1.119936e-03   3.681912e-08   288
  4.287106e+00   6.171143e-07   1.457453e-03   3.170767e-08   360
  4.291921e+00   6.612669e-07   7.818240e-04   5.037739e-08   126
  4.295978e+00   6.455320e-07   3.850571e-04   8.222600e-08   72
  4.300401e+00   1.091372e-06   2.040038e-04   1.338396e-07   48
  4.306170e+00   4.942591e-07   8.252923e-04   3.693450e-08   240
  4.309962e+00   6.626952e-07   1.224516e-03   3.711452e-08   306
  4.313844e+00   7.099676e-07   6.805586e-04   6.905674e-08   120
  4.318315e+00   9.280266e-07   1.674946e-03   1.040337e-07   96
  4.321565e+00   9.012587e-07   0.000000e+00   1.636986e-07   24
  4.328867e+00   4.452042e-07   1.450461e-03   4.364348e-08   120
  4.332444e+00   5.120036e-07   1.254383e-03   2.990336e-08   318
  4.336821e+00   6.773031e-07   1.340478e-03   5.301393e-08   168
  4.341616e+00   9.167879e-07   1.438484e-03   9.153593e-08   72
  4.346866e+00   7.712935e-07   0.000000e+00   1.314669e-07   24
  4.352514e+00   8.936901e-07   6.982449e-04   2.109470e-07   14
  4.355200e+00   4.011854e-07   1.101288e-03   2.564373e-08   288
  4.359373e+00   5.582607e-07   1.324909e-03   5.245203e-08   204
  4.364189e+00   7.789848e-07   2.010221e-04   1.070857e-07   48
  4.368006e+00   1.147840e-06   0.000000e+00   2.167030e-07   24
  4.372423e+00   2.446119e-07   0.000000e+00   6.521509e-08   6
  4.378772e+00   4.395862e-07   8.233820e-04   3.366963e-08   216
  4.382043e+00   6.231061e-07   1.096519e-03   4.458865e-08   192
  4.386045e+00   5.695119e-07   2.000203e-04   1.096679e-07   48
  4.390244e+00   8.458606e-07   1.598196e-03   1.216529e-07   30
  4.402118e+00   4.806685e-07   3.304912e-04   4.850659e-08   96
  4.404555e+00   4.114209e-07   1.082933e-03   2.851329e-08   228
  4.409186e+00   6.101668e-07   1.416131e-03   7.742396e-08   72
  4.414754e+00   1.300089e-06   4.795375e-08   7.005590e-07   6
  4.427435e+00   4.092886e-07   1.069256e-03   2.976567e-08   248
  4.431481e+00   4.899829e-07   1.223819e-03   5.238555e-08   72
  4.436362e+00   6.129540e-07   0.000000e+00   6.640652e-08   6
  4.451116e+00   3.938254e-07   7.598279e-04   3.263924e-08   180
  4.454058e+00   5.094491e-07   1.033866e-03   5.875865e-08   72
  4.458258e+00   1.922160e-07   0.000000e+00   9.171478e-08   6
  4.474659e+00   4.258576e-07   3.251332e-04   5.232353e-08   96
  4.476619e+00   3.827217e-07   8.926270e-04   4.657620e-08   96
  4.480439e+00   1.172482e-06   0.000000e+00   2.471354e-07   6
  4.499392e+00   4.052248e-07   8.543132e-04   3.927313e-08   140
  4.502901e+00   3.438925e-07   4.795375e-08   4.446355e-08   6
  4.523215e+00   3.677026e-07   5.737096e-04   4.204324e-08   96
  4.525638e+00   1.876064e-07   8.305833e-08   7.744711e-08   6
  4.547105e+00   5.395388e-07   3.451336e-04   6.050028e-08   60
  4.548648e+00   4.891856e-07   0.000000e+00   8.821469e-08   6
  4.571199e+00   3.256549e-07   3.498943e-04   5.287284e-08   38
  4.595213e+00   2.732215e-07   1.799945e-04   9.983781e-08   18
  4.619269e+00   2.010447e-07   0.000000e+00   6.674294e-08   6
