# power spectrum of delta
# redshift z=100.000000
# k              Pk             sigma(k)       sigma(Pk)      count
  2.094395e-02   1.172841e-06   0.000000e+00   5.101568e-07   6
  2.961922e-02   1.826905e-06   0.000000e+00   3.937733e-07   12
  3.627599e-02   2.319559e-06   3.973643e-10   5.102812e-07   8
  4.188790e-02   1.114147e-05   0.000000e+00   1.295185e-06   6
  4.683210e-02   1.044093e-05   0.000000e+00   3.595271e-06   24
  5.130199e-02   1.932353e-05   7.492773e-10   3.517972e-06   24
  5.923844e-02   1.328962e-05   0.000000e+00   6.458263e-06   12
  6.283185e-02   1.854660e-05   8.477105e-10   3.683387e-06   30
  6.623059e-02   2.730129e-05   0.000000e+00   6.497184e-06   24
  6.946323e-02   2.875945e-05   1.297786e-09   7.700435e-06   24
  7.255197e-02   3.810557e-05   7.947286e-10   8.326023e-06   8
  7.551449e-02   3.605432e-05   1.059638e-09   4.840778e-06   24
  7.836509e-02   3.740937e-05   0.000000e+00   5.677346e-06   48
  8.377580e-02   5.210615e-05   0.000000e+00   2.475531e-05   6
  8.635412e-02   4.475467e-05   1.498555e-09   6.788892e-06   48
  8.885766e-02   4.428646e-05   0.000000e+00   4.976351e-06   36
  9.129257e-02   6.775800e-05   1.059638e-09   1.529368e-05   24
  9.366420e-02   4.211399e-05   0.000000e+00   7.813460e-06   24
  9.597724e-02   3.989411e-05   0.000000e+00   5.847141e-06   48
  9.823584e-02   6.539258e-05   1.498555e-09   1.003430e-05   24
  1.026040e-01   5.836991e-05   1.498555e-09   9.886860e-06   24
  1.047198e-01   4.207523e-05   0.000000e+00   7.432620e-06   30
  1.067936e-01   4.766507e-05   0.000000e+00   5.676362e-06   72
  1.088280e-01   4.912876e-05   1.589457e-09   1.081418e-05   32
  1.127866e-01   7.376532e-05   0.000000e+00   9.225696e-06   72
  1.147147e-01   4.749849e-05   0.000000e+00   7.495181e-06   48
  1.184769e-01   2.826207e-05   0.000000e+00   9.061380e-06   12
  1.203138e-01   5.910840e-05   0.000000e+00   9.540531e-06   48
  1.221232e-01   5.506876e-05   0.000000e+00   5.884103e-06   48
  1.239061e-01   7.670572e-05   1.498555e-09   1.044926e-05   48
  1.256637e-01   9.708757e-05   1.695421e-09   1.834206e-05   30
  1.273971e-01   8.982477e-05   1.498555e-09   2.182559e-05   24
  1.291072e-01   9.720511e-05   3.159231e-09   1.054106e-05   72
  1.324612e-01   6.213197e-05   0.000000e+00   1.273779e-05   24
  1.341067e-01   9.908494e-05   0.000000e+00   1.056726e-05   96
  1.357323e-01   7.917208e-05   0.000000e+00   1.136198e-05   48
  1.373387e-01   6.847220e-05   2.595573e-09   1.805730e-05   24
  1.389265e-01   5.090476e-05   2.595573e-09   1.129639e-05   24
  1.404963e-01   1.260703e-04   0.000000e+00   1.654068e-05   72
  1.420488e-01   9.696545e-05   0.000000e+00   1.606776e-05   48
  1.451039e-01   8.887534e-05   1.589457e-09   2.844957e-05   8
  1.466077e-01   1.334786e-04   1.883801e-09   1.719221e-05   54
  1.480961e-01   9.207561e-05   0.000000e+00   1.729481e-05   84
  1.495697e-01   1.036579e-04   0.000000e+00   1.603500e-05   48
  1.510290e-01   6.575129e-05   2.119276e-09   1.259087e-05   24
  1.524743e-01   8.901754e-05   1.998073e-09   1.134821e-05   72
  1.539060e-01   1.195618e-04   0.000000e+00   1.468889e-05   96
  1.567302e-01   1.689719e-04   0.000000e+00   1.981141e-05   48
  1.581234e-01   9.444137e-05   0.000000e+00   9.561160e-06   48
  1.595044e-01   8.337916e-05   2.119276e-09   1.748440e-05   24
  1.608735e-01   9.665158e-05   0.000000e+00   1.121322e-05   72
  1.635775e-01   1.045864e-04   1.998073e-09   1.331956e-05   72
  1.649128e-01   1.037224e-04   0.000000e+00   1.272108e-05   96
  1.675516e-01   1.480553e-04   0.000000e+00   7.031222e-05   6
  1.688555e-01   1.246192e-04   0.000000e+00   1.300911e-05   96
  1.701495e-01   1.307923e-04   2.119276e-09   1.505624e-05   96
  1.714336e-01   8.898087e-05   0.000000e+00   2.277345e-05   24
  1.727082e-01   1.015722e-04   2.997109e-09   1.357591e-05   48
  1.739735e-01   1.044877e-04   0.000000e+00   1.138591e-05   96
  1.752297e-01   1.246084e-04   0.000000e+00   1.807422e-05   48
  1.777153e-01   1.148506e-04   0.000000e+00   2.300753e-05   36
  1.789452e-01   1.179278e-04   3.670694e-09   1.602421e-05   48
  1.801667e-01   1.332741e-04   4.152916e-09   1.284717e-05   120
  1.813799e-01   1.222856e-04   0.000000e+00   1.738547e-05   56
  1.825851e-01   6.990072e-05   2.119276e-09   1.318896e-05   24
  1.837824e-01   1.030792e-04   0.000000e+00   9.848790e-06   96
  1.849720e-01   1.117115e-04   0.000000e+00   1.543912e-05   48
  1.873284e-01   1.408274e-04   0.000000e+00   2.806626e-05   24
  1.884956e-01   1.561617e-04   0.000000e+00   1.681888e-05   102
  1.896555e-01   1.638413e-04   0.000000e+00   2.663187e-05   48
  1.908085e-01   1.530842e-04   0.000000e+00   1.634709e-05   72
  1.919545e-01   1.420310e-04   0.000000e+00   1.539718e-05   48
  1.930937e-01   1.545539e-04   0.000000e+00   3.085117e-05   48
  1.942262e-01   1.344443e-04   4.795375e-09   1.272277e-05   120
  1.964717e-01   2.195699e-04   2.997109e-09   3.910484e-05   24
  1.975848e-01   1.289129e-04   2.825702e-09   1.164323e-05   144
  1.986918e-01   1.342606e-04   3.390842e-09   1.389812e-05   120
  1.997926e-01   1.058776e-04   2.997109e-09   1.602281e-05   48
  2.019761e-01   1.634691e-04   2.997109e-09   2.344291e-05   48
  2.030591e-01   1.344946e-04   2.997109e-09   1.499795e-05   96
  2.059187e-01   1.838985e-04   5.025279e-04   2.414852e-05   72
  2.073345e-01   1.376325e-04   3.767602e-09   1.129600e-05   108
  2.083897e-01   1.647580e-04   0.000000e+00   1.882539e-05   72
  2.094395e-01   1.005930e-04   0.000000e+00   2.020660e-05   30
  2.104841e-01   1.715570e-04   0.000000e+00   1.459745e-05   168
  2.115235e-01   1.708980e-04   0.000000e+00   2.006405e-05   48
  2.135872e-01   1.198007e-04   0.000000e+00   1.506449e-05   72
  2.146116e-01   1.583616e-04   0.000000e+00   1.646186e-05   96
  2.156312e-01   1.567724e-04   5.651403e-09   2.584319e-05   72
  2.166459e-01   1.856341e-04   0.000000e+00   2.107648e-05   72
  2.183519e-01   1.689867e-04   4.640051e-04   1.332887e-05   104
  2.196620e-01   1.625950e-04   3.996146e-09   1.271660e-05   144
  2.226373e-01   1.162553e-04   6.701740e-09   1.173938e-05   96
  2.236202e-01   1.297774e-04   0.000000e+00   1.437359e-05   96
  2.251835e-01   1.788869e-04   4.773581e-04   1.775407e-05   120
  2.265435e-01   1.508009e-04   0.000000e+00   1.465028e-05   120
  2.275095e-01   1.830852e-04   0.000000e+00   2.132395e-05   72
  2.294295e-01   1.853050e-04   0.000000e+00   2.636926e-05   48
  2.303835e-01   2.006655e-04   4.517777e-09   2.459327e-05   78
  2.316038e-01   2.101924e-04   4.274285e-04   1.779912e-05   168
  2.341605e-01   1.992227e-04   3.996146e-09   1.839365e-05   144
  2.350953e-01   2.079844e-04   3.996146e-09   1.592771e-05   144
  2.378065e-01   1.934686e-04   2.461643e-04   1.767631e-05   156
  2.387978e-01   1.423061e-04   5.191145e-09   2.858461e-05   48
  2.397145e-01   1.788041e-04   3.390842e-09   1.874632e-05   120
  2.406277e-01   1.301391e-04   0.000000e+00   1.469955e-05   48
  2.422424e-01   1.969005e-04   3.767994e-04   1.432587e-05   216
  2.442463e-01   1.784131e-04   0.000000e+00   2.354496e-05   48
  2.451427e-01   1.663339e-04   2.997109e-09   1.559683e-05   96
  2.464171e-01   1.931377e-04   4.403490e-04   1.813966e-05   168
  2.478122e-01   1.572012e-04   2.997109e-09   2.405245e-05   48
  2.486956e-01   2.095657e-04   0.000000e+00   2.239893e-05   96
  2.495760e-01   2.058838e-04   0.000000e+00   3.998746e-05   48
  2.513274e-01   2.430555e-04   3.390842e-09   2.598990e-05   30
  2.521986e-01   1.560988e-04   2.997109e-09   1.356715e-05   96
  2.532398e-01   1.942382e-04   3.460752e-04   1.417771e-05   240
  2.545786e-01   2.722670e-04   3.733652e-04   4.035714e-05   32
  2.556535e-01   1.563592e-04   0.000000e+00   1.231026e-05   168
  2.565100e-01   1.869641e-04   0.000000e+00   1.963695e-05   120
  2.582144e-01   1.510507e-04   6.318461e-09   1.813049e-05   72
  2.590624e-01   2.494612e-04   3.996146e-09   2.442678e-05   144
  2.599076e-01   1.803655e-04   0.000000e+00   1.967780e-05   96
  2.607501e-01   2.412308e-04   0.000000e+00   2.060496e-05   96
  2.624270e-01   2.391741e-04   4.894259e-09   3.104441e-05   72
  2.632614e-01   2.026275e-04   4.238553e-09   2.105564e-05   96
  2.649224e-01   1.997692e-04   0.000000e+00   3.952406e-05   24
  2.657489e-01   2.344267e-04   0.000000e+00   1.846015e-05   192
  2.667223e-01   2.239212e-04   3.168444e-04   1.765802e-05   132
  2.682134e-01   2.423127e-04   0.000000e+00   2.322410e-05   96
  2.690299e-01   1.787269e-04   0.000000e+00   1.921712e-05   96
  2.698439e-01   2.372498e-04   3.390842e-09   2.140423e-05   120
  2.714646e-01   2.535104e-04   0.000000e+00   3.692875e-05   48
  2.727931e-01   1.652549e-04   3.839899e-04   1.150553e-05   222
  2.738777e-01   2.170930e-04   0.000000e+00   2.180810e-05   120
  2.746773e-01   2.438036e-04   5.191145e-09   5.260930e-05   24
  2.758416e-01   2.581241e-04   3.963334e-04   1.461683e-05   312
  2.783784e-01   2.904059e-04   3.715784e-04   3.447630e-05   72
  2.794272e-01   2.048046e-04   2.997109e-09   2.922811e-05   96
  2.805041e-01   2.501970e-04   3.784012e-04   2.022869e-05   192
  2.817720e-01   2.381285e-04   4.795375e-09   2.577725e-05   120
  2.825493e-01   2.376068e-04   0.000000e+00   2.593648e-05   144
  2.840976e-01   2.155472e-04   0.000000e+00   3.294200e-05   48
  2.851981e-01   2.150807e-04   3.804956e-04   1.342110e-05   336
  2.864042e-01   2.454688e-04   0.000000e+00   3.538387e-05   48
  2.879317e-01   2.256983e-04   0.000000e+00   2.106537e-05   192
  2.886924e-01   2.450442e-04   0.000000e+00   3.167711e-05   48
  2.908548e-01   2.491336e-04   2.641139e-04   3.208673e-05   56
  2.919300e-01   2.452663e-04   3.392119e-04   1.446733e-05   336
  2.932153e-01   2.453611e-04   3.767602e-09   3.743951e-05   54
  2.943349e-01   2.266154e-04   3.725765e-04   1.481451e-05   240
  2.966593e-01   2.328784e-04   3.567449e-04   1.846364e-05   228
  2.976695e-01   2.808523e-04   3.996146e-09   3.820437e-05   72
  2.986501e-01   2.791683e-04   3.460513e-04   2.204325e-05   144
  2.998717e-01   2.300116e-04   0.000000e+00   2.395590e-05   96
  3.006022e-01   2.397472e-04   4.795375e-09   1.603578e-05   240
  3.020580e-01   2.183451e-04   4.238553e-09   4.408885e-05   24
  3.029899e-01   2.610330e-04   3.268428e-04   1.651660e-05   336
  3.042285e-01   2.485649e-04   0.000000e+00   3.091672e-05   72
  3.053590e-01   2.994918e-04   3.555020e-04   2.301657e-05   168
  3.063836e-01   1.985150e-04   0.000000e+00   1.892631e-05   72
  3.078120e-01   3.117491e-04   0.000000e+00   3.056583e-05   96
  3.089181e-01   2.707559e-04   3.528351e-04   2.043622e-05   216
  3.099422e-01   2.059318e-04   4.238553e-09   1.635276e-05   96
  3.113542e-01   2.545525e-04   0.000000e+00   1.827102e-05   192
  3.120578e-01   2.508999e-04   3.996146e-09   2.078775e-05   144
  3.134604e-01   2.692321e-04   0.000000e+00   3.687281e-05   48
  3.144314e-01   2.823621e-04   3.401745e-04   2.039194e-05   246
  3.157508e-01   3.509461e-04   3.136463e-04   2.875007e-05   168
  3.169395e-01   2.772798e-04   5.873111e-09   2.954957e-05   120
  3.176307e-01   2.336601e-04   0.000000e+00   1.697819e-05   240
  3.190088e-01   1.687330e-04   4.238553e-09   3.668893e-05   24
  3.201067e-01   2.735552e-04   3.357307e-04   1.812278e-05   360
  3.214741e-01   2.584184e-04   3.343020e-04   2.057648e-05   120
  3.224280e-01   3.072617e-04   0.000000e+00   2.621054e-05   144
  3.231075e-01   3.034258e-04   0.000000e+00   2.825609e-05   96
  3.251376e-01   2.961236e-04   0.000000e+00   2.518231e-05   144
  3.258114e-01   3.205580e-04   0.000000e+00   2.906582e-05   132
  3.267584e-01   2.932945e-04   3.299511e-04   2.278529e-05   176
  3.281332e-01   2.943263e-04   3.331842e-04   1.589770e-05   312
  3.298257e-01   4.209323e-04   0.000000e+00   6.787994e-05   96
  3.304900e-01   2.871131e-04   0.000000e+00   2.660406e-05   144
  3.315092e-01   3.043109e-04   3.298422e-04   1.800715e-05   312
  3.331339e-01   3.648682e-04   0.000000e+00   3.852035e-05   48
  3.337917e-01   2.733871e-04   4.238553e-09   2.170857e-05   192
  3.351032e-01   9.202050e-05   0.000000e+00   3.062440e-05   6
  3.359746e-01   2.674909e-04   3.076337e-04   1.559132e-05   288
  3.373860e-01   2.619264e-04   3.250350e-04   1.980948e-05   192
  3.383599e-01   2.526301e-04   7.535204e-09   1.723022e-05   216
  3.390075e-01   3.192664e-04   0.000000e+00   4.595709e-05   72
  3.406209e-01   2.654320e-04   3.219482e-04   2.195051e-05   192
  3.416924e-01   3.501506e-04   2.390639e-04   2.198861e-05   288
  3.428673e-01   3.040119e-04   0.000000e+00   6.260208e-05   24
  3.437749e-01   3.295871e-04   3.149468e-04   1.518375e-05   456
  3.454165e-01   2.148496e-04   0.000000e+00   3.341079e-05   48
  3.464308e-01   3.077929e-04   3.102100e-04   2.389162e-05   240
  3.475965e-01   3.496708e-04   3.135021e-04   2.377131e-05   216
  3.485768e-01   2.780959e-04   0.000000e+00   3.632016e-05   72
  3.492054e-01   2.900090e-04   1.083165e-08   2.428861e-05   168
  3.509804e-01   3.434137e-04   2.330216e-04   2.202100e-05   288
  3.519758e-01   3.385506e-04   3.083274e-04   2.459287e-05   168
  3.535746e-01   3.901533e-04   0.000000e+00   2.870409e-05   192
  3.541944e-01   3.144376e-04   3.996146e-09   2.361398e-05   144
  3.554306e-01   3.920564e-04   0.000000e+00   5.148167e-05   36
  3.564791e-01   2.679683e-04   2.815685e-04   1.450981e-05   342
  3.574815e-01   3.204255e-04   2.891367e-04   2.578382e-05   144
  3.587701e-01   3.095813e-04   3.032320e-04   1.687053e-05   384
  3.603334e-01   3.699101e-04   8.305833e-09   3.583924e-05   120
  3.611071e-01   3.746793e-04   2.703947e-04   2.453782e-05   264
  3.621548e-01   3.239402e-04   1.340348e-08   2.501675e-05   192
  3.631414e-01   3.602206e-04   2.914020e-04   2.925635e-05   152
  3.639671e-01   3.316183e-04   3.996146e-09   3.171856e-05   144
  3.657037e-01   2.821923e-04   1.885982e-04   2.170165e-05   216
  3.665075e-01   3.675974e-04   2.520176e-04   2.124862e-05   312
  3.679226e-01   3.210048e-04   2.920833e-04   1.892488e-05   240
  3.687563e-01   3.925977e-04   4.238553e-09   4.272290e-05   96
  3.703389e-01   3.609615e-04   2.792528e-04   3.059740e-05   144
  3.713142e-01   3.482271e-04   2.744809e-04   1.774148e-05   456
  3.728964e-01   2.823989e-04   0.000000e+00   1.947327e-05   120
  3.734841e-01   3.115718e-04   0.000000e+00   3.048965e-05   144
  3.746568e-01   2.355916e-04   0.000000e+00   4.103310e-05   24
  3.754086e-01   3.669996e-04   2.638397e-04   1.958614e-05   336
  3.767088e-01   3.484635e-04   2.909793e-04   2.890644e-05   198
  3.779272e-01   3.478551e-04   2.829607e-04   1.932824e-05   432
  3.793111e-01   3.662455e-04   0.000000e+00   3.955875e-05   48
  3.800331e-01   4.126681e-04   2.498053e-04   2.254987e-05   384
  3.813294e-01   4.005488e-04   2.875789e-04   3.462355e-05   144
  3.825040e-01   3.959110e-04   2.855280e-04   2.429841e-05   264
  3.839090e-01   3.238473e-04   4.238553e-09   3.288052e-05   48
  3.848516e-01   3.789735e-04   2.714905e-04   2.418454e-05   276
  3.857611e-01   3.406747e-04   2.460988e-04   2.964035e-05   192
  3.869766e-01   3.640630e-04   2.765609e-04   1.612916e-05   552
  3.884524e-01   2.588942e-04   4.795375e-09   2.395117e-05   120
  3.893296e-01   4.093409e-04   2.799479e-04   2.903128e-05   216
  3.901426e-01   3.633603e-04   6.781684e-09   3.016081e-05   120
  3.915948e-01   4.250791e-04   2.756800e-04   2.289790e-05   408
  3.929434e-01   3.925910e-04   5.994218e-09   5.468457e-05   24
  3.937796e-01   3.519632e-04   2.784864e-04   2.102325e-05   384
  3.949475e-01   3.538223e-04   2.720912e-04   2.560158e-05   240
  3.959617e-01   3.482012e-04   2.740837e-04   2.501296e-05   168
  3.973835e-01   3.144038e-04   0.000000e+00   3.218267e-05   120
  3.983001e-01   3.868118e-04   2.857179e-04   2.072100e-05   350
  3.997906e-01   3.872120e-04   4.703469e-04   2.141593e-05   384
  4.006814e-01   4.208305e-04   0.000000e+00   3.995066e-05   144
  4.023202e-01   3.400745e-04   0.000000e+00   2.086157e-05   288
  4.031758e-01   3.553803e-04   2.692323e-04   1.800579e-05   336
  4.043399e-01   4.351161e-04   2.451137e-04   3.370864e-05   168
  4.050367e-01   3.880879e-04   1.083165e-08   2.432049e-05   336
  4.064781e-01   3.523660e-04   2.544134e-04   2.264061e-05   288
  4.073437e-01   3.607334e-04   2.397224e-04   2.325612e-05   264
  4.088096e-01   3.983453e-04   0.000000e+00   2.604990e-05   240
  4.093458e-01   3.933045e-04   5.994218e-09   3.454924e-05   96
  4.112700e-01   4.332384e-04   3.260064e-04   2.320508e-05   360
  4.121680e-01   4.236257e-04   2.403227e-04   3.770732e-05   168
  4.133027e-01   4.186051e-04   2.619767e-04   1.943070e-05   456
  4.146691e-01   3.888640e-04   5.328194e-09   3.691150e-05   108
  4.154376e-01   4.104150e-04   2.628599e-04   3.082563e-05   264
  4.163964e-01   3.879768e-04   2.345138e-04   2.613217e-05   264
  4.177093e-01   4.470425e-04   2.212980e-04   2.847684e-05   312
  4.193442e-01   4.427689e-04   1.644485e-04   2.966096e-05   270
  4.200293e-01   4.086081e-04   2.087881e-04   2.950653e-05   240
  4.212611e-01   4.205813e-04   2.582972e-04   2.155825e-05   384
  4.220089e-01   3.659045e-04   5.994218e-09   2.565194e-05   192
  4.234616e-01   4.479937e-04   2.072491e-04   3.341702e-05   240
  4.243042e-01   4.225680e-04   2.557789e-04   2.385891e-05   336
  4.258889e-01   4.446347e-04   2.574903e-04   2.077977e-05   480
  4.271745e-01   4.477098e-04   9.788518e-09   5.455447e-05   72
  4.278926e-01   4.612718e-04   2.510765e-04   3.049035e-05   240
  4.288693e-01   4.133984e-04   2.359775e-04   2.518556e-05   312
  4.299890e-01   3.997851e-04   2.550351e-04   2.917734e-05   240
  4.316809e-01   4.423201e-04   1.937606e-04   2.262127e-05   408
  4.323507e-01   4.176563e-04   1.774381e-04   2.516998e-05   336
  4.336597e-01   4.466132e-04   2.253026e-04   3.343349e-05   264
  4.343030e-01   5.426090e-04   0.000000e+00   4.724487e-05   144
  4.360928e-01   4.495202e-04   3.122828e-04   2.245656e-05   464
  4.370358e-01   3.505575e-04   2.483289e-04   2.634425e-05   168
  4.379668e-01   5.647159e-04   2.261734e-04   3.140990e-05   336
  4.396494e-01   4.434048e-04   2.376394e-04   2.367822e-05   414
  4.405979e-01   5.021474e-04   2.473686e-04   3.337991e-05   216
  4.418131e-01   4.531240e-04   5.994218e-09   4.810057e-05   96
  4.423093e-01   4.482932e-04   1.340348e-08   2.130521e-05   384
  4.440474e-01   4.840518e-04   2.468906e-04   2.512247e-05   492
  4.449788e-01   3.829360e-04   2.414379e-04   2.449300e-05   240
  4.460316e-01   3.918534e-04   2.451440e-04   2.337812e-05   312
  4.474855e-01   4.856438e-04   2.450633e-04   3.952673e-05   192
  4.484064e-01   4.823866e-04   2.374960e-04   2.305584e-05   504
  4.496283e-01   4.676591e-04   1.572264e-04   2.492032e-05   408
  4.505903e-01   5.384415e-04   4.816826e-04   4.401780e-05   168
  4.517942e-01   4.342848e-04   2.288035e-04   2.927962e-05   288
  4.528044e-01   4.504547e-04   2.387760e-04   3.163394e-05   288
  4.538392e-01   4.959787e-04   2.401504e-04   2.526532e-05   432
  4.553403e-01   5.274377e-04   2.271023e-04   3.692104e-05   216
  4.561423e-01   4.919760e-04   2.266232e-04   2.451109e-05   360
  4.575702e-01   5.297891e-04   2.211821e-04   3.124861e-05   312
  4.588590e-01   5.684524e-04   0.000000e+00   9.551254e-05   48
  4.596018e-01   4.924716e-04   2.371390e-04   2.556250e-05   432
  4.609323e-01   4.681064e-04   3.955503e-04   2.284130e-05   414
  4.617179e-01   4.788321e-04   0.000000e+00   2.784227e-05   312
  4.631837e-01   5.285232e-04   3.470734e-04   2.340990e-05   528
  4.641728e-01   5.301980e-04   1.821841e-04   3.479797e-05   264
  4.653612e-01   4.851759e-04   2.160204e-04   2.515573e-05   480
  4.669139e-01   5.068913e-04   0.000000e+00   2.825030e-05   288
  4.675844e-01   5.287329e-04   2.321072e-04   4.552719e-05   168
  4.688112e-01   5.210123e-04   3.674251e-04   2.288832e-05   504
  4.701905e-01   5.690668e-04   5.651403e-09   4.291137e-05   144
  4.710583e-01   4.969682e-04   2.359750e-04   2.389531e-05   464
  4.723622e-01   4.526761e-04   3.463066e-04   2.214924e-05   432
  4.729810e-01   5.947244e-04   0.000000e+00   4.341185e-05   192
  4.745801e-01   4.883616e-04   2.567288e-04   2.267501e-05   396
  4.755245e-01   5.261211e-04   2.306133e-04   3.291184e-05   288
  4.764789e-01   5.374296e-04   2.278065e-04   3.069713e-05   336
  4.780036e-01   5.057507e-04   1.442516e-04   2.301352e-05   432
  4.789711e-01   5.467623e-04   3.738801e-04   2.819289e-05   360
  4.800575e-01   5.440003e-04   2.211556e-04   2.718016e-05   384
  4.816004e-01   4.615370e-04   1.952123e-04   3.701126e-05   198
  4.823439e-01   5.381547e-04   2.218929e-04   2.155973e-05   552
  4.837301e-01   4.489893e-04   3.106349e-04   2.490475e-05   432
  4.848875e-01   5.925104e-04   6.850535e-09   4.662442e-05   168
  4.858589e-01   5.511881e-04   3.850736e-04   2.576475e-05   480
  4.871439e-01   4.162570e-04   6.781684e-09   3.968486e-05   120
  4.877223e-01   5.131934e-04   3.145115e-04   3.235216e-05   336
  4.891336e-01   5.650365e-04   2.218829e-04   2.073413e-05   672
  4.905292e-01   5.636730e-04   3.227590e-04   2.659319e-05   528
  4.911792e-01   5.364851e-04   0.000000e+00   3.561255e-05   168
  4.926809e-01   5.617235e-04   3.600355e-04   2.567154e-05   456
  4.935972e-01   6.264139e-04   2.198767e-04   5.919907e-05   168
  4.945484e-01   5.776716e-04   2.194819e-04   2.934773e-05   504
  4.961297e-01   5.536741e-04   2.824396e-04   3.210308e-05   336
  4.970859e-01   6.284120e-04   2.036055e-04   3.620300e-05   312
  4.981466e-01   5.967716e-04   1.989364e-04   2.745231e-05   504
  4.995424e-01   5.740870e-04   1.380276e-04   2.551627e-05   432
  5.001986e-01   5.254377e-04   2.132983e-04   3.155429e-05   312
  5.015628e-01   5.551959e-04   2.186412e-04   2.656293e-05   384
  5.029871e-01   6.379112e-04   1.857611e-04   6.146919e-05   126
  5.038665e-01   5.873718e-04   3.261522e-04   3.042595e-05   492
  5.049897e-01   6.022020e-04   2.089008e-04   2.598198e-05   528
  5.063933e-01   5.735074e-04   2.121984e-04   2.590031e-05   480
  5.072636e-01   6.120264e-04   2.931509e-04   2.990795e-05   432
  5.085229e-01   6.473256e-04   2.305243e-04   3.053505e-05   440
  5.099854e-01   5.779461e-04   1.146388e-04   3.480367e-05   312
  5.105343e-01   6.351883e-04   1.717959e-04   3.636773e-05   480
  5.116600e-01   5.855111e-04   3.363730e-04   3.165561e-05   408
  5.133048e-01   5.946767e-04   2.014494e-04   3.100183e-05   360
  5.139997e-01   5.811847e-04   1.943913e-04   3.011076e-05   408
  5.152875e-01   5.905210e-04   1.978178e-04   2.779279e-05   456
  5.167375e-01   6.354802e-04   1.890651e-04   3.925751e-05   264
  5.175423e-01   5.825806e-04   2.051830e-04   3.272847e-05   384
  5.187139e-01   6.211885e-04   3.454401e-04   2.552072e-05   672
  5.200682e-01   6.017071e-04   2.066178e-04   4.120972e-05   240
  5.208498e-01   6.350736e-04   2.096654e-04   3.819423e-05   264
  5.219528e-01   5.596874e-04   2.585876e-04   2.503387e-05   624
  5.235988e-01   6.928952e-04   0.000000e+00   5.532866e-05   150
  5.241848e-01   6.618935e-04   2.897679e-04   3.040769e-05   600
  5.254207e-01   5.735029e-04   1.999903e-04   2.499424e-05   672
  5.268202e-01   6.353877e-04   1.881050e-04   3.846462e-05   336
  5.275998e-01   6.443465e-04   2.046034e-04   3.387039e-05   408
  5.288454e-01   6.064921e-04   2.041215e-04   3.132491e-05   408
  5.302309e-01   5.818064e-04   1.032148e-04   3.111229e-05   360
  5.310849e-01   6.596630e-04   3.789714e-04   3.212018e-05   456
  5.321165e-01   6.094766e-04   2.060870e-04   2.878442e-05   384
  5.334296e-01   7.382287e-04   1.902444e-04   3.821699e-05   348
  5.341391e-01   6.364905e-04   2.345337e-04   2.776784e-05   576
  5.354720e-01   6.615562e-04   1.931077e-04   3.166666e-05   504
  5.368355e-01   6.475752e-04   2.723672e-04   3.096176e-05   432
  5.380257e-01   6.010974e-04   3.705542e-04   2.488714e-05   576
  5.388745e-01   6.488068e-04   8.718863e-09   3.858758e-05   264
  5.402209e-01   6.623729e-04   2.948686e-04   2.382149e-05   768
  5.413919e-01   7.848736e-04   3.969869e-04   5.439599e-05   240
  5.423229e-01   6.360813e-04   3.501048e-04   5.054247e-05   192
  5.436789e-01   6.420206e-04   2.577199e-04   2.776661e-05   504
  5.446846e-01   6.097449e-04   3.472873e-04   2.641118e-05   590
  5.456491e-01   6.339579e-04   3.891164e-04   3.260406e-05   384
  5.468584e-01   6.709348e-04   3.251867e-04   3.135274e-05   504
  5.483186e-01   7.144266e-04   3.129419e-04   2.733439e-05   648
  5.497348e-01   6.878393e-04   8.499089e-05   3.106870e-05   504
  5.503059e-01   7.096970e-04   1.938802e-04   3.781804e-05   312
  5.513141e-01   6.249276e-04   2.793337e-04   2.483368e-05   576
  5.526981e-01   6.645749e-04   1.943899e-04   4.393362e-05   240
  5.535050e-01   6.543861e-04   1.964216e-04   2.772298e-05   552
  5.546470e-01   7.192343e-04   1.844354e-04   2.993328e-05   600
  5.562738e-01   6.760326e-04   2.252732e-04   2.579740e-05   600
  5.572519e-01   7.466067e-04   3.607573e-04   4.562285e-05   312
  5.582259e-01   7.368366e-04   3.141839e-04   3.376574e-05   480
  5.594427e-01   7.630455e-04   1.960206e-04   3.231640e-05   576
  5.605139e-01   7.355037e-04   3.156357e-04   3.931632e-05   408
  5.614645e-01   7.413638e-04   3.682036e-04   4.701077e-05   216
  5.626926e-01   6.266333e-04   2.820025e-04   2.931667e-05   516
  5.640083e-01   7.581043e-04   2.690591e-04   3.079255e-05   744
  5.653657e-01   7.120498e-04   1.797077e-04   3.414943e-05   462
  5.661327e-01   7.673307e-04   1.826469e-04   3.863033e-05   432
  5.673224e-01   7.760191e-04   1.694450e-04   2.856715e-05   648
  5.687212e-01   7.925103e-04   2.479296e-04   3.405941e-05   528
  5.698448e-01   6.774532e-04   2.985691e-04   2.919945e-05   600
  5.709675e-01   6.847790e-04   3.764176e-04   5.529798e-05   240
  5.720549e-01   7.088100e-04   2.883323e-04   2.667960e-05   720
  5.733187e-01   8.064536e-04   2.281230e-04   2.946028e-05   720
  5.747197e-01   6.623647e-04   0.000000e+00   4.966748e-05   144
  5.754570e-01   7.060369e-04   2.941188e-04   2.627497e-05   720
  5.765058e-01   8.679230e-04   1.763594e-04   4.889651e-05   384
  5.778188e-01   7.524799e-04   1.955038e-04   3.005263e-05   672
  5.790646e-01   7.666080e-04   3.423056e-04   4.207670e-05   336
  5.796596e-01   8.621340e-04   7.992291e-09   5.509996e-05   288
  5.811165e-01   7.493449e-04   2.709120e-04   2.697226e-05   776
  5.824653e-01   8.309062e-04   2.318063e-04   3.251851e-05   720
  5.835980e-01   8.055377e-04   1.867370e-04   4.291161e-05   432
  5.845040e-01   7.842859e-04   2.662171e-04   4.397289e-05   504
  5.855119e-01   7.439028e-04   1.865229e-04   3.409127e-05   528
  5.869222e-01   7.990882e-04   2.541266e-04   3.842365e-05   438
  5.880825e-01   7.277963e-04   2.957801e-04   3.053061e-05   624
  5.889568e-01   8.581343e-04   3.622906e-04   4.803207e-05   312
  5.901587e-01   8.110498e-04   1.951931e-04   3.021541e-05   696
  5.914016e-01   7.872951e-04   1.766144e-04   3.473498e-05   552
  5.926943e-01   7.402262e-04   1.366406e-04   3.138495e-05   516
  5.934940e-01   7.775110e-04   2.729293e-04   3.326134e-05   528
  5.944675e-01   7.867934e-04   1.774934e-04   3.758024e-05   528
  5.958504e-01   7.998294e-04   2.340778e-04   2.923985e-05   864
  5.967890e-01   7.187551e-04   3.206384e-04   3.483362e-05   408
  5.977287e-01   7.986724e-04   3.176732e-04   5.539273e-05   192
  5.990604e-01   8.331252e-04   2.628898e-04   3.153102e-05   720
  6.001846e-01   7.376682e-04   2.423973e-04   2.699000e-05   696
  6.015205e-01   8.410560e-04   2.617914e-04   3.129139e-05   720
  6.027427e-01   7.947730e-04   3.548268e-04   3.918831e-05   432
  6.034554e-01   7.493957e-04   2.088649e-04   4.705979e-05   264
  6.047379e-01   8.506787e-04   2.884332e-04   3.239665e-05   672
  6.058849e-01   8.411908e-04   2.953113e-04   3.465553e-05   600
  6.072461e-01   8.297322e-04   1.729045e-04   5.460539e-05   270
  6.079323e-01   8.325305e-04   2.602694e-04   3.788805e-05   528
  6.090231e-01   9.261776e-04   1.782233e-04   3.618416e-05   840
  6.105187e-01   8.749068e-04   3.407949e-04   3.140686e-05   888
  6.119006e-01   8.574053e-04   2.539173e-04   3.427896e-05   744
  6.130685e-01   9.458392e-04   1.304764e-04   4.826928e-05   456
  6.136494e-01   8.261190e-04   1.783041e-04   4.069780e-05   360
  6.146434e-01   8.569267e-04   1.544904e-04   4.134649e-05   384
  6.161685e-01   9.169218e-04   2.478012e-04   3.348806e-05   816
  6.173129e-01   9.204122e-04   3.595249e-04   3.168439e-05   824
  6.187038e-01   9.024266e-04   1.671243e-04   5.055770e-05   360
  6.194487e-01   1.029642e-03   2.466127e-04   4.346936e-05   624
  6.204737e-01   8.056765e-04   1.666475e-04   4.088450e-05   360
  6.218393e-01   9.202385e-04   2.266896e-04   3.141322e-05   876
  6.230726e-01   8.718019e-04   2.692394e-04   3.711498e-05   696
  6.243164e-01   9.880318e-04   1.738571e-04   5.463637e-05   336
  6.249685e-01   9.926166e-04   1.736618e-04   4.790216e-05   504
  6.260455e-01   9.225002e-04   1.751666e-04   3.492377e-05   672
  6.276432e-01   8.752524e-04   3.487160e-04   3.328876e-05   720
  6.287513e-01   8.603543e-04   2.634177e-04   3.510894e-05   774
  6.299744e-01   9.465665e-04   1.507735e-04   4.719364e-05   384
  6.306149e-01   9.408600e-04   2.901529e-04   4.334715e-05   528
  6.316091e-01   9.639946e-04   2.765319e-04   3.577684e-05   744
  6.332082e-01   9.866724e-04   2.280801e-04   3.653764e-05   768
  6.342699e-01   9.640289e-04   2.560371e-04   4.106856e-05   552
  6.355947e-01   9.063927e-04   2.790515e-04   3.544178e-05   696
  6.365801e-01   1.017071e-03   3.390961e-04   5.521477e-05   408
  6.373624e-01   9.515344e-04   1.464922e-04   4.421201e-05   504
  6.386025e-01   9.293203e-04   2.631678e-04   3.429250e-05   888
  6.398228e-01   9.106767e-04   2.735074e-04   3.707459e-05   648
  6.410912e-01   9.413804e-04   2.711630e-04   3.978187e-05   648
  6.422845e-01   9.806419e-04   2.923802e-04   3.559053e-05   792
  6.435486e-01   9.535004e-04   4.277722e-04   3.973629e-05   600
  6.444800e-01   9.328186e-04   2.899046e-04   4.557637e-05   456
  6.454604e-01   1.015902e-03   1.412871e-04   4.033614e-05   648
  6.467196e-01   9.472503e-04   2.755305e-04   3.102767e-05   936
  6.480791e-01   9.768006e-04   1.692113e-04   4.802771e-05   384
  6.492625e-01   5.295391e-07   0.000000e+00   5.373530e-08   198
  6.501758e-01   4.932784e-07   4.293034e-04   2.069488e-08   1224
  6.511610e-01   3.708936e-07   3.126651e-04   2.801327e-08   420
  6.523261e-01   4.818303e-07   3.025944e-04   2.564372e-08   792
  6.534654e-01   5.054557e-07   2.502197e-04   2.565375e-08   680
  6.547656e-01   5.144283e-07   2.297635e-04   3.070445e-08   600
  6.558117e-01   5.084224e-07   3.332201e-04   2.459908e-08   840
  6.572086e-01   5.589960e-07   1.573311e-04   3.829765e-08   432
  6.577423e-01   4.857839e-07   1.474399e-04   2.504476e-08   720
  6.589028e-01   4.458344e-07   2.952964e-04   2.014454e-08   960
  6.603461e-01   5.494747e-07   2.632351e-04   3.527485e-08   528
  6.614009e-01   4.917408e-07   2.690765e-04   2.848325e-08   624
  6.626564e-01   4.566732e-07   2.114923e-04   2.336670e-08   816
  6.639025e-01   4.257486e-07   3.478036e-04   2.305950e-08   696
  6.652796e-01   4.722276e-07   9.590750e-09   4.598968e-08   240
  6.657974e-01   5.388795e-07   2.051081e-04   2.838371e-08   672
  6.669532e-01   4.452865e-07   3.665574e-04   2.038473e-08   864
  6.682496e-01   5.396807e-07   2.812733e-04   2.445018e-08   816
  6.694181e-01   4.906834e-07   1.609912e-04   2.547625e-08   648
  6.706767e-01   4.711859e-07   1.645623e-04   2.266517e-08   843
  6.717452e-01   5.197174e-07   2.960880e-04   2.734745e-08   780
  6.730185e-01   6.426152e-07   1.588753e-04   5.344410e-08   216
  6.738038e-01   4.430333e-07   3.831105e-04   1.879876e-08   1056
  6.750118e-01   5.955576e-07   3.134274e-04   4.820591e-08   228
  6.761301e-01   4.393641e-07   3.902249e-04   1.930465e-08   924
  6.772783e-01   3.992025e-07   1.447516e-04   2.093763e-08   696
  6.784941e-01   4.899167e-07   2.576163e-04   2.134436e-08   996
  6.797379e-01   4.949832e-07   1.520916e-04   2.675131e-08   576
  6.810320e-01   5.394656e-07   2.347432e-04   3.324838e-08   552
  6.819753e-01   4.718380e-07   2.802752e-04   2.974108e-08   516
  6.829327e-01   4.767506e-07   4.075783e-04   2.293440e-08   744
  6.840265e-01   6.115988e-07   1.999414e-04   3.838517e-08   576
  6.849781e-01   4.554295e-07   2.057904e-04   2.001652e-08   792
  6.863303e-01   4.296287e-07   2.352566e-04   1.969469e-08   792
  6.873212e-01   5.024632e-07   2.537217e-04   2.526486e-08   720
  6.886614e-01   4.375661e-07   2.891844e-04   2.147665e-08   656
  6.899172e-01   4.475289e-07   3.157744e-04   2.190517e-08   816
  6.912045e-01   4.738572e-07   1.702602e-04   2.646841e-08   492
  6.919363e-01   4.774909e-07   2.449314e-04   2.580418e-08   552
  6.933096e-01   5.267489e-07   4.259058e-04   2.831309e-08   780
  6.942015e-01   4.430972e-07   2.616289e-04   2.604916e-08   528
  6.951624e-01   4.489477e-07   3.054005e-04   2.067042e-08   600
  6.965787e-01   4.350081e-07   2.538120e-04   1.790474e-08   900
  6.975549e-01   4.912273e-07   1.405147e-04   2.250714e-08   696
  6.988979e-01   5.334377e-07   3.552967e-04   2.435596e-08   696
  7.001972e-01   5.355465e-07   1.441405e-04   2.661392e-08   552
  7.012898e-01   4.143916e-07   1.676221e-04   2.055888e-08   708
  7.024344e-01   5.163861e-07   2.767536e-04   2.418409e-08   876
  7.036253e-01   3.695428e-07   1.469507e-04   3.118724e-08   216
  7.044246e-01   4.120000e-07   4.019301e-04   1.688210e-08   1032
  7.056214e-01   5.075147e-07   4.475047e-04   2.692022e-08   600
  7.068637e-01   5.669401e-07   2.135326e-04   2.688887e-08   600
  7.078114e-01   4.450700e-07   3.770786e-04   2.850868e-08   528
  7.089316e-01   4.689865e-07   2.069996e-04   1.972241e-08   732
  7.101116e-01   3.600092e-07   1.528505e-04   2.204165e-08   336
  7.114699e-01   4.793191e-07   2.178422e-04   1.857009e-08   912
  7.124851e-01   4.736466e-07   2.186476e-04   2.112595e-08   624
  7.135942e-01   4.590951e-07   1.842497e-04   2.188970e-08   768
  7.148888e-01   5.045643e-07   3.324228e-04   2.278771e-08   792
  7.161595e-01   4.613580e-07   1.648015e-04   2.294393e-08   660
  7.170636e-01   4.582183e-07   2.428615e-04   2.464309e-08   504
  7.179987e-01   5.152809e-07   3.967892e-04   2.855138e-08   480
  7.194001e-01   4.241942e-07   3.669783e-04   1.753380e-08   912
  7.204975e-01   5.254669e-07   4.086872e-04   3.235812e-08   432
  7.215338e-01   4.155237e-07   2.426689e-04   2.271802e-08   564
  7.224540e-01   4.614392e-07   2.322675e-04   2.082348e-08   600
  7.237493e-01   4.315822e-07   3.237589e-04   1.677931e-08   876
  7.247223e-01   5.049442e-07   1.455718e-04   3.551277e-08   264
  7.260636e-01   5.460162e-07   2.824665e-04   2.790388e-08   560
  7.271417e-01   4.662908e-07   1.919421e-04   1.853708e-08   840
  7.284504e-01   5.124725e-07   2.959193e-04   2.066919e-08   1008
  7.296606e-01   6.174181e-07   1.323744e-04   2.993354e-08   456
  7.307658e-01   5.289694e-07   1.714724e-04   2.642836e-08   576
  7.317876e-01   5.073580e-07   2.634856e-04   2.518840e-08   612
  7.331349e-01   4.771698e-07   2.353354e-04   2.137601e-08   780
  7.342341e-01   4.793065e-07   2.696836e-04   2.191129e-08   648
  7.353591e-01   5.409162e-07   1.256760e-04   3.792929e-08   312
  7.360783e-01   5.387514e-07   3.193221e-04   2.946488e-08   528
  7.373241e-01   4.847934e-07   4.170188e-04   2.092915e-08   720
  7.385155e-01   4.725470e-07   4.183247e-04   2.066783e-08   576
  7.399599e-01   5.025131e-07   3.608590e-04   2.507995e-08   444
  7.408586e-01   5.112405e-07   3.538864e-04   1.866181e-08   996
  7.419599e-01   4.870347e-07   2.956016e-04   2.712894e-08   432
  7.430008e-01   4.989757e-07   3.236256e-04   2.606143e-08   504
  7.438999e-01   6.301483e-07   1.459075e-04   2.889012e-08   504
  7.451803e-01   5.240403e-07   2.871477e-04   2.196538e-08   876
  7.463388e-01   5.224451e-07   3.304796e-04   2.714688e-08   504
  7.475452e-01   4.811501e-07   2.107626e-04   1.951254e-08   696
  7.485421e-01   5.645190e-07   1.801799e-04   2.853465e-08   492
  7.498987e-01   5.074528e-07   2.579363e-04   2.697342e-08   432
  7.509034e-01   5.129582e-07   2.415290e-04   2.052858e-08   768
  7.520944e-01   4.843651e-07   3.008569e-04   2.314100e-08   648
  7.532317e-01   4.873824e-07   1.962768e-04   2.449737e-08   456
  7.545385e-01   4.860671e-07   2.699125e-04   2.348228e-08   552
  7.554460e-01   5.371741e-07   1.849982e-04   2.625578e-08   648
  7.566950e-01   5.099476e-07   3.015367e-04   1.931404e-08   840
  7.579151e-01   5.726176e-07   1.437965e-04   3.186573e-08   432
  7.591366e-01   4.889592e-07   1.761262e-04   2.113820e-08   600
  7.599862e-01   5.659576e-07   1.876509e-04   3.413172e-08   432
  7.614131e-01   5.075250e-07   1.868247e-04   2.653644e-08   560
  7.623795e-01   5.539653e-07   2.957239e-04   2.183325e-08   840
  7.635896e-01   5.877151e-07   1.751616e-04   2.659433e-08   504
  7.645506e-01   5.137798e-07   3.574943e-04   2.229724e-08   696
  7.659053e-01   5.665312e-07   1.952507e-04   3.169801e-08   384
  7.669605e-01   5.122656e-07   2.860193e-04   2.217789e-08   576
  7.682367e-01   4.987623e-07   1.765168e-04   3.260176e-08   360
  7.692654e-01   5.269825e-07   2.628763e-04   2.325818e-08   828
  7.703752e-01   5.517712e-07   2.341402e-04   3.073522e-08   372
  7.713920e-01   5.728495e-07   3.575770e-04   2.648267e-08   576
  7.727390e-01   5.599178e-07   1.497528e-04   2.491751e-08   636
  7.736987e-01   5.267717e-07   2.886848e-04   2.338771e-08   648
  7.749969e-01   6.328257e-07   2.346692e-04   3.093210e-08   576
  7.759289e-01   5.415464e-07   3.785461e-04   2.740804e-08   528
  7.771683e-01   5.129717e-07   1.618441e-04   2.865852e-08   360
  7.781942e-01   5.326804e-07   3.723021e-04   2.227985e-08   672
  7.795338e-01   5.149765e-07   1.906993e-04   1.989292e-08   804
  7.806488e-01   6.136777e-07   2.103641e-04   3.572337e-08   408
  7.818822e-01   4.792351e-07   1.300279e-04   2.354882e-08   384
  7.827127e-01   5.526490e-07   2.975538e-04   3.015334e-08   480
  7.838841e-01   5.683547e-07   1.922633e-04   2.785642e-08   432
  7.850075e-01   6.188787e-07   3.543003e-04   2.623729e-08   648
  7.863374e-01   5.763439e-07   2.198417e-04   2.733924e-08   624
  7.873102e-01   5.961396e-07   1.999645e-04   3.496458e-08   456
  7.886385e-01   5.397245e-07   2.731694e-04   2.828576e-08   588
  7.895286e-01   5.120056e-07   1.742809e-04   2.315401e-08   600
  7.908283e-01   5.493064e-07   2.718355e-04   2.241511e-08   708
  7.918549e-01   4.976503e-07   1.712511e-04   2.962485e-08   360
  7.929893e-01   5.794778e-07   1.968577e-04   2.919018e-08   552
  7.940768e-01   5.504829e-07   1.381003e-04   3.733305e-08   288
  7.951809e-01   5.068009e-07   2.596664e-04   2.330587e-08   528
  7.962181e-01   5.161863e-07   1.751829e-04   2.515065e-08   456
  7.973771e-01   5.504651e-07   3.106374e-04   2.339368e-08   608
  7.985427e-01   5.303877e-07   1.502898e-04   2.768279e-08   504
  7.998164e-01   5.638249e-07   3.226637e-04   3.037989e-08   540
  8.008151e-01   6.169392e-07   3.463704e-04   3.974832e-08   360
  8.018917e-01   6.290343e-07   1.568542e-04   2.947061e-08   540
  8.028439e-01   5.924661e-07   1.346780e-04   2.939984e-08   576
  8.042285e-01   5.642270e-07   3.122726e-04   2.466434e-08   588
  8.055450e-01   5.902269e-07   4.308419e-04   2.645616e-08   672
  8.066761e-01   6.280983e-07   3.292961e-04   3.288144e-08   552
  8.075877e-01   4.475576e-07   3.294626e-04   4.297558e-08   144
  8.087511e-01   5.843027e-07   2.799123e-04   2.713803e-08   600
  8.098542e-01   5.421607e-07   3.507912e-04   2.760832e-08   504
  8.110784e-01   5.913071e-07   3.603334e-04   4.040886e-08   336
  8.123661e-01   5.569527e-07   4.050163e-04   2.389284e-08   600
  8.135194e-01   5.777671e-07   2.613843e-04   2.642991e-08   636
  8.147641e-01   5.881210e-07   2.101554e-04   4.149516e-08   384
  8.156368e-01   5.946766e-07   2.931419e-04   3.553579e-08   504
  8.168946e-01   6.493916e-07   1.230275e-04   4.563861e-08   240
  8.178874e-01   6.143841e-07   2.890092e-04   2.414246e-08   744
  8.190784e-01   5.594658e-07   1.973493e-04   2.674621e-08   648
  8.201369e-01   8.180644e-07   1.310064e-04   7.648191e-08   120
  8.213775e-01   5.546887e-07   2.057940e-04   2.451823e-08   564
  8.223149e-01   6.654926e-07   3.232119e-04   3.671403e-08   432
  8.235661e-01   5.219644e-07   2.508763e-04   3.181222e-08   480
  8.245082e-01   5.143576e-07   1.846513e-04   2.979713e-08   456
  8.256202e-01   5.917469e-07   3.055706e-04   3.386991e-08   444
  8.268821e-01   5.905341e-07   4.675392e-04   2.822697e-08   528
  8.279907e-01   5.930170e-07   3.472317e-04   4.834282e-08   264
  8.290664e-01   5.753438e-07   3.558608e-04   3.134202e-08   444
  8.305136e-01   6.138496e-07   3.897932e-04   2.654217e-08   696
  8.317148e-01   6.147715e-07   2.084744e-04   3.434549e-08   384
  8.325934e-01   6.782891e-07   2.634249e-04   3.755640e-08   432
  8.339598e-01   7.771589e-07   1.820143e-04   5.166664e-08   488
  8.348470e-01   6.807439e-07   2.743182e-04   3.350527e-08   480
  8.361333e-01   5.915205e-07   3.059215e-04   3.326974e-08   480
  8.371295e-01   5.811204e-07   1.283553e-04   3.606793e-08   240
  8.382605e-01   6.262990e-07   2.998278e-04   3.069318e-08   600
  8.393273e-01   6.239071e-07   2.612693e-04   4.219846e-08   288
  8.404633e-01   6.377740e-07   2.513219e-04   3.711459e-08   480
  8.416137e-01   5.386278e-07   4.470568e-04   2.987574e-08   504
  8.427464e-01   7.586717e-07   1.918152e-04   5.302101e-08   216
  8.441910e-01   6.714920e-07   3.140320e-04   3.907206e-08   504
  8.453161e-01   6.167385e-07   2.525773e-04   3.592384e-08   456
  8.465476e-01   8.300446e-07   1.448574e-04   5.309541e-08   384
  8.473633e-01   7.566770e-07   2.940081e-04   4.261702e-08   480
  8.485224e-01   5.927517e-07   2.581721e-04   3.489812e-08   504
  8.495963e-01   6.870865e-07   1.637682e-04   4.888545e-08   312
  8.507536e-01   6.545759e-07   2.639069e-04   3.930728e-08   492
  8.517779e-01   6.655426e-07   2.473513e-04   3.809815e-08   312
  8.530964e-01   5.961354e-07   4.018026e-04   2.509282e-08   576
  8.542572e-01   7.344345e-07   3.708963e-04   5.414811e-08   336
  8.552213e-01   5.341898e-07   2.855730e-04   3.913415e-08   240
  8.565577e-01   6.394829e-07   3.785974e-04   3.649594e-08   468
  8.577117e-01   6.284796e-07   2.370567e-04   6.656936e-08   192
  8.589195e-01   5.348968e-07   2.377633e-04   3.800344e-08   324
  8.598047e-01   6.366127e-07   1.725647e-04   3.400949e-08   600
  8.610110e-01   6.289640e-07   2.799685e-04   3.397769e-08   456
  8.619069e-01   7.162531e-07   1.259298e-04   4.668570e-08   336
  8.633917e-01   6.294610e-07   3.770695e-04   3.068064e-08   612
  8.644719e-01   4.231189e-07   3.164532e-04   4.976391e-08   144
  8.654935e-01   6.959636e-07   3.693821e-04   3.744114e-08   552
  8.668827e-01   5.354319e-07   1.454672e-04   3.235932e-08   264
  8.676676e-01   6.048971e-07   3.367937e-04   4.127820e-08   336
  8.689058e-01   6.006115e-07   2.225417e-04   3.458914e-08   384
  8.699797e-01   5.763457e-07   1.252690e-04   5.352706e-08   216
  8.711683e-01   5.553787e-07   2.655962e-04   3.882432e-08   344
  8.722521e-01   5.126782e-07   3.962819e-04   3.090925e-08   408
  8.735729e-01   6.277457e-07   3.045168e-04   5.473057e-08   264
  8.747433e-01   6.070116e-07   4.245115e-04   3.064023e-08   612
  8.759127e-01   7.084744e-07   2.184861e-04   4.495830e-08   408
  8.771153e-01   5.754617e-07   2.188001e-04   4.225927e-08   444
  8.779988e-01   9.666780e-07   1.223733e-04   9.443449e-08   120
  8.791827e-01   6.830609e-07   3.380949e-04   4.875523e-08   336
  8.800614e-01   6.110250e-07   1.174866e-04   4.464658e-08   288
  8.812488e-01   6.020458e-07   3.656205e-04   3.092096e-08   552
  8.828813e-01   6.382579e-07   1.957704e-08   8.978373e-08   72
  8.837207e-01   6.205964e-07   3.631543e-04   3.525325e-08   504
  8.847012e-01   4.417053e-07   1.168595e-04   4.255812e-08   216
  8.859716e-01   5.775711e-07   2.086446e-04   4.200947e-08   312
  8.871120e-01   4.850552e-07   2.375747e-04   3.275112e-08   336
  8.881989e-01   5.747370e-07   3.293052e-04   5.065983e-08   204
  8.892814e-01   8.502877e-07   3.827027e-04   5.391439e-08   504
  8.904295e-01   7.809850e-07   3.644429e-04   4.987435e-08   396
  8.915335e-01   6.524002e-07   3.342132e-04   4.721938e-08   312
  8.928719e-01   8.129472e-07   2.042400e-04   7.060115e-08   216
  8.938150e-01   6.423983e-07   1.108450e-04   6.605687e-08   168
  8.949610e-01   6.528538e-07   2.798897e-04   3.212239e-08   588
  8.962689e-01   5.039378e-07   3.799175e-04   3.916120e-08   240
  8.972850e-01   5.198491e-07   3.355308e-04   4.578536e-08   264
  8.984767e-01   6.687625e-07   4.149529e-04   5.866737e-08   288
  8.995339e-01   7.140205e-07   2.072102e-04   6.183191e-08   288
  9.008740e-01   4.964365e-07   1.946034e-04   3.606835e-08   288
  9.017763e-01   6.126330e-07   2.254318e-04   4.626348e-08   192
  9.029115e-01   4.822782e-07   2.398820e-04   3.408582e-08   264
  9.039929e-01   9.392370e-07   3.945727e-04   6.634104e-08   372
  9.051567e-01   8.840122e-07   4.261555e-04   8.477902e-08   360
  9.065772e-01   7.917161e-07   1.803531e-04   1.151070e-07   144
  9.073113e-01   5.017766e-07   2.505025e-04   4.844592e-08   296
  9.084702e-01   6.042992e-07   2.699035e-04   5.491671e-08   288
  9.097970e-01   6.362959e-07   4.033639e-04   3.796069e-08   480
  9.109414e-01   5.922653e-07   3.351569e-04   9.380304e-08   192
  9.120543e-01   7.235512e-07   3.595015e-04   5.907946e-08   192
  9.130658e-01   5.223683e-07   2.291145e-04   3.892319e-08   288
  9.144726e-01   3.397279e-07   1.994411e-04   3.965254e-08   108
  9.151811e-01   5.581520e-07   1.917382e-04   4.923985e-08   240
  9.164324e-01   5.104836e-07   3.576920e-04   3.716902e-08   384
  9.177178e-01   7.123448e-07   4.363437e-04   7.580842e-08   108
  9.188545e-01   7.815832e-07   2.558364e-04   5.991599e-08   348
  9.200497e-01   5.059084e-07   2.670009e-04   4.793484e-08   312
  9.211172e-01   5.198227e-07   2.594474e-04   1.033026e-07   96
  9.220989e-01   6.555632e-07   3.454074e-04   4.868534e-08   384
  9.231983e-01   6.589413e-07   2.375703e-04   6.130838e-08   144
  9.242737e-01   6.668223e-07   3.650373e-04   4.631449e-08   408
  9.256105e-01   4.376264e-07   1.628324e-04   5.724933e-08   144
  9.268733e-01   6.352560e-07   3.130471e-04   7.229150e-08   192
  9.276223e-01   8.005032e-07   3.523403e-04   8.499677e-08   144
  9.288431e-01   5.246760e-07   2.864656e-04   5.060006e-08   144
  9.299949e-01   6.922174e-07   3.501074e-04   6.089038e-08   336
  9.314055e-01   4.032122e-07   2.590351e-04   2.983258e-08   240
  9.322999e-01   5.601524e-07   1.176255e-04   7.673825e-08   96
  9.335474e-01   6.658336e-07   3.449390e-04   5.262867e-08   372
  9.348094e-01   5.597249e-07   4.102976e-04   8.100213e-08   132
  9.359179e-01   4.604897e-07   2.538872e-04   3.528740e-08   264
  9.369095e-01   8.936986e-07   1.949738e-04   9.952590e-08   168
  9.379679e-01   6.787820e-07   3.117257e-04   5.582297e-08   216
  9.389028e-01   4.722241e-07   1.907177e-04   6.209370e-08   216
  9.402644e-01   3.537834e-07   3.498876e-04   4.204255e-08   96
  9.414999e-01   6.959850e-07   2.282697e-04   8.212586e-08   120
  9.426329e-01   5.432384e-07   2.901950e-04   5.296786e-08   216
  9.435662e-01   4.752528e-07   1.268162e-04   4.817442e-08   200
  9.448020e-01   6.024983e-07   3.282727e-04   7.730413e-08   288
  9.463870e-01   2.484962e-07   8.637492e-05   2.007066e-08   144
  9.470544e-01   6.286866e-07   2.687934e-04   1.064626e-07   168
  9.484173e-01   5.026232e-07   3.025020e-04   6.835157e-08   159
  9.494812e-01   4.497333e-07   3.173973e-04   3.420849e-08   174
  9.505108e-01   4.023102e-07   2.878048e-04   3.927321e-08   144
  9.518590e-01   5.952299e-07   1.661865e-04   5.267271e-08   222
  9.527607e-01   4.892780e-07   1.676969e-04   5.317777e-08   168
  9.543181e-01   6.399473e-07   3.678236e-04   1.357027e-07   30
  9.549614e-01   2.434822e-07   3.247612e-04   3.372406e-08   72
  9.561731e-01   5.100683e-07   2.898455e-04   5.225141e-08   258
  9.575053e-01   4.286961e-07   1.815377e-04   3.324713e-08   264
  9.581715e-01   4.940360e-07   0.000000e+00   7.509537e-08   72
  9.595596e-01   3.064327e-07   3.598154e-04   3.168874e-08   174
  9.608164e-01   5.586214e-07   3.831369e-04   7.895341e-08   168
  9.618269e-01   1.885410e-07   1.198844e-08   2.863749e-08   48
  9.629116e-01   3.181332e-07   2.163664e-04   3.386211e-08   150
  9.641694e-01   7.123061e-07   3.980216e-04   6.548122e-08   168
  9.654305e-01   3.668711e-07   2.424563e-04   4.037272e-08   144
  9.665902e-01   4.285068e-07   2.265094e-04   7.646873e-08   102
  9.674541e-01   2.134020e-07   3.352727e-04   1.782553e-08   96
  9.688246e-01   1.673333e-07   3.327357e-04   1.331801e-08   120
  9.698396e-01   1.719867e-07   3.568677e-04   1.347489e-08   168
  9.709374e-01   5.854406e-07   2.635186e-04   6.184905e-08   126
  9.718728e-01   3.567762e-07   1.987457e-04   4.618965e-08   168
  9.731615e-01   2.199228e-07   3.186890e-04   3.181376e-08   72
  9.742877e-01   2.505078e-07   3.990696e-04   2.204807e-08   168
  9.752743e-01   4.494960e-07   1.094046e-04   8.232684e-08   78
  9.766261e-01   2.401858e-07   1.796342e-04   3.167346e-08   60
  9.777146e-01   7.008065e-07   2.913957e-04   1.332688e-07   96
  9.788436e-01   2.882704e-07   3.535845e-04   2.421260e-08   168
  9.799046e-01   2.399713e-07   2.237345e-04   4.214658e-08   86
  9.810179e-01   2.066526e-07   1.999656e-04   2.871666e-08   120
  9.826135e-01   2.381554e-07   1.426020e-04   2.306860e-08   168
  9.834741e-01   1.588134e-07   0.000000e+00   1.848178e-08   48
  9.846330e-01   4.815880e-07   2.598054e-04   5.530034e-08   120
  9.852989e-01   3.161387e-07   1.895385e-04   4.423246e-08   126
  9.869246e-01   3.071222e-07   3.333454e-04   3.739656e-08   96
  9.879797e-01   2.955546e-07   9.612037e-05   3.127218e-08   96
  9.888118e-01   2.009313e-07   0.000000e+00   2.573468e-08   72
  9.905847e-01   2.448234e-07   1.198844e-08   4.713847e-08   24
  9.916911e-01   3.264119e-07   1.978134e-04   3.025261e-08   120
  9.925543e-01   2.433454e-07   2.885490e-04   3.093594e-08   126
  9.935140e-01   2.050214e-07   2.405447e-04   2.434510e-08   96
  9.946355e-01   1.331489e-07   4.157314e-04   1.561526e-08   72
  9.958843e-01   2.155966e-07   1.798178e-04   1.873829e-08   144
  9.969115e-01   2.273627e-07   1.037147e-04   3.018364e-08   72
  9.979377e-01   3.313898e-07   2.071553e-04   5.944832e-08   54
  9.988408e-01   2.901679e-07   1.825532e-04   3.244863e-08   108
  1.000718e+00   3.486254e-07   1.789493e-04   3.947548e-08   72
  1.001302e+00   2.666518e-07   1.032599e-04   3.068837e-08   72
  1.002688e+00   1.582260e-07   2.076458e-08   2.025978e-08   24
  1.004000e+00   1.110174e-07   2.184508e-04   1.749251e-08   48
  1.004796e+00   2.563821e-07   1.664031e-04   3.512930e-08   102
  1.005995e+00   1.778480e-07   3.763347e-04   1.358787e-08   168
  1.007561e+00   1.458096e-07   2.052441e-04   2.090252e-08   72
  1.008142e+00   1.704518e-07   0.000000e+00   2.872528e-08   48
  1.009359e+00   2.142158e-07   3.530324e-04   2.276930e-08   120
  1.010966e+00   2.190999e-07   2.169455e-04   1.894637e-08   96
  1.012484e+00   3.873043e-07   2.349244e-08   1.256011e-07   30
  1.014287e+00   2.805806e-07   1.019306e-04   4.119508e-08   72
  1.015080e+00   1.529258e-07   1.198844e-08   3.851527e-08   24
  1.016098e+00   8.103786e-08   1.510864e-04   1.464961e-08   56
  1.017238e+00   8.269850e-08   2.156079e-04   7.788529e-09   96
  1.018603e+00   1.718390e-07   2.380838e-04   1.593418e-08   144
  1.019655e+00   2.309530e-07   1.351747e-04   4.571719e-08   54
  1.021183e+00   1.737876e-07   2.025059e-04   1.827316e-08   108
  1.022721e+00   3.949186e-07   1.072260e-04   7.363083e-08   48
  1.024186e+00   1.833970e-07   4.037400e-04   1.818312e-08   72
  1.027699e+00   3.373961e-07   2.667523e-04   4.471049e-08   78
  1.028673e+00   9.133450e-08   2.010313e-04   1.141582e-08   72
  1.029809e+00   1.003862e-07   2.007817e-04   1.175638e-08   72
  1.030998e+00   1.809856e-07   4.845084e-04   1.654808e-08   96
  1.031937e+00   1.023626e-07   2.003678e-04   6.933926e-09   72
  1.033070e+00   1.396062e-07   0.000000e+00   2.383234e-08   24
  1.034201e+00   1.792091e-07   3.998310e-04   2.152201e-08   72
  1.036757e+00   2.031365e-07   2.539049e-04   4.140162e-08   30
  1.037307e+00   2.880267e-07   0.000000e+00   6.202921e-08   24
  1.040263e+00   8.486099e-08   2.108357e-04   1.248578e-08   48
  1.041190e+00   1.236822e-07   4.537181e-04   1.817721e-08   120
  1.042439e+00   8.126687e-08   1.983761e-04   1.172929e-08   72
  1.043701e+00   1.186541e-07   1.981363e-04   2.049208e-08   36
  1.044568e+00   1.300317e-07   3.916095e-04   1.542422e-08   78
  1.046988e+00   1.597185e-07   2.094814e-04   1.929319e-08   48
  1.050126e+00   2.084244e-07   1.695421e-08   2.859489e-08   24
  1.052361e+00   4.829811e-08   1.458786e-04   8.033577e-09   56
  1.053486e+00   5.706501e-08   2.244796e-04   6.087864e-09   102
  1.054918e+00   9.628663e-08   1.598458e-08   1.116470e-08   72
  1.055750e+00   1.153912e-07   0.000000e+00   1.989127e-08   24
  1.057203e+00   9.309699e-08   2.074574e-04   1.150316e-08   48
  1.059896e+00   1.122081e-07   0.000000e+00   2.682400e-08   24
  1.063202e+00   1.115199e-07   0.000000e+00   5.830797e-08   6
  1.064233e+00   3.296635e-08   0.000000e+00   6.857022e-09   24
  1.064920e+00   5.751859e-08   1.941879e-04   6.351365e-09   72
  1.066174e+00   5.048581e-08   3.622758e-04   4.667373e-09   84
  1.067525e+00   9.178007e-08   0.000000e+00   2.024978e-08   24
  1.067936e+00   9.787528e-08   1.695421e-08   1.333070e-08   24
  1.069988e+00   9.174662e-08   1.198844e-08   1.859554e-08   24
  1.072854e+00   8.018299e-08   0.000000e+00   2.248403e-08   6
  1.076527e+00   3.227081e-08   2.037334e-04   4.158903e-09   48
  1.077410e+00   4.657706e-08   3.838004e-04   5.121672e-09   72
  1.078563e+00   6.280951e-08   2.033489e-04   9.689798e-09   48
  1.080391e+00   1.267798e-07   0.000000e+00   2.030593e-08   24
  1.082825e+00   2.260581e-07   1.198844e-08   3.344881e-08   6
  1.088280e+00   1.476525e-08   0.000000e+00   3.161879e-09   8
  1.088683e+00   3.943704e-08   1.198844e-08   1.069782e-08   48
  1.089649e+00   4.634268e-08   1.972060e-04   7.422065e-09   60
  1.091097e+00   6.796111e-08   0.000000e+00   1.597810e-08   24
  1.093106e+00   7.373209e-08   0.000000e+00   2.152633e-08   6
  1.100504e+00   2.962932e-08   0.000000e+00   5.710409e-09   24
  1.101102e+00   2.962932e-08   1.991864e-04   3.410511e-09   48
  1.102098e+00   4.452570e-08   0.000000e+00   1.209082e-08   24
  1.103689e+00   8.342779e-09   1.198844e-08   2.958509e-09   6
  1.112726e+00   1.613913e-08   1.858219e-04   2.216130e-09   36
  1.113383e+00   3.171466e-08   0.000000e+00   8.004564e-09   24
  1.114565e+00   3.162303e-08   0.000000e+00   1.794036e-08   6
  1.124848e+00   2.088228e-08   1.688735e-04   3.621840e-09   32
  1.125725e+00   1.101790e-08   1.198844e-08   2.771180e-09   6
  1.136776e+00   8.587795e-09   0.000000e+00   2.264625e-09   12
  1.137162e+00   2.367793e-08   0.000000e+00   4.818929e-09   6
  1.148867e+00   5.920110e-09   1.695421e-08   5.612012e-10   6
