# power spectrum of delta
# redshift z=100.000000
# k              Pk             sigma(k)       sigma(Pk)      count
  1.256637e-01   4.327752e-05   0.000000e+00   1.869411e-05   6
  1.777153e-01   4.464560e-05   0.000000e+00   9.554232e-06   12
  2.176559e-01   4.823108e-05   2.384186e-09   1.057625e-05   8
  2.513274e-01   2.070964e-04   0.000000e+00   2.388816e-05   6
  2.809926e-01   1.734444e-04   0.000000e+00   5.929795e-05   24
  3.078120e-01   2.890953e-04   4.495664e-09   5.240081e-05   24
  3.554306e-01   1.644815e-04   0.000000e+00   7.924519e-05   12
  3.769911e-01   2.136660e-04   5.086263e-09   4.195372e-05   30
  3.973835e-01   2.957648e-04   0.000000e+00   6.970944e-05   24
  4.167794e-01   2.934343e-04   7.786718e-09   7.799028e-05   24
  4.353118e-01   3.682990e-04   4.768372e-09   7.942588e-05   8
  4.530869e-01   3.373034e-04   6.357829e-09   4.514254e-05   24
  4.701905e-01   3.407211e-04   0.000000e+00   5.147510e-05   48
  5.026548e-01   4.569754e-04   0.000000e+00   2.152410e-04   6
  5.181247e-01   3.880588e-04   8.991328e-09   5.861926e-05   48
  5.331460e-01   3.806775e-04   0.000000e+00   4.260304e-05   36
  5.477554e-01   5.795622e-04   6.357829e-09   1.301313e-04   24
  5.619852e-01   3.577704e-04   0.000000e+00   6.557032e-05   24
  5.758634e-01   3.353023e-04   0.000000e+00   4.864866e-05   48
  5.894150e-01   5.423614e-04   8.991328e-09   8.271114e-05   24
  6.156239e-01   4.775764e-04   8.991328e-09   7.984941e-05   24
  6.283185e-01   3.357442e-04   0.000000e+00   5.908694e-05   30
  6.407617e-01   3.772194e-04   0.000000e+00   4.464222e-05   72
  6.529678e-01   3.803869e-04   9.536743e-09   8.346769e-05   32
  6.767198e-01   5.511536e-04   0.000000e+00   6.870093e-05   72
  6.882885e-01   3.457789e-04   0.000000e+00   5.419501e-05   48
  7.108613e-01   1.968876e-04   0.000000e+00   6.265961e-05   12
  7.273110e-01   3.869443e-04   5.427997e-03   3.773583e-05   96
  7.434365e-01   5.009973e-04   8.991328e-09   6.821301e-05   48
  7.539822e-01   6.282511e-04   1.017253e-08   1.186294e-04   30
  7.720780e-01   5.989229e-04   4.442982e-03   5.982723e-05   96
  7.947671e-01   3.750303e-04   0.000000e+00   7.658241e-05   24
  8.078915e-01   5.542708e-04   4.597878e-03   4.819002e-05   144
  8.240320e-01   4.046155e-04   1.557344e-08   1.054654e-04   24
  8.406230e-01   6.246818e-04   4.078565e-03   7.622414e-05   96
  8.522927e-01   5.654917e-04   0.000000e+00   9.257519e-05   48
  8.784818e-01   7.376129e-04   3.024579e-03   8.980430e-05   62
  8.917918e-01   5.563363e-04   4.253298e-03   7.153201e-05   132
  9.061739e-01   3.803016e-04   1.271566e-08   7.177478e-05   24
  9.197543e-01   6.127052e-04   4.251090e-03   5.623126e-05   168
  9.445606e-01   7.557948e-04   4.179554e-03   6.667960e-05   96
  9.631875e-01   5.345392e-04   3.557186e-03   5.414930e-05   96
  9.860433e-01   5.904341e-04   3.964957e-03   5.238467e-05   168
  1.005310e+00   8.281305e-04   0.000000e+00   3.900695e-04   6
  1.013133e+00   6.914533e-04   0.000000e+00   7.207997e-05   96
  1.022438e+00   6.752693e-04   3.081996e-03   7.170765e-05   120
  1.041311e+00   5.603160e-04   3.578749e-03   4.786453e-05   144
  1.051378e+00   6.687070e-04   0.000000e+00   9.765939e-05   48
  1.070509e+00   6.088612e-04   3.651792e-03   6.955689e-05   84
  1.081000e+00   6.885838e-04   2.491750e-08   6.594749e-05   120
  1.090449e+00   5.478049e-04   3.313740e-03   6.807798e-05   80
  1.105074e+00   5.323709e-04   3.364535e-03   4.185003e-05   144
  1.123970e+00   6.953682e-04   0.000000e+00   1.371919e-04   24
  1.133201e+00   7.757904e-04   3.246628e-03   6.977063e-05   150
  1.147601e+00   7.172400e-04   3.368559e-03   5.527573e-05   120
  1.163416e+00   6.665569e-04   3.069733e-03   6.000873e-05   168
  1.178830e+00   1.032873e-03   1.798266e-08   1.811462e-04   24
  1.188528e+00   6.120660e-04   3.307029e-03   4.177706e-05   264
  1.198755e+00   4.908542e-04   1.798266e-08   7.445576e-05   48
  1.216189e+00   6.617902e-04   3.063158e-03   5.839220e-05   144
  1.235512e+00   8.358112e-04   3.015167e-03   1.096231e-04   72
  1.246540e+00   6.772576e-04   3.101478e-03   4.618617e-05   180
  1.261955e+00   7.326074e-04   2.247234e-03   5.873566e-05   198
  1.269141e+00   7.804612e-04   0.000000e+00   9.036681e-05   48
  1.285036e+00   6.432624e-04   3.041694e-03   5.251785e-05   168
  1.296831e+00   7.748565e-04   3.044222e-03   7.523496e-05   144
  1.314676e+00   7.503563e-04   4.277300e-03   4.186267e-05   248
  1.338772e+00   5.550420e-04   2.948852e-03   4.230917e-05   192
  1.355181e+00   7.391454e-04   4.554933e-03   5.158123e-05   240
  1.365057e+00   8.232567e-04   0.000000e+00   9.629580e-05   72
  1.380120e+00   8.654267e-04   2.779615e-03   8.115952e-05   126
  1.389623e+00   9.242974e-04   2.564571e-03   7.814482e-05   168
  1.407767e+00   8.892113e-04   2.804328e-03   5.298949e-05   288
  1.426839e+00   8.372652e-04   1.476986e-03   7.672255e-05   156
  1.436715e+00   7.214462e-04   2.484720e-03   6.741410e-05   168
  1.451693e+00   7.850594e-04   4.259613e-03   5.129237e-05   264
  1.465478e+00   7.454406e-04   0.000000e+00   9.981350e-05   48
  1.475722e+00   7.625761e-04   4.239347e-03   5.373494e-05   264
  1.490407e+00   7.866877e-04   2.498827e-03   6.977295e-05   144
  1.501498e+00   9.034015e-04   5.112474e-03   1.105556e-04   78
  1.517654e+00   7.417622e-04   3.323319e-03   4.407399e-05   336
  1.532889e+00   6.978170e-04   2.528505e-03   4.979995e-05   200
  1.542895e+00   6.855490e-04   4.950846e-03   5.592890e-05   192
  1.556403e+00   8.781206e-04   2.484459e-03   6.648161e-05   240
  1.568812e+00   9.465884e-04   4.979003e-03   7.000296e-05   168
  1.581561e+00   7.854714e-04   3.986332e-03   7.279645e-05   120
  1.596873e+00   8.943715e-04   3.115666e-03   5.112525e-05   324
  1.611730e+00   8.073770e-04   2.449443e-03   5.827099e-05   192
  1.621842e+00   9.350376e-04   4.392943e-03   7.129409e-05   168
  1.639042e+00   7.022272e-04   3.618152e-03   4.083943e-05   342
  1.654551e+00   9.805097e-04   2.913340e-03   5.397300e-05   336
  1.670270e+00   1.101832e-03   2.229470e-03   1.312343e-04   72
  1.680871e+00   8.911793e-04   3.565739e-03   6.308888e-05   288
  1.693176e+00   9.013522e-04   2.322255e-03   6.940445e-05   264
  1.710363e+00   8.118666e-04   3.054338e-03   4.726676e-05   384
  1.725757e+00   8.644177e-04   3.666000e-03   6.827619e-05   240
  1.732155e+00   9.149463e-04   0.000000e+00   1.179325e-04   48
  1.750659e+00   9.131735e-04   3.000861e-03   4.949723e-05   392
  1.764776e+00   8.520539e-04   3.293295e-03   5.145011e-05   294
  1.779956e+00   8.560040e-04   2.140470e-03   6.777386e-05   228
  1.789939e+00   1.019343e-03   3.250617e-03   7.084847e-05   216
  1.802361e+00   8.649124e-04   1.980050e-03   4.860089e-05   336
  1.817567e+00   9.379597e-04   2.352625e-03   5.722834e-05   360
  1.830119e+00   1.021078e-03   3.584392e-03   6.709767e-05   240
  1.843199e+00   9.390547e-04   4.241157e-03   7.053718e-05   168
  1.855399e+00   8.968417e-04   3.338306e-03   5.439205e-05   312
  1.869935e+00   8.897860e-04   2.089228e-03   4.867106e-05   336
  1.885637e+00   9.782939e-04   2.850095e-03   6.332823e-05   294
  1.897477e+00   1.116009e-03   3.798594e-03   7.285394e-05   288
  1.906536e+00   7.910911e-04   2.376907e-03   5.527183e-05   264
  1.922691e+00   9.242650e-04   4.082916e-03   5.000435e-05   480
  1.936199e+00   1.042551e-03   1.997349e-03   6.561831e-05   240
  1.952759e+00   1.041220e-03   2.019671e-03   6.440359e-05   276
  1.965824e+00   9.947993e-04   4.433576e-03   4.448327e-05   488
  1.981346e+00   1.130369e-03   1.952641e-03   1.063741e-04   240
  1.990355e+00   1.035680e-03   3.791527e-03   5.523363e-05   360
  2.002988e+00   8.936466e-04   1.348968e-03   7.145531e-05   198
  2.019235e+00   8.750295e-04   4.558217e-03   4.053586e-05   480
  2.031131e+00   8.869657e-04   1.682460e-03   5.761940e-05   288
  2.047583e+00   1.033248e-03   3.556337e-03   5.259167e-05   480
  2.062377e+00   1.069483e-03   2.191154e-03   4.853156e-05   480
  2.077570e+00   9.562514e-04   2.833894e-03   6.821573e-05   288
  2.087050e+00   1.077181e-03   3.023242e-03   6.581022e-05   288
  2.101959e+00   1.045440e-03   5.255912e-03   5.377253e-05   456
  2.116971e+00   1.175550e-03   4.949844e-03   6.205558e-05   360
  2.126650e+00   1.051071e-03   2.967082e-03   6.906420e-05   180
  2.140657e+00   9.009644e-04   3.231514e-03   4.096752e-05   486
  2.154854e+00   1.024494e-03   4.298953e-03   4.904268e-05   504
  2.169289e+00   1.118817e-03   3.340070e-03   5.635848e-05   456
  2.181258e+00   1.094259e-03   2.775009e-03   6.978851e-05   296
  2.197072e+00   1.034727e-03   2.738289e-03   4.859466e-05   528
  2.208965e+00   1.054340e-03   2.701981e-03   5.685376e-05   336
  2.226481e+00   1.085060e-03   2.997004e-03   4.771786e-05   600
  2.239302e+00   9.127423e-04   1.755804e-03   5.936348e-05   264
  2.252151e+00   1.095199e-03   1.898694e-03   5.726602e-05   360
  2.265266e+00   1.058410e-03   3.801372e-03   4.957556e-05   630
  2.279717e+00   1.226413e-03   1.962233e-03   6.228849e-05   432
  2.292537e+00   1.192759e-03   3.780726e-03   5.960994e-05   408
  2.308272e+00   1.096165e-03   2.509414e-03   6.309776e-05   324
  2.319978e+00   1.057872e-03   3.576222e-03   4.225626e-05   744
  2.334098e+00   1.051176e-03   2.858952e-03   6.255861e-05   336
  2.347588e+00   1.204898e-03   3.930328e-03   5.646162e-05   528
  2.362382e+00   1.031763e-03   2.005373e-03   5.928401e-05   408
  2.372191e+00   1.027877e-03   3.413147e-03   5.341211e-05   408
  2.388397e+00   1.068747e-03   2.817663e-03   5.158736e-05   470
  2.400201e+00   1.140057e-03   3.384925e-03   5.489697e-05   528
  2.416685e+00   9.988313e-04   2.820560e-03   3.967619e-05   624
  2.428827e+00   1.152761e-03   2.146180e-03   5.685128e-05   504
  2.441353e+00   1.012983e-03   2.989469e-03   4.667109e-05   552
  2.453777e+00   1.123466e-03   1.453231e-03   6.054896e-05   336
  2.469334e+00   1.200826e-03   3.093356e-03   5.590865e-05   528
  2.481386e+00   1.163702e-03   3.521844e-03   4.904842e-05   564
  2.495502e+00   1.120440e-03   3.241487e-03   5.775575e-05   528
  2.510806e+00   1.238697e-03   5.032507e-03   5.801312e-05   582
  2.524724e+00   1.150527e-03   3.874271e-03   4.882792e-05   624
  2.536896e+00   1.137061e-03   4.429036e-03   6.127984e-05   432
  2.551418e+00   1.198835e-03   4.926531e-03   4.377564e-05   816
  2.566361e+00   1.249120e-03   2.245292e-03   7.287455e-05   312
  2.576137e+00   1.112567e-03   3.638994e-03   5.285179e-05   552
  2.591900e+00   1.162666e-03   2.291924e-03   4.591499e-05   744
  2.603321e+00   1.294509e-03   2.141123e-03   7.453152e-05   408
  2.618061e+00   1.140448e-03   3.068323e-03   4.903508e-05   632
  2.633374e+00   1.319899e-03   5.210791e-03   5.208827e-05   750
  2.645831e+00   1.289005e-03   3.584637e-03   7.351715e-05   312
  2.659713e+00   1.231564e-03   5.292216e-03   4.489267e-05   876
  2.673443e+00   1.020883e-03   3.455503e-03   4.506474e-05   552
  2.688914e+00   1.254524e-03   2.857688e-03   5.285743e-05   696
  2.699453e+00   1.271941e-03   3.154346e-03   5.740624e-05   576
  2.713796e+00   1.149516e-03   3.339693e-03   5.662661e-05   576
  2.726037e+00   1.308194e-03   4.475199e-03   5.434804e-05   648
  2.740832e+00   1.310686e-03   4.479393e-03   5.088158e-05   672
  2.757165e+00   1.265161e-03   1.899992e-03   6.386733e-05   480
  2.767620e+00   1.196293e-03   2.942368e-03   4.511223e-05   726
  2.781081e+00   1.337286e-03   3.334085e-03   4.974330e-05   792
  2.795661e+00   1.237483e-03   4.625257e-03   4.838058e-05   768
  2.811027e+00   1.301805e-03   3.780047e-03   5.209962e-05   672
  2.825116e+00   1.267641e-03   2.535576e-03   5.238141e-05   608
  2.835316e+00   1.223378e-03   2.434230e-03   5.138787e-05   624
  2.849867e+00   1.240707e-03   3.163261e-03   4.777486e-05   684
  2.864019e+00   1.272699e-03   4.672505e-03   4.658527e-05   768
  2.877191e+00   1.328443e-03   3.735635e-03   4.829286e-05   744
  2.892886e+00   1.262962e-03   2.352178e-03   4.628375e-05   750
  2.904325e+00   1.179877e-03   3.496199e-03   5.452900e-05   600
  2.916695e+00   1.267857e-03   3.712332e-03   5.433461e-05   600
  2.931979e+00   1.306341e-03   4.278234e-03   4.247207e-05   1008
  2.944116e+00   1.329410e-03   2.372856e-03   5.292638e-05   696
  2.957565e+00   1.362447e-03   3.134649e-03   5.862608e-05   624
  2.971086e+00   1.333950e-03   4.877909e-03   5.149717e-05   840
  2.986446e+00   1.417707e-03   3.319024e-03   5.164478e-05   816
  2.998905e+00   1.287140e-03   2.204574e-03   4.767486e-05   744
  3.011488e+00   1.330567e-03   3.897323e-03   5.901419e-05   510
  3.026687e+00   1.371207e-03   3.741750e-03   4.660324e-05   1020
  3.040833e+00   1.357497e-03   3.019222e-03   4.577681e-05   912
  3.054778e+00   1.416410e-03   4.473147e-03   5.335811e-05   752
  3.066309e+00   1.400720e-03   3.711666e-03   5.695786e-05   888
  3.082044e+00   1.331354e-03   2.395124e-03   4.963152e-05   768
  3.094915e+00   1.366294e-03   4.352150e-03   5.260314e-05   720
  3.109727e+00   1.358018e-03   3.836546e-03   4.568351e-05   1056
  3.122866e+00   1.370800e-03   2.654285e-03   6.273528e-05   504
  3.133631e+00   1.302152e-03   4.144719e-03   5.179865e-05   774
  3.149026e+00   1.349449e-03   3.986123e-03   4.336982e-05   1272
  3.163486e+00   1.401974e-03   2.611538e-03   5.631452e-05   744
  3.176969e+00   1.295022e-03   4.264475e-03   4.881205e-05   768
  3.189339e+00   1.379747e-03   3.607190e-03   4.806320e-05   840
  3.203231e+00   1.461134e-03   2.445578e-03   5.010694e-05   924
  3.216608e+00   1.403827e-03   4.311548e-03   4.860761e-05   936
  3.229755e+00   1.315861e-03   2.996363e-03   4.556642e-05   840
  3.242998e+00   1.476365e-03   3.562326e-03   4.865036e-05   1008
  3.259829e+00   1.352417e-03   4.021535e-03   5.239698e-05   696
  3.270389e+00   1.303994e-03   3.574451e-03   4.362100e-05   974
  3.286078e+00   1.456399e-03   4.747287e-03   4.390585e-05   1152
  3.299719e+00   1.459199e-03   1.857626e-03   5.126528e-05   816
  3.310327e+00   1.321136e-03   4.086567e-03   4.603679e-05   816
  3.324599e+00   1.420082e-03   3.608623e-03   4.284508e-05   1152
  3.339651e+00   1.432263e-03   3.248998e-03   4.804162e-05   912
  3.353338e+00   1.537174e-03   3.947532e-03   4.881105e-05   1056
  3.365058e+00   1.503814e-03   3.375847e-03   6.299500e-05   624
  3.380817e+00   1.426381e-03   4.216875e-03   4.525142e-05   1260
  3.394418e+00   1.489857e-03   2.543440e-03   5.302167e-05   894
  3.407703e+00   1.568173e-03   4.357818e-03   4.475843e-05   1176
  3.420993e+00   1.338378e-03   3.606982e-03   5.221524e-05   840
  3.436121e+00   1.504957e-03   4.099862e-03   4.029676e-05   1440
  3.452005e+00   1.373531e-03   2.304966e-03   4.718287e-05   864
  3.464048e+00   1.557806e-03   3.955435e-03   5.256160e-05   1056
  3.476035e+00   1.580426e-03   2.332073e-03   6.852692e-05   624
  3.490594e+00   1.521559e-03   4.318596e-03   4.168921e-05   1496
  3.504515e+00   1.533689e-03   3.049082e-03   6.077171e-05   936
  3.516908e+00   1.478521e-03   4.414111e-03   5.007532e-05   966
  3.530243e+00   1.463427e-03   3.128902e-03   5.051088e-05   936
  3.544251e+00   1.513546e-03   3.870284e-03   4.389964e-05   1248
  3.558592e+00   1.421878e-03   2.728377e-03   4.362988e-05   1044
  3.571955e+00   1.495224e-03   4.226344e-03   4.419769e-05   1392
  3.582538e+00   1.381307e-03   3.255138e-03   5.632000e-05   600
  3.597678e+00   1.460259e-03   3.698179e-03   3.924885e-05   1416
  3.611873e+00   1.520892e-03   3.980638e-03   4.621151e-05   1152
  3.626257e+00   1.505072e-03   3.818797e-03   5.052099e-05   936
  3.637844e+00   1.526271e-03   4.095847e-03   5.551865e-05   870
  3.651613e+00   1.623119e-03   3.434204e-03   4.976737e-05   1368
  3.666892e+00   1.572370e-03   4.515083e-03   4.326268e-05   1632
  3.679949e+00   1.595398e-03   1.960196e-03   5.900684e-05   816
  3.694083e+00   1.614721e-03   4.472000e-03   4.867545e-05   1200
  3.706415e+00   1.634588e-03   4.275759e-03   4.903690e-05   1184
  3.718942e+00   1.677602e-03   3.245022e-03   5.759568e-05   984
  3.734312e+00   1.580757e-03   3.961839e-03   4.329956e-05   1572
  3.748246e+00   1.735863e-03   2.181853e-03   6.446534e-05   840
  3.761231e+00   1.557762e-03   5.073986e-03   4.272268e-05   1392
  3.774941e+00   1.527894e-03   3.725317e-03   4.973768e-05   1158
  3.787179e+00   1.644655e-03   3.392190e-03   4.871452e-05   1272
  3.801913e+00   1.671137e-03   3.456945e-03   4.719907e-05   1320
  3.815753e+00   1.598658e-03   3.382582e-03   5.224369e-05   1104
  3.828921e+00   1.574650e-03   3.828609e-03   4.617117e-05   1392
  3.842742e+00   1.556177e-03   4.141026e-03   4.705947e-05   1296
  3.856976e+00   1.616818e-03   4.323915e-03   4.557387e-05   1392
  3.870333e+00   1.638056e-03   3.171938e-03   5.174508e-05   1104
  3.882690e+00   1.581630e-03   3.995358e-03   4.429933e-05   1320
  3.900292e+00   1.615821e-03   3.051196e-03   4.518860e-05   1422
  3.911534e+00   1.572048e-03   3.800093e-03   4.838153e-05   1212
  3.924449e+00   1.582470e-03   4.152476e-03   4.469638e-05   1280
  3.937717e+00   1.716456e-03   4.323858e-03   5.081926e-05   1272
  3.950433e+00   1.750652e-03   3.741871e-03   4.566487e-05   1680
  3.965505e+00   1.544753e-03   3.535373e-03   4.812713e-05   1152
  3.979380e+00   1.632939e-03   4.094086e-03   4.227022e-05   1512
  3.993967e+00   1.632882e-03   1.728507e-03   5.794478e-05   912
  4.005497e+00   1.719977e-03   4.357212e-03   4.196480e-05   1680
  4.020833e+00   1.503136e-03   3.859977e-03   3.977951e-05   1518
  4.032200e+00   1.732986e-03   3.573605e-03   5.357770e-05   1056
  4.044173e+00   1.664591e-03   3.608353e-03   4.501621e-05   1344
  4.059650e+00   1.869548e-03   3.874584e-03   4.716774e-05   1680
  4.073653e+00   1.686095e-03   3.818000e-03   4.479329e-05   1656
  4.088955e+00   1.627370e-03   3.245360e-03   5.433365e-05   1140
  4.100443e+00   1.678401e-03   3.757881e-03   4.967596e-05   1368
  4.113960e+00   1.694974e-03   4.274611e-03   4.438735e-05   1656
  4.127700e+00   1.775340e-03   4.378119e-03   5.202850e-05   1448
  4.142656e+00   1.698136e-03   4.112955e-03   4.583082e-05   1422
  4.156469e+00   1.785824e-03   4.540534e-03   4.805669e-05   1512
  4.168283e+00   1.775605e-03   3.461570e-03   5.360124e-05   1296
  4.181952e+00   1.700785e-03   3.160641e-03   4.301661e-05   1824
  4.196729e+00   1.734052e-03   4.098248e-03   4.636041e-05   1464
  4.211657e+00   1.658458e-03   3.657099e-03   3.879576e-05   1824
  4.225511e+00   1.790070e-03   2.907578e-03   4.852418e-05   1416
  4.237563e+00   1.771627e-03   4.258820e-03   4.990457e-05   1392
  4.250574e+00   1.713143e-03   3.929974e-03   4.598588e-05   1464
  4.266448e+00   1.624600e-03   3.842159e-03   4.563166e-05   1524
  4.278716e+00   1.725727e-03   3.540612e-03   4.609561e-05   1686
  4.292893e+00   1.735398e-03   4.215803e-03   4.548247e-05   1800
  4.305078e+00   1.858710e-03   3.346946e-03   5.677018e-05   1344
  4.318597e+00   1.853679e-03   3.904869e-03   5.181016e-05   1656
  4.332150e+00   1.824215e-03   3.117839e-03   4.737523e-05   1488
  4.343925e+00   1.855508e-03   3.112762e-03   4.968285e-05   1536
  4.360333e+00   1.785509e-03   3.457925e-03   4.598609e-05   1760
  4.373047e+00   1.796361e-03   3.846268e-03   4.340208e-05   1824
  4.387749e+00   1.889810e-03   3.227735e-03   4.938369e-05   1560
  4.401895e+00   1.853185e-03   3.707356e-03   4.457542e-05   1926
  4.415200e+00   1.866025e-03   2.636418e-03   5.487770e-05   1272
  4.427344e+00   1.802197e-03   4.430497e-03   4.414557e-05   1848
  4.443306e+00   1.926797e-03   3.579461e-03   4.431019e-05   1908
  4.455447e+00   1.827538e-03   3.491292e-03   4.880495e-05   1488
  4.468258e+00   1.794512e-03   3.937426e-03   4.623960e-05   1800
  4.482146e+00   1.827661e-03   3.941308e-03   4.656066e-05   1752
  4.495448e+00   1.794112e-03   4.190952e-03   4.940591e-05   1368
  4.508761e+00   1.903168e-03   3.938690e-03   4.189141e-05   2016
  4.523403e+00   1.954391e-03   4.160224e-03   5.164401e-05   1542
  4.536915e+00   1.834952e-03   4.073984e-03   4.352283e-05   2184
  4.551872e+00   1.926092e-03   3.726771e-03   4.634437e-05   1776
  4.564793e+00   1.871186e-03   4.260262e-03   5.563717e-05   1568
  4.577109e+00   1.943278e-03   3.892227e-03   4.529888e-05   2040
  4.590510e+00   2.016725e-03   4.161138e-03   5.126510e-05   1704
  4.604538e+00   1.852055e-03   4.171238e-03   4.966685e-05   1512
  4.617765e+00   1.940061e-03   3.558077e-03   4.499647e-05   2028
  4.632626e+00   1.938559e-03   4.291956e-03   4.429163e-05   1968
  4.646213e+00   1.906568e-03   4.353548e-03   4.402036e-05   1854
  4.659509e+00   1.850772e-03   4.150271e-03   4.544954e-05   1632
  4.673135e+00   1.958391e-03   4.264760e-03   4.030522e-05   2424
  4.687258e+00   1.879584e-03   4.269195e-03   4.876243e-05   1560
  4.699197e+00   1.983693e-03   4.034385e-03   4.772400e-05   1728
  4.713624e+00   1.909963e-03   4.306520e-03   4.576274e-05   2088
  4.728145e+00   1.860559e-03   4.099347e-03   4.441773e-05   1968
  4.741503e+00   1.955843e-03   4.058747e-03   4.513228e-05   2256
  4.754898e+00   1.982268e-03   3.608676e-03   4.778225e-05   1728
  4.768882e+00   1.966589e-03   3.557384e-03   5.684296e-05   1416
  4.781270e+00   2.081596e-03   3.750195e-03   4.580635e-05   2246
  4.795296e+00   1.970218e-03   4.153300e-03   4.746859e-05   2148
  4.808715e+00   2.035480e-03   3.508307e-03   5.232655e-05   1680
  4.821345e+00   1.996650e-03   4.435233e-03   4.053269e-05   2280
  4.836527e+00   2.057031e-03   4.130181e-03   4.270471e-05   2352
  4.850707e+00   2.027998e-03   3.470382e-03   5.247175e-05   1632
  4.861925e+00   2.047354e-03   3.971039e-03   4.895220e-05   1968
  4.877319e+00   1.987878e-03   4.074288e-03   4.659671e-05   2112
  4.891594e+00   1.956060e-03   3.060509e-03   4.575943e-05   2208
  4.905465e+00   2.001326e-03   3.085913e-03   4.504548e-05   1974
  4.916413e+00   1.957948e-03   3.018862e-03   4.655431e-05   1944
  4.931203e+00   2.121481e-03   3.415495e-03   4.726115e-05   2160
  4.944022e+00   2.058747e-03   3.194258e-03   4.967733e-05   2040
  4.957876e+00   2.114244e-03   4.468841e-03   4.715794e-05   2352
  4.972085e+00   2.140836e-03   3.712532e-03   5.165677e-05   1836
  4.985054e+00   2.072679e-03   3.960355e-03   4.323399e-05   2352
  4.999614e+00   2.046563e-03   4.153876e-03   4.699958e-05   2008
  5.012962e+00   2.044609e-03   4.086408e-03   4.532012e-05   2464
  5.027846e+00   2.085512e-03   3.295867e-03   4.619511e-05   2118
  5.040054e+00   2.065971e-03   3.313173e-03   5.023778e-05   1848
  5.052620e+00   2.228138e-03   4.384411e-03   5.291724e-05   2280
  5.067797e+00   2.185977e-03   4.170623e-03   4.703735e-05   2472
  5.081980e+00   2.087462e-03   2.787100e-03   4.694205e-05   2280
  5.093886e+00   2.257471e-03   3.406760e-03   5.517847e-05   1992
  5.106726e+00   2.206729e-03   3.581554e-03   4.535618e-05   2184
  5.121532e+00   2.016745e-03   4.320591e-03   4.440070e-05   2352
  5.135798e+00   2.143116e-03   4.553131e-03   4.526110e-05   2496
  5.149768e+00   2.040170e-03   4.252678e-03   5.219454e-05   1770
  5.162298e+00   2.256395e-03   3.669389e-03   4.751696e-05   2568
  5.177360e+00   2.210045e-03   4.500656e-03   4.489580e-05   2712
  5.191053e+00   2.232588e-03   3.574170e-03   4.829195e-05   2448
  5.204725e+00   2.302156e-03   3.012843e-03   5.183918e-05   2064
  5.216066e+00   2.138329e-03   3.180123e-03   5.294301e-05   1944
  5.230772e+00   2.150046e-03   3.928620e-03   4.735463e-05   2480
  5.245774e+00   2.222706e-03   4.267634e-03   4.446994e-05   2880
  5.259063e+00   2.236077e-03   4.093786e-03   4.851941e-05   2304
  5.272942e+00   2.215080e-03   3.761177e-03   5.200999e-05   1806
  5.285249e+00   2.206065e-03   3.688568e-03   4.256957e-05   2856
  5.300671e+00   2.307896e-03   3.537448e-03   4.878153e-05   2568
  5.312407e+00   2.133817e-03   3.549041e-03   4.982145e-05   2112
  5.325180e+00   2.243377e-03   3.418353e-03   5.501173e-05   2028
  5.338884e+00   2.260897e-03   4.046323e-03   4.392823e-05   2712
  5.352799e+00   2.318251e-03   4.359274e-03   4.485365e-05   2952
  5.367753e+00   2.331712e-03   3.368279e-03   5.157744e-05   2112
  5.379842e+00   2.279283e-03   3.947451e-03   4.621193e-05   2520
  5.394364e+00   2.250441e-03   3.807395e-03   4.868587e-05   2376
  5.407591e+00   2.351873e-03   3.052135e-03   4.956751e-05   2526
  5.421320e+00   2.377838e-03   3.798300e-03   4.897358e-05   2664
  5.434913e+00   2.371843e-03   4.530289e-03   4.955776e-05   2408
  5.447943e+00   2.366308e-03   3.628938e-03   4.906440e-05   2568
  5.461232e+00   2.466194e-03   3.421437e-03   4.765518e-05   2904
  5.475648e+00   2.345514e-03   3.838949e-03   4.832657e-05   2544
  5.489345e+00   2.371095e-03   2.827650e-03   5.251032e-05   2160
  5.502268e+00   2.508553e-03   4.888682e-03   5.155388e-05   2652
  5.516545e+00   2.363914e-03   3.870830e-03   4.658358e-05   2784
  5.530283e+00   2.466666e-03   3.822557e-03   4.757042e-05   2694
  5.544517e+00   2.316450e-03   3.435410e-03   4.448113e-05   2952
  5.556886e+00   2.547477e-03   3.253958e-03   5.536513e-05   2208
  5.569485e+00   2.387805e-03   3.468078e-03   5.132473e-05   2304
  5.583550e+00   2.333564e-03   4.509853e-03   3.880746e-05   3504
  5.599953e+00   2.499292e-03   3.651788e-03   5.456534e-05   2616
  5.612745e+00   2.493575e-03   3.567502e-03   5.137603e-05   2664
  5.625069e+00   2.437160e-03   3.314521e-03   5.066607e-05   2448
  5.637487e+00   2.518126e-03   4.616036e-03   5.229261e-05   2472
  5.652096e+00   2.511804e-03   3.670011e-03   4.636953e-05   3134
  5.665845e+00   2.510379e-03   4.013913e-03   5.152738e-05   2616
  5.679574e+00   2.403801e-03   3.251426e-03   4.956236e-05   2712
  5.693697e+00   2.447161e-03   3.728915e-03   4.525773e-05   3204
  5.707195e+00   2.443685e-03   4.294589e-03   5.149478e-05   2760
  5.720015e+00   2.447710e-03   3.746961e-03   4.883283e-05   2688
  5.734152e+00   2.523818e-03   3.542739e-03   5.213900e-05   2760
  5.746653e+00   2.440373e-03   2.925296e-03   5.142441e-05   2568
  5.761049e+00   2.448618e-03   4.542841e-03   4.374231e-05   3336
  5.774866e+00   2.543747e-03   3.845016e-03   5.293658e-05   2334
  5.788819e+00   2.450597e-03   4.254924e-03   4.571965e-05   3264
  5.801858e+00   2.577706e-03   3.093655e-03   5.151602e-05   2760
  5.815230e+00   2.493406e-03   3.736259e-03   4.602325e-05   3192
  5.828845e+00   2.532683e-03   3.879036e-03   5.074055e-05   2904
  5.843326e+00   2.513753e-03   3.892076e-03   5.081917e-05   2784
  5.855447e+00   2.644834e-03   3.203250e-03   5.614807e-05   2592
  5.869236e+00   2.557298e-03   4.366488e-03   4.491920e-05   3284
  5.883890e+00   2.607684e-03   4.385937e-03   4.966797e-05   3168
  5.897000e+00   2.629687e-03   3.618712e-03   5.319470e-05   2616
  5.910782e+00   2.479069e-03   3.496570e-03   4.700915e-05   3222
  5.924188e+00   2.578979e-03   3.923260e-03   4.461619e-05   3240
  5.937171e+00   2.664503e-03   3.969009e-03   5.678422e-05   2568
  5.951932e+00   2.732521e-03   3.641761e-03   5.114795e-05   3120
  5.964273e+00   2.761275e-03   4.003580e-03   5.252421e-05   3168
  5.977546e+00   2.619410e-03   3.504830e-03   4.916178e-05   3240
  5.992066e+00   2.603894e-03   3.595869e-03   4.716475e-05   3144
  6.006172e+00   2.569786e-03   3.427490e-03   4.899302e-05   2856
  6.019505e+00   2.661047e-03   3.660696e-03   4.747225e-05   3264
  6.034592e+00   2.705940e-03   4.044906e-03   4.908371e-05   3318
  6.046466e+00   2.731599e-03   2.832824e-03   6.021865e-05   2556
  6.060617e+00   2.683599e-03   4.838986e-03   4.359729e-05   4008
  6.074943e+00   2.718827e-03   3.572017e-03   5.457198e-05   2904
  6.087200e+00   2.670786e-03   3.652513e-03   4.809620e-05   3144
  6.101153e+00   2.614490e-03   3.807781e-03   4.880984e-05   3200
  6.115592e+00   2.703906e-03   3.755394e-03   4.947419e-05   3312
  6.128536e+00   2.834895e-03   3.026680e-03   5.642120e-05   2832
  6.142988e+00   2.746339e-03   4.355583e-03   4.571783e-05   3984
  6.156407e+00   2.958851e-03   3.540883e-03   6.766227e-05   2238
  6.168657e+00   2.758641e-03   4.167010e-03   4.685918e-05   3984
  6.183855e+00   2.733500e-03   3.959901e-03   5.033487e-05   3384
  6.196482e+00   2.896213e-03   3.701438e-03   5.570202e-05   3048
  6.209665e+00   2.720227e-03   3.398642e-03   5.138275e-05   3096
  6.223435e+00   2.883411e-03   3.852259e-03   4.767033e-05   3708
  6.237127e+00   2.759039e-03   3.651419e-03   5.511444e-05   2784
  6.249844e+00   2.975718e-03   3.792698e-03   5.183964e-05   3648
  6.264291e+00   2.849458e-03   3.903504e-03   4.911481e-05   3888
  6.279665e+00   2.798270e-03   4.167105e-03   5.217017e-05   2958
  6.291144e+00   2.773598e-03   3.557011e-03   5.023560e-05   3264
  6.304977e+00   2.991328e-03   3.926839e-03   5.546937e-05   3160
  6.318045e+00   2.768524e-03   3.558843e-03   4.917064e-05   3736
  6.330431e+00   2.902303e-03   3.242939e-03   5.508422e-05   3216
  6.345038e+00   2.924855e-03   3.974048e-03   4.786980e-05   4032
  6.360272e+00   2.926268e-03   3.628234e-03   5.035524e-05   3528
  6.373262e+00   2.981761e-03   3.202694e-03   5.428394e-05   3192
  6.386247e+00   2.896460e-03   3.507520e-03   5.210920e-05   3456
  6.400334e+00   2.981244e-03   3.636928e-03   5.725429e-05   3060
  6.414454e+00   2.942819e-03   4.324726e-03   4.671402e-05   4518
  6.428212e+00   2.976973e-03   3.852771e-03   5.116257e-05   3528
  6.440859e+00   2.968767e-03   3.235655e-03   5.702735e-05   3024
  6.454342e+00   2.875740e-03   4.380947e-03   4.921359e-05   3672
  6.468077e+00   2.986439e-03   3.760183e-03   5.278649e-05   3864
  6.483327e+00   2.909242e-03   3.985743e-03   4.754611e-05   3816
  6.495798e+00   2.999579e-03   3.626145e-03   5.304559e-05   3456
  6.507756e+00   3.059437e-03   3.282483e-03   6.237640e-05   2688
  6.521843e+00   3.077603e-03   3.894603e-03   4.854492e-05   4248
  6.535809e+00   3.000109e-03   3.730284e-03   4.935392e-05   3926
  6.549837e+00   2.967850e-03   3.938539e-03   4.994179e-05   3504
  6.563389e+00   3.077277e-03   3.521113e-03   5.020054e-05   3960
  6.578351e+00   3.010070e-03   3.963952e-03   5.116552e-05   3684
  6.591183e+00   2.951972e-03   3.963687e-03   4.900415e-05   4104
  6.604012e+00   3.108776e-03   3.759338e-03   5.753061e-05   3144
  6.617793e+00   3.108313e-03   4.117770e-03   4.974171e-05   4224
  6.632945e+00   3.066589e-03   3.654879e-03   4.958121e-05   4008
  6.645891e+00   3.108301e-03   4.020945e-03   5.541999e-05   3312
  6.659221e+00   3.047433e-03   3.999289e-03   5.270497e-05   3726
  6.673398e+00   3.119421e-03   4.107760e-03   5.145456e-05   3936
  6.685987e+00   3.174526e-03   4.234293e-03   5.267428e-05   3888
  6.699051e+00   3.131880e-03   4.003929e-03   5.180043e-05   3864
  6.712643e+00   3.087490e-03   4.256514e-03   5.187000e-05   3888
  6.726643e+00   2.988902e-03   4.014548e-03   4.859487e-05   4080
  6.740465e+00   3.128596e-03   4.260657e-03   5.606158e-05   3400
  6.754567e+00   3.186092e-03   3.907452e-03   4.814632e-05   4588
  6.768825e+00   3.241146e-03   3.867571e-03   5.580702e-05   3816
  6.781286e+00   3.284954e-03   3.664848e-03   5.586386e-05   3534
  6.794478e+00   3.313109e-03   3.619891e-03   5.272832e-05   4080
  6.808278e+00   3.280498e-03   3.783811e-03   5.238242e-05   4248
  6.822137e+00   3.225649e-03   3.812932e-03   5.665089e-05   3528
  6.834925e+00   3.370238e-03   3.898202e-03   5.437082e-05   4248
  6.847851e+00   3.225993e-03   3.812833e-03   5.573160e-05   3696
  6.862246e+00   3.344340e-03   3.956350e-03   5.207722e-05   4560
  6.875897e+00   3.295841e-03   3.705786e-03   5.499279e-05   3864
  6.889918e+00   3.267801e-03   4.035033e-03   5.142013e-05   4440
  6.903205e+00   3.234870e-03   3.764781e-03   6.052256e-05   3432
  6.917168e+00   3.238942e-03   3.691446e-03   4.970015e-05   4470
  6.930903e+00   3.315373e-03   3.280469e-03   5.343573e-05   4188
  6.944404e+00   3.387222e-03   4.202742e-03   5.309358e-05   4392
  6.957812e+00   3.419907e-03   3.251220e-03   5.839996e-05   3960
  6.971756e+00   3.456911e-03   3.672933e-03   5.390518e-05   4328
  6.985263e+00   3.408602e-03   3.822434e-03   5.543729e-05   4320
  6.998915e+00   3.405382e-03   3.997076e-03   5.202922e-05   4152
  7.011574e+00   3.664205e-03   3.343614e-03   6.416622e-05   3528
  7.025890e+00   3.411589e-03   3.618951e-03   5.184800e-05   4512
  7.039283e+00   3.438909e-03   3.699459e-03   5.577522e-05   4134
  7.052888e+00   3.545631e-03   3.941164e-03   5.044333e-05   5208
  7.065972e+00   3.574149e-03   3.433716e-03   6.382894e-05   3240
  7.079508e+00   3.714623e-03   3.787232e-03   5.823050e-05   4680
  7.093285e+00   3.478432e-03   3.749666e-03   5.539061e-05   4440
  7.107078e+00   3.296889e-03   4.248981e-03   5.117076e-05   4260
  7.120308e+00   3.551578e-03   3.468882e-03   5.808807e-05   4056
  7.133932e+00   3.548656e-03   3.845862e-03   5.408238e-05   4704
  7.148231e+00   3.674935e-03   4.475317e-03   5.404186e-05   4800
  7.163348e+00   3.509041e-03   3.877518e-03   5.122985e-05   4806
  7.176410e+00   3.773270e-03   3.865268e-03   6.760058e-05   3552
  7.188851e+00   3.546388e-03   3.875633e-03   5.851745e-05   4304
  7.202898e+00   3.531857e-03   3.758488e-03   4.972619e-05   5280
  7.216787e+00   3.622309e-03   3.605632e-03   5.725186e-05   4320
  7.229935e+00   3.509894e-03   4.071704e-03   5.532889e-05   4296
  7.243800e+00   3.784639e-03   4.526721e-03   5.636678e-05   4608
  7.257822e+00   3.705335e-03   4.336841e-03   5.482877e-05   4824
  7.271703e+00   3.739010e-03   4.094286e-03   5.786137e-05   4488
  7.286600e+00   3.797100e-03   3.822456e-03   5.920820e-05   4530
  7.298900e+00   3.645282e-03   3.732313e-03   5.495385e-05   4464
  7.311208e+00   3.776217e-03   3.517428e-03   6.020317e-05   4104
  7.325339e+00   3.591362e-03   3.792522e-03   5.050430e-05   5424
  7.339239e+00   3.750588e-03   4.082418e-03   5.458599e-05   4392
  7.353384e+00   3.892183e-03   3.996852e-03   5.813757e-05   4896
  7.366230e+00   3.836043e-03   3.917732e-03   6.163146e-05   4104
  7.379634e+00   3.934920e-03   3.532761e-03   5.887339e-05   4824
  7.393776e+00   3.759284e-03   3.376492e-03   5.851739e-05   4680
  7.406096e+00   3.751768e-03   3.453413e-03   5.719582e-05   4328
  7.420397e+00   3.814579e-03   3.980891e-03   5.514156e-05   5118
  7.434767e+00   3.911160e-03   4.612116e-03   5.526747e-05   5304
  7.447735e+00   3.936429e-03   3.631827e-03   5.946154e-05   4392
  7.461864e+00   3.976734e-03   3.645220e-03   6.038637e-05   4476
  7.474220e+00   3.790550e-03   3.620136e-03   5.546842e-05   4704
  7.487968e+00   3.908605e-03   4.381742e-03   5.590706e-05   5208
  7.502418e+00   3.823876e-03   3.694542e-03   5.618579e-05   5304
  7.515732e+00   4.059277e-03   3.957369e-03   6.527368e-05   4296
  7.529385e+00   4.088354e-03   3.752608e-03   6.104121e-05   4752
  7.543730e+00   3.818517e-03   3.767007e-03   5.648504e-05   4950
  7.556622e+00   3.934022e-03   3.937534e-03   5.711352e-05   5064
  7.569518e+00   4.002320e-03   3.299142e-03   5.963920e-05   4872
  7.582558e+00   3.892132e-03   3.473093e-03   6.449209e-05   4224
  7.596482e+00   3.989357e-03   3.836467e-03   5.228809e-05   6120
  7.611299e+00   3.946737e-03   4.220602e-03   5.699089e-05   4968
  7.624740e+00   4.140794e-03   3.734866e-03   6.244614e-05   4424
  7.638645e+00   4.202141e-03   4.770498e-03   5.852850e-05   5436
  7.652381e+00   4.024586e-03   4.067269e-03   6.085633e-05   4896
  7.665661e+00   4.007508e-03   3.893965e-03   5.764185e-05   5214
  7.678461e+00   4.167040e-03   3.310074e-03   6.298944e-05   4656
  7.692685e+00   4.173403e-03   4.208491e-03   6.047544e-05   5448
  7.706276e+00   4.196392e-03   3.554381e-03   6.058562e-05   4992
  7.719584e+00   4.183686e-03   3.933714e-03   5.860804e-05   5400
  7.734212e+00   4.291710e-03   4.359773e-03   5.901187e-05   5328
  7.747690e+00   4.051847e-03   3.898436e-03   5.909865e-05   4776
  7.760371e+00   4.299702e-03   3.663227e-03   6.300712e-05   4800
  7.774459e+00   4.246497e-03   4.710721e-03   5.317508e-05   6552
  7.789199e+00   4.197667e-03   3.558885e-03   6.768536e-05   3942
  7.801972e+00   4.146517e-03   4.485571e-03   5.557987e-05   6072
  7.816115e+00   4.150461e-03   3.483659e-03   6.396968e-05   4692
  7.827973e+00   4.412688e-03   3.636885e-03   6.317356e-05   4944
  7.841863e+00   4.311765e-03   3.903498e-03   5.576621e-05   5840
  7.856124e+00   4.208243e-03   4.178533e-03   5.913188e-05   5712
  7.870165e+00   4.217607e-03   3.501880e-03   6.130101e-05   4800
  7.882974e+00   4.240631e-03   4.637724e-03   5.914592e-05   5688
  7.897004e+00   4.382887e-03   3.659067e-03   6.740783e-05   4848
  7.910908e+00   3.601431e-03   4.072759e-03   5.840873e-05   5406
  7.924104e+00   9.396791e-05   3.676325e-03   1.803690e-06   5568
  7.937355e+00   9.756073e-05   3.304770e-03   1.789930e-06   5736
  7.951674e+00   9.083608e-05   4.104312e-03   1.932999e-06   5280
  7.964668e+00   9.389436e-05   3.794736e-03   1.922511e-06   5592
  7.978044e+00   8.449510e-05   4.343968e-03   1.892269e-06   4968
  7.992185e+00   7.576172e-05   3.894947e-03   1.513717e-06   5964
  8.005981e+00   7.388770e-05   3.913047e-03   1.532213e-06   5376
  8.018517e+00   7.255543e-05   3.778288e-03   1.474696e-06   5472
  8.033050e+00   6.064337e-05   3.588288e-03   1.239849e-06   5472
  8.046339e+00   6.269391e-05   4.079766e-03   1.367218e-06   5415
  8.059218e+00   6.074276e-05   3.588648e-03   1.317150e-06   5096
  8.073151e+00   5.594915e-05   4.614911e-03   1.043862e-06   6372
  8.087246e+00   5.731825e-05   3.746176e-03   1.348439e-06   4656
  8.099878e+00   5.191118e-05   4.089625e-03   9.736186e-07   5844
  8.113469e+00   4.782884e-05   3.595730e-03   9.700260e-07   5508
  8.127874e+00   4.943054e-05   4.079049e-03   9.156352e-07   6324
  8.142009e+00   4.826563e-05   3.503908e-03   1.046600e-06   4752
  8.154927e+00   4.250037e-05   3.922916e-03   8.742958e-07   5676
  8.168912e+00   4.237913e-05   3.588715e-03   8.415058e-07   5472
  8.182185e+00   4.287503e-05   4.047970e-03   8.521968e-07   5556
  8.196444e+00   3.787698e-05   3.944669e-03   7.162628e-07   5436
  8.210207e+00   3.869876e-05   4.037644e-03   7.449452e-07   5916
  8.224340e+00   3.653513e-05   4.200926e-03   7.342149e-07   5520
  8.237065e+00   3.290440e-05   3.820545e-03   6.619791e-07   5280
  8.250104e+00   3.523085e-05   3.754028e-03   7.552477e-07   4416
  8.264815e+00   3.274492e-05   3.659260e-03   6.081033e-07   6260
  8.278635e+00   3.296136e-05   4.351307e-03   5.963052e-07   5940
  8.291152e+00   3.167063e-05   3.407784e-03   6.693688e-07   4188
  8.304933e+00   3.207665e-05   4.357141e-03   5.531165e-07   6360
  8.319422e+00   2.879717e-05   3.886387e-03   5.350740e-07   5256
  8.332880e+00   2.861662e-05   3.673916e-03   5.979136e-07   4848
  8.344411e+00   2.791846e-05   3.330596e-03   5.765504e-07   4704
  8.358606e+00   2.885406e-05   4.085775e-03   5.285054e-07   5784
  8.373047e+00   2.614064e-05   4.323222e-03   4.752363e-07   5820
  8.386987e+00   2.721670e-05   3.872681e-03   4.921457e-07   5700
  8.401010e+00   2.482584e-05   3.591376e-03   4.755607e-07   5232
  8.415051e+00   2.718770e-05   3.984940e-03   5.065067e-07   4932
  8.427489e+00   2.564180e-05   3.429992e-03   5.082441e-07   4716
  8.440557e+00   2.698586e-05   4.369071e-03   5.000888e-07   5616
  8.454004e+00   2.403179e-05   3.858530e-03   4.486097e-07   5184
  8.467873e+00   2.347959e-05   3.892310e-03   4.396659e-07   5064
  8.480954e+00   2.358376e-05   3.985538e-03   4.194158e-07   5544
  8.495461e+00   2.277208e-05   4.000807e-03   4.233282e-07   5192
  8.508660e+00   2.234073e-05   3.595349e-03   4.024395e-07   5244
  8.522539e+00   2.228004e-05   3.890208e-03   4.084816e-07   5112
  8.536336e+00   2.289225e-05   3.570029e-03   4.358123e-07   5040
  8.548997e+00   2.254535e-05   3.753229e-03   4.019181e-07   5124
  8.563784e+00   2.169925e-05   4.213504e-03   3.710906e-07   5952
  8.577433e+00   2.234668e-05   3.691886e-03   4.009086e-07   4824
  8.589806e+00   2.132605e-05   3.726497e-03   3.979418e-07   4536
  8.604129e+00   2.051784e-05   3.960926e-03   3.411699e-07   5712
  8.618841e+00   2.053989e-05   4.334333e-03   3.686310e-07   5352
  8.632715e+00   2.152384e-05   3.775364e-03   3.703412e-07   5004
  8.645110e+00   2.179919e-05   3.776392e-03   3.991772e-07   4800
  8.658430e+00   2.014491e-05   4.058247e-03   3.409649e-07   5148
  8.673187e+00   1.958196e-05   4.215016e-03   3.257423e-07   5664
  8.686522e+00   1.961386e-05   3.785694e-03   3.507679e-07   4692
  8.698842e+00   1.956604e-05   3.516957e-03   3.859241e-07   4008
  8.713211e+00   2.087113e-05   4.031193e-03   3.440485e-07   5852
  8.727819e+00   1.883808e-05   3.817164e-03   3.083621e-07   5784
  8.740793e+00   2.030287e-05   3.518761e-03   3.771177e-07   4392
  8.754148e+00   1.895484e-05   3.451568e-03   3.245154e-07   4944
  8.768168e+00   1.830113e-05   4.069341e-03   3.259077e-07   4776
  8.781390e+00   1.792706e-05   3.914928e-03   2.948494e-07   5244
  8.795740e+00   1.842585e-05   3.908022e-03   3.055064e-07   4884
  8.807779e+00   1.879657e-05   3.314306e-03   3.450118e-07   4488
  8.821780e+00   1.943394e-05   3.938271e-03   3.224326e-07   5160
  8.835879e+00   1.776735e-05   4.009709e-03   2.947397e-07   5316
  8.849460e+00   1.946000e-05   4.054096e-03   3.386631e-07   4896
  8.862698e+00   1.792011e-05   3.766964e-03   3.401495e-07   4188
  8.876040e+00   1.792547e-05   4.108738e-03   3.017676e-07   4836
  8.889663e+00   1.807795e-05   4.075904e-03   2.908851e-07   5316
  8.903463e+00   1.812325e-05   3.772744e-03   2.935756e-07   4920
  8.916368e+00   1.866583e-05   3.800756e-03   3.512138e-07   4128
  8.930215e+00   1.850090e-05   4.088729e-03   2.956453e-07   5348
  8.943842e+00   1.758939e-05   3.547787e-03   2.985813e-07   4836
  8.956853e+00   1.776115e-05   3.822856e-03   3.157899e-07   4392
  8.970868e+00   1.799919e-05   3.358691e-03   3.083172e-07   4632
  8.983486e+00   1.845938e-05   3.752803e-03   3.245888e-07   4596
  8.997977e+00   1.710573e-05   3.773963e-03   2.658892e-07   5424
  9.012312e+00   1.708563e-05   3.884614e-03   2.595717e-07   5256
  9.027082e+00   1.715300e-05   3.945289e-03   2.947169e-07   4524
  9.039381e+00   1.751487e-05   3.752749e-03   3.083051e-07   4440
  9.053157e+00   1.715815e-05   3.209082e-03   2.829647e-07   4380
  9.066638e+00   1.713708e-05   4.199636e-03   2.811165e-07   4812
  9.080988e+00   1.708462e-05   4.171231e-03   2.689980e-07   5376
  9.094107e+00   1.725444e-05   3.331699e-03   2.997579e-07   3888
  9.106679e+00   1.751719e-05   3.815180e-03   2.807399e-07   4896
  9.120705e+00   1.730515e-05   4.025639e-03   2.801811e-07   4608
  9.135432e+00   1.726514e-05   3.799955e-03   2.880766e-07   4448
  9.148250e+00   1.675381e-05   3.922592e-03   2.669000e-07   4752
  9.161757e+00   1.741109e-05   4.108670e-03   2.947455e-07   4356
  9.175960e+00   1.720988e-05   3.953830e-03   2.713934e-07   5232
  9.190083e+00   1.633055e-05   3.984470e-03   2.839718e-07   4548
  9.203776e+00   1.638752e-05   3.873408e-03   2.577326e-07   4608
  9.217142e+00   1.736730e-05   3.518679e-03   3.151192e-07   3936
  9.229761e+00   1.689672e-05   4.205845e-03   2.913488e-07   4260
  9.243941e+00   1.671132e-05   3.770601e-03   2.633870e-07   5004
  9.256906e+00   1.728901e-05   3.725991e-03   3.106285e-07   4224
  9.271122e+00   1.712161e-05   4.025551e-03   2.810300e-07   4788
  9.284930e+00   1.699525e-05   4.233557e-03   2.947364e-07   4428
  9.298384e+00   1.694465e-05   3.537707e-03   2.934560e-07   4080
  9.311336e+00   1.755829e-05   3.868160e-03   2.787280e-07   4632
  9.324972e+00   1.630135e-05   4.022591e-03   2.920856e-07   4056
  9.339306e+00   1.691891e-05   3.787339e-03   2.954276e-07   4536
  9.352403e+00   1.681964e-05   3.862837e-03   2.794212e-07   4668
  9.366745e+00   1.657852e-05   4.140272e-03   2.757754e-07   4604
  9.380714e+00   1.654222e-05   3.720074e-03   2.878636e-07   4152
  9.393605e+00   1.686916e-05   3.605343e-03   2.876086e-07   4224
  9.407270e+00   1.670935e-05   3.466268e-03   2.902557e-07   4152
  9.420923e+00   1.719923e-05   3.931888e-03   2.996491e-07   4224
  9.434196e+00   1.777146e-05   3.636203e-03   3.233551e-07   3960
  9.446982e+00   1.678254e-05   3.752332e-03   2.772845e-07   4656
  9.460948e+00   1.636239e-05   4.048690e-03   2.750725e-07   4452
  9.475269e+00   1.632810e-05   4.116161e-03   2.899256e-07   4056
  9.488596e+00   1.671389e-05   4.078615e-03   2.823728e-07   4212
  9.502096e+00   1.689692e-05   3.389500e-03   3.248804e-07   3432
  9.515777e+00   1.699841e-05   4.336159e-03   2.635385e-07   5352
  9.529148e+00   1.716738e-05   3.175719e-03   3.192494e-07   3600
  9.543704e+00   1.668778e-05   3.502874e-03   2.788077e-07   4584
  9.556413e+00   1.669356e-05   3.492560e-03   3.044581e-07   3768
  9.569504e+00   1.670491e-05   3.728359e-03   3.142722e-07   3848
  9.582571e+00   1.627980e-05   3.418481e-03   3.053104e-07   3720
  9.597389e+00   1.623323e-05   4.290699e-03   2.637086e-07   4764
  9.610471e+00   1.727696e-05   3.455204e-03   3.136537e-07   3864
  9.623905e+00   1.763049e-05   4.279686e-03   3.001435e-07   4332
  9.638558e+00   1.712601e-05   3.653823e-03   3.136190e-07   3792
  9.651651e+00   1.601601e-05   4.144519e-03   2.724122e-07   4284
  9.665527e+00   1.581345e-05   3.924401e-03   2.967502e-07   3840
  9.678659e+00   1.570094e-05   3.735517e-03   3.133178e-07   3480
  9.691996e+00   1.627665e-05   4.168119e-03   2.712517e-07   4380
  9.706412e+00   1.643232e-05   3.915217e-03   2.858363e-07   4200
  9.720578e+00   1.732493e-05   3.763239e-03   2.993331e-07   4056
  9.733733e+00   1.643044e-05   3.782207e-03   3.138031e-07   3600
  9.746058e+00   1.656620e-05   3.768375e-03   3.149244e-07   3492
  9.760459e+00   1.607047e-05   4.400611e-03   2.695510e-07   4500
  9.775152e+00   1.711949e-05   3.855530e-03   3.202342e-07   3516
  9.787780e+00   1.812445e-05   4.030599e-03   3.424156e-07   3968
  9.801933e+00   1.685052e-05   3.873755e-03   3.196483e-07   3648
  9.814461e+00   1.642413e-05   3.704379e-03   3.142916e-07   4224
  9.828664e+00   1.563613e-05   4.157831e-03   3.123583e-07   3588
  9.841991e+00   1.666210e-05   3.835114e-03   3.204524e-07   3456
  9.855400e+00   1.589784e-05   3.406055e-03   2.965337e-07   3660
  9.869258e+00   1.696404e-05   3.738544e-03   3.221859e-07   3768
  9.882173e+00   1.682740e-05   3.780772e-03   3.126990e-07   3744
  9.896044e+00   1.679562e-05   4.150018e-03   2.945476e-07   4176
  9.910801e+00   1.692575e-05   3.827936e-03   3.278945e-07   3612
  9.922997e+00   1.708022e-05   4.159911e-03   3.433333e-07   3216
  9.936956e+00   1.657236e-05   4.021925e-03   3.283802e-07   3624
  9.950989e+00   1.679611e-05   3.781932e-03   3.208144e-07   3744
  9.964551e+00   1.703885e-05   4.035292e-03   3.339064e-07   3672
  9.977933e+00   1.699092e-05   3.659310e-03   3.221915e-07   3852
  9.991750e+00   1.718797e-05   3.766272e-03   3.177131e-07   3672
  1.000645e+01   1.741383e-05   3.669608e-03   3.957731e-07   3248
  1.001872e+01   1.597596e-05   3.756103e-03   3.266188e-07   3336
  1.003212e+01   1.572768e-05   3.823377e-03   3.034700e-07   3576
  1.004582e+01   1.672183e-05   3.245703e-03   3.360538e-07   3336
  1.005978e+01   1.677898e-05   3.855326e-03   3.140473e-07   3936
  1.007355e+01   1.760480e-05   4.106031e-03   3.487688e-07   3408
  1.008721e+01   1.758525e-05   3.617479e-03   3.706496e-07   3336
  1.010048e+01   1.462578e-05   4.063257e-03   3.053067e-07   3312
  1.011375e+01   1.638249e-05   4.114093e-03   3.373817e-07   3432
  1.012788e+01   1.726065e-05   3.566754e-03   3.666094e-07   3144
  1.014078e+01   1.661586e-05   3.872067e-03   3.445649e-07   3456
  1.015528e+01   1.692188e-05   3.721500e-03   3.289275e-07   3792
  1.016839e+01   1.772975e-05   3.655557e-03   3.910322e-07   2868
  1.018255e+01   1.638795e-05   3.787143e-03   2.982391e-07   3888
  1.019578e+01   1.572401e-05   3.288419e-03   3.564792e-07   2784
  1.020881e+01   1.639998e-05   3.755468e-03   3.914896e-07   2964
  1.022304e+01   1.674012e-05   3.867395e-03   3.465928e-07   3432
  1.023659e+01   1.666145e-05   4.003143e-03   3.385665e-07   3416
  1.025029e+01   1.655002e-05   4.279010e-03   3.394469e-07   3528
  1.026432e+01   1.790423e-05   3.434210e-03   4.037904e-07   2904
  1.027673e+01   1.591421e-05   3.850756e-03   3.540011e-07   3072
  1.029117e+01   1.621001e-05   4.324841e-03   3.459687e-07   3216
  1.030559e+01   1.604765e-05   3.502662e-03   3.773176e-07   2844
  1.031826e+01   1.614450e-05   4.008154e-03   3.453408e-07   3432
  1.033126e+01   1.772072e-05   3.221608e-03   4.122410e-07   2880
  1.034579e+01   1.612741e-05   4.267481e-03   3.442034e-07   3576
  1.035947e+01   1.726723e-05   3.814530e-03   4.250527e-07   2700
  1.037258e+01   1.625563e-05   4.284663e-03   3.458030e-07   3000
  1.038630e+01   1.569167e-05   3.557547e-03   3.721373e-07   2556
  1.039962e+01   1.701095e-05   3.812983e-03   3.664918e-07   3360
  1.041340e+01   1.683479e-05   3.704919e-03   3.634383e-07   3120
  1.042824e+01   1.673757e-05   4.361864e-03   3.848179e-07   3216
  1.044102e+01   1.793814e-05   3.076304e-03   4.427321e-07   2628
  1.045538e+01   1.667635e-05   4.066430e-03   3.875735e-07   3200
  1.046849e+01   1.560159e-05   3.836286e-03   4.054751e-07   2232
  1.048172e+01   1.540991e-05   4.379000e-03   3.639798e-07   3108
  1.049489e+01   1.773265e-05   3.846700e-03   4.626856e-07   2604
  1.050838e+01   1.738335e-05   4.143983e-03   3.925049e-07   3096
  1.052321e+01   1.694797e-05   3.775712e-03   3.730339e-07   3084
  1.053608e+01   1.628840e-05   3.853056e-03   3.937139e-07   2664
  1.054934e+01   1.702031e-05   3.397791e-03   4.519695e-07   2232
  1.056233e+01   1.503450e-05   4.185566e-03   3.489051e-07   2808
  1.057656e+01   1.655406e-05   3.953914e-03   4.333412e-07   2592
  1.058985e+01   1.812952e-05   4.059168e-03   4.417397e-07   2952
  1.060381e+01   1.631213e-05   3.832353e-03   4.111339e-07   2772
  1.061738e+01   1.624380e-05   4.121455e-03   3.823092e-07   3036
  1.063158e+01   1.556621e-05   3.997831e-03   4.410160e-07   2136
  1.064453e+01   1.593982e-05   3.188280e-03   4.188515e-07   2496
  1.065782e+01   1.785236e-05   4.246551e-03   4.967339e-07   2228
  1.067168e+01   1.815524e-05   3.959147e-03   4.637909e-07   3048
  1.068548e+01   1.645535e-05   3.781893e-03   4.381778e-07   2676
  1.069919e+01   1.568909e-05   3.767600e-03   3.735559e-07   2784
  1.071230e+01   1.625766e-05   3.660231e-03   4.632540e-07   1920
  1.072544e+01   1.548088e-05   3.906352e-03   4.044538e-07   2400
  1.073968e+01   1.538503e-05   3.582931e-03   3.776919e-07   2532
  1.075441e+01   1.665542e-05   3.979779e-03   4.510524e-07   2544
  1.076766e+01   1.809488e-05   4.163389e-03   4.573241e-07   2772
  1.078071e+01   1.545343e-05   3.899689e-03   4.795459e-07   2160
  1.079368e+01   1.660453e-05   4.200336e-03   4.568133e-07   2304
  1.080867e+01   1.587464e-05   4.110246e-03   4.659425e-07   2328
  1.082212e+01   1.433687e-05   3.940858e-03   3.965811e-07   2304
  1.083458e+01   1.445675e-05   3.726627e-03   4.237672e-07   1908
  1.084874e+01   1.799579e-05   4.167993e-03   5.162841e-07   2736
  1.086239e+01   1.688527e-05   3.949170e-03   4.907752e-07   2448
  1.087690e+01   1.762068e-05   3.692261e-03   5.179016e-07   2040
  1.089004e+01   1.418071e-05   3.844396e-03   4.554958e-07   2120
  1.090267e+01   1.675942e-05   3.187394e-03   4.793383e-07   2040
  1.091626e+01   1.450091e-05   3.954536e-03   4.633327e-07   2208
  1.093164e+01   1.773352e-05   3.550574e-03   5.305823e-07   2208
  1.094410e+01   1.975953e-05   3.934714e-03   5.751051e-07   2196
  1.095698e+01   1.361451e-05   3.461225e-03   4.251182e-07   1848
  1.097008e+01   1.605504e-05   3.925487e-03   5.043928e-07   2124
  1.098474e+01   1.563147e-05   4.117751e-03   4.683141e-07   2328
  1.099905e+01   1.494929e-05   4.192229e-03   4.804441e-07   1920
  1.101296e+01   1.484360e-05   3.848418e-03   5.025132e-07   1548
  1.102533e+01   1.795528e-05   4.221595e-03   5.225174e-07   2388
  1.103993e+01   1.477699e-05   3.906588e-03   4.865487e-07   2160
  1.105330e+01   1.519341e-05   3.555737e-03   5.685715e-07   1704
  1.106610e+01   1.523690e-05   4.005852e-03   5.439308e-07   1776
  1.107822e+01   1.498977e-05   3.746969e-03   5.133944e-07   1800
  1.109354e+01   1.353984e-05   4.325530e-03   4.676983e-07   1700
  1.110784e+01   1.737764e-05   3.894621e-03   5.787785e-07   2292
  1.112117e+01   1.579915e-05   3.615364e-03   5.708653e-07   1704
  1.113374e+01   1.546140e-05   4.042583e-03   5.547688e-07   1728
  1.114751e+01   1.400215e-05   3.741502e-03   5.061510e-07   1728
  1.116101e+01   1.680518e-05   3.737983e-03   6.100374e-07   1680
  1.117537e+01   1.226502e-05   4.306268e-03   4.186957e-07   1704
  1.118967e+01   1.346997e-05   3.381709e-03   4.348861e-07   1752
  1.120245e+01   1.583447e-05   4.020210e-03   5.661578e-07   1872
  1.121629e+01   1.584026e-05   3.940248e-03   6.108163e-07   1500
  1.123032e+01   1.387583e-05   3.450264e-03   5.117214e-07   1656
  1.124395e+01   1.575746e-05   3.699339e-03   5.683887e-07   1464
  1.125606e+01   1.183572e-05   3.240250e-03   5.219583e-07   1488
  1.127092e+01   1.300274e-05   3.910741e-03   4.442873e-07   1680
  1.128450e+01   1.446552e-05   4.085744e-03   5.092834e-07   1692
  1.129720e+01   1.401266e-05   3.912307e-03   5.987744e-07   1128
  1.131130e+01   1.429895e-05   3.767213e-03   5.526348e-07   1536
  1.132506e+01   1.243315e-05   3.926941e-03   5.272816e-07   1616
  1.133898e+01   1.228904e-05   3.786801e-03   4.964249e-07   1476
  1.135302e+01   1.214388e-05   4.167468e-03   5.650812e-07   1176
  1.136555e+01   1.271440e-05   4.477500e-03   4.433334e-07   1656
  1.137919e+01   1.350092e-05   3.933069e-03   7.222520e-07   891
  1.139326e+01   1.190890e-05   4.192686e-03   4.011794e-07   1596
  1.140696e+01   1.188456e-05   3.656134e-03   5.170557e-07   1422
  1.142048e+01   1.142924e-05   3.505987e-03   4.748152e-07   1254
  1.143319e+01   9.926588e-06   3.581765e-03   4.075682e-07   918
  1.144682e+01   1.231601e-05   3.920026e-03   4.213076e-07   1614
  1.146054e+01   9.874573e-06   3.386171e-03   5.428137e-07   798
  1.147418e+01   1.007783e-05   4.340669e-03   3.766655e-07   1458
  1.148802e+01   1.088485e-05   3.974605e-03   3.974524e-07   1374
  1.150169e+01   9.376577e-06   3.394577e-03   4.377760e-07   984
  1.151525e+01   1.017235e-05   4.670468e-03   3.892665e-07   1062
  1.152907e+01   1.172935e-05   3.959103e-03   4.818579e-07   1246
  1.154249e+01   8.588436e-06   3.671067e-03   3.733554e-07   1072
  1.155682e+01   8.798856e-06   3.975530e-03   4.164296e-07   1110
  1.157007e+01   1.046618e-05   4.306909e-03   3.805773e-07   1254
  1.158399e+01   9.136532e-06   4.087484e-03   4.284032e-07   1032
  1.159916e+01   1.022638e-05   3.787024e-03   5.461770e-07   786
  1.161070e+01   1.007346e-05   3.882517e-03   3.935530e-07   1152
  1.162421e+01   8.727209e-06   4.231557e-03   3.493342e-07   1086
  1.163828e+01   7.292513e-06   3.817809e-03   2.816858e-07   912
  1.165129e+01   1.232355e-05   3.826999e-03   5.287641e-07   1062
  1.166457e+01   8.198430e-06   3.814594e-03   3.217618e-07   912
  1.167991e+01   7.060233e-06   4.258338e-03   3.190341e-07   750
  1.169187e+01   1.015855e-05   4.102940e-03   4.035444e-07   1200
  1.170571e+01   8.551241e-06   3.715535e-03   4.097203e-07   918
  1.171947e+01   7.252408e-06   3.856601e-03   3.121703e-07   876
  1.173345e+01   1.021584e-05   3.369895e-03   4.288193e-07   870
  1.174569e+01   8.854324e-06   3.930446e-03   3.909934e-07   768
  1.176004e+01   6.501808e-06   3.602462e-03   2.830284e-07   830
  1.177333e+01   8.778329e-06   3.729870e-03   3.706425e-07   1080
  1.178709e+01   8.277764e-06   4.196592e-03   3.607664e-07   840
  1.180097e+01   6.818442e-06   4.040856e-03   2.848527e-07   798
  1.181670e+01   1.031742e-05   3.207290e-03   4.978186e-07   792
  1.182890e+01   6.978475e-06   3.740740e-03   3.054850e-07   726
  1.184171e+01   5.977993e-06   4.191707e-03   2.119598e-07   864
  1.185573e+01   7.251045e-06   3.588004e-03   3.310803e-07   900
  1.186995e+01   6.312550e-06   3.987579e-03   2.545491e-07   726
  1.188214e+01   6.574545e-06   3.451076e-03   2.968627e-07   576
  1.189842e+01   7.728052e-06   3.591459e-03   3.475436e-07   840
  1.190986e+01   6.687110e-06   3.728159e-03   3.083458e-07   750
  1.192343e+01   6.245838e-06   3.739480e-03   2.763959e-07   720
  1.193622e+01   7.383472e-06   3.783051e-03   3.570838e-07   702
  1.195116e+01   6.982855e-06   4.131600e-03   3.074297e-07   696
  1.196345e+01   7.214362e-06   3.694940e-03   3.658132e-07   480
  1.197794e+01   6.886282e-06   3.501108e-03   3.213281e-07   830
  1.199077e+01   6.658933e-06   4.072924e-03   3.045777e-07   756
  1.200515e+01   6.634109e-06   3.910723e-03   3.131773e-07   624
  1.201783e+01   6.019945e-06   4.132228e-03   2.943828e-07   582
  1.203283e+01   7.153248e-06   3.171578e-03   3.736870e-07   576
  1.204580e+01   5.973821e-06   4.247779e-03   2.687705e-07   624
  1.205910e+01   6.565893e-06   3.469160e-03   3.134466e-07   702
  1.207227e+01   6.018827e-06   3.990462e-03   2.820192e-07   624
  1.208791e+01   6.714113e-06   3.860504e-03   2.907811e-07   672
  1.210064e+01   5.321073e-06   2.889949e-03   2.933146e-07   342
  1.211463e+01   6.663896e-06   3.612817e-03   3.382739e-07   660
  1.212750e+01   5.439421e-06   3.713819e-03   3.224173e-07   576
  1.214078e+01   5.692665e-06   3.610581e-03   3.052495e-07   600
  1.215420e+01   5.211852e-06   4.176133e-03   2.641410e-07   510
  1.216931e+01   6.094215e-06   3.912411e-03   2.805517e-07   600
  1.218096e+01   4.385789e-06   3.116086e-03   3.154806e-07   216
  1.219452e+01   5.197882e-06   3.792817e-03   2.315622e-07   758
  1.221033e+01   5.103882e-06   4.152329e-03   2.447956e-07   576
  1.222419e+01   6.147223e-06   3.525214e-03   3.201339e-07   528
  1.223670e+01   5.338610e-06   2.427615e-03   3.879660e-07   318
  1.225013e+01   6.249896e-06   4.193726e-03   3.082317e-07   540
  1.226602e+01   3.624399e-06   2.964901e-03   1.923004e-07   384
  1.227678e+01   5.297889e-06   4.096461e-03   2.950262e-07   576
  1.229079e+01   4.733826e-06   3.347568e-03   2.570630e-07   414
  1.230405e+01   6.055421e-06   3.738140e-03   3.523716e-07   504
  1.231820e+01   5.173144e-06   4.103605e-03   2.834948e-07   312
  1.233179e+01   5.091455e-06   3.717916e-03   2.831904e-07   414
  1.234528e+01   4.190709e-06   3.434758e-03   2.394235e-07   432
  1.235783e+01   4.425345e-06   4.548844e-03   2.197205e-07   504
  1.237236e+01   5.581806e-06   4.381048e-03   3.237686e-07   432
  1.238596e+01   4.812019e-06   3.588736e-03   2.991925e-07   354
  1.239982e+01   4.818931e-06   5.222048e-03   3.603241e-07   200
  1.241170e+01   4.309300e-06   3.705212e-03   2.103682e-07   480
  1.242776e+01   4.351375e-06   4.234016e-03   2.106611e-07   552
  1.244249e+01   4.684680e-06   2.637454e-03   2.758437e-07   366
  1.245384e+01   4.909059e-06   2.807703e-03   4.916376e-07   240
  1.246633e+01   5.208891e-06   3.925282e-03   3.323093e-07   288
  1.248391e+01   4.445140e-06   2.697682e-03   2.931678e-07   366
  1.249528e+01   3.723847e-06   4.373795e-03   2.062942e-07   408
  1.250797e+01   4.070965e-06   3.287965e-03   2.880104e-07   360
  1.252110e+01   4.579644e-06   3.064933e-03   2.857746e-07   324
  1.253383e+01   4.727389e-06   3.619784e-03   4.236699e-07   174
  1.254899e+01   4.125606e-06   4.158623e-03   3.284963e-07   264
  1.256323e+01   3.952215e-06   3.792868e-03   2.341838e-07   456
  1.257742e+01   4.304505e-06   3.813877e-03   2.696686e-07   360
  1.258909e+01   3.848374e-06   4.201352e-03   2.978822e-07   270
  1.260339e+01   4.944316e-06   4.595030e-03   3.855294e-07   240
  1.262129e+01   5.047744e-06   3.348535e-03   4.782088e-07   120
  1.263009e+01   2.747579e-06   3.495757e-03   2.100018e-07   320
  1.264430e+01   3.886907e-06   4.325399e-03   1.766577e-07   462
  1.265918e+01   3.755592e-06   2.516547e-03   2.245196e-07   276
  1.267211e+01   4.539523e-06   2.854984e-03   4.625009e-07   144
  1.268457e+01   5.138885e-06   2.998289e-03   4.840138e-07   120
  1.270112e+01   2.941839e-06   2.270494e-03   1.703706e-07   294
  1.271363e+01   3.898268e-06   4.027978e-03   2.064112e-07   384
  1.272531e+01   3.774738e-06   2.666495e-03   2.650139e-07   216
  1.273648e+01   4.105260e-06   2.476291e-03   2.856276e-07   168
  1.274910e+01   3.351850e-06   2.946391e-03   4.323812e-07   102
  1.276735e+01   4.457461e-06   4.470257e-03   3.815145e-07   168
  1.278014e+01   3.859469e-06   3.912551e-03   2.213155e-07   384
  1.279417e+01   3.967391e-06   3.975249e-03   2.876887e-07   300
  1.280722e+01   3.701741e-06   4.256630e-03   2.916993e-07   144
  1.282194e+01   3.763959e-06   4.359391e-03   3.444718e-07   102
  1.283959e+01   4.518922e-06   1.031965e-03   6.112167e-07   56
  1.284805e+01   3.050768e-06   3.359809e-03   1.842820e-07   288
  1.286132e+01   3.267459e-06   4.372359e-03   1.689489e-07   360
  1.287576e+01   3.519541e-06   2.345472e-03   3.088246e-07   126
  1.288793e+01   3.419673e-06   1.155171e-03   4.070114e-07   72
  1.290120e+01   5.560414e-06   6.120115e-04   6.635504e-07   48
  1.291851e+01   2.904928e-06   2.475877e-03   1.997823e-07   240
  1.292989e+01   3.403144e-06   3.673549e-03   1.951223e-07   306
  1.294153e+01   3.476578e-06   2.041676e-03   3.454338e-07   120
  1.295495e+01   4.502629e-06   5.024838e-03   5.180659e-07   96
  1.296469e+01   3.245218e-06   0.000000e+00   6.727839e-07   24
  1.298660e+01   3.092080e-06   4.351382e-03   2.906625e-07   120
  1.299733e+01   3.172531e-06   3.763148e-03   1.860264e-07   318
  1.301046e+01   3.551070e-06   4.021435e-03   3.113294e-07   168
  1.302485e+01   4.458316e-06   4.315451e-03   5.069685e-07   72
  1.304060e+01   4.033224e-06   0.000000e+00   5.411124e-07   24
  1.305754e+01   6.015836e-06   2.094735e-03   1.604280e-06   14
  1.306560e+01   2.755933e-06   3.303864e-03   1.754750e-07   288
  1.307812e+01   3.585653e-06   3.974728e-03   3.119235e-07   204
  1.309257e+01   3.893242e-06   6.030662e-04   4.974870e-07   48
  1.310402e+01   4.387990e-06   0.000000e+00   7.963906e-07   24
  1.311727e+01   9.481042e-07   0.000000e+00   2.923589e-07   6
  1.313632e+01   3.161121e-06   2.470146e-03   2.168235e-07   216
  1.314613e+01   3.868428e-06   3.289558e-03   2.675322e-07   192
  1.315814e+01   4.090577e-06   6.000609e-04   7.715512e-07   48
  1.317073e+01   4.276514e-06   4.794588e-03   6.390733e-07   30
  1.320635e+01   3.557792e-06   9.914737e-04   3.359035e-07   96
  1.321367e+01   3.203456e-06   3.248800e-03   2.252326e-07   228
  1.322756e+01   3.481926e-06   4.248394e-03   4.252723e-07   72
  1.324426e+01   9.314834e-06   1.438612e-07   4.473804e-06   6
  1.328230e+01   2.946227e-06   3.207767e-03   2.270440e-07   248
  1.329444e+01   3.487377e-06   3.671457e-03   3.632119e-07   72
  1.330909e+01   4.417071e-06   0.000000e+00   7.211565e-07   6
  1.335335e+01   3.223220e-06   2.279484e-03   2.668887e-07   180
  1.336217e+01   3.524345e-06   3.101597e-03   4.780139e-07   72
  1.337477e+01   1.446288e-06   0.000000e+00   2.542973e-07   6
  1.342398e+01   3.984402e-06   9.753997e-04   5.022829e-07   96
  1.342986e+01   2.880333e-06   2.677881e-03   3.234255e-07   96
  1.344132e+01   6.935038e-06   0.000000e+00   9.103619e-07   6
  1.349818e+01   3.524764e-06   2.562939e-03   3.104052e-07   140
  1.350870e+01   3.242805e-06   1.438612e-07   5.342940e-07   6
  1.356964e+01   3.354369e-06   1.721129e-03   4.260782e-07   96
  1.357692e+01   1.304932e-06   2.491750e-07   3.697401e-07   6
  1.364131e+01   5.683151e-06   1.035401e-03   6.220755e-07   60
  1.364594e+01   4.696125e-06   0.000000e+00   2.754833e-07   6
  1.371360e+01   3.794994e-06   1.049683e-03   6.320146e-07   38
  1.378564e+01   2.679145e-06   5.399836e-04   1.011334e-06   18
  1.385781e+01   2.454146e-06   0.000000e+00   5.965008e-07   6
