# power spectrum of delta
# redshift z=100.000000
# k              Pk             sigma(k)       sigma(Pk)      count
  3.141593e-02   3.087397e-06   0.000000e+00   1.344007e-06   6
  4.442883e-02   4.198926e-06   0.000000e+00   9.055848e-07   12
  5.441398e-02   5.397838e-06   5.960464e-10   1.188893e-06   8
  6.283185e-02   2.707289e-05   0.000000e+00   3.148077e-06   6
  7.024815e-02   2.570134e-05   0.000000e+00   8.854774e-06   24
  7.695299e-02   4.620571e-05   1.123916e-09   8.420047e-06   24
  8.885766e-02   2.775831e-05   0.000000e+00   1.349691e-05   12
  9.424778e-02   3.610570e-05   1.271566e-09   7.171768e-06   30
  9.934588e-02   5.026507e-05   0.000000e+00   1.196284e-05   24
  1.041948e-01   5.110316e-05   1.946680e-09   1.369115e-05   24
  1.088280e-01   6.665725e-05   1.192093e-09   1.456834e-05   8
  1.132717e-01   6.323962e-05   1.589457e-09   8.503835e-06   24
  1.175476e-01   6.656511e-05   0.000000e+00   1.011774e-05   48
  1.256637e-01   9.677339e-05   0.000000e+00   4.597650e-05   6
  1.295312e-01   8.475492e-05   2.247832e-09   1.287518e-05   48
  1.332865e-01   8.511407e-05   0.000000e+00   9.573225e-06   36
  1.369388e-01   1.313661e-04   1.589457e-09   2.969749e-05   24
  1.404963e-01   8.181902e-05   0.000000e+00   1.518339e-05   24
  1.439659e-01   7.717561e-05   0.000000e+00   1.131757e-05   48
  1.473538e-01   1.252912e-04   2.247832e-09   1.926116e-05   24
  1.539060e-01   1.089403e-04   2.247832e-09   1.846868e-05   24
  1.570796e-01   7.720024e-05   0.000000e+00   1.366425e-05   30
  1.601904e-01   8.618400e-05   0.000000e+00   1.028129e-05   72
  1.632419e-01   8.750556e-05   2.384186e-09   1.928452e-05   32
  1.691799e-01   1.284243e-04   0.000000e+00   1.610385e-05   72
  1.720721e-01   8.191218e-05   0.000000e+00   1.294153e-05   48
  1.777153e-01   4.813921e-05   0.000000e+00   1.546490e-05   12
  1.818278e-01   9.670159e-05   1.356999e-03   9.521304e-06   96
  1.858591e-01   1.290684e-04   2.247832e-09   1.763279e-05   48
  1.884956e-01   1.630613e-04   2.543132e-09   3.089731e-05   30
  1.930195e-01   1.590145e-04   1.110745e-03   1.603978e-05   96
  1.986918e-01   1.023030e-04   0.000000e+00   2.100620e-05   24
  2.019729e-01   1.512310e-04   1.149470e-03   1.320986e-05   144
  2.060080e-01   1.108523e-04   3.893359e-09   2.930547e-05   24
  2.101558e-01   1.717472e-04   1.019641e-03   2.119179e-05   96
  2.130732e-01   1.544901e-04   0.000000e+00   2.563656e-05   48
  2.196204e-01   2.015873e-04   7.561448e-04   2.461022e-05   62
  2.229479e-01   1.518407e-04   1.063325e-03   1.972213e-05   132
  2.265435e-01   1.038438e-04   3.178914e-09   1.991871e-05   24
  2.299386e-01   1.687160e-04   1.062773e-03   1.556524e-05   168
  2.361402e-01   2.108990e-04   1.044888e-03   1.881822e-05   96
  2.407969e-01   1.511735e-04   8.892964e-04   1.543317e-05   96
  2.465108e-01   1.704074e-04   9.912393e-04   1.520100e-05   168
  2.513274e-01   2.435520e-04   0.000000e+00   1.156685e-04   6
  2.532833e-01   2.050217e-04   0.000000e+00   2.147353e-05   96
  2.556094e-01   2.013205e-04   7.704991e-04   2.144386e-05   120
  2.603276e-01   1.690725e-04   8.946872e-04   1.449376e-05   144
  2.628445e-01   2.023954e-04   0.000000e+00   2.956513e-05   48
  2.676272e-01   1.863512e-04   9.129480e-04   2.159405e-05   84
  2.702500e-01   2.108829e-04   6.229375e-09   2.041063e-05   120
  2.726122e-01   1.672072e-04   8.284350e-04   2.076258e-05   80
  2.762684e-01   1.632496e-04   8.411337e-04   1.292259e-05   144
  2.809926e-01   2.126343e-04   0.000000e+00   4.247485e-05   24
  2.833001e-01   2.371445e-04   8.116570e-04   2.142825e-05   150
  2.869003e-01   2.194094e-04   8.421398e-04   1.716746e-05   120
  2.908539e-01   2.044614e-04   7.674333e-04   1.856937e-05   168
  2.947075e-01   3.177708e-04   4.495664e-09   5.685846e-05   24
  2.971320e-01   1.894410e-04   8.267572e-04   1.299682e-05   264
  2.996888e-01   1.523953e-04   4.495664e-09   2.315120e-05   48
  3.040472e-01   2.075174e-04   7.657894e-04   1.845688e-05   144
  3.088780e-01   2.657931e-04   7.537918e-04   3.518302e-05   72
  3.116349e-01   2.155665e-04   7.753696e-04   1.487409e-05   180
  3.154887e-01   2.348220e-04   5.618085e-04   1.897724e-05   198
  3.172853e-01   2.502832e-04   0.000000e+00   2.939023e-05   48
  3.212589e-01   2.088018e-04   7.604235e-04   1.706353e-05   168
  3.242078e-01   2.528941e-04   7.610554e-04   2.482476e-05   144
  3.286689e-01   2.452154e-04   1.069325e-03   1.380892e-05   248
  3.346931e-01   1.827501e-04   7.372130e-04   1.392023e-05   192
  3.387952e-01   2.444527e-04   1.138733e-03   1.724195e-05   240
  3.412643e-01   2.711527e-04   0.000000e+00   3.181079e-05   72
  3.450301e-01   2.870483e-04   6.949038e-04   2.706220e-05   126
  3.474057e-01   3.083293e-04   6.411427e-04   2.628676e-05   168
  3.519418e-01   2.965416e-04   7.010821e-04   1.782850e-05   288
  3.567097e-01   2.792716e-04   3.692465e-04   2.567572e-05   156
  3.591788e-01   2.418224e-04   6.211799e-04   2.275998e-05   168
  3.629232e-01   2.634433e-04   1.064903e-03   1.739850e-05   264
  3.663695e-01   2.523816e-04   0.000000e+00   3.373452e-05   48
  3.689305e-01   2.583580e-04   1.059837e-03   1.831116e-05   264
  3.726017e-01   2.687408e-04   6.247067e-04   2.405838e-05   144
  3.753744e-01   3.070649e-04   1.278119e-03   3.763787e-05   78
  3.794134e-01   2.538876e-04   8.308297e-04   1.517374e-05   336
  3.832223e-01   2.408727e-04   6.321261e-04   1.747205e-05   200
  3.857237e-01   2.380109e-04   1.237711e-03   1.949697e-05   192
  3.891007e-01   3.035813e-04   6.211148e-04   2.320051e-05   240
  3.922031e-01   3.278181e-04   1.244751e-03   2.437347e-05   168
  3.953904e-01   2.743670e-04   9.965829e-04   2.548734e-05   120
  3.992183e-01   3.118704e-04   7.789166e-04   1.793024e-05   324
  4.029325e-01   2.842335e-04   6.123609e-04   2.079352e-05   192
  4.054605e-01   3.267001e-04   1.098236e-03   2.535059e-05   168
  4.097605e-01   2.470075e-04   9.045380e-04   1.462138e-05   342
  4.136377e-01   3.457630e-04   7.283351e-04   1.909805e-05   336
  4.175676e-01   3.902315e-04   5.573676e-04   4.685576e-05   72
  4.202177e-01   3.157789e-04   8.914348e-04   2.260509e-05   288
  4.232940e-01   3.194598e-04   5.805638e-04   2.490679e-05   264
  4.275907e-01   2.888413e-04   7.635845e-04   1.687423e-05   384
  4.314393e-01   3.080792e-04   9.165000e-04   2.469949e-05   240
  4.330387e-01   3.284274e-04   0.000000e+00   4.291365e-05   48
  4.376646e-01   3.287900e-04   7.502152e-04   1.788583e-05   392
  4.411939e-01   3.073121e-04   8.233237e-04   1.876552e-05   294
  4.449889e-01   3.101456e-04   5.351174e-04   2.477651e-05   228
  4.474848e-01   3.715044e-04   8.126542e-04   2.608760e-05   216
  4.505903e-01   3.141154e-04   4.950126e-04   1.784464e-05   336
  4.543917e-01   3.410266e-04   5.881562e-04   2.099227e-05   360
  4.575298e-01   3.736596e-04   8.960980e-04   2.479736e-05   240
  4.607997e-01   3.443223e-04   1.060289e-03   2.605412e-05   168
  4.638498e-01   3.272930e-04   8.345766e-04   1.999674e-05   312
  4.674837e-01   3.278346e-04   5.223070e-04   1.800103e-05   336
  4.714093e-01   3.608882e-04   7.125237e-04   2.356555e-05   294
  4.743691e-01   4.108127e-04   9.496486e-04   2.714924e-05   288
  4.766340e-01   2.912647e-04   5.942268e-04   2.051260e-05   264
  4.806729e-01   3.426178e-04   1.020729e-03   1.870024e-05   480
  4.840497e-01   3.867153e-04   4.993372e-04   2.473989e-05   240
  4.881898e-01   3.873042e-04   5.049178e-04   2.433877e-05   276
  4.914560e-01   3.689129e-04   1.108394e-03   1.661539e-05   488
  4.953364e-01   4.253770e-04   4.881604e-04   4.031696e-05   240
  4.975888e-01   3.893702e-04   9.478817e-04   2.079144e-05   360
  5.007471e-01   3.335977e-04   3.372420e-04   2.678788e-05   198
  5.048088e-01   3.292622e-04   1.139554e-03   1.541505e-05   480
  5.077827e-01   3.338749e-04   4.206151e-04   2.185813e-05   288
  5.118957e-01   3.911265e-04   8.890844e-04   1.999441e-05   480
  5.155943e-01   4.054622e-04   5.477885e-04   1.845097e-05   480
  5.193926e-01   3.609104e-04   7.084734e-04   2.603795e-05   288
  5.217624e-01   4.086503e-04   7.558106e-04   2.505869e-05   288
  5.254897e-01   3.980494e-04   1.313978e-03   2.066587e-05   456
  5.292427e-01   4.491043e-04   1.237461e-03   2.385388e-05   360
  5.316624e-01   4.037829e-04   7.417705e-04   2.685104e-05   180
  5.351641e-01   3.460965e-04   8.078786e-04   1.584979e-05   486
  5.387135e-01   3.942679e-04   1.074738e-03   1.907035e-05   504
  5.423223e-01   4.290161e-04   8.350175e-04   2.184982e-05   456
  5.453146e-01   4.194775e-04   6.937522e-04   2.661817e-05   296
  5.492681e-01   4.004932e-04   6.845723e-04   1.895299e-05   528
  5.522412e-01   4.096443e-04   6.754952e-04   2.228959e-05   336
  5.566202e-01   4.199642e-04   7.492509e-04   1.864434e-05   600
  5.598255e-01   3.549998e-04   4.389510e-04   2.286658e-05   264
  5.630377e-01   4.248872e-04   4.746734e-04   2.239692e-05   360
  5.663164e-01   4.112588e-04   9.503430e-04   1.929774e-05   630
  5.699293e-01   4.789623e-04   4.905582e-04   2.448863e-05   432
  5.731342e-01   4.658742e-04   9.451815e-04   2.357602e-05   408
  5.770679e-01   4.318512e-04   6.273536e-04   2.506824e-05   324
  5.799944e-01   4.159892e-04   8.940555e-04   1.676782e-05   744
  5.835245e-01   4.122453e-04   7.147379e-04   2.473851e-05   336
  5.868971e-01   4.742773e-04   9.825821e-04   2.234354e-05   528
  5.905956e-01   4.071834e-04   5.013432e-04   2.338908e-05   408
  5.930477e-01   4.036305e-04   8.532867e-04   2.130955e-05   408
  5.970992e-01   4.211918e-04   7.044158e-04   2.039037e-05   470
  6.000503e-01   4.516761e-04   8.462312e-04   2.198048e-05   528
  6.041714e-01   3.956282e-04   7.051400e-04   1.577287e-05   624
  6.072067e-01   4.572572e-04   5.365451e-04   2.270131e-05   504
  6.103381e-01   4.027440e-04   7.473673e-04   1.869439e-05   552
  6.134442e-01   4.473941e-04   3.633077e-04   2.420945e-05   336
  6.173336e-01   4.825495e-04   7.733391e-04   2.260273e-05   528
  6.203465e-01   4.630238e-04   8.804611e-04   1.967250e-05   564
  6.238755e-01   4.465432e-04   8.103718e-04   2.310586e-05   528
  6.277016e-01   4.956879e-04   1.258127e-03   2.335331e-05   582
  6.311810e-01   4.616725e-04   9.685676e-04   1.969275e-05   624
  6.342239e-01   4.556627e-04   1.107259e-03   2.466334e-05   432
  6.378545e-01   4.806843e-04   1.231633e-03   1.764930e-05   816
  6.415903e-01   5.035835e-04   5.613229e-04   2.972251e-05   312
  6.440342e-01   4.473782e-04   9.097486e-04   2.141801e-05   552
  6.479751e-01   4.705906e-04   5.729811e-04   1.872595e-05   744
  6.508302e-01   5.233028e-04   5.352808e-04   3.044590e-05   408
  6.545153e-01   4.593692e-04   7.670807e-04   1.989875e-05   632
  6.583434e-01   5.374426e-04   1.302698e-03   2.130608e-05   750
  6.614577e-01   5.233838e-04   8.961591e-04   2.995714e-05   312
  6.649282e-01   5.016927e-04   1.323054e-03   1.847025e-05   876
  6.683608e-01   4.140835e-04   8.638758e-04   1.848388e-05   552
  6.722286e-01   5.136689e-04   7.144220e-04   2.170386e-05   696
  6.748633e-01   5.176892e-04   7.885864e-04   2.356318e-05   576
  6.784490e-01   4.668913e-04   8.349233e-04   2.319805e-05   576
  6.815094e-01   5.332126e-04   1.118800e-03   2.243177e-05   648
  6.852079e-01   5.342720e-04   1.119848e-03   2.094695e-05   672
  6.892913e-01   5.210184e-04   4.749981e-04   2.651117e-05   480
  6.919049e-01   4.916495e-04   7.355919e-04   1.876309e-05   726
  6.952701e-01   5.483735e-04   8.335213e-04   2.052230e-05   792
  6.989152e-01   5.090766e-04   1.156314e-03   1.999447e-05   768
  7.027568e-01   5.375425e-04   9.450117e-04   2.162159e-05   672
  7.062791e-01   5.259151e-04   6.338940e-04   2.185108e-05   608
  7.088289e-01   5.070815e-04   6.085575e-04   2.144762e-05   624
  7.124666e-01   5.132272e-04   7.908153e-04   1.990280e-05   684
  7.160048e-01   5.273679e-04   1.168126e-03   1.938168e-05   768
  7.192978e-01   5.509977e-04   9.339087e-04   2.021794e-05   744
  7.232214e-01   5.217705e-04   5.880444e-04   1.925309e-05   750
  7.260813e-01   4.904896e-04   8.740497e-04   2.282928e-05   600
  7.291738e-01   5.246232e-04   9.280831e-04   2.267172e-05   600
  7.329948e-01   5.455024e-04   1.069558e-03   1.784908e-05   1008
  7.360291e-01   5.535775e-04   5.932140e-04   2.229510e-05   696
  7.393913e-01   5.725087e-04   7.836622e-04   2.482592e-05   624
  7.427714e-01   5.598036e-04   1.219477e-03   2.190853e-05   840
  7.466115e-01   5.970061e-04   8.297560e-04   2.193046e-05   816
  7.497263e-01   5.414886e-04   5.511434e-04   1.997753e-05   744
  7.528720e-01   5.609866e-04   9.743308e-04   2.509562e-05   510
  7.566719e-01   5.771307e-04   9.354376e-04   1.978066e-05   1020
  7.602083e-01   5.713118e-04   7.548055e-04   1.938374e-05   912
  7.636946e-01   5.953006e-04   1.118287e-03   2.266023e-05   752
  7.665773e-01   5.876901e-04   9.279166e-04   2.401546e-05   888
  7.705110e-01   5.603486e-04   5.987809e-04   2.108775e-05   768
  7.737287e-01   5.770886e-04   1.088038e-03   2.223258e-05   720
  7.774318e-01   5.743361e-04   9.591365e-04   1.946314e-05   1056
  7.807164e-01   5.830731e-04   6.635712e-04   2.701345e-05   504
  7.834077e-01   5.513055e-04   1.036180e-03   2.219840e-05   774
  7.872566e-01   5.744675e-04   9.965308e-04   1.865346e-05   1272
  7.908715e-01   5.961188e-04   6.528845e-04   2.419306e-05   744
  7.942423e-01   5.510408e-04   1.066119e-03   2.092874e-05   768
  7.973348e-01   5.878522e-04   9.017976e-04   2.062689e-05   840
  8.008078e-01   6.213840e-04   6.113945e-04   2.135697e-05   924
  8.041520e-01   6.004409e-04   1.077887e-03   2.093357e-05   936
  8.074387e-01   5.624668e-04   7.490908e-04   1.966894e-05   840
  8.107496e-01   6.300316e-04   8.905816e-04   2.091133e-05   1008
  8.149572e-01   5.795398e-04   1.005384e-03   2.272311e-05   696
  8.175973e-01   5.581525e-04   8.936126e-04   1.887690e-05   974
  8.215196e-01   6.244081e-04   1.186822e-03   1.897119e-05   1152
  8.249297e-01   6.236297e-04   4.644064e-04   2.210448e-05   816
  8.275817e-01   5.664883e-04   1.021642e-03   1.980478e-05   816
  8.311497e-01   6.104943e-04   9.021557e-04   1.857779e-05   1152
  8.349126e-01   6.180936e-04   8.122495e-04   2.089213e-05   912
  8.383344e-01   6.612323e-04   9.868829e-04   2.106729e-05   1056
  8.412644e-01   6.471033e-04   8.439617e-04   2.725653e-05   624
  8.452043e-01   6.143687e-04   1.054219e-03   1.961105e-05   1260
  8.486045e-01   6.425812e-04   6.358601e-04   2.298947e-05   894
  8.519256e-01   6.776780e-04   1.089455e-03   1.947996e-05   1176
  8.552483e-01   5.833279e-04   9.017456e-04   2.296126e-05   840
  8.590302e-01   6.496495e-04   1.024965e-03   1.755659e-05   1440
  8.630011e-01   5.956022e-04   5.762415e-04   2.054842e-05   864
  8.660120e-01   6.746578e-04   9.888588e-04   2.289398e-05   1056
  8.690088e-01   6.851150e-04   5.830181e-04   2.956830e-05   624
  8.726485e-01   6.643975e-04   1.079649e-03   1.825789e-05   1496
  8.761287e-01   6.655237e-04   7.622705e-04   2.651118e-05   936
  8.792270e-01   6.426031e-04   1.103528e-03   2.193573e-05   966
  8.825608e-01   6.400738e-04   7.822254e-04   2.219432e-05   936
  8.860627e-01   6.610352e-04   9.675709e-04   1.932351e-05   1248
  8.896481e-01   6.231776e-04   6.820943e-04   1.925829e-05   1044
  8.929887e-01   6.519641e-04   1.056586e-03   1.946787e-05   1392
  8.956346e-01   6.062690e-04   8.137844e-04   2.480333e-05   600
  8.994195e-01   6.388916e-04   9.245446e-04   1.741320e-05   1416
  9.029683e-01   6.661413e-04   9.951594e-04   2.038715e-05   1152
  9.065643e-01   6.613077e-04   9.546993e-04   2.223162e-05   936
  9.094611e-01   6.715838e-04   1.023962e-03   2.432379e-05   870
  9.129031e-01   7.112982e-04   8.585511e-04   2.199062e-05   1368
  9.167230e-01   6.891997e-04   1.128771e-03   1.902031e-05   1632
  9.199872e-01   7.030005e-04   4.900489e-04   2.627344e-05   816
  9.235207e-01   7.078808e-04   1.118000e-03   2.151907e-05   1200
  9.266037e-01   7.180694e-04   1.068940e-03   2.179320e-05   1184
  9.297355e-01   7.384195e-04   8.112554e-04   2.538566e-05   984
  9.335780e-01   6.980623e-04   9.904597e-04   1.922643e-05   1572
  9.370615e-01   7.638952e-04   5.454633e-04   2.858554e-05   840
  9.403078e-01   6.900277e-04   1.268496e-03   1.906912e-05   1392
  9.437353e-01   6.784394e-04   9.313292e-04   2.220305e-05   1158
  9.467946e-01   7.262235e-04   8.480474e-04   2.159642e-05   1272
  9.504783e-01   7.404822e-04   8.642362e-04   2.118322e-05   1320
  9.539383e-01   7.130285e-04   8.456454e-04   2.352216e-05   1104
  9.572303e-01   7.013366e-04   9.571521e-04   2.080646e-05   1392
  9.606855e-01   6.910903e-04   1.035256e-03   2.099432e-05   1296
  9.642441e-01   7.204822e-04   1.080979e-03   2.040814e-05   1392
  9.675832e-01   7.273240e-04   7.929844e-04   2.313500e-05   1104
  9.706726e-01   7.030482e-04   9.988394e-04   1.978833e-05   1320
  9.750729e-01   7.214416e-04   7.627990e-04   2.032228e-05   1422
  9.778836e-01   7.031968e-04   9.500234e-04   2.169761e-05   1212
  9.811123e-01   7.043316e-04   1.038119e-03   2.005128e-05   1280
  9.844292e-01   7.678405e-04   1.080965e-03   2.287516e-05   1272
  9.876081e-01   7.822628e-04   9.354676e-04   2.053541e-05   1680
  9.913762e-01   6.904602e-04   8.838433e-04   2.174412e-05   1152
  9.948450e-01   7.301103e-04   1.023522e-03   1.890549e-05   1512
  9.984917e-01   7.281719e-04   4.321268e-04   2.596805e-05   912
  1.001374e+00   7.705557e-04   1.089303e-03   1.883913e-05   1680
  1.005208e+00   6.761418e-04   9.649944e-04   1.802403e-05   1518
  1.008050e+00   7.754408e-04   8.934013e-04   2.419672e-05   1056
  1.011043e+00   7.469790e-04   9.020883e-04   2.029963e-05   1344
  1.014912e+00   8.412102e-04   9.686459e-04   2.141140e-05   1680
  1.018413e+00   7.571122e-04   9.545000e-04   2.023677e-05   1656
  1.022239e+00   7.338545e-04   8.113401e-04   2.463405e-05   1140
  1.025111e+00   7.528672e-04   9.394701e-04   2.249578e-05   1368
  1.028490e+00   7.664831e-04   1.068653e-03   2.029161e-05   1656
  1.031925e+00   7.985928e-04   1.094530e-03   2.356467e-05   1448
  1.035664e+00   7.694800e-04   1.028239e-03   2.080306e-05   1422
  1.039117e+00   8.003964e-04   1.135134e-03   2.162257e-05   1512
  1.042071e+00   8.032073e-04   8.653925e-04   2.438291e-05   1296
  1.045488e+00   7.678714e-04   7.901604e-04   1.953733e-05   1824
  1.049182e+00   7.848395e-04   1.024562e-03   2.116106e-05   1464
  1.052914e+00   7.514552e-04   9.142746e-04   1.759733e-05   1824
  1.056378e+00   8.094213e-04   7.268946e-04   2.224174e-05   1416
  1.059391e+00   8.034007e-04   1.064705e-03   2.275513e-05   1392
  1.062644e+00   7.827520e-04   9.824934e-04   2.114547e-05   1464
  1.066612e+00   7.366747e-04   9.605397e-04   2.085027e-05   1524
  1.069679e+00   7.826702e-04   8.851531e-04   2.092817e-05   1686
  1.073223e+00   7.883410e-04   1.053951e-03   2.083229e-05   1800
  1.076269e+00   8.453016e-04   8.367365e-04   2.598900e-05   1344
  1.079649e+00   8.427247e-04   9.762172e-04   2.377937e-05   1656
  1.083037e+00   8.303521e-04   7.794597e-04   2.168920e-05   1488
  1.085981e+00   8.478772e-04   7.781905e-04   2.281800e-05   1536
  1.090083e+00   8.149286e-04   8.644814e-04   2.112971e-05   1760
  1.093262e+00   8.214663e-04   9.615670e-04   1.994152e-05   1824
  1.096937e+00   8.670186e-04   8.069338e-04   2.280192e-05   1560
  1.100474e+00   8.458007e-04   9.268390e-04   2.063509e-05   1926
  1.103800e+00   8.569792e-04   6.591044e-04   2.526762e-05   1272
  1.106836e+00   8.234507e-04   1.107624e-03   2.026390e-05   1848
  1.110827e+00   8.802241e-04   8.948652e-04   2.041919e-05   1908
  1.113862e+00   8.398567e-04   8.728229e-04   2.271818e-05   1488
  1.117064e+00   8.193010e-04   9.843565e-04   2.130004e-05   1800
  1.120536e+00   8.392891e-04   9.853270e-04   2.141139e-05   1752
  1.123862e+00   8.208130e-04   1.047738e-03   2.288626e-05   1368
  1.127190e+00   8.724490e-04   9.846724e-04   1.935089e-05   2016
  1.130851e+00   8.959001e-04   1.040056e-03   2.368078e-05   1542
  1.134229e+00   8.431215e-04   1.018496e-03   2.008821e-05   2184
  1.137968e+00   8.890278e-04   9.316927e-04   2.156445e-05   1776
  1.141198e+00   8.607674e-04   1.065066e-03   2.591661e-05   1568
  1.144277e+00   8.974188e-04   9.730567e-04   2.106402e-05   2040
  1.147628e+00   9.277410e-04   1.040285e-03   2.369795e-05   1704
  1.151135e+00   8.540889e-04   1.042809e-03   2.319261e-05   1512
  1.154441e+00   8.967529e-04   8.895193e-04   2.100603e-05   2028
  1.158156e+00   8.935570e-04   1.072989e-03   2.050358e-05   1968
  1.161553e+00   8.808634e-04   1.088387e-03   2.056121e-05   1854
  1.164877e+00   8.557018e-04   1.037568e-03   2.113798e-05   1632
  1.168284e+00   9.054481e-04   1.066190e-03   1.858476e-05   2424
  1.171815e+00   8.727132e-04   1.067299e-03   2.271090e-05   1560
  1.174799e+00   9.161823e-04   1.008596e-03   2.199332e-05   1728
  1.178406e+00   8.872053e-04   1.076630e-03   2.134494e-05   2088
  1.182036e+00   8.642510e-04   1.024837e-03   2.076884e-05   1968
  1.185376e+00   9.034703e-04   1.014687e-03   2.104620e-05   2256
  1.188725e+00   9.229557e-04   9.021689e-04   2.226428e-05   1728
  1.192220e+00   9.151951e-04   8.893459e-04   2.665706e-05   1416
  1.195317e+00   9.644020e-04   9.375489e-04   2.134539e-05   2246
  1.198824e+00   9.101861e-04   1.038325e-03   2.204777e-05   2148
  1.202179e+00   9.489433e-04   8.770767e-04   2.478712e-05   1680
  1.205336e+00   9.275479e-04   1.108808e-03   1.886296e-05   2280
  1.209132e+00   9.512708e-04   1.032545e-03   1.984212e-05   2352
  1.212677e+00   9.451364e-04   8.675956e-04   2.461181e-05   1632
  1.215481e+00   9.516710e-04   9.927599e-04   2.301821e-05   1968
  1.219330e+00   9.292325e-04   1.018572e-03   2.170569e-05   2112
  1.222898e+00   9.130058e-04   7.651272e-04   2.152715e-05   2208
  1.226366e+00   9.350961e-04   7.714782e-04   2.128298e-05   1974
  1.229103e+00   9.122105e-04   7.547155e-04   2.180700e-05   1944
  1.232801e+00   9.878130e-04   8.538738e-04   2.228649e-05   2160
  1.236006e+00   9.576397e-04   7.985646e-04   2.305434e-05   2040
  1.239469e+00   9.866177e-04   1.117210e-03   2.223093e-05   2352
  1.243021e+00   1.008450e-03   9.281329e-04   2.437599e-05   1836
  1.246263e+00   9.702904e-04   9.900888e-04   2.026333e-05   2352
  1.249904e+00   9.546206e-04   1.038469e-03   2.218727e-05   2008
  1.253241e+00   9.607897e-04   1.021602e-03   2.134042e-05   2464
  1.256962e+00   9.764206e-04   8.239668e-04   2.164881e-05   2118
  1.260014e+00   9.700530e-04   8.282933e-04   2.382229e-05   1848
  1.263155e+00   1.045364e-03   1.096103e-03   2.474448e-05   2280
  1.266949e+00   1.020762e-03   1.042656e-03   2.200922e-05   2472
  1.270495e+00   9.799585e-04   6.967749e-04   2.219188e-05   2280
  1.273472e+00   1.061608e-03   8.516900e-04   2.617917e-05   1992
  1.276681e+00   1.036053e-03   8.953885e-04   2.144354e-05   2184
  1.280383e+00   9.428496e-04   1.080148e-03   2.087580e-05   2352
  1.283950e+00   1.009136e-03   1.138283e-03   2.125096e-05   2496
  1.287442e+00   9.662395e-04   1.063169e-03   2.466824e-05   1770
  1.290574e+00   1.059677e-03   9.173472e-04   2.242053e-05   2568
  1.294340e+00   1.039487e-03   1.125164e-03   2.125492e-05   2712
  1.297763e+00   1.053083e-03   8.935426e-04   2.295811e-05   2448
  1.301181e+00   1.084228e-03   7.532107e-04   2.450767e-05   2064
  1.304017e+00   1.005093e-03   7.950308e-04   2.511948e-05   1944
  1.307693e+00   1.015043e-03   9.821551e-04   2.233669e-05   2480
  1.311444e+00   1.048955e-03   1.066909e-03   2.096612e-05   2880
  1.314766e+00   1.055650e-03   1.023447e-03   2.283770e-05   2304
  1.318235e+00   1.050020e-03   9.402943e-04   2.454044e-05   1806
  1.321312e+00   1.048329e-03   9.221420e-04   2.030867e-05   2856
  1.325168e+00   1.085895e-03   8.843619e-04   2.303550e-05   2568
  1.328102e+00   1.009660e-03   8.872603e-04   2.365014e-05   2112
  1.331295e+00   1.062628e-03   8.545882e-04   2.602136e-05   2028
  1.334721e+00   1.069140e-03   1.011581e-03   2.085555e-05   2712
  1.338200e+00   1.099161e-03   1.089819e-03   2.137443e-05   2952
  1.341938e+00   1.105271e-03   8.420698e-04   2.466472e-05   2112
  1.344961e+00   1.080006e-03   9.868628e-04   2.205400e-05   2520
  1.348591e+00   1.064585e-03   9.518488e-04   2.307750e-05   2376
  1.351898e+00   1.105716e-03   7.630336e-04   2.341517e-05   2526
  1.355330e+00   1.132016e-03   9.495751e-04   2.343235e-05   2664
  1.358728e+00   1.126312e-03   1.132572e-03   2.376084e-05   2408
  1.361986e+00   1.126986e-03   9.072345e-04   2.372717e-05   2568
  1.365308e+00   1.164796e-03   8.553593e-04   2.244963e-05   2904
  1.368912e+00   1.119480e-03   9.597374e-04   2.297132e-05   2544
  1.372336e+00   1.128323e-03   7.069125e-04   2.529787e-05   2160
  1.375567e+00   1.199875e-03   1.222170e-03   2.472702e-05   2652
  1.379136e+00   1.118867e-03   9.677074e-04   2.225343e-05   2784
  1.382571e+00   1.176539e-03   9.556393e-04   2.260708e-05   2694
  1.386129e+00   1.106236e-03   8.588525e-04   2.139550e-05   2952
  1.389221e+00   1.211721e-03   8.134896e-04   2.636751e-05   2208
  1.392371e+00   1.136490e-03   8.670195e-04   2.466147e-05   2304
  1.395888e+00   1.112362e-03   1.127463e-03   1.857503e-05   3504
  1.399988e+00   1.188240e-03   9.129470e-04   2.599874e-05   2616
  1.403186e+00   1.191671e-03   8.918754e-04   2.457326e-05   2664
  1.406267e+00   1.165050e-03   8.286303e-04   2.427778e-05   2448
  1.409372e+00   1.202317e-03   1.154009e-03   2.496807e-05   2472
  1.413024e+00   1.205829e-03   9.175027e-04   2.231113e-05   3134
  1.416461e+00   1.205071e-03   1.003478e-03   2.489168e-05   2616
  1.419893e+00   1.146352e-03   8.128564e-04   2.368747e-05   2712
  1.423424e+00   1.171065e-03   9.322286e-04   2.180759e-05   3204
  1.426799e+00   1.170744e-03   1.073647e-03   2.459296e-05   2760
  1.430004e+00   1.170385e-03   9.367402e-04   2.341778e-05   2688
  1.433538e+00   1.207550e-03   8.856848e-04   2.512931e-05   2760
  1.436663e+00   1.168180e-03   7.313241e-04   2.459752e-05   2568
  1.440262e+00   1.172875e-03   1.135710e-03   2.098205e-05   3336
  1.443717e+00   1.219147e-03   9.612540e-04   2.542072e-05   2334
  1.447205e+00   1.172492e-03   1.063731e-03   2.184117e-05   3264
  1.450464e+00   1.236859e-03   7.734138e-04   2.497401e-05   2760
  1.453808e+00   1.196806e-03   9.340647e-04   2.212591e-05   3192
  1.457211e+00   1.218737e-03   9.697590e-04   2.454113e-05   2904
  1.460832e+00   1.215771e-03   9.730189e-04   2.462135e-05   2784
  1.463862e+00   1.279216e-03   8.008126e-04   2.730137e-05   2592
  1.467309e+00   1.221485e-03   1.091622e-03   2.156275e-05   3284
  1.470972e+00   1.260838e-03   1.096484e-03   2.414655e-05   3168
  1.474250e+00   1.262003e-03   9.046780e-04   2.558033e-05   2616
  1.477695e+00   1.190365e-03   8.741425e-04   2.265795e-05   3222
  1.481047e+00   1.240205e-03   9.808150e-04   2.147841e-05   3240
  1.484293e+00   1.281113e-03   9.922523e-04   2.735833e-05   2568
  1.487983e+00   1.314735e-03   9.104404e-04   2.468737e-05   3120
  1.491068e+00   1.328472e-03   1.000895e-03   2.536897e-05   3168
  1.494386e+00   1.255723e-03   8.762076e-04   2.376150e-05   3240
  1.498016e+00   1.257307e-03   8.989672e-04   2.292368e-05   3144
  1.501543e+00   1.240124e-03   8.568724e-04   2.374367e-05   2856
  1.504876e+00   1.281175e-03   9.151741e-04   2.294759e-05   3264
  1.508648e+00   1.308242e-03   1.011226e-03   2.381387e-05   3318
  1.511616e+00   1.318305e-03   7.082060e-04   2.931349e-05   2556
  1.515154e+00   1.293225e-03   1.209747e-03   2.101960e-05   4008
  1.518736e+00   1.317088e-03   8.930042e-04   2.635027e-05   2904
  1.521800e+00   1.287866e-03   9.131282e-04   2.323611e-05   3144
  1.525288e+00   1.261321e-03   9.519451e-04   2.385398e-05   3200
  1.528898e+00   1.308953e-03   9.388485e-04   2.388905e-05   3312
  1.532134e+00   1.371092e-03   7.566701e-04   2.740218e-05   2832
  1.535747e+00   1.326725e-03   1.088896e-03   2.211501e-05   3984
  1.539102e+00   1.436414e-03   8.852206e-04   3.276353e-05   2238
  1.542164e+00   1.339742e-03   1.041753e-03   2.273522e-05   3984
  1.545964e+00   1.321659e-03   9.899753e-04   2.444993e-05   3384
  1.549120e+00   1.408379e-03   9.253594e-04   2.712093e-05   3048
  1.552416e+00   1.317500e-03   8.496604e-04   2.497612e-05   3096
  1.555859e+00   1.401690e-03   9.630647e-04   2.325240e-05   3708
  1.559282e+00   1.334472e-03   9.128548e-04   2.699446e-05   2784
  1.562461e+00   1.440781e-03   9.481744e-04   2.527047e-05   3648
  1.566073e+00   1.386531e-03   9.758759e-04   2.406742e-05   3888
  1.569916e+00   1.362328e-03   1.041776e-03   2.527957e-05   2958
  1.572786e+00   1.347750e-03   8.892528e-04   2.427528e-05   3264
  1.576244e+00   1.450082e-03   9.817098e-04   2.694598e-05   3160
  1.579511e+00   1.342111e-03   8.897109e-04   2.364080e-05   3736
  1.582608e+00   1.410684e-03   8.107348e-04   2.675646e-05   3216
  1.586260e+00   1.422151e-03   9.935119e-04   2.340672e-05   4032
  1.590068e+00   1.427890e-03   9.070584e-04   2.477708e-05   3528
  1.593316e+00   1.449102e-03   8.006734e-04   2.638914e-05   3192
  1.596562e+00   1.408743e-03   8.768800e-04   2.540382e-05   3456
  1.600084e+00   1.449533e-03   9.092321e-04   2.798826e-05   3060
  1.603613e+00   1.433090e-03   1.081182e-03   2.289542e-05   4518
  1.607053e+00   1.449604e-03   9.631927e-04   2.481887e-05   3528
  1.610215e+00   1.440125e-03   8.089137e-04   2.773530e-05   3024
  1.613586e+00   1.392766e-03   1.095237e-03   2.392879e-05   3672
  1.617019e+00   1.460910e-03   9.400457e-04   2.590405e-05   3864
  1.620832e+00   1.418482e-03   9.964357e-04   2.331714e-05   3816
  1.623950e+00   1.468963e-03   9.065362e-04   2.608533e-05   3456
  1.626939e+00   1.488833e-03   8.206207e-04   3.029152e-05   2688
  1.630461e+00   1.495538e-03   9.736508e-04   2.390718e-05   4248
  1.633952e+00   1.465690e-03   9.325710e-04   2.422870e-05   3926
  1.637459e+00   1.445879e-03   9.846348e-04   2.452268e-05   3504
  1.640847e+00   1.506879e-03   8.802782e-04   2.458250e-05   3960
  1.644588e+00   1.464231e-03   9.909881e-04   2.496336e-05   3684
  1.647796e+00   1.441512e-03   9.909218e-04   2.406451e-05   4104
  1.651003e+00   1.514683e-03   9.398346e-04   2.802938e-05   3144
  1.654448e+00   1.511231e-03   1.029443e-03   2.421263e-05   4224
  1.658236e+00   1.502205e-03   9.137197e-04   2.449946e-05   4008
  1.661473e+00   1.528070e-03   1.005236e-03   2.720488e-05   3312
  1.664805e+00   1.497264e-03   9.998222e-04   2.595725e-05   3726
  1.668349e+00   1.524604e-03   1.026940e-03   2.536076e-05   3936
  1.671497e+00   1.555374e-03   1.058573e-03   2.604128e-05   3888
  1.674763e+00   1.540384e-03   1.000982e-03   2.539036e-05   3864
  1.678161e+00   1.507513e-03   1.064129e-03   2.528027e-05   3888
  1.681661e+00   1.465159e-03   1.003637e-03   2.401405e-05   4080
  1.685116e+00   1.538887e-03   1.065164e-03   2.756311e-05   3400
  1.688642e+00   1.556723e-03   9.768631e-04   2.361474e-05   4588
  1.692206e+00   1.591354e-03   9.668929e-04   2.732786e-05   3816
  1.695322e+00   1.605806e-03   9.162120e-04   2.706733e-05   3534
  1.698620e+00   1.625935e-03   9.049727e-04   2.597598e-05   4080
  1.702069e+00   1.615303e-03   9.459528e-04   2.577434e-05   4248
  1.705534e+00   1.584166e-03   9.532331e-04   2.814704e-05   3528
  1.708731e+00   1.659361e-03   9.745505e-04   2.682494e-05   4248
  1.711963e+00   1.588302e-03   9.532083e-04   2.743968e-05   3696
  1.715562e+00   1.646066e-03   9.890876e-04   2.570587e-05   4560
  1.718974e+00   1.612191e-03   9.264465e-04   2.699423e-05   3864
  1.722479e+00   1.602616e-03   1.008758e-03   2.517529e-05   4440
  1.725801e+00   1.594405e-03   9.411951e-04   2.968778e-05   3432
  1.729292e+00   1.595250e-03   9.228615e-04   2.461469e-05   4470
  1.732726e+00   1.630551e-03   8.201173e-04   2.627570e-05   4188
  1.736101e+00   1.660044e-03   1.050685e-03   2.596640e-05   4392
  1.739453e+00   1.684109e-03   8.128051e-04   2.901807e-05   3960
  1.742939e+00   1.695074e-03   9.182331e-04   2.679393e-05   4328
  1.746316e+00   1.669053e-03   9.556085e-04   2.717130e-05   4320
  1.749729e+00   1.673960e-03   9.992689e-04   2.565718e-05   4152
  1.752893e+00   1.806272e-03   8.359035e-04   3.172682e-05   3528
  1.756472e+00   1.678307e-03   9.047378e-04   2.545460e-05   4512
  1.759821e+00   1.690594e-03   9.248647e-04   2.736052e-05   4134
  1.763222e+00   1.747406e-03   9.852910e-04   2.471362e-05   5208
  1.766493e+00   1.742970e-03   8.584289e-04   3.115508e-05   3240
  1.769877e+00   1.837779e-03   9.468080e-04   2.856828e-05   4680
  1.773321e+00   1.714079e-03   9.374166e-04   2.728503e-05   4440
  1.776770e+00   1.634273e-03   1.062245e-03   2.557503e-05   4260
  1.780077e+00   1.740003e-03   8.672205e-04   2.861899e-05   4056
  1.783483e+00   1.748507e-03   9.614656e-04   2.661273e-05   4704
  1.787058e+00   1.809166e-03   1.118829e-03   2.665642e-05   4800
  1.790837e+00   1.738865e-03   9.693794e-04   2.532808e-05   4806
  1.794103e+00   1.870507e-03   9.663169e-04   3.390303e-05   3552
  1.797213e+00   1.748303e-03   9.689082e-04   2.890279e-05   4304
  1.800724e+00   1.753565e-03   9.396219e-04   2.485523e-05   5280
  1.804197e+00   1.785344e-03   9.014081e-04   2.803763e-05   4320
  1.807484e+00   1.747756e-03   1.017926e-03   2.764975e-05   4296
  1.810950e+00   1.877330e-03   1.131680e-03   2.798146e-05   4608
  1.814455e+00   1.836088e-03   1.084210e-03   2.749457e-05   4824
  1.817926e+00   1.842100e-03   1.023571e-03   2.828559e-05   4488
  1.821650e+00   1.873067e-03   9.556139e-04   2.931559e-05   4530
  1.824725e+00   1.797883e-03   9.330781e-04   2.714130e-05   4464
  1.827802e+00   1.866890e-03   8.793571e-04   2.997088e-05   4104
  1.831335e+00   1.775784e-03   9.481304e-04   2.501490e-05   5424
  1.834810e+00   1.860385e-03   1.020605e-03   2.713178e-05   4392
  1.838346e+00   1.929012e-03   9.992130e-04   2.889889e-05   4896
  1.841557e+00   1.889966e-03   9.794330e-04   3.043442e-05   4104
  1.844908e+00   1.950552e-03   8.831902e-04   2.934599e-05   4824
  1.848444e+00   1.865547e-03   8.441230e-04   2.909708e-05   4680
  1.851524e+00   1.859721e-03   8.633532e-04   2.865747e-05   4328
  1.855099e+00   1.888733e-03   9.952227e-04   2.722670e-05   5118
  1.858692e+00   1.939032e-03   1.153029e-03   2.748416e-05   5304
  1.861934e+00   1.946415e-03   9.079567e-04   2.937668e-05   4392
  1.865466e+00   1.976849e-03   9.113049e-04   3.009448e-05   4476
  1.868555e+00   1.879807e-03   9.050340e-04   2.769949e-05   4704
  1.871992e+00   1.947609e-03   1.095436e-03   2.768538e-05   5208
  1.875605e+00   1.887183e-03   9.236356e-04   2.765102e-05   5304
  1.878933e+00   2.006996e-03   9.893423e-04   3.223458e-05   4296
  1.882346e+00   2.028641e-03   9.381520e-04   3.039931e-05   4752
  1.885932e+00   1.892106e-03   9.417516e-04   2.780901e-05   4950
  1.889156e+00   1.962037e-03   9.843836e-04   2.847364e-05   5064
  1.892380e+00   1.980703e-03   8.247856e-04   2.951222e-05   4872
  1.895640e+00   1.942278e-03   8.682734e-04   3.228644e-05   4224
  1.899120e+00   1.993927e-03   9.591168e-04   2.631697e-05   6120
  1.902825e+00   1.958661e-03   1.055151e-03   2.829283e-05   4968
  1.906185e+00   2.051015e-03   9.337164e-04   3.091411e-05   4424
  1.909661e+00   2.096250e-03   1.192625e-03   2.940724e-05   5436
  1.913095e+00   2.004876e-03   1.016817e-03   3.050750e-05   4896
  1.916415e+00   1.987350e-03   9.734912e-04   2.855304e-05   5214
  1.919615e+00   2.066922e-03   8.275186e-04   3.127391e-05   4656
  1.923171e+00   2.088225e-03   1.052123e-03   3.043869e-05   5448
  1.926569e+00   2.081361e-03   8.885952e-04   3.013275e-05   4992
  1.929896e+00   2.088362e-03   9.834286e-04   2.946389e-05   5400
  1.933553e+00   2.138761e-03   1.089943e-03   2.952701e-05   5328
  1.936923e+00   2.014494e-03   9.746091e-04   2.894039e-05   4776
  1.940093e+00   2.146702e-03   9.158067e-04   3.128384e-05   4800
  1.943615e+00   2.123667e-03   1.177680e-03   2.677419e-05   6552
  1.947300e+00   2.098735e-03   8.897213e-04   3.400439e-05   3942
  1.950493e+00   2.078583e-03   1.121393e-03   2.802661e-05   6072
  1.954029e+00   2.082368e-03   8.709148e-04   3.220388e-05   4692
  1.956993e+00   2.207911e-03   9.092213e-04   3.166078e-05   4944
  1.960466e+00   2.154398e-03   9.758746e-04   2.796843e-05   5840
  1.964031e+00   2.109903e-03   1.044633e-03   2.969156e-05   5712
  1.967541e+00   2.116548e-03   8.754700e-04   3.103127e-05   4800
  1.970743e+00   2.147374e-03   1.159431e-03   2.994574e-05   5688
  1.974251e+00   2.220339e-03   9.147668e-04   3.401797e-05   4848
  1.977727e+00   1.817388e-03   1.018190e-03   2.981021e-05   5406
  1.981026e+00   8.091864e-06   9.190811e-04   1.562439e-07   5568
  1.984339e+00   8.454431e-06   8.261925e-04   1.574260e-07   5736
  1.987918e+00   7.956882e-06   1.026078e-03   1.687196e-07   5280
  1.991167e+00   8.295368e-06   9.486840e-04   1.651993e-07   5592
  1.994511e+00   7.676794e-06   1.085992e-03   1.616730e-07   4968
  1.998046e+00   7.364326e-06   9.737369e-04   1.401525e-07   5964
  2.001495e+00   7.594428e-06   9.782617e-04   1.507958e-07   5376
  2.004629e+00   7.724733e-06   9.445720e-04   1.543216e-07   5472
  2.008262e+00   6.674515e-06   8.970721e-04   1.320834e-07   5472
  2.011585e+00   6.945102e-06   1.019942e-03   1.514919e-07   5415
  2.014805e+00   6.759570e-06   8.971621e-04   1.414072e-07   5096
  2.018288e+00   6.379066e-06   1.153728e-03   1.170635e-07   6372
  2.021812e+00   6.726928e-06   9.365440e-04   1.531195e-07   4656
  2.024969e+00   6.311234e-06   1.022406e-03   1.164788e-07   5844
  2.028367e+00   5.893700e-06   8.989324e-04   1.161480e-07   5508
  2.031969e+00   6.216810e-06   1.019762e-03   1.125578e-07   6324
  2.035502e+00   6.131198e-06   8.759770e-04   1.283429e-07   4752
  2.038732e+00   5.487343e-06   9.807290e-04   1.089386e-07   5676
  2.042228e+00   5.641964e-06   8.971788e-04   1.116634e-07   5472
  2.045546e+00   5.776445e-06   1.011992e-03   1.124142e-07   5556
  2.049111e+00   5.200054e-06   9.861672e-04   9.729062e-08   5436
  2.052552e+00   5.425069e-06   1.009411e-03   1.029323e-07   5916
  2.056085e+00   5.264690e-06   1.050232e-03   1.041791e-07   5520
  2.059266e+00   4.767091e-06   9.551363e-04   9.500639e-08   5280
  2.062526e+00   5.189273e-06   9.385070e-04   1.077948e-07   4416
  2.066204e+00   4.843611e-06   9.148150e-04   8.760437e-08   6260
  2.069659e+00   4.978681e-06   1.087827e-03   8.890536e-08   5940
  2.072788e+00   4.833592e-06   8.519461e-04   1.005776e-07   4188
  2.076233e+00   4.942475e-06   1.089285e-03   8.433995e-08   6360
  2.079856e+00   4.511294e-06   9.715967e-04   8.268185e-08   5256
  2.083220e+00   4.511671e-06   9.184790e-04   9.282806e-08   4848
  2.086103e+00   4.414298e-06   8.326490e-04   8.861751e-08   4704
  2.089652e+00   4.638419e-06   1.021444e-03   8.369765e-08   5784
  2.093262e+00   4.242298e-06   1.080805e-03   7.713252e-08   5820
  2.096747e+00   4.454263e-06   9.681702e-04   7.921088e-08   5700
  2.100252e+00   4.137710e-06   8.978440e-04   7.849306e-08   5232
  2.103763e+00   4.543232e-06   9.962350e-04   8.322301e-08   4932
  2.106872e+00   4.298029e-06   8.574979e-04   8.401373e-08   4716
  2.110139e+00   4.587404e-06   1.092268e-03   8.470425e-08   5616
  2.113501e+00   4.085104e-06   9.646325e-04   7.537895e-08   5184
  2.116968e+00   4.036226e-06   9.730775e-04   7.496384e-08   5064
  2.120239e+00   4.082471e-06   9.963845e-04   7.150700e-08   5544
  2.123865e+00   3.958732e-06   1.000202e-03   7.258912e-08   5192
  2.127165e+00   3.940722e-06   8.988371e-04   7.081905e-08   5244
  2.130635e+00   3.934265e-06   9.725521e-04   7.138136e-08   5112
  2.134084e+00   4.052594e-06   8.925072e-04   7.649318e-08   5040
  2.137249e+00   4.058192e-06   9.383073e-04   7.186528e-08   5124
  2.140946e+00   3.889952e-06   1.053376e-03   6.601837e-08   5952
  2.144358e+00   4.035173e-06   9.229714e-04   7.190640e-08   4824
  2.147452e+00   3.861045e-06   9.316242e-04   7.128862e-08   4536
  2.151032e+00   3.763686e-06   9.902314e-04   6.235980e-08   5712
  2.154710e+00   3.788218e-06   1.083583e-03   6.729052e-08   5352
  2.158179e+00   3.984503e-06   9.438410e-04   6.833518e-08   5004
  2.161277e+00   4.033950e-06   9.440980e-04   7.340165e-08   4800
  2.164608e+00   3.754933e-06   1.014562e-03   6.326093e-08   5148
  2.168297e+00   3.677237e-06   1.053754e-03   6.050007e-08   5664
  2.171630e+00   3.701203e-06   9.464236e-04   6.593439e-08   4692
  2.174711e+00   3.681461e-06   8.792392e-04   7.199571e-08   4008
  2.178303e+00   3.929195e-06   1.007798e-03   6.449271e-08   5852
  2.181955e+00   3.576390e-06   9.542910e-04   5.792007e-08   5784
  2.185198e+00   3.883350e-06   8.796903e-04   7.245966e-08   4392
  2.188537e+00   3.660398e-06   8.628919e-04   6.277372e-08   4944
  2.192042e+00   3.525997e-06   1.017335e-03   6.194333e-08   4776
  2.195347e+00   3.482789e-06   9.787319e-04   5.744599e-08   5244
  2.198935e+00   3.574767e-06   9.770055e-04   5.888949e-08   4884
  2.201945e+00   3.650194e-06   8.285764e-04   6.672732e-08   4488
  2.205445e+00   3.772747e-06   9.845677e-04   6.216106e-08   5160
  2.208970e+00   3.497369e-06   1.002427e-03   5.801068e-08   5316
  2.212365e+00   3.813548e-06   1.013524e-03   6.665761e-08   4896
  2.215675e+00   3.552614e-06   9.417411e-04   6.752205e-08   4188
  2.219010e+00   3.530672e-06   1.027184e-03   5.884506e-08   4836
  2.222416e+00   3.579523e-06   1.018976e-03   5.787616e-08   5316
  2.225866e+00   3.611519e-06   9.431859e-04   5.859386e-08   4920
  2.229092e+00   3.733108e-06   9.501889e-04   7.051415e-08   4128
  2.232554e+00   3.700856e-06   1.022182e-03   5.944988e-08   5348
  2.235961e+00   3.529265e-06   8.869468e-04   5.967124e-08   4836
  2.239213e+00   3.569512e-06   9.557140e-04   6.347449e-08   4392
  2.242717e+00   3.618669e-06   8.396727e-04   6.221160e-08   4632
  2.245872e+00   3.723683e-06   9.382006e-04   6.593819e-08   4596
  2.249494e+00   3.466832e-06   9.434907e-04   5.426483e-08   5424
  2.253078e+00   3.459576e-06   9.711535e-04   5.305104e-08   5256
  2.256771e+00   3.486103e-06   9.863223e-04   6.043470e-08   4524
  2.259845e+00   3.573465e-06   9.381873e-04   6.351804e-08   4440
  2.263289e+00   3.503351e-06   8.022706e-04   5.816403e-08   4380
  2.266660e+00   3.523027e-06   1.049909e-03   5.838149e-08   4812
  2.270247e+00   3.527374e-06   1.042808e-03   5.614258e-08   5376
  2.273527e+00   3.538058e-06   8.329247e-04   6.250878e-08   3888
  2.276670e+00   3.602003e-06   9.537950e-04   5.802115e-08   4896
  2.280176e+00   3.569396e-06   1.006410e-03   5.852303e-08   4608
  2.283858e+00   3.578174e-06   9.499889e-04   6.016856e-08   4448
  2.287063e+00   3.463712e-06   9.806480e-04   5.563977e-08   4752
  2.290439e+00   3.624834e-06   1.027168e-03   6.206364e-08   4356
  2.293990e+00   3.595102e-06   9.884575e-04   5.738004e-08   5232
  2.297521e+00   3.405645e-06   9.961175e-04   5.962332e-08   4548
  2.300944e+00   3.445804e-06   9.683521e-04   5.481197e-08   4608
  2.304286e+00   3.631757e-06   8.796697e-04   6.699680e-08   3936
  2.307440e+00   3.542813e-06   1.051461e-03   6.221088e-08   4260
  2.310985e+00   3.510771e-06   9.426502e-04   5.600693e-08   5004
  2.314227e+00   3.654553e-06   9.314978e-04   6.628756e-08   4224
  2.317780e+00   3.610643e-06   1.006388e-03   5.971234e-08   4788
  2.321233e+00   3.609261e-06   1.058389e-03   6.332993e-08   4428
  2.324596e+00   3.572270e-06   8.844267e-04   6.312185e-08   4080
  2.327834e+00   3.719577e-06   9.670400e-04   5.945713e-08   4632
  2.331243e+00   3.449078e-06   1.005648e-03   6.253982e-08   4056
  2.334827e+00   3.595508e-06   9.468349e-04   6.361675e-08   4536
  2.338101e+00   3.596420e-06   9.657093e-04   6.067458e-08   4668
  2.341686e+00   3.549870e-06   1.035068e-03   6.007149e-08   4604
  2.345178e+00   3.522858e-06   9.300185e-04   6.189024e-08   4152
  2.348401e+00   3.603311e-06   9.013356e-04   6.232115e-08   4224
  2.351817e+00   3.576044e-06   8.665669e-04   6.305806e-08   4152
  2.355231e+00   3.707377e-06   9.829720e-04   6.551255e-08   4224
  2.358549e+00   3.800608e-06   9.090507e-04   7.017950e-08   3960
  2.361745e+00   3.591594e-06   9.380830e-04   6.037446e-08   4656
  2.365237e+00   3.527871e-06   1.012173e-03   6.001749e-08   4452
  2.368817e+00   3.521009e-06   1.029040e-03   6.328454e-08   4056
  2.372149e+00   3.599694e-06   1.019654e-03   6.176627e-08   4212
  2.375524e+00   3.656410e-06   8.473750e-04   7.126749e-08   3432
  2.378944e+00   3.694394e-06   1.084040e-03   5.798905e-08   5352
  2.382287e+00   3.731124e-06   7.939297e-04   7.076471e-08   3600
  2.385926e+00   3.603626e-06   8.757186e-04   6.129176e-08   4584
  2.389103e+00   3.654746e-06   8.731400e-04   6.746756e-08   3768
  2.392376e+00   3.645848e-06   9.320898e-04   7.023705e-08   3848
  2.395643e+00   3.543410e-06   8.546201e-04   6.751660e-08   3720
  2.399347e+00   3.535575e-06   1.072675e-03   5.836765e-08   4764
  2.402618e+00   3.775713e-06   8.638009e-04   6.950623e-08   3864
  2.405976e+00   3.854153e-06   1.069922e-03   6.677062e-08   4332
  2.409639e+00   3.732355e-06   9.134558e-04   6.955101e-08   3792
  2.412913e+00   3.502056e-06   1.036130e-03   6.038666e-08   4284
  2.416382e+00   3.470014e-06   9.811003e-04   6.652836e-08   3840
  2.419665e+00   3.442009e-06   9.338792e-04   6.955891e-08   3480
  2.422999e+00   3.570958e-06   1.042030e-03   6.095130e-08   4380
  2.426603e+00   3.607449e-06   9.788043e-04   6.415957e-08   4200
  2.430145e+00   3.834294e-06   9.408098e-04   6.723969e-08   4056
  2.433433e+00   3.631256e-06   9.455517e-04   7.092586e-08   3600
  2.436515e+00   3.649977e-06   9.420939e-04   7.085633e-08   3492
  2.440115e+00   3.550832e-06   1.100153e-03   6.082860e-08   4500
  2.443788e+00   3.801519e-06   9.638824e-04   7.219174e-08   3516
  2.446945e+00   4.003070e-06   1.007650e-03   7.725753e-08   3968
  2.450483e+00   3.736136e-06   9.684387e-04   7.223934e-08   3648
  2.453615e+00   3.668254e-06   9.260947e-04   7.166951e-08   4224
  2.457166e+00   3.484781e-06   1.039458e-03   7.036512e-08   3588
  2.460498e+00   3.686092e-06   9.587784e-04   7.215288e-08   3456
  2.463850e+00   3.525117e-06   8.515138e-04   6.683386e-08   3660
  2.467314e+00   3.779477e-06   9.346361e-04   7.310771e-08   3768
  2.470543e+00   3.773968e-06   9.451929e-04   7.142177e-08   3744
  2.474011e+00   3.734534e-06   1.037504e-03   6.689776e-08   4176
  2.477700e+00   3.777896e-06   9.569841e-04   7.454981e-08   3612
  2.480749e+00   3.827622e-06   1.039978e-03   7.834095e-08   3216
  2.484239e+00   3.703193e-06   1.005481e-03   7.497402e-08   3624
  2.487747e+00   3.755913e-06   9.454830e-04   7.305743e-08   3744
  2.491138e+00   3.832287e-06   1.008823e-03   7.649361e-08   3672
  2.494483e+00   3.813185e-06   9.148274e-04   7.304787e-08   3852
  2.497938e+00   3.873782e-06   9.415679e-04   7.274324e-08   3672
  2.501612e+00   3.895467e-06   9.174020e-04   9.001519e-08   3248
  2.504681e+00   3.576688e-06   9.390258e-04   7.461035e-08   3336
  2.508030e+00   3.521530e-06   9.558443e-04   6.955310e-08   3576
  2.511455e+00   3.768356e-06   8.114258e-04   7.669151e-08   3336
  2.514945e+00   3.796764e-06   9.638316e-04   7.240117e-08   3936
  2.518388e+00   3.993456e-06   1.026508e-03   8.052120e-08   3408
  2.521803e+00   3.959481e-06   9.043698e-04   8.561398e-08   3336
  2.525121e+00   3.284993e-06   1.015814e-03   7.026767e-08   3312
  2.528438e+00   3.707935e-06   1.028523e-03   7.761885e-08   3432
  2.531971e+00   3.911731e-06   8.916885e-04   8.487434e-08   3144
  2.535194e+00   3.779478e-06   9.680167e-04   7.952547e-08   3456
  2.538821e+00   3.812505e-06   9.303749e-04   7.559685e-08   3792
  2.542098e+00   4.019069e-06   9.138893e-04   9.122966e-08   2868
  2.545638e+00   3.690544e-06   9.467858e-04   6.879831e-08   3888
  2.548946e+00   3.565930e-06   8.221047e-04   8.225566e-08   2784
  2.552203e+00   3.730640e-06   9.388669e-04   9.109947e-08   2964
  2.555760e+00   3.809833e-06   9.668487e-04   8.113404e-08   3432
  2.559147e+00   3.804824e-06   1.000786e-03   7.937255e-08   3416
  2.562574e+00   3.758027e-06   1.069752e-03   7.892674e-08   3528
  2.566081e+00   4.093568e-06   8.585525e-04   9.425760e-08   2904
  2.569183e+00   3.626345e-06   9.626891e-04   8.209285e-08   3072
  2.572791e+00   3.683755e-06   1.081210e-03   8.068911e-08   3216
  2.576398e+00   3.641353e-06   8.756655e-04   8.747316e-08   2844
  2.579565e+00   3.679727e-06   1.002038e-03   8.042924e-08   3432
  2.582816e+00   4.049975e-06   8.054021e-04   9.647128e-08   2880
  2.586447e+00   3.697618e-06   1.066870e-03   8.058314e-08   3576
  2.589868e+00   3.945466e-06   9.536325e-04   9.939454e-08   2700
  2.593144e+00   3.713664e-06   1.071166e-03   8.094277e-08   3000
  2.596575e+00   3.573157e-06   8.893868e-04   8.652630e-08   2556
  2.599905e+00   3.892846e-06   9.532457e-04   8.606407e-08   3360
  2.603349e+00   3.867802e-06   9.262297e-04   8.504408e-08   3120
  2.607060e+00   3.855415e-06   1.090466e-03   9.066213e-08   3216
  2.610255e+00   4.144942e-06   7.690759e-04   1.043078e-07   2628
  2.613845e+00   3.793000e-06   1.016608e-03   9.090951e-08   3200
  2.617121e+00   3.555629e-06   9.590715e-04   9.517533e-08   2232
  2.620430e+00   3.534830e-06   1.094750e-03   8.604253e-08   3108
  2.623724e+00   4.116937e-06   9.616749e-04   1.095341e-07   2604
  2.627094e+00   4.014152e-06   1.035996e-03   9.330891e-08   3096
  2.630802e+00   3.871525e-06   9.439281e-04   8.756473e-08   3084
  2.634019e+00   3.712524e-06   9.632641e-04   9.203974e-08   2664
  2.637335e+00   3.895183e-06   8.494478e-04   1.065315e-07   2232
  2.640583e+00   3.433358e-06   1.046391e-03   8.190245e-08   2808
  2.644141e+00   3.826804e-06   9.884786e-04   1.028558e-07   2592
  2.647462e+00   4.201295e-06   1.014792e-03   1.047923e-07   2952
  2.650952e+00   3.751807e-06   9.580882e-04   9.743123e-08   2772
  2.654345e+00   3.758652e-06   1.030364e-03   9.105308e-08   3036
  2.657895e+00   3.576906e-06   9.994579e-04   1.042789e-07   2136
  2.661131e+00   3.646799e-06   7.970700e-04   9.899818e-08   2496
  2.664455e+00   4.144127e-06   1.061638e-03   1.180475e-07   2228
  2.667921e+00   4.187707e-06   9.897867e-04   1.105882e-07   3048
  2.671370e+00   3.834471e-06   9.454732e-04   1.046358e-07   2676
  2.674798e+00   3.614592e-06   9.419000e-04   8.846638e-08   2784
  2.678074e+00   3.754341e-06   9.150578e-04   1.103238e-07   1920
  2.681360e+00   3.572473e-06   9.765880e-04   9.551471e-08   2400
  2.684920e+00   3.505000e-06   8.957328e-04   8.960401e-08   2532
  2.688602e+00   3.868864e-06   9.949448e-04   1.072886e-07   2544
  2.691914e+00   4.200830e-06   1.040847e-03   1.091994e-07   2772
  2.695178e+00   3.567024e-06   9.749223e-04   1.137260e-07   2160
  2.698419e+00   3.860422e-06   1.050084e-03   1.094438e-07   2304
  2.702169e+00   3.659560e-06   1.027561e-03   1.103999e-07   2328
  2.705530e+00   3.299705e-06   9.852146e-04   9.322118e-08   2304
  2.708644e+00   3.334944e-06   9.316569e-04   1.004887e-07   1908
  2.712186e+00   4.203983e-06   1.041998e-03   1.237907e-07   2736
  2.715598e+00   3.922265e-06   9.872925e-04   1.176065e-07   2448
  2.719226e+00   4.099341e-06   9.230652e-04   1.232928e-07   2040
  2.722509e+00   3.236618e-06   9.610991e-04   1.076502e-07   2120
  2.725666e+00   3.871134e-06   7.968484e-04   1.141533e-07   2040
  2.729065e+00   3.318059e-06   9.886340e-04   1.099082e-07   2208
  2.732911e+00   4.119007e-06   8.876435e-04   1.279854e-07   2208
  2.736025e+00   4.638701e-06   9.836786e-04   1.381976e-07   2196
  2.739245e+00   3.147463e-06   8.653063e-04   1.002987e-07   1848
  2.742520e+00   3.725619e-06   9.813717e-04   1.206868e-07   2124
  2.746184e+00   3.583328e-06   1.029438e-03   1.112021e-07   2328
  2.749762e+00   3.463007e-06   1.048057e-03   1.155978e-07   1920
  2.753240e+00   3.416323e-06   9.621046e-04   1.200140e-07   1548
  2.756333e+00   4.181176e-06   1.055399e-03   1.251982e-07   2388
  2.759982e+00   3.398074e-06   9.766471e-04   1.165928e-07   2160
  2.763324e+00   3.553814e-06   8.889341e-04   1.359542e-07   1704
  2.766526e+00   3.482290e-06   1.001463e-03   1.295416e-07   1776
  2.769554e+00   3.445326e-06   9.367423e-04   1.207293e-07   1800
  2.773384e+00   3.089048e-06   1.081383e-03   1.100100e-07   1700
  2.776961e+00   4.065176e-06   9.736552e-04   1.395546e-07   2292
  2.780292e+00   3.630735e-06   9.038410e-04   1.364013e-07   1704
  2.783436e+00   3.588615e-06   1.010646e-03   1.340035e-07   1728
  2.786879e+00   3.237281e-06   9.353756e-04   1.225225e-07   1728
  2.790253e+00   3.922761e-06   9.344957e-04   1.470909e-07   1680
  2.793841e+00   2.776963e-06   1.076567e-03   1.002678e-07   1704
  2.797417e+00   3.101264e-06   8.454274e-04   1.046409e-07   1752
  2.800614e+00   3.679326e-06   1.005052e-03   1.377975e-07   1872
  2.804072e+00   3.634128e-06   9.850621e-04   1.466450e-07   1500
  2.807581e+00   3.218270e-06   8.625659e-04   1.233474e-07   1656
  2.810988e+00   3.650832e-06   9.248347e-04   1.361682e-07   1464
  2.814016e+00   2.681116e-06   8.100626e-04   1.234910e-07   1488
  2.817730e+00   2.977773e-06   9.776851e-04   1.074002e-07   1680
  2.821124e+00   3.295763e-06   1.021436e-03   1.224158e-07   1692
  2.824301e+00   3.215545e-06   9.780767e-04   1.432091e-07   1128
  2.827826e+00   3.295013e-06   9.418032e-04   1.328504e-07   1536
  2.831264e+00   2.824770e-06   9.817352e-04   1.271898e-07   1616
  2.834746e+00   2.823002e-06   9.467002e-04   1.189583e-07   1476
  2.838255e+00   2.754149e-06   1.041867e-03   1.361775e-07   1176
  2.841387e+00   2.940932e-06   1.119375e-03   1.064332e-07   1656
  2.844798e+00   3.110176e-06   9.832673e-04   1.747629e-07   891
  2.848314e+00   2.681941e-06   1.048172e-03   9.624105e-08   1596
  2.851741e+00   2.649501e-06   9.140335e-04   1.194504e-07   1422
  2.855119e+00   2.605727e-06   8.764968e-04   1.125555e-07   1254
  2.858299e+00   2.261651e-06   8.954412e-04   9.781412e-08   918
  2.861704e+00   2.812600e-06   9.800064e-04   1.000362e-07   1614
  2.865134e+00   2.240851e-06   8.465429e-04   1.264995e-07   798
  2.868545e+00   2.238421e-06   1.085167e-03   8.807293e-08   1458
  2.872004e+00   2.477767e-06   9.936512e-04   9.319736e-08   1374
  2.875423e+00   2.076506e-06   8.486443e-04   1.003872e-07   984
  2.878813e+00   2.303303e-06   1.167617e-03   9.304212e-08   1062
  2.882268e+00   2.634181e-06   9.897758e-04   1.128319e-07   1246
  2.885622e+00   1.865337e-06   9.177667e-04   8.798008e-08   1072
  2.889205e+00   1.962423e-06   9.938825e-04   9.812663e-08   1110
  2.892516e+00   2.364677e-06   1.076727e-03   8.972160e-08   1254
  2.895997e+00   2.047577e-06   1.021871e-03   1.025683e-07   1032
  2.899790e+00   2.281112e-06   9.467560e-04   1.301277e-07   786
  2.902674e+00   2.257999e-06   9.706294e-04   9.242320e-08   1152
  2.906052e+00   1.906887e-06   1.057889e-03   8.228972e-08   1086
  2.909570e+00   1.528180e-06   9.544523e-04   6.055890e-08   912
  2.912823e+00   2.795837e-06   9.567498e-04   1.242288e-07   1062
  2.916142e+00   1.808901e-06   9.536485e-04   7.229337e-08   912
  2.919978e+00   1.527561e-06   1.064585e-03   7.375168e-08   750
  2.922968e+00   2.262285e-06   1.025735e-03   9.461976e-08   1200
  2.926427e+00   1.840779e-06   9.288837e-04   9.641873e-08   918
  2.929867e+00   1.568861e-06   9.641501e-04   6.961841e-08   876
  2.933362e+00   2.270529e-06   8.424738e-04   9.956718e-08   870
  2.936423e+00   1.961442e-06   9.826116e-04   9.050695e-08   768
  2.940010e+00   1.348762e-06   9.006155e-04   6.032575e-08   830
  2.943333e+00   1.889442e-06   9.324674e-04   8.498802e-08   1080
  2.946774e+00   1.778330e-06   1.049148e-03   8.225142e-08   840
  2.950242e+00   1.418764e-06   1.010214e-03   6.268172e-08   798
  2.954175e+00   2.300188e-06   8.018226e-04   1.170047e-07   792
  2.957226e+00   1.506791e-06   9.351849e-04   7.199578e-08   726
  2.960427e+00   1.253748e-06   1.047927e-03   4.450706e-08   864
  2.963932e+00   1.593500e-06   8.970011e-04   8.141280e-08   900
  2.967487e+00   1.320969e-06   9.968948e-04   5.446251e-08   726
  2.970536e+00   1.405384e-06   8.627691e-04   6.399523e-08   576
  2.974604e+00   1.595179e-06   8.978648e-04   7.735751e-08   840
  2.977466e+00   1.392229e-06   9.320397e-04   7.126028e-08   750
  2.980856e+00   1.285391e-06   9.348701e-04   5.850659e-08   720
  2.984055e+00   1.596570e-06   9.457627e-04   8.254721e-08   702
  2.987789e+00   1.462046e-06   1.032900e-03   6.792816e-08   696
  2.990864e+00   1.483244e-06   9.237350e-04   8.367634e-08   480
  2.994486e+00   1.431900e-06   8.752771e-04   6.973548e-08   830
  2.997693e+00   1.361155e-06   1.018231e-03   6.263307e-08   756
  3.001287e+00   1.379256e-06   9.776808e-04   7.007502e-08   624
  3.004458e+00   1.239587e-06   1.033057e-03   6.549615e-08   582
  3.008208e+00   1.521592e-06   7.928944e-04   8.693991e-08   576
  3.011451e+00   1.197907e-06   1.061945e-03   5.594978e-08   624
  3.014776e+00   1.336850e-06   8.672900e-04   6.648968e-08   702
  3.018068e+00   1.224728e-06   9.976155e-04   5.978220e-08   624
  3.021977e+00   1.368543e-06   9.651260e-04   6.542605e-08   672
  3.025161e+00   1.022828e-06   7.224872e-04   6.091095e-08   342
  3.028659e+00   1.332672e-06   9.032042e-04   7.644581e-08   660
  3.031874e+00   1.027626e-06   9.284548e-04   6.590987e-08   576
  3.035195e+00   1.126960e-06   9.026452e-04   6.736944e-08   600
  3.038551e+00   1.019121e-06   1.044033e-03   5.826508e-08   510
  3.042327e+00   1.228048e-06   9.781029e-04   6.083549e-08   600
  3.045239e+00   9.155593e-07   7.790216e-04   6.432298e-08   216
  3.048630e+00   1.026634e-06   9.482042e-04   4.862607e-08   758
  3.052583e+00   9.476505e-07   1.038082e-03   5.123062e-08   576
  3.056048e+00   1.160460e-06   8.813034e-04   5.988125e-08   528
  3.059174e+00   1.029813e-06   6.069038e-04   7.877375e-08   318
  3.062533e+00   1.229409e-06   1.048431e-03   6.236667e-08   540
  3.066505e+00   6.075352e-07   7.412253e-04   3.639133e-08   384
  3.069195e+00   1.041155e-06   1.024115e-03   5.984235e-08   576
  3.072699e+00   8.113316e-07   8.368919e-04   4.556219e-08   414
  3.076012e+00   1.117397e-06   9.345350e-04   6.642359e-08   504
  3.079550e+00   1.029150e-06   1.025901e-03   5.648054e-08   312
  3.082948e+00   9.679942e-07   9.294791e-04   6.403653e-08   414
  3.086320e+00   7.324794e-07   8.586896e-04   4.175253e-08   432
  3.089458e+00   8.218105e-07   1.137211e-03   4.417251e-08   504
  3.093091e+00   9.774496e-07   1.095262e-03   5.821064e-08   432
  3.096490e+00   8.634686e-07   8.971839e-04   5.102418e-08   354
  3.099954e+00   9.296979e-07   1.305512e-03   7.237241e-08   200
  3.102925e+00   7.338296e-07   9.263029e-04   4.082514e-08   480
  3.106939e+00   7.602259e-07   1.058504e-03   4.041224e-08   552
  3.110621e+00   7.921805e-07   6.593635e-04   5.245462e-08   366
  3.113459e+00   9.272275e-07   7.019256e-04   9.433122e-08   240
  3.116583e+00   9.273393e-07   9.813205e-04   5.559310e-08   288
  3.120978e+00   7.556697e-07   6.744205e-04   5.090697e-08   366
  3.123820e+00   6.126943e-07   1.093449e-03   3.577185e-08   408
  3.126992e+00   6.778454e-07   8.219912e-04   5.137031e-08   360
  3.130274e+00   7.664574e-07   7.662333e-04   4.899632e-08   324
  3.133457e+00   7.898021e-07   9.049459e-04   6.754781e-08   174
  3.137248e+00   7.111285e-07   1.039656e-03   5.415314e-08   264
  3.140807e+00   6.358708e-07   9.482171e-04   4.073491e-08   456
  3.144356e+00   6.592277e-07   9.534693e-04   4.166787e-08   360
  3.147274e+00   6.010479e-07   1.050338e-03   4.755460e-08   270
  3.150847e+00   8.031898e-07   1.148757e-03   6.409571e-08   240
  3.155323e+00   9.592948e-07   8.371338e-04   8.230538e-08   120
  3.157523e+00   3.563492e-07   8.739393e-04   2.630869e-08   320
  3.161075e+00   5.985288e-07   1.081350e-03   2.890718e-08   462
  3.164796e+00   5.919664e-07   6.291367e-04   3.838003e-08   276
  3.168028e+00   7.043640e-07   7.137459e-04   6.940893e-08   144
  3.171142e+00   8.745176e-07   7.495723e-04   8.879175e-08   120
  3.175280e+00   4.073576e-07   5.676236e-04   2.253941e-08   294
  3.178408e+00   5.379580e-07   1.006994e-03   3.314071e-08   384
  3.181327e+00   4.908950e-07   6.666237e-04   3.466735e-08   216
  3.184120e+00   7.066297e-07   6.190727e-04   5.605736e-08   168
  3.187276e+00   5.716201e-07   7.365977e-04   6.402523e-08   102
  3.191838e+00   5.524808e-07   1.117564e-03   4.621623e-08   168
  3.195036e+00   5.079889e-07   9.781377e-04   2.960848e-08   384
  3.198542e+00   5.490525e-07   9.938122e-04   4.272021e-08   300
  3.201805e+00   5.573076e-07   1.064158e-03   4.136615e-08   144
  3.205484e+00   5.718286e-07   1.089848e-03   5.556151e-08   102
  3.209898e+00   6.671305e-07   2.579911e-04   7.536498e-08   56
  3.212013e+00   3.520810e-07   8.399522e-04   2.390980e-08   288
  3.215329e+00   4.022947e-07   1.093090e-03   2.044519e-08   360
  3.218941e+00   4.292686e-07   5.863680e-04   3.202452e-08   126
  3.221984e+00   4.207245e-07   2.887928e-04   5.310490e-08   72
  3.225300e+00   7.093055e-07   1.530029e-04   8.700428e-08   48
  3.229627e+00   3.128585e-07   6.189692e-04   2.387763e-08   240
  3.232471e+00   4.328797e-07   9.183873e-04   2.442566e-08   306
  3.235383e+00   4.691411e-07   5.104189e-04   4.512210e-08   120
  3.238736e+00   6.101708e-07   1.256210e-03   6.848796e-08   96
  3.241174e+00   6.346071e-07   0.000000e+00   1.085550e-07   24
  3.246650e+00   2.707990e-07   1.087846e-03   2.675032e-08   120
  3.249333e+00   3.207829e-07   9.407869e-04   1.884038e-08   318
  3.252616e+00   4.414218e-07   1.005359e-03   3.308128e-08   168
  3.256212e+00   5.995133e-07   1.078863e-03   5.845498e-08   72
  3.260150e+00   4.905323e-07   0.000000e+00   8.371910e-08   24
  3.264385e+00   5.373320e-07   5.236836e-04   1.239200e-07   14
  3.266400e+00   2.455080e-07   8.259660e-04   1.562829e-08   288
  3.269530e+00   3.446685e-07   9.936821e-04   3.217181e-08   204
  3.273142e+00   5.072412e-07   1.507665e-04   7.005663e-08   48
  3.276005e+00   7.921866e-07   0.000000e+00   1.542794e-07   24
  3.279317e+00   2.036246e-07   0.000000e+00   5.019703e-08   6
  3.284079e+00   2.600540e-07   6.175365e-04   2.035838e-08   216
  3.286532e+00   3.822993e-07   8.223896e-04   2.783488e-08   192
  3.289534e+00   3.344729e-07   1.500152e-04   6.432631e-08   48
  3.292683e+00   5.642629e-07   1.198647e-03   8.201664e-08   30
  3.301588e+00   2.798940e-07   2.478684e-04   2.871383e-08   96
  3.303417e+00   2.395713e-07   8.122001e-04   1.645029e-08   228
  3.306890e+00   3.888381e-07   1.062098e-03   4.968525e-08   72
  3.311066e+00   7.453314e-07   3.596531e-08   4.034644e-07   6
  3.320576e+00   2.443757e-07   8.019418e-04   1.719071e-08   248
  3.323611e+00   2.893446e-07   9.178642e-04   3.122304e-08   72
  3.327271e+00   3.543769e-07   0.000000e+00   5.639037e-08   6
  3.338337e+00   2.242408e-07   5.698710e-04   1.821186e-08   180
  3.340544e+00   3.049660e-07   7.753993e-04   3.361465e-08   72
  3.343694e+00   1.175031e-07   0.000000e+00   5.065023e-08   6
  3.355994e+00   2.296250e-07   2.438499e-04   2.788713e-08   96
  3.357465e+00   2.225187e-07   6.694703e-04   2.725076e-08   96
  3.360330e+00   7.178538e-07   0.000000e+00   1.510392e-07   6
  3.374544e+00   2.196636e-07   6.407349e-04   2.144962e-08   140
  3.377176e+00   1.785996e-07   3.596531e-08   3.588843e-08   6
  3.392411e+00   1.977554e-07   4.302822e-04   2.205588e-08   96
  3.394229e+00   1.177424e-07   6.229375e-08   4.694184e-08   6
  3.410329e+00   2.718109e-07   2.588502e-04   3.066739e-08   60
  3.411486e+00   2.579488e-07   0.000000e+00   5.525759e-08   6
  3.428399e+00   1.567416e-07   2.624207e-04   2.515025e-08   38
  3.446410e+00   1.409015e-07   1.349959e-04   5.077893e-08   18
  3.464452e+00   9.367614e-08   0.000000e+00   3.271819e-08   6
