# power spectrum of delta
# redshift z=100.000000
# k              Pk             sigma(k)       sigma(Pk)      count
  5.235988e-03   2.100081e-08   0.000000e+00   8.990266e-09   6
  7.404805e-03   3.714143e-08   0.000000e+00   7.929795e-09   12
  9.068997e-03   5.639496e-08   9.934107e-11   1.231614e-08   8
  1.047198e-02   3.137848e-07   0.000000e+00   3.628711e-08   6
  1.170802e-02   3.277763e-07   0.000000e+00   1.124120e-07   24
  1.282550e-02   6.553934e-07   1.873193e-10   1.188697e-07   24
  1.480961e-02   4.975652e-07   0.000000e+00   2.413123e-07   12
  1.570796e-02   7.191407e-07   2.119276e-10   1.427232e-07   30
  1.655765e-02   1.093684e-06   0.000000e+00   2.598448e-07   24
  1.736581e-02   1.191352e-06   3.244466e-10   3.184345e-07   24
  1.813799e-02   1.635682e-06   1.986821e-10   3.574508e-07   8
  1.887862e-02   1.606062e-06   2.649095e-10   2.152226e-07   24
  1.959127e-02   1.733113e-06   0.000000e+00   2.627050e-07   48
  2.094395e-02   2.620757e-06   0.000000e+00   1.243465e-06   6
  2.158853e-02   2.346421e-06   3.746387e-10   3.555399e-07   48
  2.221441e-02   2.416324e-06   0.000000e+00   2.711789e-07   36
  2.282314e-02   3.839359e-06   2.649095e-10   8.662639e-07   24
  2.341605e-02   2.472992e-06   0.000000e+00   4.593532e-07   24
  2.399431e-02   2.420648e-06   0.000000e+00   3.551436e-07   48
  2.455896e-02   4.089087e-06   3.746387e-10   6.280246e-07   24
  2.565100e-02   3.812570e-06   3.746387e-10   6.470061e-07   24
  2.617994e-02   2.803246e-06   0.000000e+00   4.951868e-07   30
  2.669840e-02   3.213342e-06   0.000000e+00   3.830051e-07   72
  2.720699e-02   3.351154e-06   3.973643e-10   7.366547e-07   32
  2.819666e-02   5.093681e-06   0.000000e+00   6.375936e-07   72
  2.867869e-02   3.294142e-06   0.000000e+00   5.199189e-07   48
  2.961922e-02   1.967900e-06   0.000000e+00   6.317601e-07   12
  3.030463e-02   3.973172e-06   2.261665e-04   3.915032e-07   96
  3.097652e-02   5.353923e-06   3.746387e-10   7.292060e-07   48
  3.141593e-02   6.771228e-06   4.238553e-10   1.280800e-06   30
  3.216991e-02   6.674182e-06   1.851242e-04   6.730513e-07   96
  3.311529e-02   4.397798e-06   0.000000e+00   9.013161e-07   24
  3.366215e-02   6.583768e-06   1.915783e-04   5.733589e-07   144
  3.433467e-02   4.934293e-06   6.488932e-10   1.307224e-06   24
  3.502596e-02   7.874092e-06   1.699402e-04   9.741914e-07   96
  3.551220e-02   7.189564e-06   0.000000e+00   1.194433e-06   48
  3.660341e-02   9.788932e-06   1.260241e-04   1.193540e-06   62
  3.715799e-02   7.507890e-06   1.772208e-04   9.741094e-07   132
  3.775724e-02   5.220946e-06   5.298191e-10   1.004484e-06   24
  3.832310e-02   8.628248e-06   1.771288e-04   7.952005e-07   168
  3.935669e-02   1.099035e-05   1.741481e-04   9.795179e-07   96
  4.013281e-02   7.964175e-06   1.482161e-04   8.122570e-07   96
  4.108514e-02   9.064929e-06   1.652065e-04   8.074098e-07   168
  4.188790e-02   1.306856e-05   0.000000e+00   6.204213e-06   6
  4.221388e-02   1.105374e-05   0.000000e+00   1.155288e-06   96
  4.260157e-02   1.090004e-05   1.284165e-04   1.157488e-06   120
  4.338794e-02   9.281384e-06   1.491145e-04   7.944358e-07   144
  4.380742e-02   1.119808e-05   0.000000e+00   1.627727e-06   48
  4.460453e-02   1.051393e-05   1.521580e-04   1.220901e-06   84
  4.504167e-02   1.202025e-05   1.038229e-09   1.163808e-06   120
  4.543537e-02   9.600942e-06   1.380725e-04   1.183862e-06   80
  4.604473e-02   9.573809e-06   1.401889e-04   7.583141e-07   144
  4.683210e-02   1.272523e-05   0.000000e+00   2.546829e-06   24
  4.721669e-02   1.437758e-05   1.352762e-04   1.295929e-06   150
  4.781672e-02   1.352682e-05   1.403566e-04   1.060843e-06   120
  4.847566e-02   1.283125e-05   1.279055e-04   1.162962e-06   168
  4.911792e-02   2.027264e-05   7.492773e-10   3.652548e-06   24
  4.952200e-02   1.219971e-05   1.377929e-04   8.353297e-07   264
  4.994814e-02   9.900088e-06   7.492773e-10   1.498332e-06   48
  5.067454e-02   1.368247e-05   1.276316e-04   1.217228e-06   144
  5.147966e-02   1.782193e-05   1.256320e-04   2.359549e-06   72
  5.193915e-02   1.452543e-05   1.292283e-04   1.004961e-06   180
  5.258146e-02   1.600174e-05   9.363474e-05   1.292563e-06   198
  5.288088e-02   1.712415e-05   0.000000e+00   2.017068e-06   48
  5.354315e-02   1.450441e-05   1.267373e-04   1.181661e-06   168
  5.403464e-02   1.775395e-05   1.268426e-04   1.742865e-06   144
  5.477816e-02   1.745744e-05   1.782208e-04   9.839866e-07   248
  5.578218e-02   1.334651e-05   1.228688e-04   1.013683e-06   192
  5.646587e-02   1.816876e-05   1.897889e-04   1.281366e-06   240
  5.687739e-02   2.032929e-05   0.000000e+00   2.376975e-06   72
  5.750501e-02   2.193078e-05   1.158173e-04   2.064046e-06   126
  5.790096e-02   2.387557e-05   1.068571e-04   2.037608e-06   168
  5.865697e-02   2.337509e-05   1.168470e-04   1.406456e-06   288
  5.945162e-02   2.244021e-05   6.154109e-05   2.059655e-06   156
  5.986314e-02   1.962416e-05   1.035300e-04   1.846405e-06   168
  6.048719e-02   2.166234e-05   1.774839e-04   1.434105e-06   264
  6.106159e-02   2.110416e-05   0.000000e+00   2.806651e-06   48
  6.148841e-02   2.173217e-05   1.766395e-04   1.537589e-06   264
  6.210029e-02   2.290036e-05   1.041178e-04   2.051493e-06   144
  6.256240e-02   2.626337e-05   2.130198e-04   3.201911e-06   78
  6.323557e-02   2.203439e-05   1.384716e-04   1.316637e-06   336
  6.387038e-02   2.115230e-05   1.053544e-04   1.539860e-06   200
  6.428728e-02   2.110879e-05   2.062852e-04   1.725471e-06   192
  6.485011e-02   2.708553e-05   1.035191e-04   2.071052e-06   240
  6.536719e-02   2.951201e-05   2.074585e-04   2.195911e-06   168
  6.589839e-02   2.504305e-05   1.660972e-04   2.318106e-06   120
  6.653638e-02   2.873981e-05   1.298194e-04   1.649216e-06   324
  6.715542e-02   2.661028e-05   1.020601e-04   1.954123e-06   192
  6.757675e-02   3.068026e-05   1.830393e-04   2.393950e-06   168
  6.829342e-02   2.358051e-05   1.507563e-04   1.406091e-06   342
  6.893961e-02   3.340124e-05   1.213892e-04   1.839842e-06   336
  6.959460e-02   3.814899e-05   9.289460e-05   4.583268e-06   72
  7.003628e-02   3.108669e-05   1.485725e-04   2.229334e-06   288
  7.054901e-02   3.168483e-05   9.676063e-05   2.475404e-06   264
  7.126512e-02   2.899170e-05   1.272641e-04   1.689266e-06   384
  7.190656e-02   3.118287e-05   1.527500e-04   2.510304e-06   240
  7.217311e-02   3.347570e-05   0.000000e+00   4.396352e-06   48
  7.294411e-02   3.384298e-05   1.250359e-04   1.837398e-06   392
  7.353232e-02   3.183477e-05   1.372206e-04   1.945740e-06   294
  7.416482e-02   3.237569e-05   8.918623e-05   2.588880e-06   228
  7.458080e-02   3.901979e-05   1.354424e-04   2.743371e-06   216
  7.509838e-02   3.307195e-05   8.250210e-05   1.880414e-06   336
  7.573194e-02   3.608439e-05   9.802603e-05   2.223702e-06   360
  7.625496e-02   3.985646e-05   1.493497e-04   2.648498e-06   240
  7.679995e-02   3.693424e-05   1.767149e-04   2.795566e-06   168
  7.730831e-02   3.510002e-05   1.390961e-04   2.143931e-06   312
  7.791394e-02   3.548949e-05   8.705117e-05   1.946145e-06   336
  7.856822e-02   3.930944e-05   1.187540e-04   2.568724e-06   294
  7.906152e-02   4.487635e-05   1.582748e-04   2.971512e-06   288
  7.943900e-02   3.189003e-05   9.903780e-05   2.243568e-06   264
  8.011214e-02   3.781432e-05   1.701215e-04   2.065069e-06   480
  8.067496e-02   4.280640e-05   8.322287e-05   2.751412e-06   240
  8.136496e-02   4.307456e-05   8.415296e-05   2.716552e-06   276
  8.190934e-02   4.113385e-05   1.847323e-04   1.852353e-06   488
  8.255606e-02   4.784667e-05   8.136006e-05   4.533537e-06   240
  8.293146e-02   4.385235e-05   1.579803e-04   2.334469e-06   360
  8.345785e-02   3.752114e-05   5.620700e-05   3.002071e-06   198
  8.413479e-02   3.723542e-05   1.899257e-04   1.744160e-06   480
  8.463044e-02   3.783186e-05   7.010252e-05   2.471937e-06   288
  8.531595e-02   4.446338e-05   1.481807e-04   2.268945e-06   480
  8.593239e-02   4.621105e-05   9.129808e-05   2.098419e-06   480
  8.656544e-02   4.110055e-05   1.180789e-04   2.965949e-06   288
  8.696040e-02   4.665114e-05   1.259684e-04   2.852034e-06   288
  8.758162e-02   4.557642e-05   2.189963e-04   2.368708e-06   456
  8.820712e-02   5.154646e-05   2.062435e-04   2.734359e-06   360
  8.861040e-02   4.646669e-05   1.236284e-04   3.099345e-06   180
  8.919402e-02   3.994868e-05   1.346464e-04   1.829640e-06   486
  8.978558e-02   4.557766e-05   1.791231e-04   2.204638e-06   504
  9.038706e-02   4.953843e-05   1.391696e-04   2.525190e-06   456
  9.088577e-02   4.848221e-05   1.156254e-04   3.053843e-06   296
  9.154468e-02   4.656229e-05   1.140954e-04   2.203893e-06   528
  9.204020e-02   4.768417e-05   1.125825e-04   2.596468e-06   336
  9.277004e-02   4.887791e-05   1.248751e-04   2.172996e-06   600
  9.330425e-02   4.144530e-05   7.315851e-05   2.645160e-06   264
  9.383962e-02   4.955873e-05   7.911223e-05   2.610126e-06   360
  9.438606e-02   4.805709e-05   1.583905e-04   2.249513e-06   630
  9.498822e-02   5.619699e-05   8.175969e-05   2.874387e-06   432
  9.552236e-02   5.466439e-05   1.575302e-04   2.771593e-06   408
  9.617798e-02   5.100196e-05   1.045589e-04   2.964143e-06   324
  9.666574e-02   4.909550e-05   1.490093e-04   1.980764e-06   744
  9.725408e-02   4.864179e-05   1.191230e-04   2.917114e-06   336
  9.781619e-02   5.616353e-05   1.637637e-04   2.642176e-06   528
  9.843260e-02   4.835768e-05   8.355720e-05   2.763184e-06   408
  9.884128e-02   4.780724e-05   1.422144e-04   2.534086e-06   408
  9.951653e-02   5.011113e-05   1.174026e-04   2.420579e-06   470
  1.000084e-01   5.397340e-05   1.410385e-04   2.629936e-06   528
  1.006952e-01   4.740125e-05   1.175233e-04   1.886886e-06   624
  1.012011e-01   5.496210e-05   8.942418e-05   2.725759e-06   504
  1.017230e-01   4.853155e-05   1.245612e-04   2.252159e-06   552
  1.022407e-01   5.411672e-05   6.055129e-05   2.924405e-06   336
  1.028889e-01   5.881544e-05   1.288898e-04   2.752435e-06   528
  1.033911e-01   5.626912e-05   1.467435e-04   2.390776e-06   564
  1.039793e-01   5.448397e-05   1.350620e-04   2.813610e-06   528
  1.046169e-01   6.083293e-05   2.096878e-04   2.863031e-06   582
  1.051968e-01   5.692669e-05   1.614279e-04   2.425639e-06   624
  1.057040e-01   5.630647e-05   1.845432e-04   3.045178e-06   432
  1.063091e-01   5.963431e-05   2.052721e-04   2.188675e-06   816
  1.069317e-01   6.291611e-05   9.355381e-05   3.723067e-06   312
  1.073390e-01   5.594703e-05   1.516248e-04   2.677101e-06   552
  1.079959e-01   5.939924e-05   9.549684e-05   2.363932e-06   744
  1.084717e-01   6.618564e-05   8.921347e-05   3.857591e-06   408
  1.090859e-01   5.834110e-05   1.278468e-04   2.524414e-06   632
  1.097239e-01   6.892209e-05   2.171163e-04   2.721571e-06   750
  1.102430e-01   6.731138e-05   1.493599e-04   3.839138e-06   312
  1.108214e-01   6.502354e-05   2.205090e-04   2.398853e-06   876
  1.113935e-01   5.381366e-05   1.439793e-04   2.405250e-06   552
  1.120381e-01   6.745060e-05   1.190703e-04   2.842620e-06   696
  1.124772e-01   6.802306e-05   1.314311e-04   3.100021e-06   576
  1.130748e-01   6.171116e-05   1.391539e-04   3.064515e-06   576
  1.135849e-01   7.086325e-05   1.864666e-04   2.992688e-06   648
  1.142013e-01   7.140076e-05   1.866414e-04   2.805254e-06   672
  1.148819e-01   7.046986e-05   7.916635e-05   3.589246e-06   480
  1.153175e-01   6.669737e-05   1.225987e-04   2.554487e-06   726
  1.158784e-01   7.471087e-05   1.389202e-04   2.796607e-06   792
  1.164859e-01   6.990594e-05   1.927191e-04   2.741500e-06   768
  1.171261e-01   7.440180e-05   1.575020e-04   2.986612e-06   672
  1.177132e-01   7.346582e-05   1.056490e-04   3.049737e-06   608
  1.181382e-01   7.106804e-05   1.014263e-04   3.005769e-06   624
  1.187444e-01   7.240630e-05   1.318026e-04   2.810133e-06   684
  1.193341e-01   7.476669e-05   1.946877e-04   2.741132e-06   768
  1.198830e-01   7.868620e-05   1.556514e-04   2.890414e-06   744
  1.205369e-01   7.485836e-05   9.800740e-05   2.762350e-06   750
  1.210135e-01   7.098645e-05   1.456749e-04   3.308027e-06   600
  1.215290e-01   7.601017e-05   1.546805e-04   3.285005e-06   600
  1.221658e-01   7.989729e-05   1.782597e-04   2.613568e-06   1008
  1.226715e-01   8.132907e-05   9.886901e-05   3.280646e-06   696
  1.232319e-01   8.491070e-05   1.306104e-04   3.685749e-06   624
  1.237952e-01   8.347846e-05   2.032462e-04   3.274790e-06   840
  1.244353e-01   8.974729e-05   1.382927e-04   3.298558e-06   816
  1.249544e-01   8.174031e-05   9.185724e-05   3.000905e-06   744
  1.254787e-01   8.525105e-05   1.623885e-04   3.821923e-06   510
  1.261120e-01   8.808153e-05   1.559063e-04   3.018238e-06   1020
  1.267014e-01   8.760229e-05   1.258009e-04   2.970193e-06   912
  1.272824e-01   9.163746e-05   1.863811e-04   3.490878e-06   752
  1.277629e-01   9.077635e-05   1.546528e-04   3.701727e-06   888
  1.284185e-01   8.713357e-05   9.979682e-05   3.282009e-06   768
  1.289548e-01   9.019513e-05   1.813396e-04   3.463305e-06   720
  1.295720e-01   9.023299e-05   1.598561e-04   3.061442e-06   1056
  1.301194e-01   9.221775e-05   1.105952e-04   4.280923e-06   504
  1.305680e-01   8.726067e-05   1.726966e-04   3.514773e-06   774
  1.312094e-01   9.157735e-05   1.660885e-04   2.975660e-06   1272
  1.318119e-01   9.533417e-05   1.088141e-04   3.872855e-06   744
  1.323737e-01   8.844664e-05   1.776865e-04   3.361448e-06   768
  1.328891e-01   9.478005e-05   1.502996e-04   3.327040e-06   840
  1.334680e-01   1.004256e-04   1.018991e-04   3.440595e-06   924
  1.340253e-01   9.748382e-05   1.796478e-04   3.397767e-06   936
  1.345731e-01   9.151129e-05   1.248485e-04   3.201846e-06   840
  1.351249e-01   1.026714e-04   1.484303e-04   3.412095e-06   1008
  1.358262e-01   9.492845e-05   1.675640e-04   3.729765e-06   696
  1.362662e-01   9.150545e-05   1.489354e-04   3.098986e-06   974
  1.369199e-01   1.027264e-04   1.978036e-04   3.123611e-06   1152
  1.374883e-01   1.026741e-04   7.740107e-05   3.642045e-06   816
  1.379303e-01   9.348455e-05   1.702736e-04   3.260681e-06   816
  1.385249e-01   1.010685e-04   1.503593e-04   3.080231e-06   1152
  1.391521e-01   1.026741e-04   1.353749e-04   3.469370e-06   912
  1.397224e-01   1.097611e-04   1.644805e-04   3.490272e-06   1056
  1.402107e-01   1.075787e-04   1.406603e-04   4.521633e-06   624
  1.408674e-01   1.022965e-04   1.757031e-04   3.264208e-06   1260
  1.414341e-01   1.070996e-04   1.059767e-04   3.832605e-06   894
  1.419876e-01   1.132085e-04   1.815758e-04   3.255192e-06   1176
  1.425414e-01   9.791714e-05   1.502909e-04   3.857068e-06   840
  1.431717e-01   1.085907e-04   1.708276e-04   2.937641e-06   1440
  1.438335e-01   9.972685e-05   9.604025e-05   3.435024e-06   864
  1.443353e-01   1.129630e-04   1.648098e-04   3.834617e-06   1056
  1.448348e-01   1.148002e-04   9.716969e-05   4.924666e-06   624
  1.454414e-01   1.116325e-04   1.799415e-04   3.065390e-06   1496
  1.460215e-01   1.116402e-04   1.270451e-04   4.443449e-06   936
  1.465378e-01   1.078478e-04   1.839213e-04   3.684941e-06   966
  1.470935e-01   1.076302e-04   1.303709e-04   3.725748e-06   936
  1.476771e-01   1.111022e-04   1.612618e-04   3.248171e-06   1248
  1.482747e-01   1.048956e-04   1.136824e-04   3.240922e-06   1044
  1.488315e-01   1.094785e-04   1.760977e-04   3.276267e-06   1392
  1.492724e-01   1.021137e-04   1.356307e-04   4.172356e-06   600
  1.499032e-01   1.074330e-04   1.540908e-04   2.940177e-06   1416
  1.504947e-01   1.118555e-04   1.658599e-04   3.422096e-06   1152
  1.510940e-01   1.111899e-04   1.591165e-04   3.724815e-06   936
  1.515768e-01   1.129365e-04   1.706603e-04   4.066721e-06   870
  1.521505e-01   1.193530e-04   1.430918e-04   3.687459e-06   1368
  1.527872e-01   1.155793e-04   1.881284e-04   3.183381e-06   1632
  1.533312e-01   1.182632e-04   8.167482e-05   4.430519e-06   816
  1.539201e-01   1.185860e-04   1.863333e-04   3.604599e-06   1200
  1.544340e-01   1.203831e-04   1.781566e-04   3.665666e-06   1184
  1.549559e-01   1.239794e-04   1.352092e-04   4.252381e-06   984
  1.555963e-01   1.172694e-04   1.650766e-04   3.227301e-06   1572
  1.561769e-01   1.281712e-04   9.091055e-05   4.801552e-06   840
  1.567180e-01   1.161684e-04   2.114161e-04   3.211811e-06   1392
  1.572892e-01   1.143460e-04   1.552215e-04   3.742910e-06   1158
  1.577991e-01   1.219338e-04   1.413412e-04   3.618272e-06   1272
  1.584131e-01   1.244456e-04   1.440394e-04   3.572386e-06   1320
  1.589897e-01   1.203851e-04   1.409409e-04   3.973743e-06   1104
  1.595384e-01   1.183397e-04   1.595254e-04   3.518219e-06   1392
  1.601142e-01   1.164675e-04   1.725427e-04   3.535808e-06   1296
  1.607073e-01   1.216171e-04   1.801631e-04   3.439130e-06   1392
  1.612639e-01   1.226699e-04   1.321641e-04   3.904085e-06   1104
  1.617788e-01   1.186535e-04   1.664732e-04   3.337121e-06   1320
  1.625121e-01   1.221013e-04   1.271332e-04   3.443718e-06   1422
  1.629806e-01   1.192956e-04   1.583372e-04   3.677035e-06   1212
  1.635187e-01   1.193209e-04   1.730198e-04   3.400914e-06   1280
  1.640715e-01   1.305315e-04   1.801608e-04   3.882711e-06   1272
  1.646014e-01   1.331020e-04   1.559113e-04   3.493486e-06   1680
  1.652294e-01   1.178661e-04   1.473072e-04   3.714867e-06   1152
  1.658075e-01   1.246097e-04   1.705869e-04   3.219207e-06   1512
  1.664153e-01   1.242734e-04   7.202113e-05   4.434814e-06   912
  1.668957e-01   1.319952e-04   1.815505e-04   3.220809e-06   1680
  1.675347e-01   1.163715e-04   1.608324e-04   3.100357e-06   1518
  1.680083e-01   1.332145e-04   1.489002e-04   4.160962e-06   1056
  1.685072e-01   1.287558e-04   1.503481e-04   3.496276e-06   1344
  1.691521e-01   1.455247e-04   1.614410e-04   3.710983e-06   1680
  1.697356e-01   1.311151e-04   1.590833e-04   3.505990e-06   1656
  1.703731e-01   1.276245e-04   1.352233e-04   4.283008e-06   1140
  1.708518e-01   1.309346e-04   1.565784e-04   3.916741e-06   1368
  1.714150e-01   1.342216e-04   1.781088e-04   3.560226e-06   1656
  1.719875e-01   1.399929e-04   1.824216e-04   4.131079e-06   1448
  1.726107e-01   1.357245e-04   1.713731e-04   3.660445e-06   1422
  1.731862e-01   1.406370e-04   1.891889e-04   3.800136e-06   1512
  1.736785e-01   1.421405e-04   1.442321e-04   4.310992e-06   1296
  1.742480e-01   1.362242e-04   1.316934e-04   3.464643e-06   1824
  1.748637e-01   1.397550e-04   1.707603e-04   3.773200e-06   1464
  1.754857e-01   1.344641e-04   1.523791e-04   3.144112e-06   1824
  1.760630e-01   1.451743e-04   1.211491e-04   4.008203e-06   1416
  1.765651e-01   1.448741e-04   1.774508e-04   4.099291e-06   1392
  1.771073e-01   1.421014e-04   1.637489e-04   3.838969e-06   1464
  1.777687e-01   1.336559e-04   1.600899e-04   3.785252e-06   1524
  1.782798e-01   1.424005e-04   1.475255e-04   3.798287e-06   1686
  1.788705e-01   1.440605e-04   1.756584e-04   3.809030e-06   1800
  1.793782e-01   1.550437e-04   1.394561e-04   4.769610e-06   1344
  1.799415e-01   1.551671e-04   1.627029e-04   4.388438e-06   1656
  1.805062e-01   1.534358e-04   1.299100e-04   4.012299e-06   1488
  1.809969e-01   1.573995e-04   1.296984e-04   4.234258e-06   1536
  1.816806e-01   1.519146e-04   1.440802e-04   3.934405e-06   1760
  1.822103e-01   1.539035e-04   1.602612e-04   3.734136e-06   1824
  1.828229e-01   1.630101e-04   1.344890e-04   4.287696e-06   1560
  1.834123e-01   1.592978e-04   1.544732e-04   3.899649e-06   1926
  1.839667e-01   1.623712e-04   1.098507e-04   4.777230e-06   1272
  1.844727e-01   1.561173e-04   1.846040e-04   3.835426e-06   1848
  1.851378e-01   1.676786e-04   1.491442e-04   3.898222e-06   1908
  1.856436e-01   1.607870e-04   1.454705e-04   4.368490e-06   1488
  1.861774e-01   1.569663e-04   1.640594e-04   4.087858e-06   1800
  1.867561e-01   1.617422e-04   1.642212e-04   4.118145e-06   1752
  1.873103e-01   1.582928e-04   1.746230e-04   4.429423e-06   1368
  1.878650e-01   1.690941e-04   1.641121e-04   3.755537e-06   2016
  1.884751e-01   1.742431e-04   1.733427e-04   4.593636e-06   1542
  1.890381e-01   1.644987e-04   1.697493e-04   3.915241e-06   2184
  1.896613e-01   1.742912e-04   1.552821e-04   4.235638e-06   1776
  1.901997e-01   1.690873e-04   1.775109e-04   5.107311e-06   1568
  1.907129e-01   1.771269e-04   1.621761e-04   4.163307e-06   2040
  1.912713e-01   1.832148e-04   1.733808e-04   4.671020e-06   1704
  1.918558e-01   1.695254e-04   1.738016e-04   4.619647e-06   1512
  1.924069e-01   1.783756e-04   1.482532e-04   4.189782e-06   2028
  1.930261e-01   1.780174e-04   1.788315e-04   4.083364e-06   1968
  1.935922e-01   1.760556e-04   1.813978e-04   4.121724e-06   1854
  1.941462e-01   1.714437e-04   1.729280e-04   4.233571e-06   1632
  1.947140e-01   1.817008e-04   1.776983e-04   3.716591e-06   2424
  1.953024e-01   1.760894e-04   1.778831e-04   4.583997e-06   1560
  1.957999e-01   1.846099e-04   1.680994e-04   4.413569e-06   1728
  1.964010e-01   1.795625e-04   1.794384e-04   4.313436e-06   2088
  1.970061e-01   1.752581e-04   1.708061e-04   4.216116e-06   1968
  1.975626e-01   1.830056e-04   1.691145e-04   4.270459e-06   2256
  1.981208e-01   1.879379e-04   1.503615e-04   4.527588e-06   1728
  1.987034e-01   1.865044e-04   1.482243e-04   5.430872e-06   1416
  1.992196e-01   1.966076e-04   1.562581e-04   4.355180e-06   2246
  1.998040e-01   1.853764e-04   1.730542e-04   4.484928e-06   2148
  2.003631e-01   1.942852e-04   1.461795e-04   5.100387e-06   1680
  2.008894e-01   1.898363e-04   1.848014e-04   3.852039e-06   2280
  2.015220e-01   1.943047e-04   1.720909e-04   4.053481e-06   2352
  2.021128e-01   1.941002e-04   1.445993e-04   5.063965e-06   1632
  2.025802e-01   1.952019e-04   1.654600e-04   4.739627e-06   1968
  2.032216e-01   1.916338e-04   1.697620e-04   4.451421e-06   2112
  2.038164e-01   1.879236e-04   1.275212e-04   4.436341e-06   2208
  2.043944e-01   1.928286e-04   1.285797e-04   4.400627e-06   1974
  2.048505e-01   1.877299e-04   1.257859e-04   4.491535e-06   1944
  2.054668e-01   2.032453e-04   1.423123e-04   4.604040e-06   2160
  2.060009e-01   1.970890e-04   1.330941e-04   4.717231e-06   2040
  2.065782e-01   2.033398e-04   1.862017e-04   4.590262e-06   2352
  2.071702e-01   2.091139e-04   1.546888e-04   5.060590e-06   1836
  2.077106e-01   2.004880e-04   1.650148e-04   4.177244e-06   2352
  2.083173e-01   1.968847e-04   1.730782e-04   4.590267e-06   2008
  2.088734e-01   1.988363e-04   1.702670e-04   4.416898e-06   2464
  2.094936e-01   2.016925e-04   1.373278e-04   4.466700e-06   2118
  2.100023e-01   2.005298e-04   1.380489e-04   4.924937e-06   1848
  2.105258e-01   2.159453e-04   1.826838e-04   5.082651e-06   2280
  2.111582e-01   2.104449e-04   1.737759e-04   4.529797e-06   2472
  2.117492e-01   2.026601e-04   1.161291e-04   4.596715e-06   2280
  2.122453e-01   2.197313e-04   1.419483e-04   5.432292e-06   1992
  2.127802e-01   2.139980e-04   1.492314e-04   4.438436e-06   2184
  2.133972e-01   1.941613e-04   1.800246e-04   4.299599e-06   2352
  2.139916e-01   2.088197e-04   1.897138e-04   4.379152e-06   2496
  2.145737e-01   2.000818e-04   1.771949e-04   5.091256e-06   1770
  2.150957e-01   2.187405e-04   1.528912e-04   4.630079e-06   2568
  2.157233e-01   2.145251e-04   1.875273e-04   4.385103e-06   2712
  2.162939e-01   2.175412e-04   1.489238e-04   4.751929e-06   2448
  2.168635e-01   2.240681e-04   1.255351e-04   5.065770e-06   2064
  2.173361e-01   2.074377e-04   1.325051e-04   5.192914e-06   1944
  2.179488e-01   2.096822e-04   1.636925e-04   4.598441e-06   2480
  2.185739e-01   2.166904e-04   1.778181e-04   4.317554e-06   2880
  2.191276e-01   2.181558e-04   1.705744e-04   4.699559e-06   2304
  2.197059e-01   2.173671e-04   1.567157e-04   5.058015e-06   1806
  2.202187e-01   2.173820e-04   1.536903e-04   4.210224e-06   2856
  2.208613e-01   2.239475e-04   1.473936e-04   4.752308e-06   2568
  2.213503e-01   2.087858e-04   1.478767e-04   4.881723e-06   2112
  2.218825e-01   2.200402e-04   1.424314e-04   5.370717e-06   2028
  2.224535e-01   2.211081e-04   1.685968e-04   4.310948e-06   2712
  2.230333e-01   2.275012e-04   1.816364e-04   4.420822e-06   2952
  2.236564e-01   2.292322e-04   1.403450e-04   5.139932e-06   2112
  2.241601e-01   2.239125e-04   1.644771e-04   4.583907e-06   2520
  2.247652e-01   2.203931e-04   1.586415e-04   4.771797e-06   2376
  2.253163e-01   2.282942e-04   1.271723e-04   4.828753e-06   2526
  2.258883e-01   2.353056e-04   1.582625e-04   4.871757e-06   2664
  2.264547e-01   2.338364e-04   1.887621e-04   4.947760e-06   2408
  2.269976e-01   2.346455e-04   1.512058e-04   4.965002e-06   2568
  2.275513e-01   2.415460e-04   1.425599e-04   4.642582e-06   2904
  2.281520e-01   2.334519e-04   1.599562e-04   4.777161e-06   2544
  2.287227e-01   2.350788e-04   1.178188e-04   5.287567e-06   2160
  2.292612e-01   2.509771e-04   2.036951e-04   5.164015e-06   2652
  2.298560e-01   2.331644e-04   1.612846e-04   4.648514e-06   2784
  2.304285e-01   2.461908e-04   1.592732e-04   4.714970e-06   2694
  2.310216e-01   2.318480e-04   1.431421e-04   4.490652e-06   2952
  2.315369e-01   2.538791e-04   1.355816e-04   5.520981e-06   2208
  2.320619e-01   2.382013e-04   1.445033e-04   5.175132e-06   2304
  2.326479e-01   2.341522e-04   1.879105e-04   3.913883e-06   3504
  2.333314e-01   2.497952e-04   1.521578e-04   5.454105e-06   2616
  2.338644e-01   2.514456e-04   1.486459e-04   5.174669e-06   2664
  2.343779e-01   2.460252e-04   1.381050e-04   5.119891e-06   2448
  2.348953e-01   2.542502e-04   1.923348e-04   5.270803e-06   2472
  2.355040e-01   2.559994e-04   1.529171e-04   4.736983e-06   3134
  2.360769e-01   2.563325e-04   1.672464e-04   5.294859e-06   2616
  2.366489e-01   2.435498e-04   1.354761e-04   5.024474e-06   2712
  2.372374e-01   2.493442e-04   1.553714e-04   4.648996e-06   3204
  2.377998e-01   2.503282e-04   1.789412e-04   5.235909e-06   2760
  2.383340e-01   2.501993e-04   1.561234e-04   5.008426e-06   2688
  2.389230e-01   2.586495e-04   1.476141e-04   5.386888e-06   2760
  2.394439e-01   2.507997e-04   1.218873e-04   5.267953e-06   2568
  2.400437e-01   2.521875e-04   1.892850e-04   4.504089e-06   3336
  2.406194e-01   2.629546e-04   1.602090e-04   5.485726e-06   2334
  2.412008e-01   2.530736e-04   1.772885e-04   4.697897e-06   3264
  2.417441e-01   2.677706e-04   1.289023e-04   5.419392e-06   2760
  2.423013e-01   2.596421e-04   1.556774e-04   4.789036e-06   3192
  2.428686e-01   2.654177e-04   1.616265e-04   5.345323e-06   2904
  2.434719e-01   2.660599e-04   1.621698e-04   5.375112e-06   2784
  2.439770e-01   2.804145e-04   1.334688e-04   5.978480e-06   2592
  2.445515e-01   2.668847e-04   1.819370e-04   4.720618e-06   3284
  2.451621e-01   2.776376e-04   1.827474e-04   5.316679e-06   3168
  2.457083e-01   2.772829e-04   1.507797e-04   5.618797e-06   2616
  2.462826e-01   2.625446e-04   1.456904e-04   4.992469e-06   3222
  2.468412e-01   2.739921e-04   1.634692e-04   4.742434e-06   3240
  2.473821e-01   2.833419e-04   1.653754e-04   6.050978e-06   2568
  2.479971e-01   2.915181e-04   1.517401e-04   5.467630e-06   3120
  2.485114e-01   2.952706e-04   1.668158e-04   5.634590e-06   3168
  2.490644e-01   2.790882e-04   1.460346e-04   5.292634e-06   3240
  2.496694e-01   2.810367e-04   1.498279e-04   5.134720e-06   3144
  2.502572e-01   2.778412e-04   1.428121e-04   5.315002e-06   2856
  2.508127e-01   2.870093e-04   1.525290e-04   5.141545e-06   3264
  2.514413e-01   2.942958e-04   1.685377e-04   5.359685e-06   3318
  2.519361e-01   2.967715e-04   1.180343e-04   6.612532e-06   2556
  2.525257e-01   2.919736e-04   2.016244e-04   4.729042e-06   4008
  2.531226e-01   2.980790e-04   1.488340e-04   5.939333e-06   2904
  2.536333e-01   2.916952e-04   1.521880e-04   5.260936e-06   3144
  2.542147e-01   2.863062e-04   1.586575e-04   5.442007e-06   3200
  2.548163e-01   2.981539e-04   1.564748e-04   5.432787e-06   3312
  2.553557e-01   3.124897e-04   1.261117e-04   6.242286e-06   2832
  2.559578e-01   3.027305e-04   1.814826e-04   5.038751e-06   3984
  2.565169e-01   3.286074e-04   1.475368e-04   7.466664e-06   2238
  2.570274e-01   3.077003e-04   1.736254e-04   5.202942e-06   3984
  2.576606e-01   3.031988e-04   1.649959e-04   5.612684e-06   3384
  2.581867e-01   3.241280e-04   1.542266e-04   6.228173e-06   3048
  2.587360e-01   3.034246e-04   1.416101e-04   5.746357e-06   3096
  2.593098e-01   3.235597e-04   1.605108e-04   5.363582e-06   3708
  2.598803e-01   3.076644e-04   1.521425e-04   6.249402e-06   2784
  2.604102e-01   3.327778e-04   1.580291e-04   5.832529e-06   3648
  2.610121e-01   3.214657e-04   1.626460e-04   5.580696e-06   3888
  2.616527e-01   3.165658e-04   1.736294e-04   5.859508e-06   2958
  2.621310e-01   3.128558e-04   1.482088e-04   5.608011e-06   3264
  2.627074e-01   3.364918e-04   1.636183e-04   6.240478e-06   3160
  2.632519e-01   3.120134e-04   1.482851e-04   5.460559e-06   3736
  2.637680e-01   3.283390e-04   1.351225e-04   6.216122e-06   3216
  2.643766e-01   3.313023e-04   1.655853e-04   5.459813e-06   4032
  2.650113e-01   3.332559e-04   1.511764e-04   5.799720e-06   3528
  2.655526e-01   3.384385e-04   1.334456e-04   6.159823e-06   3192
  2.660936e-01   3.289197e-04   1.461467e-04   5.922932e-06   3456
  2.666806e-01   3.386189e-04   1.515387e-04   6.551118e-06   3060
  2.672689e-01   3.354957e-04   1.801969e-04   5.366216e-06   4518
  2.678422e-01   3.394573e-04   1.605321e-04   5.791576e-06   3528
  2.683691e-01   3.366456e-04   1.348189e-04   6.482329e-06   3024
  2.689309e-01   3.255697e-04   1.825395e-04   5.594307e-06   3672
  2.695032e-01   3.430824e-04   1.566743e-04   6.070937e-06   3864
  2.701386e-01   3.329031e-04   1.660726e-04   5.493633e-06   3816
  2.706583e-01   3.456017e-04   1.510894e-04   6.151673e-06   3456
  2.711565e-01   3.494066e-04   1.367701e-04   7.084303e-06   2688
  2.717434e-01   3.506271e-04   1.622751e-04   5.632145e-06   4248
  2.723254e-01   3.448791e-04   1.554285e-04   5.704118e-06   3926
  2.729099e-01   3.399584e-04   1.641058e-04   5.778548e-06   3504
  2.734745e-01   3.546677e-04   1.467130e-04   5.773555e-06   3960
  2.740980e-01   3.442582e-04   1.651647e-04   5.864651e-06   3684
  2.746326e-01   3.392417e-04   1.651536e-04   5.670181e-06   4104
  2.751671e-01   3.562024e-04   1.566391e-04   6.583306e-06   3144
  2.757414e-01   3.549594e-04   1.715738e-04   5.689159e-06   4224
  2.763727e-01   3.543581e-04   1.522866e-04   5.793069e-06   4008
  2.769121e-01   3.607862e-04   1.675394e-04   6.398982e-06   3312
  2.774675e-01   3.540317e-04   1.666370e-04   6.124056e-06   3726
  2.780582e-01   3.596013e-04   1.711567e-04   6.000128e-06   3936
  2.785828e-01   3.669219e-04   1.764289e-04   6.166164e-06   3888
  2.791271e-01   3.636647e-04   1.668304e-04   5.969397e-06   3864
  2.796935e-01   3.551623e-04   1.773548e-04   5.941497e-06   3888
  2.802768e-01   3.457863e-04   1.672728e-04   5.670679e-06   4080
  2.808527e-01   3.640652e-04   1.775274e-04   6.505113e-06   3400
  2.814403e-01   3.668324e-04   1.628105e-04   5.571474e-06   4588
  2.820344e-01   3.760998e-04   1.611488e-04   6.430446e-06   3816
  2.825536e-01   3.783504e-04   1.527020e-04   6.340079e-06   3534
  2.831033e-01   3.839489e-04   1.508288e-04   6.135980e-06   4080
  2.836782e-01   3.822285e-04   1.576588e-04   6.082821e-06   4248
  2.842557e-01   3.745025e-04   1.588722e-04   6.669800e-06   3528
  2.847885e-01   3.927782e-04   1.624251e-04   6.347957e-06   4248
  2.853271e-01   3.762232e-04   1.588681e-04   6.505559e-06   3696
  2.859269e-01   3.901723e-04   1.648479e-04   6.100345e-06   4560
  2.864957e-01   3.807864e-04   1.544078e-04   6.371451e-06   3864
  2.870799e-01   3.790613e-04   1.681264e-04   5.947827e-06   4440
  2.876336e-01   3.783250e-04   1.568659e-04   7.014028e-06   3432
  2.882153e-01   3.780703e-04   1.538102e-04   5.851602e-06   4470
  2.887876e-01   3.868839e-04   1.366862e-04   6.228502e-06   4188
  2.893502e-01   3.930114e-04   1.751142e-04   6.126553e-06   4392
  2.899088e-01   4.000203e-04   1.354675e-04   6.901033e-06   3960
  2.904898e-01   4.014653e-04   1.530389e-04   6.387624e-06   4328
  2.910526e-01   3.955962e-04   1.592681e-04   6.429765e-06   4320
  2.916214e-01   3.976648e-04   1.665448e-04   6.100463e-06   4152
  2.921489e-01   4.296600e-04   1.393173e-04   7.541889e-06   3528
  2.927454e-01   3.993257e-04   1.507896e-04   6.050499e-06   4512
  2.933035e-01   4.027587e-04   1.541441e-04   6.501289e-06   4134
  2.938703e-01   4.162062e-04   1.642152e-04   5.866333e-06   5208
  2.944155e-01   4.139393e-04   1.430715e-04   7.395601e-06   3240
  2.949795e-01   4.389710e-04   1.578013e-04   6.785833e-06   4680
  2.955536e-01   4.096995e-04   1.562361e-04   6.510012e-06   4440
  2.961283e-01   3.914441e-04   1.770409e-04   6.150385e-06   4260
  2.966795e-01   4.150030e-04   1.445367e-04   6.823597e-06   4056
  2.972472e-01   4.189104e-04   1.602443e-04   6.363367e-06   4704
  2.978430e-01   4.333320e-04   1.864716e-04   6.393822e-06   4800
  2.984728e-01   4.182733e-04   1.615632e-04   6.078907e-06   4806
  2.990171e-01   4.504716e-04   1.610528e-04   8.198839e-06   3552
  2.995355e-01   4.207928e-04   1.614847e-04   6.948662e-06   4304
  3.001207e-01   4.231633e-04   1.566036e-04   6.011874e-06   5280
  3.006995e-01   4.302023e-04   1.502347e-04   6.717970e-06   4320
  3.012473e-01   4.236334e-04   1.696543e-04   6.705185e-06   4296
  3.018250e-01   4.536875e-04   1.886134e-04   6.758130e-06   4608
  3.024092e-01   4.447248e-04   1.807017e-04   6.685029e-06   4824
  3.029876e-01   4.456892e-04   1.705952e-04   6.818921e-06   4488
  3.036083e-01   4.538057e-04   1.592690e-04   7.103639e-06   4530
  3.041208e-01   4.366555e-04   1.555130e-04   6.591124e-06   4464
  3.046337e-01   4.532077e-04   1.465595e-04   7.291330e-06   4104
  3.052224e-01   4.316489e-04   1.580217e-04   6.080134e-06   5424
  3.058016e-01   4.539209e-04   1.701008e-04   6.632194e-06   4392
  3.063910e-01   4.711992e-04   1.665355e-04   7.059359e-06   4896
  3.069262e-01   4.606107e-04   1.632388e-04   7.430721e-06   4104
  3.074847e-01   4.778801e-04   1.471984e-04   7.203919e-06   4824
  3.080740e-01   4.576113e-04   1.406872e-04   7.132064e-06   4680
  3.085874e-01   4.562493e-04   1.438922e-04   7.050306e-06   4328
  3.091832e-01   4.640182e-04   1.658705e-04   6.673892e-06   5118
  3.097820e-01   4.769528e-04   1.921715e-04   6.764111e-06   5304
  3.103223e-01   4.786036e-04   1.513261e-04   7.220987e-06   4392
  3.109110e-01   4.886339e-04   1.518841e-04   7.445081e-06   4476
  3.114258e-01   4.641731e-04   1.508390e-04   6.855048e-06   4704
  3.119987e-01   4.830685e-04   1.825726e-04   6.842948e-06   5208
  3.126008e-01   4.660186e-04   1.539393e-04   6.805684e-06   5304
  3.131555e-01   4.975226e-04   1.648904e-04   7.984154e-06   4296
  3.137244e-01   5.040347e-04   1.563587e-04   7.563955e-06   4752
  3.143221e-01   4.700210e-04   1.569586e-04   6.878540e-06   4950
  3.148593e-01   4.896417e-04   1.640639e-04   7.112027e-06   5064
  3.153966e-01   4.930768e-04   1.374643e-04   7.340601e-06   4872
  3.159399e-01   4.857182e-04   1.447122e-04   8.072981e-06   4224
  3.165201e-01   4.994600e-04   1.598528e-04   6.603985e-06   6120
  3.171375e-01   4.897247e-04   1.758584e-04   7.071173e-06   4968
  3.176975e-01   5.128589e-04   1.556194e-04   7.726000e-06   4424
  3.182769e-01   5.265061e-04   1.987708e-04   7.400177e-06   5436
  3.188492e-01   5.041428e-04   1.694695e-04   7.670862e-06   4896
  3.194025e-01   4.990683e-04   1.622485e-04   7.150324e-06   5214
  3.199359e-01   5.186567e-04   1.379198e-04   7.834348e-06   4656
  3.205285e-01   5.271601e-04   1.753538e-04   7.689918e-06   5448
  3.210948e-01   5.244939e-04   1.480992e-04   7.600179e-06   4992
  3.216493e-01   5.277059e-04   1.639048e-04   7.458156e-06   5400
  3.222588e-01   5.402615e-04   1.816572e-04   7.464865e-06   5328
  3.228204e-01   5.094837e-04   1.624349e-04   7.256855e-06   4776
  3.233488e-01   5.438045e-04   1.526344e-04   7.892202e-06   4800
  3.239358e-01   5.383376e-04   1.962801e-04   6.801184e-06   6552
  3.245500e-01   5.333523e-04   1.482869e-04   8.641615e-06   3942
  3.250822e-01   5.287141e-04   1.868988e-04   7.146841e-06   6072
  3.256715e-01   5.303192e-04   1.451525e-04   8.212307e-06   4692
  3.261655e-01   5.617337e-04   1.515369e-04   8.051377e-06   4944
  3.267443e-01   5.479713e-04   1.626458e-04   7.121440e-06   5840
  3.273385e-01   5.376066e-04   1.741055e-04   7.561155e-06   5712
  3.279235e-01   5.396502e-04   1.459117e-04   7.933986e-06   4800
  3.284572e-01   5.507374e-04   1.932385e-04   7.667328e-06   5688
  3.290418e-01   5.692281e-04   1.524611e-04   8.686582e-06   4848
  3.296212e-01   4.658358e-04   1.696983e-04   7.664902e-06   5406
  3.301710e-01   9.475282e-08   1.531802e-04   1.782680e-09   5568
  3.307231e-01   1.013071e-07   1.376987e-04   1.903835e-09   5736
  3.313197e-01   9.808555e-08   1.710130e-04   1.970941e-09   5280
  3.318612e-01   9.989358e-08   1.581140e-04   1.902601e-09   5592
  3.324185e-01   9.512052e-08   1.809987e-04   1.857225e-09   4968
  3.330077e-01   9.556215e-08   1.622895e-04   1.766639e-09   5964
  3.335825e-01   1.017600e-07   1.630436e-04   1.904542e-09   5376
  3.341049e-01   1.045166e-07   1.574287e-04   1.986646e-09   5472
  3.347104e-01   9.598624e-08   1.495120e-04   1.782370e-09   5472
  3.352641e-01   9.755582e-08   1.699903e-04   2.046665e-09   5415
  3.358008e-01   9.592235e-08   1.495270e-04   1.837992e-09   5096
  3.363813e-01   9.390701e-08   1.922880e-04   1.655027e-09   6372
  3.369686e-01   1.004407e-07   1.560907e-04   2.120949e-09   4656
  3.374949e-01   1.000586e-07   1.704010e-04   1.795651e-09   5844
  3.380612e-01   9.494590e-08   1.498221e-04   1.765932e-09   5508
  3.386614e-01   1.020685e-07   1.699604e-04   1.726802e-09   6324
  3.392504e-01   1.009155e-07   1.459962e-04   1.987901e-09   4752
  3.397886e-01   9.283014e-08   1.634548e-04   1.699728e-09   5676
  3.403713e-01   9.982251e-08   1.495298e-04   1.893373e-09   5472
  3.409244e-01   1.030763e-07   1.686654e-04   1.884782e-09   5556
  3.415185e-01   9.528039e-08   1.643612e-04   1.712722e-09   5436
  3.420920e-01   1.015339e-07   1.682351e-04   1.823068e-09   5916
  3.426808e-01   1.023657e-07   1.750386e-04   1.885152e-09   5520
  3.432111e-01   9.377355e-08   1.591894e-04   1.796496e-09   5280
  3.437543e-01   1.045571e-07   1.564178e-04   2.028493e-09   4416
  3.443673e-01   9.828288e-08   1.524692e-04   1.659772e-09   6260
  3.449431e-01   1.032660e-07   1.813045e-04   1.778759e-09   5940
  3.454647e-01   1.019748e-07   1.419910e-04   2.029925e-09   4188
  3.460389e-01   1.048134e-07   1.815476e-04   1.713680e-09   6360
  3.466426e-01   9.892051e-08   1.619328e-04   1.749376e-09   5256
  3.472033e-01   9.933873e-08   1.530798e-04   1.951778e-09   4848
  3.476838e-01   9.873544e-08   1.387748e-04   1.852522e-09   4704
  3.482753e-01   1.045830e-07   1.702406e-04   1.776779e-09   5784
  3.488770e-01   9.866038e-08   1.801342e-04   1.712264e-09   5820
  3.494578e-01   1.037664e-07   1.613617e-04   1.750724e-09   5700
  3.500421e-01   9.994880e-08   1.496407e-04   1.797620e-09   5232
  3.506271e-01   1.092085e-07   1.660392e-04   1.906995e-09   4932
  3.511454e-01   1.047130e-07   1.429163e-04   1.950714e-09   4716
  3.516899e-01   1.130105e-07   1.820446e-04   2.012572e-09   5616
  3.522502e-01   1.018880e-07   1.607721e-04   1.812710e-09   5184
  3.528281e-01   1.036412e-07   1.621796e-04   1.850324e-09   5064
  3.533731e-01   1.047343e-07   1.660641e-04   1.753156e-09   5544
  3.539775e-01   1.028910e-07   1.667003e-04   1.795374e-09   5192
  3.545275e-01   1.048485e-07   1.498062e-04   1.825389e-09   5244
  3.551058e-01   1.051952e-07   1.620920e-04   1.834709e-09   5112
  3.556806e-01   1.089479e-07   1.487512e-04   1.994213e-09   5040
  3.562082e-01   1.110018e-07   1.563845e-04   1.906949e-09   5124
  3.568243e-01   1.061641e-07   1.755627e-04   1.732539e-09   5952
  3.573930e-01   1.117485e-07   1.538286e-04   1.932063e-09   4824
  3.579086e-01   1.075361e-07   1.552707e-04   1.933234e-09   4536
  3.585054e-01   1.071355e-07   1.650386e-04   1.709404e-09   5712
  3.591184e-01   1.090886e-07   1.805972e-04   1.853065e-09   5352
  3.596964e-01   1.147238e-07   1.573068e-04   1.918473e-09   5004
  3.602129e-01   1.161182e-07   1.573497e-04   2.049268e-09   4800
  3.607679e-01   1.101062e-07   1.690936e-04   1.828589e-09   5148
  3.613828e-01   1.092872e-07   1.756257e-04   1.733777e-09   5664
  3.619384e-01   1.108294e-07   1.577373e-04   1.940180e-09   4692
  3.624518e-01   1.110869e-07   1.465399e-04   2.104605e-09   4008
  3.630504e-01   1.176053e-07   1.679664e-04   1.860457e-09   5852
  3.636591e-01   1.086685e-07   1.590485e-04   1.696712e-09   5784
  3.641997e-01   1.187643e-07   1.466150e-04   2.181926e-09   4392
  3.647562e-01   1.157200e-07   1.438153e-04   1.945275e-09   4944
  3.653403e-01   1.108100e-07   1.695559e-04   1.877152e-09   4776
  3.658912e-01   1.109165e-07   1.631220e-04   1.803200e-09   5244
  3.664891e-01   1.136886e-07   1.628342e-04   1.830590e-09   4884
  3.669908e-01   1.164877e-07   1.380961e-04   2.070438e-09   4488
  3.675742e-01   1.200699e-07   1.640946e-04   1.927149e-09   5160
  3.681616e-01   1.146577e-07   1.670712e-04   1.864270e-09   5316
  3.687275e-01   1.234071e-07   1.689207e-04   2.121520e-09   4896
  3.692791e-01   1.180493e-07   1.569568e-04   2.212906e-09   4188
  3.698350e-01   1.162460e-07   1.711974e-04   1.889080e-09   4836
  3.704026e-01   1.189712e-07   1.698293e-04   1.880649e-09   5316
  3.709776e-01   1.215378e-07   1.571977e-04   1.962259e-09   4920
  3.715153e-01   1.260169e-07   1.583648e-04   2.359286e-09   4128
  3.720923e-01   1.249581e-07   1.703637e-04   1.999924e-09   5348
  3.726601e-01   1.203898e-07   1.478245e-04   1.988177e-09   4836
  3.732022e-01   1.213125e-07   1.592857e-04   2.136651e-09   4392
  3.737862e-01   1.245218e-07   1.399454e-04   2.123501e-09   4632
  3.743119e-01   1.281450e-07   1.563668e-04   2.268615e-09   4596
  3.749157e-01   1.216410e-07   1.572484e-04   1.901067e-09   5424
  3.755130e-01   1.206363e-07   1.618589e-04   1.861197e-09   5256
  3.761284e-01   1.228444e-07   1.643870e-04   2.124328e-09   4524
  3.766409e-01   1.264367e-07   1.563645e-04   2.251282e-09   4440
  3.772149e-01   1.244203e-07   1.337118e-04   2.071399e-09   4380
  3.777766e-01   1.258978e-07   1.749848e-04   2.086781e-09   4812
  3.783745e-01   1.274760e-07   1.738013e-04   2.035448e-09   5376
  3.789211e-01   1.263733e-07   1.388208e-04   2.257981e-09   3888
  3.794450e-01   1.306771e-07   1.589658e-04   2.092470e-09   4896
  3.800294e-01   1.297395e-07   1.677350e-04   2.138613e-09   4608
  3.806430e-01   1.305645e-07   1.583315e-04   2.212552e-09   4448
  3.811771e-01   1.264802e-07   1.634413e-04   2.046633e-09   4752
  3.817399e-01   1.335535e-07   1.711946e-04   2.301770e-09   4356
  3.823317e-01   1.335864e-07   1.647429e-04   2.146083e-09   5232
  3.829201e-01   1.268014e-07   1.660196e-04   2.216407e-09   4548
  3.834906e-01   1.299349e-07   1.613920e-04   2.097905e-09   4608
  3.840476e-01   1.352464e-07   1.466116e-04   2.529080e-09   3936
  3.845734e-01   1.332602e-07   1.752435e-04   2.354149e-09   4260
  3.851642e-01   1.321154e-07   1.571084e-04   2.115926e-09   5004
  3.857044e-01   1.395947e-07   1.552496e-04   2.528425e-09   4224
  3.862967e-01   1.376131e-07   1.677313e-04   2.290831e-09   4788
  3.868721e-01   1.389649e-07   1.763982e-04   2.446171e-09   4428
  3.874327e-01   1.361815e-07   1.474044e-04   2.467808e-09   4080
  3.879723e-01   1.428761e-07   1.611733e-04   2.288173e-09   4632
  3.885405e-01   1.329834e-07   1.676080e-04   2.408053e-09   4056
  3.891378e-01   1.391658e-07   1.578058e-04   2.473111e-09   4536
  3.896834e-01   1.406087e-07   1.609515e-04   2.409796e-09   4668
  3.902810e-01   1.386599e-07   1.725113e-04   2.375432e-09   4604
  3.908631e-01   1.379525e-07   1.550031e-04   2.430328e-09   4152
  3.914002e-01   1.403274e-07   1.502226e-04   2.453213e-09   4224
  3.919696e-01   1.401241e-07   1.444278e-04   2.500962e-09   4152
  3.925385e-01   1.479441e-07   1.638287e-04   2.641691e-09   4224
  3.930915e-01   1.509912e-07   1.515084e-04   2.811131e-09   3960
  3.936242e-01   1.422639e-07   1.563472e-04   2.427660e-09   4656
  3.942062e-01   1.417126e-07   1.686954e-04   2.425491e-09   4452
  3.948029e-01   1.412770e-07   1.715067e-04   2.557936e-09   4056
  3.953582e-01   1.440977e-07   1.699423e-04   2.496022e-09   4212
  3.959207e-01   1.476192e-07   1.412292e-04   2.895855e-09   3432
  3.964907e-01   1.502570e-07   1.806733e-04   2.371575e-09   5352
  3.970478e-01   1.514688e-07   1.323216e-04   2.913012e-09   3600
  3.976543e-01   1.456751e-07   1.459531e-04   2.498668e-09   4584
  3.981839e-01   1.504050e-07   1.455233e-04   2.797527e-09   3768
  3.987293e-01   1.495080e-07   1.553483e-04   2.935296e-09   3848
  3.992738e-01   1.460010e-07   1.424367e-04   2.808817e-09   3720
  3.998912e-01   1.452530e-07   1.787791e-04   2.417802e-09   4764
  4.004363e-01   1.563969e-07   1.439668e-04   2.903938e-09   3864
  4.009960e-01   1.601101e-07   1.783203e-04   2.813933e-09   4332
  4.016066e-01   1.537832e-07   1.522426e-04   2.909720e-09   3792
  4.021521e-01   1.447893e-07   1.726883e-04   2.520526e-09   4284
  4.027303e-01   1.448559e-07   1.635167e-04   2.819444e-09   3840
  4.032775e-01   1.445040e-07   1.556465e-04   2.927557e-09   3480
  4.038331e-01   1.500616e-07   1.736716e-04   2.617683e-09   4380
  4.044338e-01   1.508109e-07   1.631340e-04   2.720314e-09   4200
  4.050241e-01   1.628992e-07   1.568016e-04   2.891414e-09   4056
  4.055722e-01   1.542096e-07   1.575920e-04   3.065421e-09   3600
  4.060858e-01   1.546851e-07   1.570156e-04   3.059492e-09   3492
  4.066858e-01   1.508631e-07   1.833588e-04   2.642237e-09   4500
  4.072980e-01   1.634392e-07   1.606471e-04   3.147051e-09   3516
  4.078242e-01   1.708004e-07   1.679416e-04   3.341138e-09   3968
  4.084139e-01   1.602984e-07   1.614064e-04   3.140869e-09   3648
  4.089359e-01   1.581737e-07   1.543491e-04   3.117113e-09   4224
  4.095277e-01   1.503931e-07   1.732430e-04   3.036984e-09   3588
  4.100829e-01   1.586784e-07   1.597964e-04   3.129069e-09   3456
  4.106417e-01   1.517505e-07   1.419190e-04   2.891818e-09   3660
  4.112191e-01   1.641624e-07   1.557727e-04   3.233276e-09   3768
  4.117572e-01   1.650776e-07   1.575321e-04   3.186195e-09   3744
  4.123352e-01   1.627743e-07   1.729174e-04   2.962537e-09   4176
  4.129500e-01   1.654732e-07   1.594973e-04   3.328355e-09   3612
  4.134582e-01   1.677596e-07   1.733296e-04   3.481318e-09   3216
  4.140398e-01   1.621925e-07   1.675802e-04   3.318127e-09   3624
  4.146245e-01   1.644245e-07   1.575805e-04   3.231353e-09   3744
  4.151896e-01   1.696969e-07   1.681371e-04   3.415572e-09   3672
  4.157472e-01   1.687907e-07   1.524712e-04   3.257565e-09   3852
  4.163229e-01   1.720338e-07   1.569280e-04   3.257557e-09   3672
  4.169353e-01   1.723733e-07   1.529003e-04   4.003440e-09   3248
  4.174468e-01   1.582193e-07   1.565043e-04   3.331762e-09   3336
  4.180050e-01   1.562053e-07   1.593074e-04   3.168593e-09   3576
  4.185759e-01   1.686822e-07   1.352376e-04   3.444869e-09   3336
  4.191575e-01   1.712654e-07   1.606386e-04   3.301706e-09   3936
  4.197313e-01   1.800812e-07   1.710846e-04   3.680247e-09   3408
  4.203005e-01   1.779428e-07   1.507283e-04   3.894650e-09   3336
  4.208535e-01   1.477523e-07   1.693024e-04   3.185340e-09   3312
  4.214063e-01   1.679560e-07   1.714205e-04   3.563062e-09   3432
  4.219951e-01   1.774540e-07   1.486147e-04   3.900569e-09   3144
  4.225323e-01   1.727042e-07   1.613361e-04   3.664160e-09   3456
  4.231369e-01   1.726262e-07   1.550625e-04   3.468334e-09   3792
  4.236830e-01   1.836634e-07   1.523149e-04   4.238206e-09   2868
  4.242730e-01   1.668141e-07   1.577976e-04   3.155630e-09   3888
  4.248243e-01   1.633497e-07   1.370175e-04   3.781011e-09   2784
  4.253671e-01   1.715458e-07   1.564778e-04   4.260931e-09   2964
  4.259600e-01   1.751832e-07   1.611415e-04   3.797661e-09   3432
  4.265245e-01   1.760399e-07   1.667976e-04   3.771042e-09   3416
  4.270956e-01   1.727874e-07   1.782921e-04   3.669419e-09   3528
  4.276801e-01   1.892270e-07   1.430921e-04   4.388649e-09   2904
  4.281972e-01   1.672522e-07   1.604482e-04   3.808515e-09   3072
  4.287986e-01   1.705829e-07   1.802017e-04   3.801124e-09   3216
  4.293997e-01   1.685895e-07   1.459442e-04   4.094183e-09   2844
  4.299275e-01   1.711293e-07   1.670064e-04   3.771738e-09   3432
  4.304693e-01   1.890558e-07   1.342337e-04   4.563140e-09   2880
  4.310745e-01   1.726257e-07   1.778117e-04   3.780709e-09   3576
  4.316447e-01   1.848926e-07   1.589387e-04   4.720754e-09   2700
  4.321907e-01   1.736040e-07   1.785276e-04   3.841912e-09   3000
  4.327624e-01   1.675902e-07   1.482311e-04   4.094532e-09   2556
  4.333176e-01   1.831292e-07   1.588743e-04   4.117763e-09   3360
  4.338915e-01   1.828828e-07   1.543716e-04   4.035945e-09   3120
  4.345100e-01   1.831251e-07   1.817443e-04   4.357621e-09   3216
  4.350424e-01   1.968682e-07   1.281793e-04   4.990374e-09   2628
  4.356409e-01   1.782656e-07   1.694346e-04   4.348265e-09   3200
  4.361869e-01   1.680465e-07   1.598452e-04   4.586132e-09   2232
  4.367383e-01   1.680927e-07   1.824583e-04   4.169243e-09   3108
  4.372873e-01   1.972578e-07   1.602791e-04   5.291892e-09   2604
  4.378490e-01   1.923501e-07   1.726660e-04   4.530937e-09   3096
  4.384670e-01   1.836000e-07   1.573214e-04   4.212130e-09   3084
  4.390031e-01   1.766159e-07   1.605440e-04   4.427837e-09   2664
  4.395558e-01   1.845537e-07   1.415746e-04   5.135125e-09   2232
  4.400972e-01   1.643976e-07   1.743986e-04   3.991870e-09   2808
  4.406901e-01   1.838030e-07   1.647464e-04   5.010690e-09   2592
  4.412437e-01   2.034270e-07   1.691320e-04   5.117351e-09   2952
  4.418253e-01   1.796494e-07   1.596814e-04   4.723927e-09   2772
  4.423908e-01   1.820110e-07   1.717273e-04   4.470773e-09   3036
  4.429825e-01   1.718341e-07   1.665763e-04   5.088478e-09   2136
  4.435219e-01   1.750118e-07   1.328450e-04   4.827768e-09   2496
  4.440758e-01   2.013754e-07   1.769396e-04   5.773107e-09   2228
  4.446535e-01   2.029276e-07   1.649644e-04   5.433920e-09   3048
  4.452284e-01   1.865350e-07   1.575789e-04   5.139906e-09   2676
  4.457996e-01   1.757990e-07   1.569833e-04   4.362462e-09   2784
  4.463457e-01   1.820164e-07   1.525096e-04   5.435878e-09   1920
  4.468933e-01   1.744735e-07   1.627647e-04   4.682113e-09   2400
  4.474867e-01   1.692571e-07   1.492888e-04   4.397379e-09   2532
  4.481003e-01   1.887978e-07   1.658241e-04   5.266045e-09   2544
  4.486524e-01   2.051663e-07   1.734745e-04   5.351826e-09   2772
  4.491963e-01   1.739326e-07   1.624870e-04   5.596542e-09   2160
  4.497365e-01   1.896140e-07   1.750140e-04   5.420312e-09   2304
  4.503614e-01   1.790356e-07   1.712602e-04   5.431517e-09   2328
  4.509217e-01   1.613446e-07   1.642024e-04   4.572691e-09   2304
  4.514407e-01   1.622162e-07   1.552761e-04   4.947339e-09   1908
  4.520310e-01   2.071525e-07   1.736664e-04   6.129752e-09   2736
  4.525996e-01   1.935674e-07   1.645488e-04   5.880039e-09   2448
  4.532044e-01   2.023176e-07   1.538442e-04   6.079427e-09   2040
  4.537516e-01   1.581806e-07   1.601832e-04   5.298923e-09   2120
  4.542777e-01   1.903995e-07   1.328081e-04   5.667514e-09   2040
  4.548442e-01   1.628495e-07   1.647723e-04   5.453060e-09   2208
  4.554851e-01   2.041735e-07   1.479406e-04   6.448978e-09   2208
  4.560042e-01   2.305008e-07   1.639464e-04   6.886051e-09   2196
  4.565408e-01   1.552840e-07   1.442177e-04   4.964595e-09   1848
  4.570867e-01   1.847965e-07   1.635620e-04   6.067391e-09   2124
  4.576973e-01   1.766084e-07   1.715730e-04   5.541804e-09   2328
  4.582936e-01   1.715715e-07   1.746762e-04   5.811141e-09   1920
  4.588733e-01   1.693033e-07   1.603508e-04   6.019107e-09   1548
  4.593889e-01   2.075399e-07   1.758998e-04   6.200373e-09   2388
  4.599970e-01   1.682871e-07   1.627745e-04   5.838656e-09   2160
  4.605540e-01   1.773009e-07   1.481557e-04   6.756019e-09   1704
  4.610876e-01   1.720836e-07   1.669105e-04   6.465359e-09   1776
  4.615924e-01   1.701614e-07   1.561237e-04   6.001205e-09   1800
  4.622306e-01   1.533224e-07   1.802304e-04   5.515318e-09   1700
  4.628269e-01   2.042065e-07   1.622759e-04   6.998970e-09   2292
  4.633821e-01   1.803733e-07   1.506402e-04   6.867424e-09   1704
  4.639060e-01   1.796777e-07   1.684410e-04   6.784955e-09   1728
  4.644798e-01   1.629972e-07   1.558959e-04   6.218944e-09   1728
  4.650421e-01   1.976722e-07   1.557493e-04   7.494038e-09   1680
  4.656402e-01   1.380989e-07   1.794278e-04   5.039670e-09   1704
  4.662361e-01   1.563500e-07   1.409046e-04   5.342584e-09   1752
  4.667689e-01   1.846734e-07   1.675087e-04   6.992706e-09   1872
  4.673454e-01   1.806341e-07   1.641770e-04   7.349632e-09   1500
  4.679301e-01   1.631961e-07   1.437610e-04   6.228074e-09   1656
  4.684980e-01   1.838413e-07   1.541391e-04   6.926527e-09   1464
  4.690026e-01   1.345179e-07   1.350104e-04   6.233238e-09   1488
  4.696217e-01   1.501249e-07   1.629475e-04   5.452435e-09   1680
  4.701874e-01   1.650532e-07   1.702393e-04   6.283696e-09   1692
  4.707168e-01   1.608012e-07   1.630128e-04   7.180359e-09   1128
  4.713043e-01   1.667550e-07   1.569672e-04   6.714452e-09   1536
  4.718774e-01   1.423779e-07   1.636225e-04   6.441774e-09   1616
  4.724576e-01   1.433700e-07   1.577834e-04   6.071360e-09   1476
  4.730425e-01   1.381185e-07   1.736445e-04   6.981185e-09   1176
  4.735644e-01   1.494679e-07   1.865625e-04   5.406191e-09   1656
  4.741330e-01   1.575624e-07   1.638779e-04   8.780253e-09   891
  4.747190e-01   1.353384e-07   1.746953e-04   4.964606e-09   1596
  4.752901e-01   1.326859e-07   1.523389e-04   5.901830e-09   1422
  4.758532e-01   1.324499e-07   1.460828e-04   5.736126e-09   1254
  4.763831e-01   1.161948e-07   1.492402e-04   5.131967e-09   918
  4.769506e-01   1.438766e-07   1.633344e-04   5.143798e-09   1614
  4.775224e-01   1.142525e-07   1.410905e-04   6.379612e-09   798
  4.780909e-01   1.126767e-07   1.808612e-04   4.468106e-09   1458
  4.786673e-01   1.272561e-07   1.656085e-04   4.825706e-09   1374
  4.792371e-01   1.053092e-07   1.414407e-04   5.057817e-09   984
  4.798022e-01   1.178772e-07   1.946028e-04   4.806777e-09   1062
  4.803779e-01   1.335192e-07   1.649626e-04   5.752505e-09   1246
  4.809370e-01   9.462270e-08   1.529611e-04   4.543496e-09   1072
  4.815342e-01   1.003311e-07   1.656471e-04   5.008761e-09   1110
  4.820861e-01   1.208734e-07   1.794545e-04   4.615760e-09   1254
  4.826662e-01   1.047871e-07   1.703118e-04   5.311926e-09   1032
  4.832983e-01   1.168772e-07   1.577927e-04   6.692028e-09   786
  4.837790e-01   1.166891e-07   1.617716e-04   4.807533e-09   1152
  4.843419e-01   9.672017e-08   1.763149e-04   4.242081e-09   1086
  4.849284e-01   7.602491e-08   1.590754e-04   3.029148e-09   912
  4.854704e-01   1.442195e-07   1.594583e-04   6.441463e-09   1062
  4.860237e-01   9.305766e-08   1.589414e-04   3.765276e-09   912
  4.866630e-01   7.910334e-08   1.774308e-04   3.892349e-09   750
  4.871613e-01   1.168365e-07   1.709558e-04   4.925509e-09   1200
  4.877379e-01   9.418640e-08   1.548140e-04   5.061664e-09   918
  4.883112e-01   8.139749e-08   1.606917e-04   3.656959e-09   876
  4.888937e-01   1.164244e-07   1.404123e-04   5.207571e-09   870
  4.894038e-01   1.018395e-07   1.637686e-04   4.748319e-09   768
  4.900017e-01   6.843624e-08   1.501026e-04   3.073563e-09   830
  4.905555e-01   9.660531e-08   1.554112e-04   4.380501e-09   1080
  4.911289e-01   9.106176e-08   1.748580e-04   4.255559e-09   840
  4.917070e-01   7.213039e-08   1.683690e-04   3.224675e-09   798
  4.923626e-01   1.191990e-07   1.336371e-04   6.162831e-09   792
  4.928710e-01   7.853846e-08   1.558641e-04   3.853628e-09   726
  4.934044e-01   6.461930e-08   1.746545e-04   2.309991e-09   864
  4.939887e-01   8.331899e-08   1.495002e-04   4.376622e-09   900
  4.945811e-01   6.769204e-08   1.661491e-04   2.834208e-09   726
  4.950893e-01   7.313591e-08   1.437949e-04   3.375683e-09   576
  4.957673e-01   8.147004e-08   1.496441e-04   4.016779e-09   840
  4.962443e-01   7.136182e-08   1.553400e-04   3.734615e-09   750
  4.968094e-01   6.561126e-08   1.558117e-04   3.076368e-09   720
  4.973425e-01   8.338552e-08   1.576271e-04   4.408501e-09   702
  4.979649e-01   7.472005e-08   1.721500e-04   3.534043e-09   696
  4.984773e-01   7.581040e-08   1.539558e-04   4.470785e-09   480
  4.990810e-01   7.365964e-08   1.458795e-04   3.528683e-09   830
  4.996155e-01   7.010021e-08   1.697052e-04   3.191376e-09   756
  5.002144e-01   7.187065e-08   1.629468e-04   3.740252e-09   624
  5.007430e-01   6.476219e-08   1.721761e-04   3.431504e-09   582
  5.013680e-01   7.948487e-08   1.321491e-04   4.712243e-09   576
  5.019085e-01   6.115310e-08   1.769908e-04   2.938040e-09   624
  5.024627e-01   6.962903e-08   1.445483e-04   3.506644e-09   702
  5.030113e-01   6.360497e-08   1.662692e-04   3.086315e-09   624
  5.036628e-01   7.035579e-08   1.608543e-04   3.467821e-09   672
  5.041935e-01   5.235645e-08   1.204145e-04   3.285554e-09   342
  5.047765e-01   6.776714e-08   1.505340e-04   4.024551e-09   660
  5.053124e-01   5.158896e-08   1.547425e-04   3.346825e-09   576
  5.058658e-01   5.752545e-08   1.504409e-04   3.494917e-09   600
  5.064252e-01   5.285333e-08   1.740055e-04   3.127357e-09   510
  5.070545e-01   6.400914e-08   1.630171e-04   3.282956e-09   600
  5.075398e-01   4.867372e-08   1.298369e-04   3.426507e-09   216
  5.081050e-01   5.369974e-08   1.580340e-04   2.567622e-09   758
  5.087638e-01   4.747039e-08   1.730137e-04   2.704363e-09   576
  5.093413e-01   5.849917e-08   1.468839e-04   3.022191e-09   528
  5.098623e-01   5.279738e-08   1.011506e-04   4.018487e-09   318
  5.104221e-01   6.279219e-08   1.747386e-04   3.194457e-09   540
  5.110841e-01   3.060539e-08   1.235375e-04   1.911012e-09   384
  5.115326e-01   5.457847e-08   1.706859e-04   3.096511e-09   576
  5.121165e-01   4.027852e-08   1.394820e-04   2.258466e-09   414
  5.126686e-01   5.552389e-08   1.557558e-04   3.186270e-09   504
  5.132583e-01   5.425182e-08   1.709836e-04   2.953334e-09   312
  5.138247e-01   4.995597e-08   1.549132e-04   3.523363e-09   414
  5.143867e-01   3.691140e-08   1.431149e-04   2.115687e-09   432
  5.149097e-01   4.335768e-08   1.895352e-04   2.468924e-09   504
  5.155151e-01   4.893078e-08   1.825437e-04   2.838917e-09   432
  5.160817e-01   4.359194e-08   1.495307e-04   2.511098e-09   354
  5.166590e-01   4.910370e-08   2.175853e-04   3.828856e-09   200
  5.171542e-01   3.678175e-08   1.543838e-04   2.245357e-09   480
  5.178232e-01   3.874814e-08   1.764173e-04   2.131941e-09   552
  5.184369e-01   3.880683e-08   1.098939e-04   2.705578e-09   366
  5.189099e-01   4.729719e-08   1.169876e-04   4.688610e-09   240
  5.194305e-01   4.701527e-08   1.635534e-04   2.706222e-09   288
  5.201631e-01   3.716437e-08   1.124034e-04   2.457887e-09   366
  5.206367e-01   2.971660e-08   1.822415e-04   1.705117e-09   408
  5.211654e-01   3.388668e-08   1.369985e-04   2.516291e-09   360
  5.217123e-01   3.753893e-08   1.277056e-04   2.340796e-09   324
  5.222429e-01   3.951836e-08   1.508243e-04   3.287359e-09   174
  5.228747e-01   3.536952e-08   1.732760e-04   2.576821e-09   264
  5.234678e-01   3.065435e-08   1.580362e-04   2.006795e-09   456
  5.240593e-01   3.180564e-08   1.589115e-04   2.067287e-09   360
  5.245456e-01   3.062660e-08   1.750563e-04   2.436846e-09   270
  5.251411e-01   3.842899e-08   1.914596e-04   3.072931e-09   240
  5.258871e-01   5.038509e-08   1.395223e-04   4.252817e-09   120
  5.262539e-01   1.708689e-08   1.456565e-04   1.103765e-09   320
  5.268459e-01   2.924920e-08   1.802249e-04   1.483089e-09   462
  5.274659e-01   2.969210e-08   1.048561e-04   1.900265e-09   276
  5.280046e-01   3.348182e-08   1.189577e-04   2.968014e-09   144
  5.285236e-01   4.277953e-08   1.249287e-04   4.529648e-09   120
  5.292134e-01   2.008418e-08   9.460393e-05   1.147068e-09   294
  5.297347e-01   2.548848e-08   1.678324e-04   1.637627e-09   384
  5.302211e-01   2.227616e-08   1.111040e-04   1.498448e-09   216
  5.306867e-01   3.614121e-08   1.031788e-04   3.038524e-09   168
  5.312126e-01   2.964716e-08   1.227663e-04   3.038900e-09   102
  5.319729e-01   2.281049e-08   1.862607e-04   1.971932e-09   168
  5.325060e-01   2.212420e-08   1.630229e-04   1.316757e-09   384
  5.330904e-01   2.545961e-08   1.656354e-04   2.137419e-09   300
  5.336342e-01   2.733211e-08   1.773596e-04   2.012888e-09   144
  5.342473e-01   2.950809e-08   1.816413e-04   3.096780e-09   102
  5.349830e-01   3.217140e-08   4.299852e-05   4.448879e-09   56
  5.353355e-01   1.491731e-08   1.399920e-04   9.848923e-10   288
  5.358882e-01   1.846112e-08   1.821816e-04   9.018235e-10   360
  5.364901e-01   1.864731e-08   9.772800e-05   1.463755e-09   126
  5.369973e-01   1.879364e-08   4.813213e-05   2.220536e-09   72
  5.375501e-01   3.099499e-08   2.550048e-05   3.739544e-09   48
  5.382712e-01   1.317581e-08   1.031615e-04   1.038997e-09   240
  5.387452e-01   1.903087e-08   1.530646e-04   1.116094e-09   306
  5.392305e-01   2.147119e-08   8.506982e-05   2.075832e-09   120
  5.397894e-01   2.870539e-08   2.093683e-04   3.375696e-09   96
  5.401956e-01   3.440951e-08   0.000000e+00   4.236909e-09   24
  5.411083e-01   1.141402e-08   1.813076e-04   1.269348e-09   120
  5.415555e-01   1.310524e-08   1.567978e-04   8.080041e-10   318
  5.421026e-01   1.999638e-08   1.675598e-04   1.334162e-09   168
  5.427020e-01   2.617369e-08   1.798104e-04   2.543077e-09   72
  5.433583e-01   1.802024e-08   0.000000e+00   2.588308e-09   24
  5.440642e-01   1.783483e-08   8.728061e-05   5.023339e-09   14
  5.444000e-01   1.001427e-08   1.376610e-04   5.995866e-10   288
  5.449216e-01   1.357838e-08   1.656137e-04   1.132647e-09   204
  5.455236e-01   2.329199e-08   2.512776e-05   3.197136e-09   48
  5.460008e-01   4.072101e-08   0.000000e+00   8.308169e-09   24
  5.465529e-01   1.982422e-08   0.000000e+00   4.178356e-09   6
  5.473465e-01   8.227293e-09   1.029228e-04   6.388769e-10   216
  5.477554e-01   1.306060e-08   1.370649e-04   9.911075e-10   192
  5.482557e-01   1.096097e-08   2.500254e-05   2.019193e-09   48
  5.487804e-01   2.758282e-08   1.997745e-04   3.816954e-09   30
  5.502647e-01   8.608006e-09   4.131141e-05   8.814903e-10   96
  5.505694e-01   8.445217e-09   1.353667e-04   5.324994e-10   228
  5.511483e-01   1.655792e-08   1.770164e-04   2.146343e-09   72
  5.518443e-01   1.763254e-08   5.994218e-09   6.899784e-09   6
  5.534294e-01   8.421179e-09   1.336570e-04   5.516007e-10   248
  5.539351e-01   9.795976e-09   1.529774e-04   1.161592e-09   72
  5.545452e-01   1.079566e-08   0.000000e+00   3.186766e-09   6
  5.563895e-01   5.684321e-09   9.497849e-05   4.375313e-10   180
  5.567573e-01   9.392284e-09   1.292332e-04   9.781958e-10   72
  5.572823e-01   5.605789e-09   0.000000e+00   1.848400e-09   6
  5.593324e-01   4.917534e-09   4.064166e-05   5.670903e-10   96
  5.595774e-01   5.868731e-09   1.115784e-04   5.933780e-10   96
  5.600549e-01   2.967768e-08   0.000000e+00   1.625362e-09   6
  5.624240e-01   4.096348e-09   1.067891e-04   3.359765e-10   140
  5.628626e-01   5.653102e-09   5.994218e-09   9.573237e-10   6
  5.654018e-01   3.926475e-09   7.171370e-05   4.917250e-10   96
  5.657048e-01   6.555675e-09   1.038229e-08   1.584473e-09   6
  5.683881e-01   2.991086e-09   4.314170e-05   3.824138e-10   60
  5.685810e-01   3.323336e-09   0.000000e+00   1.092313e-09   6
  5.713998e-01   1.385532e-09   4.373678e-05   2.196193e-10   38
  5.744016e-01   1.172221e-09   2.249931e-05   3.109706e-10   18
  5.774086e-01   2.728276e-10   0.000000e+00   1.040930e-10   6
