# power spectrum of delta
# redshift z=100.000000
# k              Pk             sigma(k)       sigma(Pk)      count
  2.094395e-02   1.171979e-06   0.000000e+00   5.097797e-07   6
  2.961922e-02   1.824076e-06   0.000000e+00   3.932339e-07   12
  3.868109e-02   6.082449e-06   2.777178e-03   1.403356e-06   14
  4.906705e-02   1.481637e-05   2.234947e-03   2.598224e-06   48
  6.180516e-02   1.692710e-05   1.623339e-03   3.218576e-06   42
  6.784691e-02   2.779948e-05   1.616319e-03   4.999477e-06   48
  7.692860e-02   3.667969e-05   1.937395e-03   3.760046e-06   80
  8.718365e-02   4.444614e-05   1.504043e-03   4.399277e-06   90
  9.502942e-02   5.018900e-05   2.362446e-03   4.715386e-06   120
  1.055018e-01   4.741381e-05   1.642772e-03   4.105172e-06   126
  1.125621e-01   5.892145e-05   2.103032e-03   5.466614e-06   152
  1.224522e-01   6.494768e-05   2.106306e-03   5.043887e-06   186
  1.322792e-01   8.793177e-05   2.880350e-03   5.595880e-06   264
  1.402645e-01   9.533021e-05   1.552849e-03   8.977698e-06   168
  1.504531e-01   9.971073e-05   2.777677e-03   6.376919e-06   386
  1.589790e-01   1.075237e-04   1.681610e-03   7.387550e-06   192
  1.673677e-01   1.097470e-04   2.757370e-03   6.299245e-06   390
  1.767919e-01   1.113760e-04   2.886801e-03   5.922932e-06   396
  1.856457e-01   1.202514e-04   2.865082e-03   6.653028e-06   398
  1.953788e-01   1.317970e-04   2.802336e-03   5.911195e-06   576
  2.049570e-01   1.373392e-04   2.845957e-03   6.837204e-06   444
  2.130871e-01   1.461135e-04   2.422204e-03   6.872555e-06   558
  2.226292e-01   1.400500e-04   2.954563e-03   5.492202e-06   680
  2.321796e-01   1.825935e-04   2.491741e-03   7.519867e-06   654
  2.404468e-01   1.639593e-04   2.065522e-03   7.310796e-06   636
  2.496467e-01   1.682410e-04   3.083997e-03   6.533168e-06   822
  2.583147e-01   1.792582e-04   2.275826e-03   7.036047e-06   800
  2.672255e-01   1.965014e-04   2.283601e-03   7.133410e-06   804
  2.763056e-01   1.992893e-04   2.832087e-03   6.921213e-06   1038
  2.850967e-01   1.956419e-04   2.218481e-03   7.697612e-06   936
  2.946252e-01   2.096979e-04   2.564191e-03   6.819511e-06   1130
  3.032614e-01   2.183146e-04   2.410173e-03   7.099892e-06   1104
  3.127416e-01   2.297834e-04   2.672044e-03   7.217583e-06   1230
  3.214109e-01   2.286451e-04   2.704505e-03   7.223971e-06   1260
  3.302183e-01   2.490449e-04   2.349567e-03   8.014401e-06   1286
  3.401793e-01   2.408305e-04   2.876548e-03   6.206201e-06   1728
  3.496184e-01   2.637618e-04   2.517852e-03   7.741049e-06   1392
  3.585894e-01   2.535214e-04   2.407707e-03   6.667577e-06   1626
  3.677848e-01   2.677451e-04   2.784075e-03   6.881254e-06   1760
  3.770171e-01   2.755824e-04   2.317965e-03   7.416336e-06   1686
  3.857207e-01   2.808040e-04   2.416233e-03   7.115973e-06   1812
  3.945038e-01   2.810002e-04   2.631163e-03   7.247540e-06   1814
  4.036136e-01   2.776548e-04   2.549800e-03   6.459741e-06   2208
  4.128668e-01   3.006170e-04   2.448233e-03   7.355359e-06   1956
  4.220737e-01   3.087927e-04   2.742361e-03   6.836224e-06   2454
  4.309905e-01   3.117484e-04   2.154837e-03   7.791810e-06   2016
  4.400164e-01   3.275871e-04   2.833796e-03   7.037925e-06   2570
  4.489761e-01   3.120537e-04   2.449724e-03   7.210493e-06   2400
  4.579732e-01   3.370682e-04   2.777025e-03   7.138798e-06   2526
  4.669228e-01   3.439488e-04   2.788960e-03   6.856511e-06   2840
  4.762850e-01   3.401319e-04   2.636426e-03   6.601570e-06   2820
  4.855596e-01   3.380734e-04   2.667455e-03   6.620327e-06   2958
  4.943592e-01   3.679983e-04   2.697379e-03   7.377995e-06   2976
  5.036360e-01   3.630599e-04   2.694805e-03   6.770445e-06   3186
  5.123308e-01   3.723478e-04   2.564074e-03   7.361803e-06   3128
  5.217595e-01   3.657142e-04   2.750103e-03   6.875239e-06   3606
  5.307477e-01   3.775976e-04   2.524230e-03   7.035671e-06   3276
  5.393449e-01   3.799316e-04   2.647758e-03   6.821929e-06   3480
  5.483732e-01   3.779575e-04   2.522984e-03   6.410326e-06   3758
  5.571857e-01   4.012663e-04   2.533176e-03   6.858823e-06   3744
  5.665680e-01   3.996479e-04   2.569935e-03   6.747463e-06   4170
  5.755366e-01   4.097756e-04   2.532209e-03   6.947516e-06   3984
  5.846714e-01   4.116810e-04   2.617488e-03   6.958957e-06   4334
  5.936850e-01   4.021126e-04   2.353116e-03   6.534495e-06   4284
  6.025869e-01   4.109296e-04   2.610955e-03   6.542632e-06   4374
  6.118923e-01   4.369087e-04   2.706118e-03   6.888741e-06   5016
  6.210589e-01   4.490905e-04   2.568331e-03   7.246131e-06   4580
  6.301968e-01   4.385922e-04   2.644472e-03   6.570388e-06   5142
  6.395176e-01   4.354234e-04   2.607295e-03   6.678254e-06   5184
  6.486422e-01   4.378861e-04   2.626109e-03   6.581301e-06   5058
  6.574127e-01   4.529910e-04   2.513257e-03   6.658931e-06   5384
  6.667906e-01   4.428954e-04   2.690577e-03   6.157338e-06   5622
  6.758355e-01   4.746692e-04   2.603246e-03   6.646676e-06   5736
  6.848552e-01   4.618919e-04   2.431567e-03   6.947266e-06   5612
  6.939052e-01   4.712350e-04   2.563445e-03   6.550222e-06   6054
  7.028676e-01   4.698566e-04   2.553357e-03   6.316474e-06   6096
  7.122343e-01   4.610293e-04   2.673822e-03   6.368434e-06   6474
  7.208978e-01   4.993265e-04   2.444873e-03   7.121728e-06   6024
  7.301641e-01   4.941319e-04   2.710426e-03   6.338286e-06   7070
  7.393442e-01   4.997584e-04   2.478572e-03   6.558774e-06   6516
  7.481502e-01   4.913548e-04   2.693277e-03   6.314160e-06   6936
  7.573180e-01   5.064447e-04   2.559848e-03   6.708045e-06   7070
  7.662095e-01   5.188041e-04   2.727785e-03   6.560698e-06   7284
  7.756428e-01   5.106229e-04   2.715985e-03   5.918772e-06   7878
  7.847534e-01   5.073421e-04   2.606474e-03   6.355662e-06   7344
  7.935470e-01   5.290295e-04   2.723207e-03   6.583729e-06   7646
  8.027406e-01   5.292187e-04   2.692036e-03   6.122881e-06   8460
  8.119983e-01   5.264724e-04   2.617585e-03   6.522940e-06   7920
  8.207707e-01   5.319782e-04   2.481287e-03   6.354576e-06   8118
  8.297018e-01   5.460571e-04   2.683090e-03   6.334055e-06   8548
  8.387851e-01   5.479899e-04   2.614123e-03   6.502699e-06   8710
  8.477939e-01   5.635503e-04   2.509805e-03   6.459846e-06   8928
  8.570409e-01   5.462678e-04   2.698398e-03   6.240276e-06   9186
  8.658974e-01   5.688508e-04   2.500244e-03   6.492452e-06   9168
  8.750432e-01   5.635237e-04   2.576054e-03   6.256818e-06   9470
  8.839757e-01   5.658090e-04   2.535144e-03   6.337535e-06   9564
  8.931367e-01   5.809676e-04   2.664179e-03   6.069838e-06   10296
  9.024506e-01   5.871655e-04   2.561889e-03   6.375786e-06   9974
  9.112416e-01   5.986982e-04   2.569401e-03   6.376010e-06   10176
  9.206532e-01   6.015125e-04   2.712540e-03   6.109836e-06   11082
  9.298334e-01   6.010737e-04   2.639504e-03   6.254029e-06   10632
  9.387954e-01   6.155726e-04   2.593128e-03   6.367139e-06   10718
  9.478587e-01   6.012508e-04   2.603600e-03   6.237553e-06   11292
  9.569228e-01   6.003410e-04   2.662062e-03   6.134769e-06   11352
  9.660690e-01   6.082041e-04   2.523804e-03   6.086697e-06   11550
  9.749608e-01   6.187920e-04   2.634845e-03   6.291748e-06   11564
  9.840713e-01   6.163550e-04   2.634715e-03   6.003006e-06   12246
  9.931485e-01   6.398316e-04   2.514950e-03   6.400648e-06   12096
  1.002267e+00   6.244814e-04   2.725096e-03   5.916399e-06   12582
  1.011279e+00   6.339608e-04   2.525031e-03   6.140248e-06   12612
  1.020511e+00   6.357003e-04   2.732389e-03   6.020739e-06   13328
  1.029543e+00   6.559773e-04   2.449601e-03   6.444375e-06   12654
  1.038395e+00   6.554255e-04   2.590079e-03   6.157503e-06   13236
  1.047335e+00   6.543628e-04   2.637657e-03   6.123227e-06   13270
  1.056426e+00   6.551271e-04   2.700022e-03   5.937215e-06   14512
  1.065887e+00   6.653948e-04   2.712718e-03   6.108892e-06   14226
  1.074779e+00   6.600938e-04   2.605781e-03   6.068083e-06   14088
  1.083750e+00   6.691499e-04   2.586224e-03   6.049673e-06   14208
  1.092785e+00   6.654488e-04   2.714488e-03   5.743104e-06   15074
  1.101977e+00   6.683489e-04   2.716681e-03   5.824078e-06   15480
  1.111168e+00   6.786378e-04   2.562515e-03   6.006185e-06   14862
  1.119859e+00   6.661170e-04   2.618287e-03   5.803143e-06   15232
  1.129004e+00   6.957246e-04   2.621016e-03   5.856587e-06   16018
  1.137982e+00   6.987551e-04   2.544506e-03   6.066651e-06   15720
  1.146941e+00   6.929536e-04   2.607353e-03   5.955358e-06   16296
  1.156174e+00   6.971911e-04   2.586030e-03   5.813201e-06   17010
  1.165140e+00   7.181166e-04   2.517460e-03   6.048017e-06   16328
  1.174159e+00   7.144177e-04   2.474042e-03   5.801315e-06   17094
  1.183207e+00   7.163384e-04   2.616355e-03   5.920979e-06   17436
  1.192356e+00   7.310368e-04   2.659662e-03   5.894571e-06   17862
  1.201542e+00   7.131678e-04   2.577927e-03   5.738882e-06   18200
  1.210794e+00   7.449834e-04   2.732778e-03   5.901907e-06   18450
  1.219848e+00   7.234386e-04   2.558883e-03   5.615555e-06   18384
  1.228882e+00   7.514226e-04   2.615657e-03   6.027693e-06   18504
  1.237903e+00   7.431726e-04   2.590030e-03   5.706054e-06   19142
  1.247107e+00   7.406903e-04   2.597132e-03   5.673270e-06   19692
  1.256211e+00   7.523627e-04   2.609895e-03   5.902397e-06   19062
  1.265118e+00   7.445497e-04   2.639165e-03   5.674572e-06   20184
  1.274331e+00   7.608287e-04   2.598383e-03   5.810461e-06   19970
  1.283308e+00   7.691244e-04   2.606487e-03   5.828581e-06   20496
  1.292559e+00   7.710059e-04   2.682488e-03   5.538127e-06   21456
  1.301555e+00   7.654855e-04   2.423565e-03   5.889593e-06   19650
  1.310389e+00   7.639274e-04   2.693172e-03   5.528164e-06   22040
  1.319704e+00   7.752700e-04   2.552538e-03   5.712685e-06   21558
  1.328683e+00   7.826101e-04   2.634225e-03   5.738682e-06   21804
  1.337687e+00   7.811720e-04   2.608069e-03   5.719118e-06   21846
  1.346675e+00   7.919563e-04   2.618043e-03   5.643942e-06   22496
  1.355709e+00   7.847072e-04   2.658471e-03   5.592996e-06   22776
  1.364986e+00   7.979117e-04   2.662928e-03   5.600072e-06   23874
  1.374096e+00   7.900576e-04   2.685178e-03   5.559669e-06   23120
  1.383158e+00   8.106839e-04   2.637399e-03   5.543666e-06   23958
  1.392249e+00   8.194738e-04   2.604504e-03   5.695343e-06   23892
  1.401152e+00   8.003010e-04   2.616572e-03   5.674919e-06   23550
  1.410144e+00   8.176171e-04   2.645954e-03   5.507771e-06   25296
  1.419277e+00   8.179352e-04   2.616231e-03   5.644752e-06   24452
  1.428207e+00   8.249183e-04   2.557108e-03   5.613317e-06   25254
  1.437348e+00   8.296844e-04   2.646238e-03   5.584130e-06   26016
  1.446362e+00   8.231717e-04   2.521626e-03   5.538380e-06   25182
  1.455460e+00   8.403779e-04   2.645274e-03   5.415398e-06   27428
  1.464690e+00   8.203684e-04   2.541215e-03   5.523714e-06   25974
  1.473571e+00   8.456376e-04   2.574302e-03   5.605099e-06   26904
  1.482587e+00   8.553289e-04   2.549834e-03   5.804632e-06   26730
  1.491614e+00   8.509349e-04   2.609626e-03   5.493624e-06   27896
  1.500874e+00   8.504211e-04   2.702939e-03   5.308617e-06   28992
  1.510231e+00   8.510556e-04   2.636041e-03   5.398675e-06   28698
  1.519158e+00   8.693922e-04   2.562400e-03   5.649127e-06   27776
  1.528286e+00   8.690958e-04   2.663844e-03   5.410938e-06   29814
  1.537426e+00   8.707469e-04   2.610208e-03   5.487179e-06   29148
  1.546349e+00   8.673336e-04   2.583722e-03   5.472702e-06   28806
  1.555350e+00   8.691598e-04   2.639269e-03   5.374753e-06   30408
  1.564434e+00   8.843825e-04   2.642450e-03   5.402833e-06   30320
  1.573589e+00   9.030549e-04   2.556960e-03   5.534922e-06   30930
  1.582742e+00   8.973458e-04   2.701595e-03   5.435032e-06   31656
  1.591701e+00   9.000433e-04   2.511847e-03   5.563521e-06   30038
  1.600699e+00   9.020658e-04   2.662684e-03   5.424513e-06   32772
  1.609756e+00   9.117891e-04   2.564567e-03   5.542875e-06   30846
  1.618749e+00   9.171210e-04   2.667759e-03   5.351622e-06   33480
  1.627956e+00   9.085348e-04   2.668502e-03   5.374793e-06   32804
  1.636946e+00   9.196728e-04   2.558046e-03   5.456072e-06   32814
  1.646044e+00   9.220544e-04   2.653196e-03   5.350260e-06   34200
  1.655171e+00   9.209146e-04   2.640782e-03   5.414605e-06   33594
  1.664126e+00   9.149065e-04   2.638746e-03   5.309256e-06   34336
  1.673263e+00   9.214693e-04   2.681072e-03   5.305917e-06   34822
  1.682332e+00   9.373038e-04   2.656487e-03   5.357319e-06   35472
  1.691341e+00   9.466350e-04   2.552993e-03   5.482566e-06   34404
  1.700343e+00   9.515196e-04   2.659343e-03   5.301772e-06   36254
  1.709358e+00   9.442761e-04   2.606217e-03   5.363937e-06   35952
  1.718457e+00   9.650962e-04   2.576950e-03   5.522548e-06   36570
  1.727480e+00   9.540323e-04   2.630578e-03   5.306376e-06   37176
  1.736598e+00   9.460468e-04   2.578711e-03   5.290374e-06   37374
  1.745692e+00   9.556170e-04   2.600328e-03   5.213820e-06   38084
  1.754702e+00   9.659331e-04   2.567814e-03   5.392000e-06   37590
  1.763846e+00   9.794362e-04   2.616234e-03   5.261393e-06   39480
  1.772878e+00   9.680181e-04   2.587730e-03   5.326158e-06   38228
  1.781931e+00   9.721379e-04   2.555086e-03   5.123498e-06   39678
  1.791154e+00   9.807126e-04   2.675899e-03   5.220594e-06   40944
  1.800306e+00   9.751270e-04   2.604399e-03   5.288557e-06   39678
  1.809295e+00   9.915147e-04   2.599920e-03   5.332444e-06   40652
  1.818360e+00   9.844163e-04   2.647138e-03   5.305309e-06   40758
  1.827474e+00   1.003042e-03   2.631149e-03   5.251341e-06   42216
  1.836596e+00   9.890811e-04   2.627932e-03   5.221800e-06   41532
  1.845631e+00   1.007346e-03   2.605783e-03   5.299129e-06   42134
  1.854610e+00   1.012231e-03   2.568200e-03   5.281113e-06   42216
  1.863729e+00   1.011909e-03   2.663780e-03   5.199648e-06   43530
  1.872817e+00   1.018903e-03   2.626864e-03   5.220557e-06   43848
  1.881867e+00   1.000109e-03   2.574038e-03   5.158094e-06   42854
  1.890970e+00   1.017521e-03   2.714402e-03   5.048743e-06   46176
  1.900087e+00   1.028338e-03   2.513461e-03   5.218665e-06   43380
  1.909065e+00   1.020117e-03   2.611591e-03   5.149905e-06   45294
  1.918088e+00   1.038475e-03   2.640117e-03   5.199939e-06   45744
  1.927288e+00   1.044013e-03   2.628325e-03   5.206536e-06   46682
  1.936312e+00   1.055469e-03   2.609586e-03   5.264094e-06   45840
  1.945353e+00   1.047488e-03   2.655836e-03   5.178868e-06   47118
  1.954383e+00   1.050209e-03   2.601700e-03   5.249963e-06   46916
  1.963425e+00   1.052998e-03   2.667634e-03   5.145313e-06   48192
  1.972698e+00   1.056482e-03   2.652643e-03   5.087459e-06   49566
  1.981612e+00   1.065942e-03   2.551097e-03   5.299995e-06   46284
  1.990519e+00   1.074439e-03   2.627397e-03   5.215168e-06   49486
  1.999618e+00   1.081513e-03   2.623711e-03   5.200031e-06   49840
  2.008703e+00   1.061790e-03   2.617895e-03   5.174077e-06   49806
  2.017832e+00   1.088825e-03   2.625834e-03   5.163111e-06   51492
  2.026854e+00   1.083159e-03   2.567278e-03   5.211986e-06   49488
  2.035952e+00   1.082131e-03   2.640552e-03   5.035967e-06   53198
  2.045107e+00   1.094546e-03   2.545333e-03   5.263035e-06   51060
  2.054105e+00   1.083489e-03   2.596385e-03   5.115272e-06   52134
  2.063125e+00   1.094954e-03   2.592527e-03   5.125550e-06   52864
  2.072213e+00   1.099784e-03   2.602802e-03   5.131244e-06   52930
  2.081303e+00   1.103694e-03   2.636378e-03   5.054162e-06   54936
  2.090505e+00   1.107513e-03   2.598393e-03   5.059585e-06   53886
  2.099487e+00   1.122256e-03   2.625029e-03   5.208286e-06   54268
  2.108495e+00   1.132887e-03   2.626383e-03   5.143158e-06   55264
  2.117698e+00   1.121115e-03   2.628653e-03   5.066384e-06   56358
  2.126722e+00   1.124346e-03   2.611178e-03   5.075289e-06   55632
  2.135811e+00   1.143357e-03   2.608117e-03   5.188563e-06   56514
  2.144844e+00   1.142620e-03   2.654718e-03   5.122213e-06   57248
  2.153873e+00   1.155198e-03   2.603119e-03   5.168976e-06   56766
  2.163115e+00   1.141122e-03   2.729912e-03   4.977833e-06   60804
  2.172113e+00   1.146694e-03   2.517386e-03   5.209448e-06   55416
  2.181169e+00   1.152227e-03   2.664259e-03   4.958905e-06   61286
  2.190226e+00   1.163438e-03   2.555559e-03   5.124287e-06   57396
  2.199204e+00   1.160252e-03   2.660932e-03   5.054024e-06   60870
  2.208314e+00   1.171300e-03   2.589121e-03   5.130549e-06   60248
  2.217383e+00   1.167313e-03   2.655329e-03   5.091414e-06   60978
  2.226465e+00   1.168200e-03   2.612320e-03   5.035906e-06   62016
  2.235504e+00   1.169089e-03   2.608156e-03   5.091480e-06   60768
  2.244494e+00   1.173845e-03   2.632322e-03   5.016504e-06   62806
  2.253639e+00   1.191956e-03   2.647679e-03   5.038618e-06   63868
  2.262782e+00   1.197150e-03   2.633495e-03   5.122466e-06   63054
  2.271681e+00   1.195838e-03   2.592716e-03   5.084429e-06   63024
  2.280766e+00   1.196901e-03   2.666976e-03   5.046013e-06   64882
  2.289780e+00   1.198153e-03   2.599844e-03   5.032675e-06   64744
  2.298870e+00   1.201369e-03   2.595047e-03   5.015794e-06   65688
  2.307967e+00   1.206775e-03   2.610038e-03   4.958748e-06   65994
  2.316966e+00   1.216901e-03   2.613464e-03   5.050360e-06   66648
  2.326127e+00   1.218899e-03   2.574336e-03   5.014714e-06   67310
  2.335120e+00   1.224798e-03   2.584119e-03   5.025264e-06   67224
  2.344200e+00   1.234862e-03   2.576378e-03   5.046817e-06   68034
  2.353306e+00   1.232429e-03   2.644618e-03   5.004570e-06   69744
  2.362396e+00   1.237348e-03   2.590466e-03   5.044171e-06   68654
  2.371609e+00   1.242298e-03   2.647380e-03   4.952674e-06   72132
  2.380696e+00   1.239760e-03   2.586006e-03   5.050583e-06   68520
  2.389673e+00   1.251653e-03   2.599011e-03   4.998567e-06   71070
  2.398786e+00   1.257607e-03   2.639259e-03   5.004218e-06   71948
  2.407881e+00   1.252451e-03   2.619784e-03   5.026882e-06   71598
  2.416978e+00   1.255165e-03   2.628307e-03   4.942757e-06   73536
  2.426071e+00   1.275510e-03   2.625259e-03   5.067086e-06   71802
  2.435010e+00   1.280102e-03   2.594199e-03   5.022975e-06   73280
  2.444073e+00   1.273777e-03   2.623569e-03   5.010425e-06   73992
  2.453230e+00   1.271856e-03   2.678170e-03   4.945263e-06   75966
  2.462286e+00   1.277912e-03   2.586196e-03   5.031521e-06   74364
  2.471378e+00   1.269902e-03   2.643766e-03   4.862623e-06   76094
  2.480400e+00   1.294320e-03   2.603956e-03   4.998705e-06   76224
  2.489490e+00   1.288390e-03   2.608127e-03   4.984267e-06   76242
  2.498446e+00   1.303412e-03   2.618484e-03   4.993780e-06   76960
  2.507527e+00   1.293871e-03   2.624428e-03   4.929590e-06   78664
  2.516758e+00   1.297009e-03   2.642918e-03   4.889938e-06   79962
  2.525773e+00   1.313368e-03   2.594216e-03   4.992386e-06   77760
  2.534809e+00   1.310037e-03   2.604101e-03   5.002257e-06   79590
  2.543856e+00   1.312532e-03   2.653915e-03   4.975515e-06   80732
  2.552992e+00   1.311352e-03   2.636704e-03   4.918847e-06   81174
  2.562041e+00   1.334710e-03   2.598543e-03   5.053826e-06   80832
  2.570953e+00   1.331501e-03   2.593413e-03   5.050409e-06   80040
  2.580027e+00   1.333014e-03   2.624708e-03   4.909108e-06   84266
  2.589200e+00   1.351035e-03   2.643460e-03   5.005790e-06   83592
  2.598310e+00   1.353341e-03   2.606836e-03   4.965947e-06   83838
  2.607331e+00   1.365423e-03   2.581439e-03   5.055691e-06   83676
  2.616389e+00   1.357876e-03   2.629655e-03   4.949877e-06   84950
  2.625401e+00   1.349563e-03   2.551663e-03   4.878215e-06   84912
  2.634526e+00   1.364571e-03   2.663342e-03   4.977528e-06   87162
  2.643613e+00   1.360676e-03   2.585778e-03   4.935755e-06   86440
  2.652631e+00   1.382081e-03   2.570980e-03   4.966794e-06   86560
  2.661736e+00   1.374273e-03   2.631422e-03   4.844266e-06   88698
  2.670816e+00   1.381869e-03   2.605444e-03   4.976850e-06   88920
  2.679955e+00   1.381978e-03   2.606208e-03   4.944813e-06   88734
  2.688975e+00   1.392941e-03   2.627596e-03   4.878676e-06   90416
  2.698135e+00   1.391721e-03   2.617685e-03   4.915058e-06   90282
  2.707179e+00   1.394912e-03   2.642627e-03   4.940119e-06   90840
  2.716195e+00   1.401851e-03   2.629056e-03   4.927363e-06   91128
  2.725318e+00   1.418456e-03   2.614268e-03   4.942820e-06   92690
  2.734349e+00   1.417082e-03   2.623085e-03   4.953161e-06   92160
  2.743427e+00   1.420406e-03   2.625141e-03   4.950224e-06   93534
  2.752460e+00   1.427663e-03   2.620664e-03   4.964450e-06   93500
  2.761544e+00   1.428641e-03   2.658013e-03   4.940351e-06   95190
  2.770674e+00   1.431698e-03   2.620814e-03   4.906874e-06   96048
  2.779676e+00   1.435094e-03   2.590854e-03   4.967811e-06   93600
  2.788696e+00   1.451447e-03   2.627805e-03   4.945332e-06   97442
  2.797824e+00   1.449100e-03   2.649706e-03   4.907772e-06   97824
  2.806929e+00   1.451961e-03   2.603956e-03   4.934516e-06   97278
  2.815980e+00   1.454901e-03   2.624319e-03   4.909953e-06   98916
  2.825005e+00   1.460491e-03   2.605909e-03   4.985296e-06   96870
  2.834000e+00   1.465621e-03   2.631005e-03   4.840029e-06   101000
  2.843159e+00   1.462327e-03   2.627979e-03   4.873993e-06   100164
  2.852174e+00   1.482798e-03   2.595742e-03   5.020117e-06   100014
  2.861162e+00   1.481363e-03   2.605375e-03   4.964302e-06   101056
  2.870249e+00   1.480228e-03   2.624041e-03   4.869994e-06   102322
  2.879284e+00   1.479318e-03   2.601740e-03   4.890693e-06   102912
  2.888438e+00   1.490218e-03   2.644123e-03   4.900189e-06   104238
  2.897448e+00   1.510845e-03   2.589458e-03   5.005259e-06   103104
  2.906518e+00   1.492242e-03   2.611318e-03   4.894275e-06   105404
  2.915612e+00   1.512695e-03   2.576502e-03   4.896261e-06   105198
  2.924672e+00   1.517128e-03   2.622180e-03   4.929683e-06   106632
  2.933782e+00   1.509355e-03   2.584589e-03   4.917594e-06   106498
  2.942795e+00   1.518610e-03   2.609027e-03   4.912053e-06   107200
  2.951971e+00   1.530132e-03   2.650160e-03   4.883746e-06   110118
  2.961071e+00   1.530816e-03   2.588223e-03   4.916468e-06   108084
  2.970076e+00   1.536974e-03   2.601504e-03   4.952698e-06   108222
  2.979180e+00   1.532496e-03   2.635852e-03   4.840552e-06   112160
  2.988229e+00   1.541041e-03   2.588051e-03   4.977312e-06   108492
  2.997293e+00   1.550086e-03   2.637432e-03   4.927014e-06   113262
  3.006390e+00   1.560697e-03   2.603760e-03   4.942819e-06   111240
  3.015494e+00   1.568047e-03   2.664251e-03   4.953342e-06   114302
  3.024586e+00   1.572860e-03   2.588560e-03   4.962237e-06   112884
  3.033647e+00   1.561608e-03   2.664744e-03   4.875430e-06   113934
  3.042654e+00   1.572478e-03   2.608786e-03   4.935185e-06   114464
  3.051810e+00   1.575302e-03   2.669595e-03   4.864547e-06   117540
  3.060879e+00   1.587581e-03   2.569805e-03   4.966257e-06   114102
  3.069912e+00   1.589090e-03   2.657647e-03   4.876397e-06   118584
  3.078986e+00   1.591152e-03   2.584008e-03   4.988588e-06   115362
  3.087964e+00   1.607969e-03   2.625312e-03   4.950993e-06   119168
  3.097137e+00   1.614458e-03   2.635751e-03   4.956260e-06   119526
  3.106178e+00   1.609017e-03   2.627065e-03   4.914147e-06   119436
  3.115179e+00   1.629625e-03   2.589430e-03   5.004146e-06   118632
  3.124251e+00   1.621345e-03   2.632883e-03   4.907637e-06   122510
  3.133337e+00   1.642276e-03   2.611486e-03   4.979451e-06   121680
  3.142413e+00   1.623466e-03   2.577268e-03   4.950252e-06   121434
  3.151427e+00   1.633539e-03   2.655977e-03   4.902704e-06   123928
  3.160539e+00   1.647313e-03   2.616645e-03   4.950046e-06   123910
  3.169601e+00   1.661609e-03   2.595425e-03   4.985193e-06   124452
  3.178657e+00   1.655640e-03   2.638094e-03   4.920852e-06   125376
  3.187758e+00   1.661120e-03   2.589943e-03   4.940991e-06   126590
  3.196809e+00   1.679228e-03   2.613604e-03   4.982506e-06   125892
  3.205870e+00   1.676921e-03   2.610760e-03   4.945108e-06   128142
  3.214960e+00   1.687493e-03   2.605916e-03   4.996146e-06   128136
  3.223988e+00   1.683781e-03   2.610564e-03   5.026867e-06   127682
  3.233071e+00   1.683948e-03   2.626160e-03   4.912066e-06   131928
  3.242248e+00   1.679512e-03   2.627194e-03   4.938733e-06   130326
  3.251308e+00   1.710791e-03   2.613176e-03   4.980007e-06   131688
  3.260347e+00   1.715350e-03   2.580181e-03   5.027169e-06   130292
  3.269378e+00   1.713727e-03   2.608964e-03   4.981397e-06   132606
  3.278511e+00   1.718838e-03   2.656113e-03   4.933102e-06   135960
  3.287625e+00   1.730476e-03   2.587819e-03   5.036452e-06   131562
  3.296529e+00   1.731967e-03   2.613672e-03   4.980930e-06   133976
  3.305640e+00   1.735770e-03   2.637685e-03   4.963171e-06   136518
  3.314751e+00   1.754584e-03   2.638335e-03   4.983909e-06   136812
  3.323845e+00   1.743573e-03   2.655010e-03   5.001411e-06   137856
  3.332909e+00   1.747020e-03   2.579599e-03   4.995473e-06   135862
  3.341927e+00   1.752179e-03   2.668241e-03   4.973058e-06   140056
  3.351086e+00   1.756479e-03   2.608804e-03   4.958058e-06   139602
  3.360121e+00   1.780320e-03   2.621584e-03   5.050126e-06   139080
  3.369150e+00   1.783925e-03   2.645500e-03   5.026531e-06   140590
  3.378251e+00   1.784793e-03   2.625305e-03   4.985502e-06   142972
  3.387297e+00   1.789723e-03   2.596591e-03   5.071575e-06   139992
  3.396355e+00   1.784290e-03   2.627673e-03   4.963131e-06   144966
  3.405462e+00   1.802923e-03   2.626445e-03   5.085810e-06   143396
  3.414518e+00   1.799231e-03   2.615845e-03   5.014325e-06   144486
  3.423565e+00   1.815977e-03   2.594955e-03   5.045264e-06   145200
  3.432566e+00   1.817855e-03   2.593584e-03   5.073214e-06   143466
  3.441581e+00   1.832403e-03   2.630854e-03   5.044777e-06   148768
  3.450663e+00   1.825172e-03   2.586757e-03   5.060069e-06   145600
  3.459660e+00   1.835763e-03   2.602090e-03   5.028383e-06   148590
  3.468769e+00   1.832737e-03   2.622140e-03   4.994887e-06   150540
  3.477900e+00   1.849776e-03   2.616293e-03   5.040692e-06   150102
  3.486949e+00   1.854410e-03   2.609262e-03   5.028423e-06   151328
  3.496089e+00   1.864123e-03   2.617039e-03   5.029537e-06   152058
  3.505088e+00   1.860304e-03   2.592722e-03   5.021532e-06   150864
  3.514144e+00   1.861057e-03   2.615438e-03   5.020293e-06   153798
  3.523292e+00   1.870950e-03   2.627059e-03   5.013251e-06   155684
  3.532365e+00   1.876658e-03   2.608777e-03   5.078171e-06   154128
  3.541530e+00   1.886423e-03   2.640783e-03   4.997730e-06   158310
  3.550558e+00   1.881948e-03   2.585708e-03   5.098940e-06   153404
  3.559575e+00   1.897363e-03   2.605558e-03   5.014473e-06   157758
  3.568728e+00   1.911516e-03   2.639579e-03   5.051409e-06   160368
  3.577778e+00   1.918042e-03   2.589662e-03   5.107113e-06   155718
  3.586755e+00   1.913472e-03   2.601069e-03   5.046185e-06   159396
  3.595840e+00   1.931724e-03   2.661749e-03   5.069905e-06   161552
  3.604950e+00   1.922388e-03   2.598188e-03   5.056349e-06   161070
  3.614053e+00   1.940496e-03   2.657096e-03   5.089430e-06   163428
  3.623063e+00   1.948485e-03   2.590519e-03   5.138037e-06   159422
  3.632135e+00   1.949730e-03   2.664497e-03   5.002514e-06   167544
  3.641279e+00   1.953801e-03   2.612963e-03   5.103687e-06   162258
  3.650312e+00   1.958847e-03   2.653952e-03   5.048347e-06   167472
  3.659395e+00   1.975918e-03   2.591298e-03   5.165361e-06   163632
  3.668397e+00   1.985351e-03   2.626312e-03   5.101366e-06   167018
  3.677506e+00   1.988201e-03   2.644344e-03   5.094966e-06   169968
  3.686650e+00   1.994672e-03   2.605875e-03   5.145516e-06   167646
  3.695615e+00   1.989470e-03   2.606746e-03   5.112303e-06   168224
  3.704700e+00   1.991766e-03   2.618020e-03   5.073436e-06   170682
  3.713758e+00   2.010389e-03   2.615733e-03   5.138079e-06   170928
  3.722782e+00   2.014530e-03   2.591978e-03   5.142075e-06   170640
  3.731870e+00   2.017956e-03   2.609096e-03   5.102727e-06   173730
  3.740928e+00   2.036435e-03   2.620172e-03   5.190395e-06   173456
  3.750016e+00   2.037459e-03   2.586105e-03   5.144785e-06   174150
  3.759089e+00   2.037515e-03   2.647010e-03   5.116150e-06   176364
  3.768166e+00   2.048696e-03   2.613004e-03   5.130643e-06   175286
  3.777220e+00   2.053696e-03   2.605459e-03   5.145698e-06   177408
  3.786266e+00   2.073262e-03   2.608539e-03   5.166783e-06   176352
  3.795340e+00   2.075449e-03   2.613064e-03   5.144314e-06   180330
  3.804477e+00   2.072017e-03   2.645760e-03   5.124619e-06   180640
  3.813548e+00   2.091420e-03   2.586763e-03   5.209605e-06   179422
  3.822641e+00   2.098460e-03   2.628279e-03   5.151152e-06   183396
  3.831744e+00   2.104356e-03   2.612458e-03   5.193536e-06   180390
  3.840704e+00   2.104944e-03   2.591565e-03   5.172017e-06   181944
  3.849822e+00   2.110912e-03   2.648062e-03   5.131704e-06   185450
  3.858945e+00   2.118159e-03   2.631639e-03   5.182674e-06   186192
  3.868000e+00   2.127069e-03   2.586122e-03   5.260417e-06   183432
  3.877010e+00   2.132321e-03   2.613815e-03   5.218989e-06   185346
  3.886044e+00   2.156946e-03   2.641753e-03   5.225980e-06   188480
  3.895171e+00   2.141610e-03   2.619791e-03   5.206590e-06   188046
  3.904263e+00   2.158634e-03   2.663101e-03   5.176591e-06   191304
  3.913319e+00   2.151813e-03   2.583593e-03   5.251731e-06   186482
  3.922381e+00   2.176664e-03   2.673551e-03   5.180353e-06   194280
  3.931448e+00   2.176851e-03   2.593492e-03   5.284188e-06   188688
  3.940475e+00   2.182405e-03   2.620533e-03   5.179037e-06   192786
  3.949513e+00   2.201649e-03   2.645503e-03   5.271965e-06   193360
  3.958632e+00   2.203162e-03   2.625883e-03   5.219635e-06   195694
  3.967717e+00   2.227545e-03   2.620169e-03   5.274994e-06   195132
  3.976780e+00   2.219889e-03   2.632359e-03   5.268322e-06   195726
  3.985824e+00   2.228578e-03   2.604304e-03   5.287327e-06   196936
  3.994872e+00   2.241685e-03   2.616738e-03   5.290042e-06   197044
  4.003981e+00   2.240236e-03   2.622410e-03   5.255470e-06   201198
  4.013034e+00   2.244114e-03   2.587082e-03   5.317438e-06   197136
  4.022025e+00   2.258487e-03   2.595478e-03   5.286780e-06   199590
  4.031099e+00   2.268739e-03   2.610714e-03   5.277487e-06   203300
  4.040206e+00   2.276147e-03   2.610059e-03   5.312641e-06   201438
  4.049232e+00   2.286223e-03   2.608921e-03   5.301530e-06   203664
  4.058315e+00   2.289579e-03   2.619488e-03   5.329773e-06   203964
  4.067384e+00   2.292358e-03   2.611508e-03   5.300109e-06   205982
  4.076463e+00   2.295262e-03   2.598773e-03   5.323469e-06   205752
  4.085554e+00   2.312367e-03   2.628668e-03   5.310271e-06   207810
  4.094578e+00   2.314520e-03   2.596055e-03   5.330903e-06   206432
  4.103689e+00   2.324153e-03   2.639218e-03   5.304766e-06   210918
  4.112788e+00   2.335700e-03   2.625349e-03   5.344596e-06   210516
  4.121868e+00   2.341787e-03   2.604858e-03   5.349221e-06   209766
  4.130925e+00   2.340230e-03   2.619578e-03   5.335073e-06   212152
  4.139993e+00   2.368223e-03   2.620739e-03   5.397082e-06   213184
  4.149137e+00   2.373746e-03   2.603867e-03   5.370539e-06   214626
  4.158182e+00   2.374894e-03   2.626311e-03   5.362893e-06   213696
  4.167255e+00   2.378033e-03   2.621968e-03   5.346344e-06   215774
  4.176257e+00   2.396598e-03   2.574570e-03   5.437844e-06   213180
  4.185303e+00   2.403124e-03   2.657149e-03   5.384634e-06   219102
  4.194462e+00   2.415192e-03   2.638151e-03   5.394025e-06   220872
  4.203527e+00   2.409256e-03   2.612615e-03   5.397728e-06   216388
  4.212569e+00   2.433434e-03   2.629538e-03   5.406861e-06   221662
  4.221628e+00   2.439028e-03   2.600234e-03   5.459660e-06   219096
  4.230710e+00   2.456323e-03   2.661597e-03   5.417396e-06   224262
  4.239791e+00   2.463808e-03   2.604637e-03   5.452784e-06   222108
  4.248843e+00   2.453622e-03   2.632367e-03   5.424407e-06   222902
  4.257911e+00   2.468000e-03   2.640845e-03   5.432540e-06   227280
  4.267003e+00   2.474974e-03   2.596129e-03   5.478864e-06   223644
  4.276014e+00   2.476470e-03   2.612083e-03   5.461534e-06   226206
  4.285095e+00   2.494151e-03   2.628637e-03   5.434386e-06   229856
  4.294224e+00   2.498328e-03   2.603774e-03   5.473981e-06   228042
  4.303198e+00   2.508190e-03   2.587639e-03   5.488473e-06   227472
  4.312262e+00   2.523248e-03   2.611361e-03   5.503249e-06   231190
  4.321360e+00   2.535660e-03   2.626257e-03   5.511815e-06   233332
  4.330434e+00   2.537188e-03   2.594325e-03   5.525708e-06   231288
  4.339498e+00   2.543519e-03   2.606724e-03   5.520676e-06   233718
  4.348500e+00   2.560020e-03   2.602761e-03   5.565741e-06   232584
  4.357631e+00   2.563428e-03   2.627951e-03   5.472649e-06   239402
  4.366733e+00   2.582681e-03   2.599503e-03   5.560117e-06   234912
  4.375792e+00   2.581550e-03   2.635946e-03   5.498423e-06   238278
  4.384839e+00   2.601121e-03   2.599649e-03   5.589060e-06   237252
  4.393841e+00   2.598380e-03   2.605243e-03   5.574749e-06   236870
  4.402971e+00   2.616664e-03   2.658282e-03   5.499950e-06   246336
  4.412144e+00   2.629342e-03   2.630005e-03   5.591097e-06   241092
  4.421203e+00   2.626372e-03   2.616334e-03   5.586998e-06   242438
  4.430268e+00   2.648349e-03   2.609977e-03   5.581736e-06   243528
  4.439331e+00   2.660928e-03   2.618379e-03   5.629486e-06   243474
  4.448360e+00   2.668636e-03   2.600689e-03   5.609580e-06   245112
  4.457447e+00   2.673090e-03   2.641814e-03   5.620655e-06   246662
  4.466499e+00   2.680853e-03   2.619756e-03   5.649484e-06   247680
  4.475562e+00   2.683844e-03   2.599824e-03   5.611968e-06   247404
  4.484637e+00   2.700112e-03   2.632657e-03   5.638405e-06   249990
  4.493667e+00   2.712813e-03   2.620313e-03   5.662346e-06   249448
  4.502789e+00   2.712403e-03   2.652437e-03   5.626749e-06   253954
  4.511844e+00   2.729738e-03   2.612816e-03   5.693841e-06   250728
  4.520909e+00   2.731156e-03   2.633955e-03   5.669862e-06   253950
  4.529961e+00   2.756825e-03   2.621300e-03   5.699670e-06   253788
  4.539022e+00   2.762966e-03   2.638029e-03   5.738669e-06   256232
  4.548163e+00   2.772818e-03   2.632191e-03   5.689462e-06   258942
  4.557185e+00   2.793819e-03   2.602164e-03   5.807733e-06   253836
  4.566233e+00   2.789411e-03   2.626526e-03   5.666274e-06   260398
  4.575333e+00   2.802758e-03   2.619673e-03   5.757227e-06   260128
  4.584381e+00   2.811113e-03   2.604697e-03   5.757101e-06   258894
  4.593448e+00   2.806220e-03   2.614085e-03   5.681771e-06   263364
  4.602480e+00   2.823237e-03   2.598259e-03   5.765380e-06   259272
  4.611487e+00   2.834618e-03   2.580215e-03   5.719416e-06   263702
  4.620577e+00   2.861259e-03   2.614344e-03   5.803528e-06   265740
  4.629642e+00   2.854602e-03   2.600831e-03   5.799719e-06   264894
  4.638728e+00   2.876462e-03   2.619576e-03   5.758743e-06   269184
  4.647820e+00   2.890644e-03   2.610784e-03   5.867097e-06   266138
  4.656856e+00   2.879335e-03   2.614817e-03   5.730886e-06   270528
  4.665947e+00   2.894385e-03   2.604239e-03   5.854709e-06   268182
  4.674966e+00   2.915761e-03   2.619893e-03   5.826888e-06   270960
  4.684064e+00   2.917894e-03   2.628912e-03   5.848874e-06   274580
  4.693248e+00   2.930421e-03   2.635883e-03   5.820705e-06   276078
  4.702322e+00   2.954509e-03   2.612873e-03   5.890423e-06   273600
  4.711397e+00   2.969663e-03   2.611804e-03   5.906805e-06   274698
  4.720442e+00   2.967994e-03   2.630618e-03   5.862190e-06   276920
  4.729516e+00   2.989162e-03   2.616287e-03   5.928956e-06   276774
  4.738602e+00   3.000766e-03   2.629797e-03   5.893851e-06   279972
  4.747617e+00   2.999482e-03   2.595825e-03   5.959640e-06   276144
  4.756687e+00   3.011853e-03   2.608144e-03   5.889167e-06   282590
  4.765784e+00   3.032625e-03   2.635650e-03   5.964260e-06   282300
  4.774879e+00   3.018429e-03   2.629344e-03   5.897891e-06   283926
  4.783903e+00   3.050946e-03   2.575436e-03   5.995807e-06   279792
  4.792952e+00   3.062359e-03   2.663829e-03   5.926318e-06   287870
  4.802071e+00   3.072604e-03   2.607411e-03   5.953774e-06   286428
  4.811114e+00   3.091674e-03   2.626953e-03   6.050227e-06   284808
  4.820155e+00   3.103005e-03   2.631027e-03   5.991484e-06   289158
  4.829249e+00   3.118681e-03   2.626805e-03   6.031632e-06   290204
  4.838349e+00   3.127954e-03   2.630606e-03   6.063308e-06   290382
  4.847402e+00   3.131488e-03   2.620104e-03   6.052072e-06   291912
  4.856471e+00   3.147609e-03   2.617340e-03   6.073983e-06   290754
  4.865526e+00   3.157055e-03   2.623105e-03   6.052108e-06   296096
  4.874646e+00   3.177081e-03   2.598202e-03   6.091447e-06   294552
  4.883682e+00   3.184437e-03   2.589566e-03   6.117097e-06   293466
  4.892692e+00   3.189776e-03   2.614787e-03   6.083735e-06   296928
  4.901785e+00   3.208362e-03   2.605095e-03   6.104797e-06   298334
  4.910819e+00   3.202955e-03   2.592796e-03   6.090520e-06   297840
  4.919906e+00   3.219683e-03   2.614507e-03   6.093853e-06   301338
  4.928963e+00   3.255691e-03   2.607791e-03   6.144057e-06   300336
  4.938029e+00   3.260219e-03   2.627953e-03   6.171485e-06   303584
  4.947137e+00   3.260409e-03   2.603038e-03   6.126879e-06   304098
  4.956193e+00   3.288831e-03   2.631022e-03   6.221991e-06   304488
  4.965284e+00   3.290815e-03   2.611025e-03   6.169325e-06   306678
  4.974341e+00   3.321800e-03   2.612542e-03   6.224590e-06   305732
  4.983422e+00   3.321643e-03   2.640659e-03   6.188136e-06   309894
  4.992527e+00   3.338965e-03   2.615461e-03   6.192870e-06   310200
  5.001573e+00   3.356512e-03   2.613860e-03   6.300700e-06   307090
  5.010647e+00   3.364989e-03   2.641011e-03   6.235684e-06   315640
  5.019751e+00   3.354747e-03   2.610346e-03   6.238922e-06   310704
  5.028809e+00   3.386495e-03   2.620990e-03   6.278312e-06   314310
  5.037839e+00   3.405412e-03   2.594992e-03   6.344401e-06   312348
  5.046921e+00   3.418184e-03   2.646418e-03   6.295375e-06   318374
  5.055989e+00   3.429561e-03   2.600770e-03   6.334711e-06   315648
  5.065087e+00   3.431003e-03   2.655534e-03   6.301083e-06   320610
  5.074095e+00   3.446192e-03   2.576698e-03   6.358218e-06   313944
  5.083168e+00   3.461319e-03   2.657058e-03   6.286809e-06   325880
  5.092294e+00   3.481902e-03   2.601481e-03   6.358958e-06   319146
  5.101301e+00   3.507325e-03   2.633732e-03   6.377233e-06   322896
  5.110371e+00   3.488059e-03   2.608826e-03   6.360956e-06   322206
  5.119427e+00   3.522659e-03   2.644787e-03   6.371432e-06   327416
  5.128534e+00   3.525087e-03   2.618123e-03   6.412310e-06   325602
  5.137601e+00   3.545498e-03   2.631974e-03   6.402398e-06   328248
  5.146634e+00   3.560910e-03   2.613411e-03   6.435528e-06   326136
  5.155714e+00   3.557843e-03   2.610109e-03   6.422495e-06   331610
  5.164803e+00   3.590120e-03   2.627033e-03   6.441214e-06   331584
  5.173876e+00   3.620027e-03   2.592690e-03   6.513747e-06   330630
  5.182915e+00   3.620527e-03   2.613012e-03   6.499121e-06   333204
  5.191975e+00   3.634928e-03   2.607502e-03   6.507565e-06   333470
  5.201032e+00   3.619613e-03   2.589579e-03   6.510448e-06   335688
  5.210107e+00   3.644898e-03   2.623594e-03   6.508150e-06   336828
  5.219172e+00   3.670170e-03   2.594005e-03   6.558030e-06   337662
  5.228234e+00   3.675071e-03   2.611659e-03   6.538467e-06   338960
  5.237281e+00   3.693894e-03   2.595505e-03   6.583202e-06   338262
  5.246354e+00   3.722787e-03   2.630794e-03   6.602159e-06   344388
  5.255475e+00   3.733776e-03   2.631560e-03   6.616295e-06   342486
  5.264516e+00   3.744769e-03   2.608173e-03   6.618598e-06   343592
  5.273632e+00   3.742445e-03   2.637225e-03   6.590594e-06   347130
  5.282724e+00   3.759050e-03   2.626543e-03   6.646819e-06   346152
  5.291757e+00   3.761385e-03   2.613990e-03   6.637250e-06   345856
  5.300841e+00   3.758627e-03   2.622349e-03   6.582112e-06   349354
  5.309924e+00   3.782203e-03   2.638916e-03   6.588475e-06   352032
  5.319017e+00   3.785217e-03   2.601288e-03   6.639120e-06   348582
  5.328036e+00   3.794540e-03   2.627943e-03   6.628396e-06   352196
  5.337092e+00   3.407764e-03   2.609021e-03   6.547780e-06   351630
  5.346174e+00   1.099599e-04   2.628696e-03   2.679734e-07   357144
  5.355264e+00   9.823819e-05   2.627739e-03   2.470183e-07   355560
  5.364333e+00   8.991356e-05   2.603086e-03   2.274215e-07   354471
  5.373404e+00   8.135230e-05   2.646597e-03   2.058104e-07   358124
  5.382498e+00   7.326824e-05   2.616469e-03   1.873362e-07   355272
  5.391547e+00   6.563969e-05   2.606005e-03   1.677152e-07   352044
  5.400550e+00   5.942334e-05   2.621362e-03   1.513507e-07   352344
  5.409645e+00   5.421641e-05   2.636102e-03   1.372629e-07   356516
  5.418755e+00   4.990336e-05   2.626637e-03   1.267443e-07   352848
  5.427834e+00   4.622441e-05   2.627676e-03   1.163653e-07   352980
  5.436886e+00   4.315036e-05   2.597430e-03   1.091402e-07   348948
  5.445931e+00   4.068046e-05   2.629520e-03   1.021547e-07   351692
  5.455046e+00   3.838316e-05   2.625076e-03   9.595067e-08   353064
  5.464111e+00   3.617435e-05   2.586606e-03   9.119845e-08   345624
  5.473102e+00   3.432479e-05   2.605405e-03   8.615335e-08   347844
  5.482203e+00   3.259236e-05   2.614968e-03   8.066950e-08   351020
  5.491290e+00   3.104094e-05   2.601165e-03   7.701373e-08   345852
  5.500328e+00   2.987704e-05   2.607101e-03   7.331659e-08   347040
  5.509404e+00   2.849677e-05   2.607482e-03   7.006017e-08   345944
  5.518478e+00   2.773503e-05   2.620038e-03   6.803244e-08   347004
  5.527554e+00   2.674694e-05   2.584952e-03   6.527092e-08   343032
  5.536587e+00   2.572456e-05   2.621791e-03   6.246020e-08   343620
  5.545647e+00   2.503700e-05   2.620624e-03   6.081474e-08   343908
  5.554755e+00   2.430317e-05   2.632247e-03   5.864654e-08   344636
  5.563856e+00   2.359327e-05   2.641642e-03   5.673384e-08   343632
  5.572936e+00   2.306679e-05   2.606368e-03   5.550367e-08   340392
  5.581978e+00   2.228346e-05   2.623039e-03   5.344612e-08   339440
  5.591039e+00   2.182827e-05   2.635826e-03   5.187027e-08   341832
  5.600183e+00   2.131730e-05   2.632633e-03   5.028992e-08   341964
  5.609225e+00   2.074060e-05   2.606751e-03   4.939588e-08   334380
  5.618211e+00   2.038211e-05   2.608647e-03   4.793065e-08   336504
  5.627303e+00   1.992270e-05   2.638507e-03   4.655690e-08   339560
  5.636394e+00   1.962643e-05   2.621417e-03   4.580478e-08   336384
  5.645493e+00   1.926885e-05   2.625768e-03   4.490800e-08   337404
  5.654518e+00   1.875052e-05   2.598277e-03   4.386405e-08   330132
  5.663556e+00   1.847343e-05   2.638356e-03   4.266066e-08   337832
  5.672686e+00   1.823563e-05   2.608289e-03   4.219761e-08   332748
  5.681740e+00   1.794058e-05   2.643076e-03   4.117398e-08   333612
  5.690820e+00   1.761798e-05   2.616863e-03   4.016951e-08   331812
  5.699852e+00   1.733580e-05   2.611393e-03   3.995123e-08   328424
  5.708877e+00   1.714887e-05   2.623800e-03   3.882805e-08   331140
  5.718016e+00   1.689673e-05   2.642488e-03   3.798871e-08   332988
  5.727066e+00   1.668819e-05   2.605789e-03   3.793298e-08   325240
  5.736129e+00   1.651473e-05   2.631888e-03   3.710776e-08   331528
  5.745250e+00   1.629807e-05   2.614481e-03   3.657503e-08   327264
  5.754242e+00   1.621198e-05   2.577064e-03   3.652800e-08   322308
  5.763297e+00   1.597265e-05   2.618622e-03   3.558547e-08   328104
  5.772361e+00   1.577284e-05   2.602788e-03   3.503642e-08   323204
  5.781414e+00   1.567875e-05   2.603125e-03   3.481948e-08   325248
  5.790517e+00   1.546410e-05   2.612473e-03   3.421112e-08   324096
  5.799563e+00   1.527592e-05   2.605113e-03   3.363140e-08   321540
  5.808646e+00   1.526066e-05   2.600987e-03   3.353791e-08   323744
  5.817698e+00   1.506047e-05   2.581781e-03   3.312241e-08   317400
  5.826734e+00   1.491258e-05   2.628811e-03   3.244777e-08   322560
  5.835852e+00   1.475589e-05   2.616983e-03   3.220851e-08   320092
  5.844901e+00   1.469546e-05   2.610292e-03   3.212270e-08   317188
  5.854028e+00   1.466651e-05   2.649977e-03   3.163107e-08   323064
  5.863154e+00   1.449130e-05   2.625213e-03   3.150994e-08   315204
  5.872160e+00   1.438171e-05   2.622516e-03   3.101032e-08   315280
  5.881262e+00   1.431101e-05   2.624827e-03   3.070156e-08   317020
  5.890326e+00   1.423716e-05   2.625951e-03   3.065774e-08   312876
  5.899389e+00   1.412649e-05   2.636385e-03   3.025952e-08   315540
  5.908496e+00   1.400205e-05   2.627702e-03   2.995750e-08   312576
  5.917545e+00   1.400935e-05   2.623435e-03   2.999659e-08   312140
  5.926622e+00   1.395809e-05   2.595832e-03   2.988986e-08   310356
  5.935695e+00   1.386151e-05   2.644028e-03   2.945454e-08   311232
  5.944737e+00   1.377058e-05   2.603940e-03   2.931619e-08   307584
  5.953825e+00   1.372451e-05   2.630204e-03   2.882459e-08   310616
  5.962864e+00   1.363668e-05   2.594096e-03   2.916880e-08   304200
  5.971889e+00   1.361203e-05   2.608812e-03   2.885732e-08   306792
  5.980963e+00   1.351633e-05   2.635454e-03   2.877979e-08   305920
  5.990008e+00   1.347492e-05   2.615071e-03   2.836395e-08   304696
  5.999158e+00   1.343164e-05   2.644509e-03   2.827402e-08   308580
  6.008235e+00   1.338518e-05   2.605232e-03   2.852129e-08   299568
  6.017269e+00   1.338262e-05   2.631366e-03   2.825186e-08   304344
  6.026394e+00   1.331731e-05   2.628094e-03   2.815316e-08   302288
  6.035456e+00   1.326721e-05   2.614969e-03   2.801244e-08   300084
  6.044527e+00   1.324870e-05   2.606307e-03   2.795984e-08   299340
  6.053552e+00   1.313062e-05   2.611840e-03   2.786421e-08   296544
  6.062601e+00   1.316740e-05   2.612592e-03   2.785740e-08   298964
  6.071704e+00   1.310285e-05   2.613982e-03   2.759679e-08   296916
  6.080758e+00   1.310748e-05   2.626205e-03   2.783159e-08   295920
  6.089794e+00   1.305316e-05   2.580654e-03   2.767836e-08   292700
  6.098864e+00   1.297806e-05   2.634160e-03   2.734956e-08   295884
  6.107945e+00   1.304682e-05   2.606210e-03   2.758218e-08   293064
  6.117044e+00   1.297390e-05   2.620737e-03   2.752964e-08   293220
  6.126044e+00   1.295320e-05   2.586216e-03   2.749949e-08   286572
  6.135087e+00   1.293057e-05   2.625891e-03   2.720369e-08   293312
  6.144253e+00   1.291916e-05   2.643001e-03   2.716797e-08   291816
  6.153340e+00   1.287684e-05   2.625396e-03   2.728344e-08   287784
  6.162390e+00   1.288536e-05   2.617713e-03   2.735513e-08   286608
  6.171453e+00   1.278698e-05   2.642344e-03   2.702622e-08   287240
  6.180543e+00   1.285907e-05   2.616918e-03   2.730238e-08   286176
  6.189631e+00   1.277554e-05   2.626324e-03   2.724066e-08   284184
  6.198649e+00   1.273193e-05   2.617166e-03   2.736254e-08   281916
  6.207735e+00   1.276074e-05   2.619978e-03   2.724757e-08   284756
  6.216815e+00   1.269364e-05   2.604990e-03   2.720288e-08   279516
  6.225869e+00   1.274997e-05   2.632133e-03   2.717309e-08   282696
  6.234971e+00   1.268855e-05   2.605551e-03   2.725365e-08   278676
  6.244028e+00   1.271440e-05   2.626404e-03   2.717655e-08   279512
  6.253104e+00   1.275005e-05   2.587605e-03   2.752310e-08   276672
  6.262153e+00   1.271777e-05   2.621822e-03   2.736708e-08   276036
  6.271179e+00   1.271276e-05   2.604671e-03   2.757483e-08   274416
  6.280256e+00   1.267700e-05   2.613151e-03   2.755269e-08   275384
  6.289351e+00   1.270173e-05   2.637489e-03   2.746441e-08   274560
  6.298427e+00   1.268575e-05   2.612551e-03   2.761203e-08   272220
  6.307482e+00   1.258899e-05   2.620957e-03   2.731893e-08   270492
  6.316540e+00   1.258700e-05   2.632256e-03   2.729557e-08   271532
  6.325681e+00   1.266433e-05   2.636788e-03   2.775278e-08   272052
  6.334726e+00   1.259397e-05   2.601020e-03   2.784197e-08   264372
  6.343741e+00   1.259266e-05   2.632030e-03   2.770913e-08   268812
  6.352849e+00   1.259608e-05   2.616588e-03   2.792000e-08   266600
  6.361868e+00   1.251398e-05   2.584699e-03   2.785575e-08   262536
  6.370943e+00   1.261068e-05   2.626562e-03   2.777057e-08   266460
  6.380015e+00   1.253802e-05   2.616777e-03   2.785794e-08   261560
  6.389048e+00   1.261211e-05   2.598424e-03   2.814976e-08   262236
  6.398155e+00   1.260458e-05   2.606430e-03   2.812322e-08   261708
  6.407205e+00   1.254931e-05   2.614565e-03   2.809037e-08   258960
  6.416249e+00   1.263820e-05   2.599071e-03   2.847551e-08   258320
  6.425324e+00   1.255952e-05   2.629294e-03   2.834811e-08   258360
  6.434440e+00   1.259781e-05   2.641708e-03   2.837504e-08   259368
  6.443529e+00   1.254779e-05   2.597943e-03   2.866205e-08   253332
  6.452546e+00   1.254348e-05   2.642550e-03   2.861885e-08   254536
  6.461646e+00   1.260494e-05   2.627732e-03   2.876937e-08   255160
  6.470752e+00   1.255995e-05   2.622414e-03   2.874866e-08   252180
  6.479835e+00   1.256996e-05   2.640025e-03   2.883463e-08   252744
  6.488894e+00   1.257877e-05   2.587724e-03   2.919398e-08   247364
  6.497931e+00   1.253028e-05   2.650787e-03   2.895845e-08   250416
  6.507020e+00   1.261413e-05   2.605866e-03   2.955259e-08   247860
  6.516124e+00   1.262781e-05   2.631795e-03   2.958070e-08   247716
  6.525130e+00   1.253399e-05   2.591023e-03   2.928891e-08   242504
  6.534234e+00   1.259606e-05   2.638125e-03   2.922327e-08   248640
  6.543305e+00   1.258252e-05   2.582143e-03   3.026085e-08   239352
  6.552343e+00   1.258095e-05   2.643328e-03   2.955602e-08   245088
  6.561440e+00   1.261186e-05   2.595069e-03   3.019113e-08   239184
  6.570466e+00   1.260307e-05   2.621050e-03   3.012046e-08   240368
  6.579570e+00   1.259658e-05   2.601896e-03   3.031366e-08   239340
  6.588650e+00   1.257626e-05   2.641491e-03   3.030243e-08   237636
  6.597685e+00   1.258802e-05   2.619906e-03   3.039359e-08   235956
  6.606765e+00   1.265738e-05   2.603706e-03   3.074835e-08   235328
  6.615836e+00   1.257564e-05   2.635395e-03   3.045931e-08   234576
  6.624905e+00   1.261861e-05   2.607240e-03   3.081264e-08   232788
  6.633946e+00   1.264529e-05   2.611442e-03   3.118065e-08   230112
  6.642994e+00   1.252245e-05   2.635844e-03   3.084871e-08   232124
  6.652145e+00   1.268214e-05   2.621078e-03   3.124370e-08   231288
  6.661211e+00   1.261790e-05   2.620389e-03   3.143983e-08   226536
  6.670215e+00   1.272858e-05   2.601374e-03   3.183943e-08   226052
  6.679304e+00   1.248807e-05   2.630248e-03   3.136763e-08   227148
  6.688361e+00   1.260667e-05   2.609997e-03   3.196339e-08   223800
  6.697438e+00   1.271401e-05   2.604117e-03   3.233485e-08   223884
  6.706517e+00   1.266524e-05   2.642394e-03   3.221157e-08   222496
  6.715567e+00   1.269033e-05   2.604995e-03   3.241202e-08   221020
  6.724705e+00   1.262420e-05   2.624453e-03   3.218139e-08   221724
  6.733776e+00   1.263184e-05   2.633042e-03   3.260820e-08   217584
  6.742818e+00   1.262213e-05   2.612105e-03   3.252630e-08   217536
  6.751889e+00   1.269986e-05   2.613823e-03   3.330020e-08   215504
  6.760940e+00   1.272348e-05   2.621846e-03   3.344380e-08   215472
  6.770040e+00   1.266086e-05   2.613641e-03   3.345742e-08   213768
  6.779063e+00   1.271349e-05   2.627393e-03   3.376607e-08   211028
  6.788105e+00   1.269672e-05   2.601261e-03   3.380315e-08   211716
  6.797234e+00   1.269615e-05   2.628589e-03   3.385891e-08   211092
  6.806318e+00   1.265326e-05   2.643916e-03   3.387457e-08   209556
  6.815399e+00   1.276648e-05   2.592520e-03   3.473394e-08   206700
  6.824453e+00   1.260937e-05   2.633927e-03   3.427676e-08   206048
  6.833493e+00   1.266218e-05   2.609189e-03   3.413634e-08   204744
  6.842566e+00   1.276395e-05   2.608817e-03   3.532839e-08   202992
  6.851578e+00   1.272275e-05   2.623785e-03   3.507270e-08   201576
  6.860694e+00   1.269719e-05   2.622250e-03   3.508285e-08   203672
  6.869844e+00   1.273428e-05   2.634575e-03   3.550562e-08   200484
  6.878835e+00   1.263430e-05   2.577801e-03   3.549706e-08   195516
  6.887892e+00   1.277287e-05   2.631702e-03   3.592492e-08   198780
  6.896958e+00   1.261672e-05   2.623250e-03   3.556251e-08   195344
  6.906049e+00   1.273299e-05   2.606538e-03   3.608332e-08   195984
  6.915132e+00   1.271510e-05   2.620601e-03   3.666000e-08   191808
  6.924091e+00   1.279175e-05   2.621260e-03   3.717828e-08   190872
  6.933181e+00   1.276884e-05   2.599770e-03   3.653226e-08   191936
  6.942265e+00   1.266561e-05   2.617582e-03   3.697098e-08   188628
  6.951324e+00   1.280229e-05   2.628777e-03   3.733503e-08   189444
  6.960427e+00   1.267950e-05   2.612663e-03   3.753032e-08   186252
  6.969434e+00   1.270134e-05   2.602673e-03   3.781930e-08   184568
  6.978542e+00   1.283995e-05   2.606474e-03   3.802492e-08   185832
  6.987640e+00   1.271997e-05   2.634712e-03   3.838909e-08   182400
  6.996668e+00   1.287214e-05   2.614527e-03   3.882370e-08   181332
  7.005763e+00   1.279369e-05   2.609528e-03   3.885777e-08   180380
  7.014802e+00   1.261797e-05   2.618053e-03   3.852411e-08   178236
  7.023907e+00   1.274380e-05   2.617793e-03   3.923003e-08   179184
  7.033000e+00   1.270516e-05   2.624156e-03   3.936036e-08   174900
  7.042023e+00   1.271191e-05   2.624568e-03   3.949388e-08   175568
  7.051185e+00   1.272354e-05   2.617161e-03   3.981867e-08   174828
  7.060219e+00   1.267387e-05   2.622279e-03   4.040006e-08   169896
  7.069251e+00   1.278489e-05   2.622067e-03   4.047197e-08   171844
  7.078372e+00   1.269923e-05   2.620180e-03   4.091649e-08   169192
  7.087394e+00   1.263968e-05   2.618915e-03   4.127102e-08   167364
  7.096516e+00   1.282517e-05   2.624796e-03   4.151251e-08   168192
  7.105572e+00   1.261398e-05   2.622708e-03   4.173630e-08   163220
  7.114627e+00   1.267592e-05   2.637430e-03   4.133737e-08   166152
  7.123779e+00   1.271782e-05   2.586081e-03   4.267810e-08   161460
  7.132768e+00   1.264568e-05   2.632532e-03   4.210455e-08   159972
  7.141807e+00   1.272523e-05   2.604853e-03   4.306116e-08   159600
  7.150886e+00   1.265253e-05   2.622272e-03   4.288705e-08   158036
  7.159974e+00   1.267168e-05   2.631032e-03   4.376602e-08   158100
  7.169100e+00   1.263602e-05   2.616141e-03   4.342389e-08   155232
  7.178056e+00   1.267555e-05   2.593791e-03   4.433707e-08   151104
  7.187147e+00   1.278137e-05   2.635944e-03   4.462796e-08   155672
  7.196335e+00   1.261520e-05   2.631265e-03   4.500487e-08   151404
  7.205345e+00   1.262232e-05   2.598160e-03   4.499825e-08   148356
  7.214372e+00   1.268554e-05   2.589852e-03   4.579460e-08   147132
  7.223407e+00   1.237240e-05   2.655060e-03   4.482827e-08   147416
  7.232510e+00   1.269994e-05   2.593672e-03   4.623194e-08   145992
  7.241635e+00   1.251326e-05   2.633518e-03   4.583815e-08   143856
  7.250586e+00   1.262432e-05   2.599737e-03   4.725370e-08   140328
  7.259711e+00   1.262219e-05   2.624214e-03   4.696254e-08   143912
  7.268797e+00   1.219558e-05   2.591919e-03   4.612445e-08   136968
  7.277806e+00   1.253713e-05   2.630395e-03   4.795522e-08   139536
  7.286957e+00   1.243139e-05   2.619453e-03   4.762764e-08   136548
  7.295922e+00   1.216346e-05   2.605166e-03   4.710826e-08   133400
  7.305025e+00   1.252698e-05   2.599895e-03   4.863164e-08   135540
  7.314178e+00   1.233226e-05   2.657833e-03   4.821053e-08   132096
  7.323141e+00   1.231073e-05   2.610591e-03   4.942907e-08   129540
  7.332271e+00   1.238017e-05   2.599826e-03   4.951539e-08   130640
  7.341337e+00   1.193805e-05   2.625521e-03   4.846384e-08   126276
  7.350409e+00   1.245346e-05   2.647398e-03   5.082339e-08   128484
  7.359577e+00   1.222532e-05   2.616732e-03   5.042578e-08   124080
  7.368546e+00   1.185851e-05   2.613728e-03   4.933087e-08   122312
  7.377671e+00   1.221872e-05   2.603604e-03   5.096666e-08   123156
  7.386783e+00   1.169480e-05   2.661483e-03   4.926543e-08   119688
  7.395710e+00   1.193886e-05   2.580166e-03   5.208045e-08   116648
  7.404847e+00   1.184280e-05   2.648967e-03   5.105764e-08   119688
  7.413935e+00   1.145193e-05   2.609835e-03   4.956164e-08   114276
  7.422960e+00   1.188810e-05   2.586803e-03   5.250255e-08   114060
  7.432048e+00   1.153120e-05   2.646312e-03   5.174100e-08   112576
  7.441114e+00   1.148228e-05   2.639935e-03   5.192126e-08   112156
  7.450273e+00   1.155129e-05   2.566499e-03   5.255362e-08   109404
  7.459254e+00   1.115347e-05   2.611417e-03   5.120723e-08   105900
  7.468237e+00   1.156439e-05   2.637872e-03   5.397954e-08   107160
  7.477375e+00   1.127760e-05   2.612986e-03   5.313670e-08   105104
  7.486467e+00   1.086723e-05   2.634211e-03   5.082858e-08   103800
  7.495559e+00   1.100163e-05   2.601157e-03   5.246370e-08   101340
  7.504580e+00   1.084039e-05   2.640021e-03   5.258398e-08   99740
  7.513585e+00   1.066181e-05   2.575635e-03   5.231559e-08   97968
  7.522706e+00   1.053681e-05   2.616847e-03   5.145795e-08   97908
  7.531792e+00   1.031514e-05   2.643622e-03   5.056828e-08   95328
  7.540832e+00   1.042656e-05   2.605900e-03   5.245178e-08   93600
  7.549912e+00   1.011407e-05   2.605734e-03   5.080560e-08   92312
  7.558992e+00   9.987964e-06   2.618658e-03   5.062826e-08   91044
  7.568059e+00   9.763016e-06   2.612106e-03   4.962612e-08   88500
  7.577009e+00   9.726231e-06   2.585157e-03   5.004771e-08   86128
  7.586086e+00   9.315114e-06   2.631574e-03   4.624341e-08   87247
  7.595306e+00   9.103265e-06   2.647235e-03   4.516504e-08   86064
  7.604391e+00   9.014563e-06   2.579330e-03   4.620835e-08   81648
  7.613367e+00   8.986299e-06   2.630079e-03   4.568870e-08   81582
  7.622470e+00   8.726306e-06   2.636705e-03   4.405718e-08   81356
  7.631589e+00   8.682674e-06   2.593390e-03   4.559166e-08   78888
  7.640618e+00   8.373764e-06   2.624234e-03   4.248535e-08   77250
  7.649578e+00   8.570964e-06   2.630621e-03   4.398757e-08   76014
  7.658687e+00   8.223015e-06   2.647741e-03   4.208045e-08   76970
  7.667856e+00   8.181714e-06   2.583065e-03   4.296650e-08   74094
  7.676946e+00   8.192721e-06   2.658717e-03   4.260249e-08   73818
  7.685964e+00   8.096773e-06   2.605886e-03   4.265896e-08   71014
  7.695028e+00   7.870173e-06   2.631844e-03   4.098974e-08   72028
  7.704163e+00   7.835703e-06   2.579220e-03   4.130849e-08   69426
  7.713217e+00   7.777119e-06   2.662246e-03   4.165289e-08   69288
  7.722252e+00   7.646442e-06   2.617804e-03   4.093976e-08   67068
  7.731285e+00   7.441864e-06   2.609414e-03   3.967599e-08   66926
  7.740420e+00   7.423473e-06   2.627899e-03   3.985895e-08   66348
  7.749518e+00   7.325397e-06   2.634042e-03   4.006826e-08   64728
  7.758512e+00   7.202782e-06   2.592304e-03   3.949872e-08   62820
  7.767581e+00   7.221599e-06   2.633895e-03   3.875848e-08   63716
  7.776742e+00   7.029456e-06   2.610492e-03   3.838768e-08   62160
  7.785764e+00   6.916452e-06   2.587777e-03   3.905593e-08   59940
  7.794759e+00   6.981096e-06   2.638843e-03   3.916133e-08   60008
  7.803863e+00   6.849869e-06   2.623177e-03   3.824404e-08   59772
  7.812963e+00   6.654279e-06   2.550409e-03   3.660986e-08   57618
  7.821976e+00   6.636001e-06   2.615753e-03   3.697501e-08   56868
  7.830998e+00   6.667412e-06   2.660466e-03   3.774551e-08   56676
  7.840079e+00   6.460479e-06   2.582054e-03   3.627122e-08   55544
  7.849158e+00   6.357640e-06   2.560785e-03   3.623396e-08   54342
  7.858276e+00   6.524420e-06   2.685614e-03   3.760651e-08   54768
  7.867301e+00   6.356776e-06   2.591620e-03   3.716598e-08   52038
  7.876309e+00   6.181688e-06   2.574725e-03   3.528396e-08   52280
  7.885493e+00   6.180559e-06   2.638728e-03   3.560398e-08   52188
  7.894575e+00   6.151052e-06   2.639797e-03   3.635294e-08   50190
  7.903546e+00   6.030225e-06   2.609892e-03   3.487684e-08   49264
  7.912591e+00   5.914229e-06   2.586420e-03   3.405013e-08   49054
  7.921792e+00   6.022035e-06   2.666967e-03   3.524045e-08   49488
  7.930922e+00   5.812162e-06   2.616603e-03   3.420603e-08   46830
  7.939817e+00   5.795347e-06   2.596768e-03   3.436766e-08   45708
  7.948884e+00   5.839412e-06   2.647467e-03   3.512948e-08   46922
  7.958087e+00   5.623018e-06   2.606259e-03   3.356164e-08   45468
  7.967154e+00   5.571680e-06   2.625511e-03   3.329762e-08   44130
  7.976105e+00   5.610808e-06   2.621181e-03   3.495580e-08   43230
  7.985220e+00   5.500910e-06   2.653602e-03   3.298126e-08   44108
  7.994405e+00   5.368898e-06   2.576516e-03   3.269258e-08   42162
  8.003426e+00   5.349874e-06   2.641401e-03   3.316168e-08   41358
  8.012361e+00   5.342122e-06   2.625903e-03   3.379536e-08   40440
  8.021475e+00   5.215939e-06   2.633731e-03   3.219094e-08   41246
  8.030713e+00   5.199499e-06   2.589348e-03   3.242459e-08   39906
  8.039764e+00   5.140539e-06   2.623720e-03   3.310914e-08   38508
  8.048683e+00   5.221231e-06   2.632711e-03   3.351519e-08   37854
  8.057750e+00   4.950014e-06   2.605631e-03   3.135407e-08   38162
  8.066931e+00   4.910974e-06   2.576429e-03   3.136899e-08   37212
  8.076028e+00   4.962782e-06   2.647169e-03   3.213847e-08   36450
  8.084927e+00   4.918537e-06   2.574383e-03   3.244049e-08   34710
  8.093944e+00   4.819142e-06   2.616589e-03   3.175441e-08   35822
  8.103162e+00   4.818652e-06   2.596989e-03   3.151761e-08   34896
  8.112256e+00   4.761896e-06   2.633638e-03   3.157478e-08   33822
  8.121152e+00   4.719744e-06   2.575366e-03   3.132833e-08   32514
  8.130221e+00   4.671649e-06   2.621719e-03   3.075157e-08   33638
  8.139432e+00   4.624382e-06   2.559506e-03   3.165913e-08   32166
  8.148431e+00   4.551582e-06   2.620560e-03   3.099354e-08   31200
  8.157314e+00   4.585716e-06   2.607529e-03   3.283209e-08   30558
  8.166408e+00   4.439593e-06   2.601687e-03   2.937153e-08   31178
  8.175695e+00   4.391102e-06   2.607556e-03   2.973704e-08   30510
  8.184783e+00   4.444731e-06   2.633887e-03   3.150232e-08   28998
  8.193648e+00   4.375975e-06   2.631181e-03   3.112173e-08   28290
  8.202745e+00   4.278489e-06   2.647779e-03   2.993877e-08   29126
  8.212006e+00   4.269852e-06   2.591186e-03   3.061190e-08   28008
  8.221098e+00   4.288546e-06   2.666753e-03   3.111868e-08   27222
  8.230039e+00   4.297663e-06   2.651380e-03   3.115352e-08   26346
  8.239112e+00   4.186914e-06   2.637270e-03   3.026739e-08   26774
  8.248301e+00   4.206438e-06   2.582692e-03   3.070403e-08   25734
  8.257391e+00   4.106497e-06   2.699511e-03   3.020851e-08   25458
  8.266342e+00   4.157220e-06   2.613974e-03   3.161991e-08   24206
  8.275440e+00   3.997561e-06   2.631075e-03   2.912626e-08   25026
  8.284676e+00   4.072782e-06   2.559691e-03   3.120239e-08   23718
  8.293663e+00   3.971219e-06   2.669914e-03   3.077008e-08   23094
  8.302511e+00   4.037261e-06   2.612405e-03   3.126867e-08   22328
  8.311622e+00   3.898303e-06   2.608336e-03   3.023002e-08   23166
  8.320983e+00   3.864567e-06   2.587209e-03   3.041543e-08   22386
  8.330056e+00   3.835254e-06   2.652528e-03   3.031339e-08   21126
  8.338808e+00   3.853783e-06   2.613441e-03   3.046089e-08   20358
  8.347879e+00   3.846423e-06   2.612774e-03   3.103064e-08   21362
  8.357228e+00   3.852166e-06   2.551190e-03   3.134620e-08   20478
  8.366290e+00   3.832998e-06   2.645888e-03   3.202887e-08   19458
  8.375060e+00   3.739791e-06   2.631888e-03   3.121079e-08   18750
  8.384127e+00   3.734609e-06   2.619616e-03   3.110149e-08   19574
  8.393484e+00   3.651023e-06   2.562750e-03   3.068569e-08   18858
  8.402557e+00   3.654393e-06   2.632038e-03   3.231682e-08   17790
  8.411297e+00   3.695406e-06   2.611387e-03   3.240701e-08   17106
  8.420373e+00   3.626560e-06   2.631560e-03   3.113141e-08   17990
  8.429730e+00   3.557049e-06   2.569143e-03   3.147562e-08   17190
  8.438840e+00   3.579344e-06   2.675823e-03   3.142913e-08   16458
  8.447595e+00   3.684525e-06   2.581317e-03   3.401215e-08   15486
  8.456638e+00   3.472353e-06   2.602834e-03   2.995595e-08   16382
  8.466048e+00   3.537629e-06   2.607479e-03   3.199337e-08   15858
  8.475174e+00   3.538142e-06   2.684165e-03   3.399283e-08   14862
  8.483877e+00   3.514660e-06   2.589242e-03   3.323132e-08   14082
  8.492957e+00   3.357972e-06   2.585637e-03   3.094013e-08   14990
  8.502407e+00   3.479268e-06   2.569499e-03   3.370598e-08   14358
  8.511493e+00   3.509525e-06   2.696431e-03   3.457447e-08   13386
  8.520108e+00   3.495115e-06   2.603529e-03   3.480045e-08   12678
  8.529211e+00   3.339858e-06   2.585078e-03   3.229440e-08   13700
  8.538705e+00   3.375041e-06   2.510045e-03   3.286101e-08   12942
  8.547834e+00   3.362978e-06   2.718132e-03   3.494600e-08   12198
  8.556337e+00   3.477064e-06   2.578240e-03   3.685738e-08   11114
  8.565375e+00   3.308025e-06   2.609306e-03   3.363740e-08   12486
  8.574911e+00   3.346495e-06   2.464855e-03   3.456502e-08   11610
  8.584085e+00   3.441898e-06   2.722839e-03   3.679231e-08   11094
  8.592611e+00   3.303267e-06   2.591004e-03   3.775449e-08   9902
  8.601610e+00   3.332255e-06   2.636300e-03   3.623247e-08   11226
  8.611132e+00   3.241811e-06   2.439024e-03   3.565725e-08   10326
  8.620335e+00   3.284163e-06   2.732910e-03   3.676414e-08   10074
  8.628927e+00   3.320609e-06   2.563697e-03   3.982049e-08   8774
  8.637841e+00   3.269551e-06   2.633854e-03   3.562387e-08   9942
  8.647356e+00   3.394301e-06   2.481700e-03   3.962382e-08   9252
  8.656542e+00   3.263662e-06   2.719032e-03   3.871485e-08   8886
  8.665127e+00   3.329160e-06   2.536702e-03   4.122886e-08   7850
  8.674137e+00   3.220150e-06   2.643225e-03   3.762011e-08   8886
  8.683660e+00   3.230293e-06   2.505223e-03   4.087463e-08   8142
  8.692747e+00   3.251326e-06   2.734631e-03   4.207445e-08   7746
  8.701235e+00   3.269445e-06   2.479928e-03   4.348683e-08   6926
  8.710398e+00   3.273305e-06   2.625977e-03   4.073629e-08   7974
  8.719972e+00   3.314353e-06   2.497871e-03   4.355718e-08   7074
  8.728946e+00   3.219713e-06   2.803475e-03   4.395438e-08   6744
  8.737393e+00   3.279980e-06   2.487089e-03   4.956495e-08   6114
  8.746717e+00   3.247122e-06   2.576950e-03   4.311268e-08   7094
  8.756451e+00   3.189688e-06   2.466728e-03   4.429870e-08   6174
  8.765317e+00   3.232500e-06   2.882234e-03   4.716678e-08   5754
  8.773526e+00   3.300770e-06   2.470763e-03   5.065096e-08   5214
  8.782979e+00   3.261503e-06   2.536692e-03   4.702518e-08   6338
  8.792979e+00   3.217398e-06   2.331458e-03   4.946108e-08   5352
  8.801745e+00   3.171290e-06   2.942830e-03   5.015082e-08   4830
  8.809577e+00   3.226177e-06   2.440626e-03   5.503371e-08   4338
  8.819088e+00   3.149399e-06   2.466506e-03   4.661852e-08   5558
  8.829506e+00   3.314100e-06   2.286590e-03   5.314926e-08   4866
  8.838456e+00   3.211672e-06   2.845549e-03   5.769060e-08   3846
  8.845551e+00   3.333454e-06   2.390214e-03   6.155403e-08   3510
  8.855114e+00   3.257162e-06   2.377108e-03   5.249781e-08   4820
  8.865842e+00   3.230412e-06   2.148003e-03   5.349667e-08   4278
  8.875139e+00   3.329190e-06   2.740619e-03   6.608620e-08   3174
  8.881548e+00   3.394285e-06   2.376638e-03   6.683793e-08   2730
  8.891079e+00   3.183840e-06   2.275017e-03   5.526279e-08   4094
  8.902028e+00   3.266810e-06   2.005095e-03   6.142596e-08   3666
  8.911764e+00   3.253230e-06   2.622331e-03   7.350322e-08   2712
  8.917572e+00   3.479610e-06   2.306552e-03   8.609294e-08   1998
  8.927035e+00   3.363683e-06   2.178777e-03   6.481282e-08   3434
  8.938206e+00   3.350380e-06   1.874742e-03   6.650725e-08   3078
  8.948406e+00   3.308322e-06   2.463088e-03   7.977456e-08   2334
  8.953593e+00   3.314877e-06   2.139347e-03   9.728984e-08   1340
  8.962972e+00   3.424034e-06   2.042190e-03   7.219879e-08   2838
  8.974405e+00   3.345399e-06   1.686448e-03   7.276605e-08   2538
  8.985086e+00   3.425114e-06   2.133008e-03   8.317301e-08   1974
  8.989363e+00   3.371888e-06   1.597197e-03   1.381287e-07   774
  8.998785e+00   3.316532e-06   1.805884e-03   7.345613e-08   2300
  9.010503e+00   3.298517e-06   1.443067e-03   7.858064e-08   2046
  9.021662e+00   3.389470e-06   1.600694e-03   9.126663e-08   1626
  9.025286e+00   3.325970e-06   1.523967e-03   2.013449e-07   398
  9.034532e+00   3.514455e-06   1.406175e-03   9.399020e-08   1758
  9.046429e+00   3.670446e-06   1.245604e-03   1.102146e-07   1596
  9.058055e+00   3.461990e-06   9.047964e-04   1.075947e-07   1302
  9.060911e+00   3.979083e-06   6.631910e-04   3.620610e-07   150
  9.070321e+00   3.522515e-06   1.037373e-03   1.064341e-07   1298
  9.082270e+00   3.794222e-06   9.268458e-04   1.241343e-07   1158
  9.094153e+00   3.652769e-06   7.089170e-04   1.240245e-07   996
  9.096718e+00   3.643798e-06   2.893166e-04   6.807071e-07   30
  9.106194e+00   3.550031e-06   7.252727e-04   1.419330e-07   902
  9.118169e+00   3.746026e-06   6.341704e-04   1.558790e-07   786
  9.130151e+00   4.099225e-06   5.494841e-04   1.623030e-07   678
  9.142143e+00   4.241192e-06   4.711813e-04   1.891021e-07   578
  9.154142e+00   3.914330e-06   3.992277e-04   2.088580e-07   486
  9.166149e+00   3.874054e-06   3.335827e-04   2.491943e-07   402
  9.178165e+00   3.732457e-06   2.741994e-04   2.101893e-07   326
  9.190189e+00   3.499301e-06   2.210183e-04   2.379515e-07   258
  9.202221e+00   4.147142e-06   1.739599e-04   3.393318e-07   198
  9.214261e+00   4.027297e-06   1.329086e-04   3.985214e-07   146
  9.226309e+00   4.625933e-06   9.768253e-05   5.311440e-07   102
  9.238365e+00   5.698995e-06   6.797540e-05   6.643085e-07   66
  9.250429e+00   4.442515e-06   4.322768e-05   7.830306e-07   38
  9.262500e+00   3.541638e-06   2.232391e-05   1.015239e-06   18
  9.274577e+00   5.611514e-06   0.000000e+00   1.259748e-06   6
