# power spectrum of delta
# redshift z=100.000000
# k              Pk             sigma(k)       sigma(Pk)      count
  6.981317e-03   4.658388e-08   0.000000e+00   2.006307e-08   6
  9.873073e-03   8.796226e-08   0.000000e+00   1.885667e-08   12
  1.209200e-02   1.348404e-07   1.324548e-10   2.954045e-08   8
  1.396263e-02   7.466531e-07   0.000000e+00   8.655224e-08   6
  1.561070e-02   7.718601e-07   0.000000e+00   2.652159e-07   24
  1.710066e-02   1.523303e-06   2.497591e-10   2.767367e-07   24
  1.974615e-02   1.123683e-06   0.000000e+00   5.456276e-07   12
  2.094395e-02   1.600649e-06   2.825702e-10   3.179886e-07   30
  2.207686e-02   2.399598e-06   0.000000e+00   5.706769e-07   24
  2.315441e-02   2.577397e-06   4.325955e-10   6.895679e-07   24
  2.418399e-02   3.490964e-06   2.649095e-10   7.634827e-07   8
  2.517150e-02   3.383282e-06   3.532127e-10   4.537821e-07   24
  2.612170e-02   3.605140e-06   0.000000e+00   5.468889e-07   48
  2.792527e-02   5.324189e-06   0.000000e+00   2.527710e-06   6
  2.878471e-02   4.714449e-06   4.995182e-10   7.148176e-07   48
  2.961922e-02   4.804650e-06   0.000000e+00   5.395322e-07   36
  3.043086e-02   7.559102e-06   3.532127e-10   1.706537e-06   24
  3.122140e-02   4.823517e-06   0.000000e+00   8.962533e-07   24
  3.199241e-02   4.679921e-06   0.000000e+00   6.868457e-07   48
  3.274528e-02   7.839223e-06   4.995182e-10   1.204527e-06   24
  3.420133e-02   7.202875e-06   4.995182e-10   1.222736e-06   24
  3.490659e-02   5.259647e-06   0.000000e+00   9.295382e-07   30
  3.559787e-02   5.993308e-06   0.000000e+00   7.146177e-07   72
  3.627599e-02   6.214234e-06   5.298191e-10   1.366653e-06   32
  3.759554e-02   9.352431e-06   0.000000e+00   1.171136e-06   72
  3.823825e-02   6.021967e-06   0.000000e+00   9.508069e-07   48
  3.949229e-02   3.570775e-06   0.000000e+00   1.146718e-06   12
  4.040617e-02   7.179513e-06   3.015554e-04   7.079618e-07   96
  4.130203e-02   9.637174e-06   4.995182e-10   1.313180e-06   48
  4.188790e-02   1.216801e-05   5.651403e-10   2.302227e-06   30
  4.289322e-02   1.196514e-05   2.468323e-04   1.206987e-06   96
  4.415373e-02   7.867965e-06   0.000000e+00   1.613021e-06   24
  4.488286e-02   1.177631e-05   2.554377e-04   1.025860e-06   144
  4.577956e-02   8.828116e-06   8.651909e-10   2.338874e-06   24
  4.670128e-02   1.409857e-05   2.265869e-04   1.744652e-06   96
  4.734960e-02   1.288587e-05   0.000000e+00   2.141120e-06   48
  4.880454e-02   1.760573e-05   1.680322e-04   2.147394e-06   62
  4.954399e-02   1.353456e-05   2.362943e-04   1.755738e-06   132
  5.034299e-02   9.439593e-06   7.064254e-10   1.816127e-06   24
  5.109746e-02   1.564666e-05   2.361717e-04   1.442978e-06   168
  5.247559e-02   2.004330e-05   2.321974e-04   1.785335e-06   96
  5.351042e-02   1.460261e-05   1.976214e-04   1.489858e-06   96
  5.478018e-02   1.672763e-05   2.202754e-04   1.490448e-06   168
  5.585054e-02   2.424949e-05   0.000000e+00   1.151424e-05   6
  5.628518e-02   2.055489e-05   0.000000e+00   2.148962e-06   96
  5.680210e-02   2.032128e-05   1.712220e-04   2.158368e-06   120
  5.785059e-02   1.739494e-05   1.988194e-04   1.489502e-06   144
  5.840989e-02   2.104272e-05   0.000000e+00   3.060221e-06   48
  5.947270e-02   1.985425e-05   2.028773e-04   2.304932e-06   84
  6.005556e-02   2.275723e-05   1.384305e-09   2.203601e-06   120
  6.058050e-02   1.821585e-05   1.840967e-04   2.246559e-06   80
  6.139298e-02   1.822066e-05   1.869186e-04   1.443445e-06   144
  6.244280e-02   2.430916e-05   0.000000e+00   4.865355e-06   24
  6.295558e-02   2.749976e-05   1.803682e-04   2.479601e-06   150
  6.375563e-02   2.592157e-05   1.871422e-04   2.032606e-06   120
  6.463421e-02   2.462834e-05   1.705407e-04   2.232377e-06   168
  6.549056e-02   3.894715e-05   9.990364e-10   7.015185e-06   24
  6.602933e-02   2.344666e-05   1.837238e-04   1.605888e-06   264
  6.659752e-02   1.902996e-05   9.990364e-10   2.881133e-06   48
  6.756605e-02   2.628779e-05   1.701754e-04   2.338818e-06   144
  6.863955e-02   3.418610e-05   1.675093e-04   4.526521e-06   72
  6.925220e-02   2.783420e-05   1.723044e-04   1.925437e-06   180
  7.010861e-02   3.059228e-05   1.248463e-04   2.471285e-06   198
  7.050785e-02   3.270046e-05   0.000000e+00   3.851505e-06   48
  7.139087e-02   2.759838e-05   1.689830e-04   2.248833e-06   168
  7.204618e-02   3.368194e-05   1.691234e-04   3.307362e-06   144
  7.303754e-02   3.295738e-05   2.376278e-04   1.857429e-06   248
  7.437624e-02   2.498600e-05   1.638251e-04   1.897837e-06   192
  7.528783e-02   3.380459e-05   2.530519e-04   2.385373e-06   240
  7.583651e-02   3.766336e-05   0.000000e+00   4.405142e-06   72
  7.667335e-02   4.034965e-05   1.544231e-04   3.797674e-06   126
  7.720128e-02   4.371955e-05   1.424762e-04   3.730270e-06   168
  7.820929e-02   4.241510e-05   1.557960e-04   2.552550e-06   288
  7.926883e-02   4.029428e-05   8.205478e-05   3.698506e-06   156
  7.981752e-02   3.504080e-05   1.380400e-04   3.297104e-06   168
  8.064959e-02   3.833306e-05   2.366452e-04   2.535483e-06   264
  8.141545e-02   3.703173e-05   0.000000e+00   4.926787e-06   48
  8.198455e-02   3.789276e-05   2.355193e-04   2.680664e-06   264
  8.280038e-02   3.955464e-05   1.388237e-04   3.542389e-06   144
  8.341654e-02   4.505403e-05   2.840264e-04   5.503569e-06   78
  8.431409e-02   3.738993e-05   1.846288e-04   2.231704e-06   336
  8.516051e-02   3.555430e-05   1.404725e-04   2.589218e-06   200
  8.571637e-02   3.523374e-05   2.750470e-04   2.882897e-06   192
  8.646682e-02   4.481456e-05   1.380255e-04   3.428217e-06   240
  8.715625e-02   4.841692e-05   2.766113e-04   3.599161e-06   168
  8.786453e-02   4.072602e-05   2.214629e-04   3.771292e-06   120
  8.871517e-02   4.627534e-05   1.730926e-04   2.656898e-06   324
  8.954056e-02   4.242922e-05   1.360802e-04   3.115690e-06   192
  9.010233e-02   4.861187e-05   2.440524e-04   3.790633e-06   168
  9.105789e-02   3.695119e-05   2.010084e-04   2.200602e-06   342
  9.191948e-02   5.186318e-05   1.618522e-04   2.858276e-06   336
  9.279280e-02   5.868646e-05   1.238595e-04   7.047043e-06   72
  9.338170e-02   4.755007e-05   1.980966e-04   3.409765e-06   288
  9.406534e-02   4.815142e-05   1.290142e-04   3.760844e-06   264
  9.502016e-02   4.366817e-05   1.696854e-04   2.544583e-06   384
  9.587541e-02   4.664058e-05   2.036667e-04   3.752843e-06   240
  9.623081e-02   4.991023e-05   0.000000e+00   6.551189e-06   48
  9.725881e-02   5.007243e-05   1.667145e-04   2.719003e-06   392
  9.804310e-02   4.685870e-05   1.829608e-04   2.864182e-06   294
  9.888643e-02   4.741192e-05   1.189150e-04   3.790054e-06   228
  9.944107e-02   5.696753e-05   1.805898e-04   4.005106e-06   216
  1.001312e-01   4.813763e-05   1.100028e-04   2.736976e-06   336
  1.009759e-01   5.235243e-05   1.307014e-04   3.225496e-06   360
  1.016733e-01   5.767347e-05   1.991329e-04   3.831882e-06   240
  1.023999e-01   5.333749e-05   2.356199e-04   4.036207e-06   168
  1.030777e-01   5.065363e-05   1.854615e-04   3.094179e-06   312
  1.038853e-01   5.114762e-05   1.160682e-04   2.804992e-06   336
  1.047576e-01   5.662894e-05   1.583386e-04   3.700224e-06   294
  1.054154e-01   6.466795e-05   2.110330e-04   4.281278e-06   288
  1.059187e-01   4.597743e-05   1.320504e-04   3.234995e-06   264
  1.068162e-01   5.458241e-05   2.268287e-04   2.980295e-06   480
  1.075666e-01   6.190038e-05   1.109638e-04   3.977017e-06   240
  1.084866e-01   6.246324e-05   1.122040e-04   3.938708e-06   276
  1.092125e-01   5.980317e-05   2.463098e-04   2.692738e-06   488
  1.100748e-01   6.979062e-05   1.084801e-04   6.610811e-06   240
  1.105753e-01   6.413189e-05   2.106404e-04   3.414039e-06   360
  1.112771e-01   5.508253e-05   7.494267e-05   4.409075e-06   198
  1.121797e-01   5.494377e-05   2.532343e-04   2.574018e-06   480
  1.128406e-01   5.605228e-05   9.347002e-05   3.664433e-06   288
  1.137546e-01   6.628984e-05   1.975743e-04   3.384262e-06   480
  1.145765e-01   6.927257e-05   1.217308e-04   3.145575e-06   480
  1.154206e-01   6.201803e-05   1.574385e-04   4.476044e-06   288
  1.159472e-01   7.065870e-05   1.679579e-04   4.319204e-06   288
  1.167755e-01   6.950391e-05   2.919951e-04   3.613463e-06   456
  1.176095e-01   7.913020e-05   2.749914e-04   4.200005e-06   360
  1.181472e-01   7.164793e-05   1.648379e-04   4.778667e-06   180
  1.189254e-01   6.197077e-05   1.795286e-04   2.838227e-06   486
  1.197141e-01   7.118440e-05   2.388307e-04   3.445105e-06   504
  1.205161e-01   7.787921e-05   1.855594e-04   3.968644e-06   456
  1.211810e-01   7.665128e-05   1.541671e-04   4.831506e-06   296
  1.220596e-01   7.413479e-05   1.521272e-04   3.509080e-06   528
  1.227203e-01   7.632934e-05   1.501100e-04   4.157960e-06   336
  1.236934e-01   7.882929e-05   1.665002e-04   3.504367e-06   600
  1.244057e-01   6.719992e-05   9.754468e-05   4.293122e-06   264
  1.251195e-01   8.079201e-05   1.054830e-04   4.256164e-06   360
  1.258481e-01   7.874030e-05   2.111873e-04   3.686284e-06   630
  1.266510e-01   9.254854e-05   1.090129e-04   4.734347e-06   432
  1.273631e-01   9.043655e-05   2.100403e-04   4.585156e-06   408
  1.282373e-01   8.478749e-05   1.394119e-04   4.929217e-06   324
  1.288876e-01   8.190360e-05   1.986790e-04   3.303659e-06   744
  1.296721e-01   8.148062e-05   1.588306e-04   4.888013e-06   336
  1.304216e-01   9.437295e-05   2.183516e-04   4.441095e-06   528
  1.312435e-01   8.150626e-05   1.114096e-04   4.659198e-06   408
  1.317884e-01   8.074610e-05   1.896193e-04   4.278200e-06   408
  1.326887e-01   8.484985e-05   1.565369e-04   4.099114e-06   470
  1.333445e-01   9.151187e-05   1.880514e-04   4.458945e-06   528
  1.342603e-01   8.048681e-05   1.566978e-04   3.204296e-06   624
  1.349348e-01   9.338271e-05   1.192322e-04   4.631701e-06   504
  1.356307e-01   8.249027e-05   1.660816e-04   3.828178e-06   552
  1.363209e-01   9.196755e-05   8.073505e-05   4.970261e-06   336
  1.371852e-01   9.986823e-05   1.718531e-04   4.673991e-06   528
  1.378548e-01   9.550058e-05   1.956580e-04   4.057828e-06   564
  1.386390e-01   9.233177e-05   1.800826e-04   4.768753e-06   528
  1.394892e-01   1.028672e-04   2.795837e-04   4.841807e-06   582
  1.402624e-01   9.602742e-05   2.152373e-04   4.092220e-06   624
  1.409386e-01   9.475623e-05   2.460576e-04   5.123789e-06   432
  1.417455e-01   1.000314e-04   2.736962e-04   3.671201e-06   816
  1.425756e-01   1.051204e-04   1.247384e-04   6.219762e-06   312
  1.431187e-01   9.323781e-05   2.021663e-04   4.461685e-06   552
  1.439945e-01   9.847959e-05   1.273291e-04   3.919514e-06   744
  1.446289e-01   1.093235e-04   1.189513e-04   6.370746e-06   408
  1.454478e-01   9.588168e-05   1.704624e-04   4.150141e-06   632
  1.462985e-01   1.126063e-04   2.894884e-04   4.449631e-06   750
  1.469906e-01   1.094229e-04   1.991465e-04   6.242657e-06   312
  1.477618e-01   1.050681e-04   2.940120e-04   3.873800e-06   876
  1.485246e-01   8.646766e-05   1.919724e-04   3.864652e-06   552
  1.493841e-01   1.076115e-04   1.587605e-04   4.536661e-06   696
  1.499696e-01   1.080269e-04   1.752414e-04   4.922223e-06   576
  1.507664e-01   9.734102e-05   1.855385e-04   4.833902e-06   576
  1.514465e-01   1.111410e-04   2.486222e-04   4.691856e-06   648
  1.522684e-01   1.111983e-04   2.488552e-04   4.366351e-06   672
  1.531758e-01   1.088667e-04   1.055551e-04   5.544780e-06   480
  1.537566e-01   1.025327e-04   1.634649e-04   3.925198e-06   726
  1.545045e-01   1.141195e-04   1.852270e-04   4.270857e-06   792
  1.553145e-01   1.060156e-04   2.569587e-04   4.159053e-06   768
  1.561682e-01   1.120087e-04   2.100026e-04   4.496979e-06   672
  1.569509e-01   1.098600e-04   1.408653e-04   4.560771e-06   608
  1.575175e-01   1.057673e-04   1.352350e-04   4.472724e-06   624
  1.583259e-01   1.070459e-04   1.757367e-04   4.153471e-06   684
  1.591122e-01   1.098839e-04   2.595836e-04   4.030476e-06   768
  1.598439e-01   1.149660e-04   2.075353e-04   4.222409e-06   744
  1.607159e-01   1.086929e-04   1.306765e-04   4.011230e-06   750
  1.613514e-01   1.025605e-04   1.942333e-04   4.777797e-06   600
  1.620386e-01   1.093765e-04   2.062407e-04   4.728328e-06   600
  1.628877e-01   1.142847e-04   2.376796e-04   3.738909e-06   1008
  1.635620e-01   1.158842e-04   1.318253e-04   4.674694e-06   696
  1.643092e-01   1.204336e-04   1.741471e-04   5.226701e-06   624
  1.650603e-01   1.179268e-04   2.709950e-04   4.626154e-06   840
  1.659137e-01   1.262193e-04   1.843902e-04   4.638879e-06   816
  1.666059e-01   1.145999e-04   1.224763e-04   4.208290e-06   744
  1.673049e-01   1.191514e-04   2.165180e-04   5.339378e-06   510
  1.681493e-01   1.227435e-04   2.078750e-04   4.206626e-06   1020
  1.689352e-01   1.217710e-04   1.677345e-04   4.128700e-06   912
  1.697099e-01   1.271189e-04   2.485081e-04   4.842684e-06   752
  1.703505e-01   1.257350e-04   2.062037e-04   5.128477e-06   888
  1.712247e-01   1.204606e-04   1.330624e-04   4.537272e-06   768
  1.719397e-01   1.245648e-04   2.417861e-04   4.784160e-06   720
  1.727626e-01   1.244901e-04   2.131415e-04   4.223147e-06   1056
  1.734925e-01   1.271414e-04   1.474603e-04   5.901610e-06   504
  1.740906e-01   1.203110e-04   2.302621e-04   4.846713e-06   774
  1.749459e-01   1.262323e-04   2.214513e-04   4.101765e-06   1272
  1.757492e-01   1.314593e-04   1.450854e-04   5.340095e-06   744
  1.764983e-01   1.220410e-04   2.369153e-04   4.637713e-06   768
  1.771855e-01   1.308626e-04   2.003995e-04   4.593108e-06   840
  1.779573e-01   1.388148e-04   1.358654e-04   4.756819e-06   924
  1.787004e-01   1.349257e-04   2.395305e-04   4.702546e-06   936
  1.794308e-01   1.268566e-04   1.664646e-04   4.438590e-06   840
  1.801666e-01   1.425862e-04   1.979070e-04   4.738094e-06   1008
  1.811016e-01   1.321258e-04   2.234186e-04   5.190374e-06   696
  1.816883e-01   1.275834e-04   1.985806e-04   4.320525e-06   974
  1.825599e-01   1.436006e-04   2.637381e-04   4.366355e-06   1152
  1.833177e-01   1.438868e-04   1.032014e-04   5.103869e-06   816
  1.839070e-01   1.312734e-04   2.270315e-04   4.580264e-06   816
  1.846999e-01   1.422978e-04   2.004790e-04   4.336930e-06   1152
  1.855361e-01   1.449907e-04   1.804999e-04   4.899867e-06   912
  1.862965e-01   1.554655e-04   2.193073e-04   4.944355e-06   1056
  1.869477e-01   1.527409e-04   1.875470e-04   6.420097e-06   624
  1.878232e-01   1.457549e-04   2.342709e-04   4.652068e-06   1260
  1.885788e-01   1.530441e-04   1.413022e-04   5.476359e-06   894
  1.893168e-01   1.622150e-04   2.421010e-04   4.664555e-06   1176
  1.900552e-01   1.406622e-04   2.003879e-04   5.540540e-06   840
  1.908956e-01   1.565812e-04   2.277701e-04   4.236448e-06   1440
  1.917780e-01   1.442755e-04   1.280537e-04   4.970594e-06   864
  1.924471e-01   1.638204e-04   2.197464e-04   5.559755e-06   1056
  1.931131e-01   1.668896e-04   1.295596e-04   7.162321e-06   624
  1.939219e-01   1.627407e-04   2.399220e-04   4.469158e-06   1496
  1.946953e-01   1.631901e-04   1.693935e-04   6.495614e-06   936
  1.953838e-01   1.580040e-04   2.452284e-04   5.398784e-06   966
  1.961246e-01   1.580529e-04   1.738279e-04   5.472609e-06   936
  1.969028e-01   1.635273e-04   2.150158e-04   4.781248e-06   1248
  1.976996e-01   1.547276e-04   1.515765e-04   4.780901e-06   1044
  1.984419e-01   1.618225e-04   2.347969e-04   4.841933e-06   1392
  1.990299e-01   1.511322e-04   1.808410e-04   6.175727e-06   600
  1.998710e-01   1.593120e-04   2.054544e-04   4.358324e-06   1416
  2.006596e-01   1.661741e-04   2.211465e-04   5.084549e-06   1152
  2.014587e-01   1.654290e-04   2.121554e-04   5.543731e-06   936
  2.021025e-01   1.681996e-04   2.275471e-04   6.059532e-06   870
  2.028674e-01   1.779885e-04   1.907891e-04   5.500071e-06   1368
  2.037162e-01   1.725431e-04   2.508379e-04   4.753203e-06   1632
  2.044416e-01   1.766408e-04   1.088998e-04   6.616357e-06   816
  2.052268e-01   1.773108e-04   2.484444e-04   5.390278e-06   1200
  2.059119e-01   1.800628e-04   2.375422e-04   5.481689e-06   1184
  2.066079e-01   1.854672e-04   1.802790e-04   6.362267e-06   984
  2.074618e-01   1.754700e-04   2.201022e-04   4.829489e-06   1572
  2.082359e-01   1.917955e-04   1.212141e-04   7.184341e-06   840
  2.089573e-01   1.737706e-04   2.818881e-04   4.804329e-06   1392
  2.097190e-01   1.709934e-04   2.069620e-04   5.596739e-06   1158
  2.103988e-01   1.823386e-04   1.884550e-04   5.411874e-06   1272
  2.112174e-01   1.859839e-04   1.920525e-04   5.337647e-06   1320
  2.119863e-01   1.797305e-04   1.879212e-04   5.932422e-06   1104
  2.127178e-01   1.765636e-04   2.127005e-04   5.248503e-06   1392
  2.134857e-01   1.736358e-04   2.300570e-04   5.271412e-06   1296
  2.142765e-01   1.811178e-04   2.402175e-04   5.122499e-06   1392
  2.150185e-01   1.824994e-04   1.762188e-04   5.807783e-06   1104
  2.157050e-01   1.763405e-04   2.219643e-04   4.959827e-06   1320
  2.166829e-01   1.811376e-04   1.695109e-04   5.107847e-06   1422
  2.173075e-01   1.767602e-04   2.111163e-04   5.447972e-06   1212
  2.180250e-01   1.765750e-04   2.306931e-04   5.032199e-06   1280
  2.187620e-01   1.928522e-04   2.402144e-04   5.737397e-06   1272
  2.194685e-01   1.963640e-04   2.078817e-04   5.153477e-06   1680
  2.203058e-01   1.735334e-04   1.964096e-04   5.468948e-06   1152
  2.210767e-01   1.831858e-04   2.274492e-04   4.733010e-06   1512
  2.218870e-01   1.823930e-04   9.602817e-05   6.508538e-06   912
  2.225276e-01   1.934058e-04   2.420673e-04   4.719729e-06   1680
  2.233796e-01   1.701258e-04   2.144432e-04   4.532808e-06   1518
  2.240111e-01   1.945302e-04   1.985336e-04   6.075879e-06   1056
  2.246763e-01   1.876928e-04   2.004641e-04   5.097436e-06   1344
  2.255361e-01   2.116770e-04   2.152546e-04   5.396873e-06   1680
  2.263141e-01   1.903864e-04   2.121111e-04   5.090610e-06   1656
  2.271642e-01   1.849302e-04   1.802978e-04   6.206165e-06   1140
  2.278024e-01   1.894536e-04   2.087711e-04   5.666890e-06   1368
  2.285533e-01   1.938000e-04   2.374784e-04   5.140028e-06   1656
  2.293167e-01   2.017844e-04   2.432288e-04   5.954552e-06   1448
  2.301476e-01   1.952243e-04   2.284975e-04   5.266078e-06   1422
  2.309150e-01   2.020621e-04   2.522519e-04   5.459794e-06   1512
  2.315713e-01   2.038426e-04   1.923095e-04   6.182808e-06   1296
  2.323307e-01   1.950438e-04   1.755912e-04   4.960807e-06   1824
  2.331516e-01   1.997551e-04   2.276804e-04   5.392683e-06   1464
  2.339809e-01   1.918453e-04   2.031721e-04   4.485908e-06   1824
  2.347506e-01   2.068205e-04   1.615321e-04   5.708049e-06   1416
  2.354202e-01   2.060820e-04   2.366011e-04   5.831567e-06   1392
  2.361430e-01   2.018153e-04   2.183319e-04   5.452490e-06   1464
  2.370249e-01   1.895907e-04   2.134533e-04   5.369442e-06   1524
  2.377064e-01   2.017709e-04   1.967007e-04   5.382652e-06   1686
  2.384940e-01   2.038382e-04   2.342113e-04   5.389398e-06   1800
  2.391710e-01   2.191331e-04   1.859414e-04   6.740205e-06   1344
  2.399220e-01   2.190327e-04   2.169372e-04   6.193358e-06   1656
  2.406750e-01   2.163458e-04   1.732133e-04   5.656359e-06   1488
  2.413292e-01   2.217075e-04   1.729312e-04   5.964366e-06   1536
  2.422407e-01   2.137122e-04   1.921070e-04   5.535880e-06   1760
  2.429470e-01   2.162696e-04   2.136816e-04   5.247539e-06   1824
  2.437638e-01   2.288596e-04   1.793186e-04   6.019676e-06   1560
  2.445497e-01   2.234513e-04   2.059642e-04   5.468753e-06   1926
  2.452889e-01   2.275320e-04   1.464676e-04   6.695418e-06   1272
  2.459635e-01   2.186350e-04   2.461387e-04   5.372034e-06   1848
  2.468503e-01   2.345768e-04   1.988589e-04   5.452646e-06   1908
  2.475248e-01   2.247581e-04   1.939606e-04   6.103909e-06   1488
  2.482365e-01   2.192844e-04   2.187459e-04   5.709706e-06   1800
  2.490081e-01   2.257406e-04   2.189616e-04   5.748147e-06   1752
  2.497471e-01   2.208142e-04   2.328307e-04   6.177039e-06   1368
  2.504867e-01   2.356637e-04   2.188161e-04   5.233615e-06   2016
  2.513001e-01   2.426477e-04   2.311236e-04   6.398361e-06   1542
  2.520508e-01   2.289375e-04   2.263324e-04   5.449429e-06   2184
  2.528818e-01   2.423702e-04   2.070428e-04   5.888697e-06   1776
  2.535996e-01   2.349852e-04   2.366812e-04   7.096616e-06   1568
  2.542838e-01   2.459701e-04   2.162348e-04   5.780652e-06   2040
  2.550283e-01   2.542912e-04   2.311743e-04   6.484384e-06   1704
  2.558077e-01   2.350990e-04   2.317354e-04   6.404345e-06   1512
  2.565425e-01   2.472484e-04   1.976710e-04   5.806135e-06   2028
  2.573681e-01   2.466064e-04   2.384420e-04   5.656621e-06   1968
  2.581229e-01   2.437437e-04   2.418638e-04   5.704944e-06   1854
  2.588616e-01   2.372089e-04   2.305706e-04   5.857803e-06   1632
  2.596186e-01   2.512792e-04   2.369311e-04   5.140696e-06   2424
  2.604032e-01   2.433040e-04   2.371775e-04   6.332803e-06   1560
  2.610665e-01   2.550038e-04   2.241325e-04   6.098575e-06   1728
  2.618680e-01   2.478481e-04   2.392511e-04   5.954365e-06   2088
  2.626747e-01   2.417690e-04   2.277415e-04   5.815553e-06   1968
  2.634168e-01   2.523729e-04   2.254859e-04   5.887931e-06   2256
  2.641610e-01   2.589868e-04   2.004820e-04   6.239376e-06   1728
  2.649379e-01   2.569020e-04   1.976324e-04   7.481833e-06   1416
  2.656261e-01   2.706900e-04   2.083442e-04   5.995525e-06   2246
  2.664053e-01   2.551558e-04   2.307389e-04   6.174052e-06   2148
  2.671508e-01   2.672270e-04   1.949059e-04   7.012346e-06   1680
  2.678525e-01   2.610198e-04   2.464019e-04   5.297398e-06   2280
  2.686959e-01   2.671051e-04   2.294545e-04   5.571515e-06   2352
  2.694837e-01   2.665900e-04   1.927990e-04   6.953915e-06   1632
  2.701069e-01   2.680816e-04   2.206133e-04   6.507021e-06   1968
  2.709622e-01   2.629451e-04   2.263493e-04   6.110675e-06   2112
  2.717552e-01   2.578423e-04   1.700283e-04   6.086108e-06   2208
  2.725258e-01   2.644386e-04   1.714396e-04   6.033610e-06   1974
  2.731340e-01   2.574462e-04   1.677145e-04   6.158886e-06   1944
  2.739557e-01   2.786586e-04   1.897497e-04   6.310328e-06   2160
  2.746679e-01   2.701534e-04   1.774588e-04   6.469465e-06   2040
  2.754375e-01   2.786408e-04   2.482689e-04   6.289072e-06   2352
  2.762269e-01   2.863542e-04   2.062518e-04   6.928046e-06   1836
  2.769474e-01   2.745802e-04   2.200197e-04   5.722059e-06   2352
  2.777564e-01   2.696632e-04   2.307709e-04   6.286023e-06   2008
  2.784979e-01   2.722419e-04   2.270227e-04   6.046459e-06   2464
  2.793248e-01   2.761825e-04   1.831037e-04   6.116843e-06   2118
  2.800030e-01   2.745776e-04   1.840652e-04   6.744205e-06   1848
  2.807011e-01   2.957042e-04   2.435784e-04   6.963217e-06   2280
  2.815443e-01   2.882299e-04   2.317013e-04   6.204837e-06   2472
  2.823322e-01   2.775205e-04   1.548389e-04   6.293495e-06   2280
  2.829937e-01   3.009188e-04   1.892644e-04   7.437726e-06   1992
  2.837070e-01   2.931848e-04   1.989752e-04   6.079561e-06   2184
  2.845295e-01   2.661495e-04   2.400329e-04   5.893676e-06   2352
  2.853221e-01   2.861870e-04   2.529517e-04   6.003233e-06   2496
  2.860982e-01   2.743353e-04   2.362599e-04   6.982001e-06   1770
  2.867943e-01   3.000496e-04   2.038549e-04   6.350699e-06   2568
  2.876311e-01   2.944246e-04   2.500364e-04   6.018894e-06   2712
  2.883918e-01   2.986971e-04   1.985650e-04   6.523370e-06   2448
  2.891514e-01   3.077641e-04   1.673802e-04   6.957273e-06   2064
  2.897815e-01   2.850926e-04   1.766735e-04   7.135943e-06   1944
  2.905984e-01   2.883531e-04   2.182567e-04   6.325648e-06   2480
  2.914319e-01   2.981746e-04   2.370908e-04   5.942511e-06   2880
  2.921701e-01   3.003715e-04   2.274326e-04   6.473087e-06   2304
  2.929412e-01   2.994552e-04   2.089543e-04   6.970197e-06   1806
  2.936249e-01   2.996061e-04   2.049205e-04   5.802824e-06   2856
  2.944817e-01   3.090368e-04   1.965249e-04   6.557606e-06   2568
  2.951337e-01   2.882561e-04   1.971690e-04   6.740908e-06   2112
  2.958434e-01   3.039371e-04   1.899085e-04   7.420528e-06   2028
  2.966047e-01   3.057080e-04   2.247957e-04   5.960746e-06   2712
  2.973777e-01   3.147895e-04   2.421819e-04   6.117512e-06   2952
  2.982085e-01   3.173827e-04   1.871266e-04   7.113031e-06   2112
  2.988801e-01   3.102505e-04   2.193028e-04   6.348944e-06   2520
  2.996869e-01   3.056979e-04   2.115220e-04   6.618967e-06   2376
  3.004217e-01   3.169499e-04   1.695630e-04   6.704908e-06   2526
  3.011844e-01   3.267783e-04   2.110167e-04   6.765483e-06   2664
  3.019396e-01   3.250221e-04   2.516827e-04   6.874971e-06   2408
  3.026635e-01   3.263002e-04   2.016077e-04   6.901709e-06   2568
  3.034018e-01   3.362461e-04   1.900798e-04   6.463613e-06   2904
  3.042027e-01   3.250902e-04   2.132750e-04   6.652866e-06   2544
  3.049636e-01   3.275997e-04   1.570917e-04   7.367249e-06   2160
  3.056816e-01   3.498573e-04   2.715934e-04   7.199416e-06   2652
  3.064747e-01   3.253065e-04   2.150461e-04   6.484455e-06   2784
  3.072379e-01   3.435888e-04   2.123643e-04   6.581442e-06   2694
  3.080287e-01   3.237150e-04   1.908561e-04   6.269141e-06   2952
  3.087159e-01   3.546089e-04   1.807755e-04   7.711587e-06   2208
  3.094159e-01   3.328510e-04   1.926710e-04   7.231513e-06   2304
  3.101972e-01   3.271939e-04   2.505474e-04   5.468173e-06   3504
  3.111085e-01   3.492271e-04   2.028771e-04   7.626582e-06   2616
  3.118192e-01   3.515265e-04   1.981945e-04   7.235552e-06   2664
  3.125038e-01   3.440083e-04   1.841401e-04   7.159724e-06   2448
  3.131937e-01   3.554817e-04   2.564464e-04   7.369725e-06   2472
  3.140053e-01   3.578590e-04   2.038895e-04   6.621088e-06   3134
  3.147692e-01   3.582602e-04   2.229952e-04   7.400246e-06   2616
  3.155319e-01   3.404027e-04   1.806348e-04   7.023709e-06   2712
  3.163165e-01   3.484203e-04   2.071619e-04   6.495879e-06   3204
  3.170664e-01   3.495657e-04   2.385883e-04   7.313879e-06   2760
  3.177786e-01   3.493136e-04   2.081645e-04   6.991983e-06   2688
  3.185640e-01   3.609243e-04   1.968188e-04   7.517090e-06   2760
  3.192585e-01   3.497867e-04   1.625165e-04   7.347900e-06   2568
  3.200583e-01   3.515196e-04   2.523801e-04   6.279025e-06   3336
  3.208259e-01   3.662047e-04   2.136120e-04   7.638638e-06   2334
  3.216010e-01   3.522134e-04   2.363847e-04   6.540208e-06   3264
  3.223254e-01   3.723456e-04   1.718697e-04   7.534302e-06   2760
  3.230683e-01   3.607280e-04   2.075699e-04   6.654541e-06   3192
  3.238247e-01   3.683566e-04   2.155020e-04   7.418371e-06   2904
  3.246292e-01   3.687662e-04   2.162264e-04   7.451643e-06   2784
  3.253026e-01   3.882857e-04   1.779583e-04   8.279585e-06   2592
  3.260687e-01   3.692655e-04   2.425826e-04   6.530218e-06   3284
  3.268828e-01   3.834897e-04   2.436632e-04   7.343940e-06   3168
  3.276111e-01   3.826594e-04   2.010396e-04   7.754061e-06   2616
  3.283768e-01   3.617935e-04   1.942539e-04   6.880946e-06   3222
  3.291216e-01   3.770854e-04   2.179589e-04   6.526652e-06   3240
  3.298429e-01   3.895118e-04   2.205005e-04   8.317823e-06   2568
  3.306629e-01   4.001350e-04   2.023201e-04   7.505409e-06   3120
  3.313485e-01   4.047124e-04   2.224211e-04   7.723629e-06   3168
  3.320859e-01   3.820667e-04   1.947128e-04   7.244336e-06   3240
  3.328926e-01   3.840293e-04   1.997705e-04   7.014824e-06   3144
  3.336762e-01   3.790712e-04   1.904161e-04   7.252194e-06   2856
  3.344169e-01   3.910906e-04   2.033720e-04   7.005797e-06   3264
  3.352551e-01   4.003015e-04   2.247170e-04   7.289441e-06   3318
  3.359148e-01   4.031639e-04   1.573791e-04   8.981190e-06   2556
  3.367009e-01   3.959773e-04   2.688326e-04   6.415564e-06   4008
  3.374968e-01   4.036816e-04   1.984454e-04   8.046087e-06   2904
  3.381778e-01   3.944792e-04   2.029174e-04   7.114056e-06   3144
  3.389529e-01   3.866324e-04   2.115434e-04   7.346287e-06   3200
  3.397551e-01   4.019718e-04   2.086330e-04   7.324744e-06   3312
  3.404742e-01   4.207622e-04   1.681489e-04   8.405496e-06   2832
  3.412771e-01   4.070618e-04   2.419768e-04   6.776105e-06   3984
  3.420226e-01   4.412837e-04   1.967157e-04   1.003040e-05   2238
  3.427032e-01   4.126171e-04   2.315006e-04   6.978807e-06   3984
  3.435475e-01   4.060912e-04   2.199945e-04   7.516344e-06   3384
  3.442490e-01   4.335963e-04   2.056354e-04   8.333016e-06   3048
  3.449814e-01   4.054410e-04   1.888134e-04   7.679034e-06   3096
  3.457464e-01   4.318576e-04   2.140144e-04   7.159124e-06   3708
  3.465070e-01   4.102927e-04   2.028566e-04   8.331157e-06   2784
  3.472136e-01   4.433360e-04   2.107054e-04   7.772075e-06   3648
  3.480161e-01   4.277759e-04   2.168613e-04   7.426645e-06   3888
  3.488703e-01   4.208314e-04   2.315058e-04   7.790254e-06   2958
  3.495080e-01   4.156742e-04   1.976117e-04   7.454331e-06   3264
  3.502765e-01   4.467865e-04   2.181577e-04   8.287034e-06   3160
  3.510025e-01   4.139689e-04   1.977135e-04   7.248194e-06   3736
  3.516906e-01   4.354275e-04   1.801633e-04   8.244360e-06   3216
  3.525021e-01   4.391012e-04   2.207804e-04   7.235338e-06   4032
  3.533485e-01   4.414488e-04   2.015685e-04   7.680878e-06   3528
  3.540701e-01   4.481084e-04   1.779274e-04   8.155406e-06   3192
  3.547915e-01   4.354238e-04   1.948622e-04   7.841560e-06   3456
  3.555741e-01   4.481652e-04   2.020516e-04   8.668548e-06   3060
  3.563585e-01   4.438879e-04   2.402626e-04   7.099093e-06   4518
  3.571229e-01   4.490811e-04   2.140428e-04   7.663977e-06   3528
  3.578255e-01   4.454402e-04   1.797586e-04   8.576757e-06   3024
  3.585746e-01   4.307891e-04   2.433860e-04   7.402056e-06   3672
  3.593376e-01   4.539059e-04   2.088990e-04   8.033973e-06   3864
  3.601848e-01   4.405471e-04   2.214302e-04   7.266810e-06   3816
  3.608777e-01   4.573881e-04   2.014525e-04   8.138982e-06   3456
  3.615420e-01   4.626280e-04   1.823602e-04   9.382604e-06   2688
  3.623246e-01   4.644828e-04   2.163669e-04   7.458484e-06   4248
  3.631005e-01   4.569233e-04   2.072380e-04   7.556816e-06   3926
  3.638799e-01   4.506872e-04   2.188077e-04   7.659556e-06   3504
  3.646327e-01   4.704071e-04   1.956174e-04   7.658616e-06   3960
  3.654640e-01   4.569052e-04   2.202196e-04   7.784705e-06   3684
  3.661768e-01   4.505085e-04   2.202048e-04   7.529456e-06   4104
  3.668895e-01   4.733535e-04   2.088521e-04   8.749371e-06   3144
  3.676552e-01   4.720739e-04   2.287650e-04   7.565882e-06   4224
  3.684970e-01   4.715230e-04   2.030488e-04   7.707208e-06   4008
  3.692162e-01   4.803936e-04   2.233858e-04   8.524024e-06   3312
  3.699567e-01   4.716727e-04   2.221827e-04   8.160885e-06   3726
  3.707443e-01   4.795704e-04   2.282089e-04   7.999893e-06   3936
  3.714437e-01   4.897177e-04   2.352385e-04   8.226665e-06   3888
  3.721695e-01   4.858025e-04   2.224405e-04   7.976508e-06   3864
  3.729246e-01   4.748827e-04   2.364730e-04   7.945052e-06   3888
  3.737024e-01   4.627157e-04   2.230305e-04   7.589119e-06   4080
  3.744703e-01   4.874624e-04   2.367032e-04   8.710840e-06   3400
  3.752537e-01   4.917954e-04   2.170807e-04   7.467914e-06   4588
  3.760459e-01   5.045454e-04   2.148651e-04   8.630550e-06   3816
  3.767381e-01   5.080864e-04   2.036027e-04   8.517998e-06   3534
  3.774710e-01   5.159072e-04   2.011050e-04   8.244545e-06   4080
  3.782376e-01   5.139373e-04   2.102117e-04   8.181139e-06   4248
  3.790076e-01   5.039701e-04   2.118296e-04   8.974824e-06   3528
  3.797181e-01   5.289308e-04   2.165668e-04   8.548291e-06   4248
  3.804362e-01   5.069263e-04   2.118241e-04   8.763521e-06   3696
  3.812359e-01   5.260832e-04   2.197972e-04   8.224225e-06   4560
  3.819943e-01   5.139291e-04   2.058770e-04   8.599991e-06   3864
  3.827732e-01   5.118893e-04   2.241685e-04   8.032014e-06   4440
  3.835114e-01   5.110419e-04   2.091545e-04   9.476961e-06   3432
  3.842871e-01   5.110806e-04   2.050803e-04   7.907453e-06   4470
  3.850502e-01   5.231554e-04   1.822483e-04   8.422411e-06   4188
  3.858002e-01   5.317887e-04   2.334856e-04   8.292453e-06   4392
  3.865451e-01   5.413659e-04   1.806233e-04   9.339271e-06   3960
  3.873198e-01   5.436669e-04   2.040518e-04   8.645591e-06   4328
  3.880702e-01   5.358614e-04   2.123574e-04   8.710557e-06   4320
  3.888286e-01   5.387221e-04   2.220598e-04   8.263084e-06   4152
  3.895319e-01   5.821296e-04   1.857563e-04   1.021819e-05   3528
  3.903272e-01   5.411480e-04   2.010528e-04   8.199531e-06   4512
  3.910713e-01   5.457844e-04   2.055255e-04   8.811652e-06   4134
  3.918271e-01   5.641156e-04   2.189536e-04   7.952094e-06   5208
  3.925540e-01   5.611190e-04   1.907620e-04   1.002532e-05   3240
  3.933060e-01   5.948506e-04   2.104018e-04   9.198903e-06   4680
  3.940714e-01   5.550863e-04   2.083148e-04   8.821481e-06   4440
  3.948377e-01   5.302528e-04   2.360545e-04   8.328761e-06   4260
  3.955726e-01   5.622326e-04   1.927157e-04   9.244849e-06   4056
  3.963295e-01   5.671829e-04   2.136590e-04   8.616507e-06   4704
  3.971240e-01   5.865753e-04   2.486287e-04   8.653326e-06   4800
  3.979638e-01   5.658352e-04   2.154176e-04   8.225054e-06   4806
  3.986894e-01   6.091437e-04   2.147371e-04   1.108343e-05   3552
  3.993806e-01   5.687973e-04   2.153129e-04   9.393104e-06   4304
  4.001610e-01   5.716768e-04   2.088049e-04   8.120116e-06   5280
  4.009326e-01   5.809429e-04   2.003129e-04   9.075748e-06   4320
  4.016631e-01   5.715639e-04   2.262058e-04   9.046068e-06   4296
  4.024333e-01   6.119562e-04   2.514845e-04   9.116173e-06   4608
  4.032123e-01   5.993536e-04   2.409356e-04   9.007609e-06   4824
  4.039835e-01   6.003061e-04   2.274603e-04   9.186536e-06   4488
  4.048111e-01   6.107724e-04   2.123587e-04   9.560912e-06   4530
  4.054945e-01   5.871676e-04   2.073507e-04   8.862361e-06   4464
  4.061782e-01   6.091716e-04   1.954127e-04   9.799377e-06   4104
  4.069633e-01   5.796895e-04   2.106957e-04   8.165253e-06   5424
  4.077355e-01   6.089661e-04   2.268010e-04   8.895622e-06   4392
  4.085213e-01   6.315891e-04   2.220473e-04   9.461657e-06   4896
  4.092350e-01   6.170773e-04   2.176518e-04   9.952881e-06   4104
  4.099796e-01   6.394434e-04   1.962645e-04   9.637323e-06   4824
  4.107653e-01   6.118004e-04   1.875829e-04   9.535724e-06   4680
  4.114498e-01   6.095482e-04   1.918563e-04   9.417805e-06   4328
  4.122443e-01   6.193528e-04   2.211606e-04   8.909784e-06   5118
  4.130426e-01   6.360357e-04   2.562287e-04   9.019359e-06   5304
  4.137631e-01   6.377749e-04   2.017681e-04   9.621472e-06   4392
  4.145480e-01   6.503176e-04   2.025122e-04   9.907914e-06   4476
  4.152344e-01   6.173938e-04   2.011187e-04   9.116545e-06   4704
  4.159982e-01   6.417713e-04   2.434301e-04   9.092477e-06   5208
  4.168010e-01   6.188859e-04   2.052524e-04   9.039985e-06   5304
  4.175407e-01   6.599766e-04   2.198538e-04   1.058996e-05   4296
  4.182991e-01   6.680397e-04   2.084782e-04   1.002393e-05   4752
  4.190961e-01   6.225143e-04   2.092781e-04   9.113118e-06   4950
  4.198124e-01   6.478476e-04   2.187519e-04   9.408199e-06   5064
  4.205288e-01   6.520631e-04   1.832857e-04   9.707102e-06   4872
  4.212532e-01   6.417446e-04   1.929496e-04   1.066593e-05   4224
  4.220268e-01   6.593975e-04   2.131371e-04   8.717703e-06   6120
  4.228499e-01   6.461881e-04   2.344779e-04   9.329597e-06   4968
  4.235967e-01   6.762523e-04   2.074925e-04   1.018742e-05   4424
  4.243692e-01   6.936628e-04   2.650277e-04   9.748167e-06   5436
  4.251323e-01   6.637778e-04   2.259594e-04   1.010047e-05   4896
  4.258700e-01   6.567932e-04   2.163314e-04   9.412768e-06   5214
  4.265812e-01   6.823085e-04   1.838930e-04   1.030830e-05   4656
  4.273714e-01   6.928361e-04   2.338050e-04   1.010592e-05   5448
  4.281264e-01   6.890718e-04   1.974656e-04   9.983706e-06   4992
  4.288658e-01   6.929330e-04   2.185397e-04   9.792424e-06   5400
  4.296784e-01   7.091582e-04   2.422096e-04   9.797591e-06   5328
  4.304272e-01   6.684153e-04   2.165798e-04   9.526219e-06   4776
  4.311317e-01   7.132105e-04   2.035126e-04   1.035434e-05   4800
  4.319144e-01   7.058212e-04   2.617067e-04   8.916203e-06   6552
  4.327333e-01   6.988936e-04   1.977158e-04   1.132454e-05   3942
  4.334429e-01   6.926883e-04   2.491984e-04   9.361588e-06   6072
  4.342286e-01   6.945753e-04   1.935366e-04   1.075390e-05   4692
  4.348874e-01   7.356862e-04   2.020492e-04   1.054447e-05   4944
  4.356590e-01   7.175431e-04   2.168610e-04   9.324188e-06   5840
  4.364513e-01   7.038365e-04   2.321407e-04   9.899294e-06   5712
  4.372314e-01   7.064432e-04   1.945489e-04   1.038441e-05   4800
  4.379430e-01   7.206013e-04   2.576513e-04   1.003304e-05   5688
  4.387225e-01   7.448261e-04   2.032815e-04   1.137024e-05   4848
  4.394949e-01   6.095392e-04   2.262644e-04   1.002734e-05   5406
  4.402280e-01   2.157381e-07   2.042403e-04   4.093347e-09   5568
  4.409641e-01   2.296883e-07   1.835983e-04   4.321328e-09   5736
  4.417597e-01   2.214817e-07   2.280173e-04   4.498334e-09   5280
  4.424816e-01   2.268360e-07   2.108187e-04   4.365852e-09   5592
  4.432247e-01   2.152205e-07   2.413315e-04   4.241934e-09   4968
  4.440103e-01   2.157396e-07   2.163860e-04   4.011241e-09   5964
  4.447767e-01   2.295080e-07   2.173915e-04   4.317201e-09   5376
  4.454732e-01   2.352527e-07   2.099049e-04   4.509219e-09   5472
  4.462805e-01   2.144002e-07   1.993493e-04   4.014078e-09   5472
  4.470188e-01   2.192063e-07   2.266537e-04   4.653769e-09   5415
  4.477343e-01   2.153251e-07   1.993693e-04   4.168946e-09   5096
  4.485084e-01   2.093157e-07   2.563840e-04   3.709378e-09   6372
  4.492915e-01   2.244703e-07   2.081209e-04   4.804968e-09   4656
  4.499932e-01   2.213505e-07   2.272014e-04   3.990239e-09   5844
  4.507483e-01   2.096808e-07   1.997628e-04   3.938218e-09   5508
  4.515486e-01   2.251846e-07   2.266138e-04   3.854479e-09   6324
  4.523338e-01   2.225687e-07   1.946616e-04   4.416991e-09   4752
  4.530515e-01   2.036657e-07   2.179398e-04   3.782176e-09   5676
  4.538284e-01   2.180771e-07   1.993731e-04   4.171691e-09   5472
  4.545658e-01   2.249353e-07   2.248872e-04   4.153054e-09   5556
  4.553580e-01   2.071542e-07   2.191483e-04   3.755679e-09   5436
  4.561226e-01   2.206302e-07   2.243135e-04   4.008727e-09   5916
  4.569078e-01   2.211847e-07   2.333848e-04   4.134658e-09   5520
  4.576147e-01   2.025703e-07   2.122525e-04   3.909031e-09   5280
  4.583391e-01   2.245974e-07   2.085571e-04   4.391334e-09   4416
  4.591564e-01   2.109318e-07   2.032922e-04   3.603518e-09   6260
  4.599241e-01   2.211648e-07   2.417393e-04   3.828868e-09   5940
  4.606196e-01   2.181995e-07   1.893214e-04   4.381402e-09   4188
  4.613851e-01   2.240257e-07   2.420634e-04   3.690573e-09   6360
  4.621901e-01   2.103855e-07   2.159104e-04   3.739993e-09   5256
  4.629378e-01   2.111435e-07   2.041064e-04   4.174778e-09   4848
  4.635784e-01   2.090068e-07   1.850331e-04   3.963607e-09   4704
  4.643670e-01   2.219744e-07   2.269875e-04   3.815839e-09   5784
  4.651693e-01   2.079262e-07   2.401790e-04   3.650647e-09   5820
  4.659437e-01   2.192078e-07   2.151489e-04   3.731776e-09   5700
  4.667228e-01   2.099437e-07   1.995209e-04   3.815768e-09   5232
  4.675028e-01   2.298751e-07   2.213856e-04   4.052021e-09   4932
  4.681938e-01   2.195399e-07   1.905551e-04   4.132381e-09   4716
  4.689198e-01   2.369659e-07   2.427261e-04   4.250087e-09   5616
  4.696669e-01   2.131863e-07   2.143628e-04   3.829384e-09   5184
  4.704374e-01   2.157014e-07   2.162394e-04   3.875805e-09   5064
  4.711641e-01   2.183400e-07   2.214188e-04   3.681818e-09   5544
  4.719701e-01   2.139573e-07   2.222671e-04   3.770146e-09   5192
  4.727033e-01   2.175835e-07   1.997416e-04   3.813770e-09   5244
  4.734744e-01   2.180961e-07   2.161227e-04   3.828839e-09   5112
  4.742409e-01   2.256578e-07   1.983349e-04   4.147249e-09   5040
  4.749443e-01   2.291648e-07   2.085127e-04   3.955732e-09   5124
  4.757658e-01   2.196681e-07   2.340836e-04   3.614461e-09   5952
  4.765241e-01   2.304080e-07   2.051048e-04   3.994789e-09   4824
  4.772115e-01   2.216157e-07   2.070276e-04   4.003173e-09   4536
  4.780072e-01   2.202236e-07   2.200514e-04   3.541491e-09   5712
  4.788245e-01   2.235966e-07   2.407963e-04   3.821677e-09   5352
  4.795953e-01   2.353498e-07   2.097425e-04   3.955535e-09   5004
  4.802839e-01   2.388520e-07   2.097996e-04   4.243650e-09   4800
  4.810239e-01   2.253635e-07   2.254582e-04   3.749564e-09   5148
  4.818437e-01   2.230565e-07   2.341675e-04   3.556347e-09   5664
  4.825845e-01   2.262952e-07   2.103163e-04   3.961716e-09   4692
  4.832690e-01   2.260613e-07   1.953865e-04   4.301619e-09   4008
  4.840673e-01   2.399878e-07   2.239552e-04   3.826044e-09   5852
  4.848788e-01   2.214480e-07   2.120647e-04   3.479378e-09   5784
  4.855996e-01   2.416702e-07   1.954867e-04   4.452311e-09   4392
  4.863416e-01   2.340278e-07   1.917538e-04   3.943583e-09   4944
  4.871204e-01   2.240042e-07   2.260745e-04   3.814125e-09   4776
  4.878550e-01   2.241084e-07   2.174960e-04   3.653939e-09   5244
  4.886522e-01   2.295796e-07   2.171123e-04   3.716734e-09   4884
  4.893211e-01   2.348997e-07   1.841281e-04   4.197619e-09   4488
  4.900989e-01   2.424666e-07   2.187928e-04   3.905855e-09   5160
  4.908821e-01   2.299749e-07   2.227616e-04   3.755423e-09   5316
  4.916366e-01   2.485173e-07   2.252276e-04   4.287592e-09   4896
  4.923721e-01   2.362650e-07   2.092758e-04   4.443261e-09   4188
  4.931134e-01   2.331517e-07   2.282632e-04   3.800326e-09   4836
  4.938702e-01   2.382586e-07   2.264391e-04   3.784309e-09   5316
  4.946368e-01   2.424097e-07   2.095969e-04   3.909605e-09   4920
  4.953538e-01   2.514376e-07   2.111531e-04   4.715447e-09   4128
  4.961230e-01   2.492393e-07   2.271516e-04   3.989992e-09   5348
  4.968801e-01   2.397658e-07   1.970993e-04   3.982976e-09   4836
  4.976030e-01   2.416706e-07   2.123809e-04   4.260323e-09   4392
  4.983816e-01   2.475938e-07   1.865939e-04   4.223977e-09   4632
  4.990826e-01   2.544993e-07   2.084890e-04   4.507582e-09   4596
  4.998876e-01   2.409194e-07   2.096646e-04   3.762759e-09   5424
  5.006840e-01   2.389063e-07   2.158119e-04   3.680047e-09   5256
  5.015046e-01   2.427129e-07   2.191827e-04   4.200181e-09   4524
  5.021878e-01   2.498295e-07   2.084861e-04   4.444181e-09   4440
  5.029532e-01   2.455340e-07   1.782824e-04   4.077220e-09   4380
  5.037021e-01   2.481113e-07   2.333131e-04   4.114760e-09   4812
  5.044993e-01   2.506872e-07   2.317351e-04   4.002802e-09   5376
  5.052282e-01   2.489535e-07   1.850944e-04   4.439280e-09   3888
  5.059266e-01   2.566982e-07   2.119544e-04   4.107800e-09   4896
  5.067058e-01   2.545603e-07   2.236466e-04   4.192451e-09   4608
  5.075240e-01   2.560005e-07   2.111086e-04   4.324680e-09   4448
  5.082361e-01   2.478526e-07   2.179218e-04   4.005390e-09   4752
  5.089865e-01   2.616988e-07   2.282594e-04   4.499923e-09   4356
  5.097756e-01   2.611719e-07   2.196572e-04   4.194065e-09   5232
  5.105602e-01   2.477654e-07   2.213594e-04   4.327603e-09   4548
  5.113209e-01   2.530912e-07   2.151894e-04   4.070268e-09   4608
  5.120635e-01   2.641657e-07   1.954822e-04   4.928531e-09   3936
  5.127645e-01   2.596323e-07   2.336581e-04   4.581290e-09   4260
  5.135523e-01   2.577944e-07   2.094778e-04   4.125664e-09   5004
  5.142726e-01   2.710536e-07   2.069995e-04   4.895226e-09   4224
  5.150623e-01   2.673470e-07   2.236417e-04   4.441549e-09   4788
  5.158295e-01   2.695078e-07   2.351976e-04   4.749417e-09   4428
  5.165769e-01   2.649365e-07   1.965393e-04   4.775326e-09   4080
  5.172964e-01   2.771683e-07   2.148978e-04   4.437962e-09   4632
  5.180540e-01   2.579920e-07   2.234773e-04   4.671815e-09   4056
  5.188503e-01   2.696643e-07   2.104077e-04   4.781830e-09   4536
  5.195779e-01   2.718364e-07   2.146021e-04   4.647828e-09   4668
  5.203747e-01   2.684073e-07   2.300151e-04   4.589059e-09   4604
  5.211508e-01   2.666740e-07   2.066708e-04   4.692867e-09   4152
  5.218669e-01   2.719368e-07   2.002968e-04   4.739994e-09   4224
  5.226261e-01   2.711421e-07   1.925704e-04   4.824905e-09   4152
  5.233846e-01   2.851575e-07   2.184382e-04   5.073835e-09   4224
  5.241220e-01   2.911095e-07   2.020113e-04   5.405328e-09   3960
  5.248323e-01   2.749826e-07   2.084629e-04   4.676263e-09   4656
  5.256082e-01   2.732961e-07   2.249272e-04   4.671247e-09   4452
  5.264038e-01   2.722086e-07   2.286756e-04   4.923096e-09   4056
  5.271442e-01   2.780441e-07   2.265897e-04   4.808288e-09   4212
  5.278942e-01   2.846685e-07   1.883056e-04   5.591071e-09   3432
  5.286543e-01   2.889626e-07   2.408977e-04   4.555602e-09   5352
  5.293971e-01   2.912696e-07   1.764288e-04   5.591092e-09   3600
  5.302058e-01   2.804888e-07   1.946041e-04   4.805432e-09   4584
  5.309118e-01   2.890337e-07   1.940311e-04   5.361483e-09   3768
  5.316391e-01   2.875695e-07   2.071311e-04   5.626818e-09   3848
  5.323651e-01   2.803580e-07   1.899156e-04   5.383623e-09   3720
  5.331883e-01   2.789804e-07   2.383721e-04   4.633699e-09   4764
  5.339150e-01   3.000491e-07   1.919558e-04   5.563091e-09   3864
  5.346614e-01   3.069059e-07   2.377603e-04   5.378770e-09   4332
  5.354754e-01   2.954382e-07   2.029902e-04   5.567256e-09   3792
  5.362028e-01   2.778524e-07   2.302510e-04   4.821426e-09   4284
  5.369737e-01   2.777207e-07   2.180223e-04   5.387972e-09   3840
  5.377033e-01   2.767378e-07   2.075287e-04   5.599190e-09   3480
  5.384442e-01   2.871137e-07   2.315621e-04   4.988410e-09   4380
  5.392451e-01   2.891366e-07   2.175121e-04   5.202395e-09   4200
  5.400321e-01   3.111832e-07   2.090689e-04   5.508649e-09   4056
  5.407629e-01   2.946276e-07   2.101226e-04   5.835368e-09   3600
  5.414477e-01   2.956229e-07   2.093542e-04   5.827168e-09   3492
  5.422477e-01   2.882455e-07   2.444784e-04   5.028356e-09   4500
  5.430640e-01   3.114275e-07   2.141961e-04   5.977350e-09   3516
  5.437656e-01   3.257030e-07   2.239222e-04   6.349730e-09   3968
  5.445518e-01   3.057076e-07   2.152086e-04   5.961836e-09   3648
  5.452478e-01   3.013292e-07   2.057988e-04   5.935656e-09   4224
  5.460369e-01   2.866170e-07   2.309906e-04   5.783684e-09   3588
  5.467773e-01   3.022579e-07   2.130619e-04   5.950148e-09   3456
  5.475222e-01   2.893916e-07   1.892253e-04   5.504611e-09   3660
  5.482921e-01   3.121665e-07   2.076969e-04   6.121185e-09   3768
  5.490096e-01   3.136122e-07   2.100429e-04   6.024085e-09   3744
  5.497802e-01   3.094760e-07   2.305565e-04   5.609456e-09   4176
  5.506000e-01   3.143334e-07   2.126631e-04   6.290770e-09   3612
  5.512776e-01   3.187165e-07   2.311062e-04   6.591357e-09   3216
  5.520531e-01   3.080764e-07   2.234403e-04   6.286531e-09   3624
  5.528327e-01   3.125618e-07   2.101073e-04   6.132141e-09   3744
  5.535862e-01   3.220155e-07   2.241829e-04   6.471766e-09   3672
  5.543296e-01   3.197807e-07   2.032950e-04   6.156468e-09   3852
  5.550972e-01   3.255960e-07   2.092373e-04   6.154737e-09   3672
  5.559138e-01   3.265317e-07   2.038671e-04   7.580122e-09   3248
  5.565957e-01   2.999897e-07   2.086724e-04   6.304936e-09   3336
  5.573401e-01   2.956612e-07   2.124098e-04   5.953917e-09   3576
  5.581012e-01   3.183768e-07   1.803168e-04   6.498329e-09   3336
  5.588766e-01   3.229454e-07   2.141848e-04   6.210073e-09   3936
  5.596417e-01   3.397661e-07   2.281128e-04   6.918493e-09   3408
  5.604006e-01   3.359916e-07   2.009711e-04   7.342342e-09   3336
  5.611380e-01   2.788194e-07   2.257365e-04   6.013230e-09   3312
  5.618750e-01   3.166165e-07   2.285607e-04   6.696316e-09   3432
  5.626602e-01   3.341280e-07   1.981530e-04   7.320853e-09   3144
  5.633765e-01   3.246321e-07   2.151148e-04   6.870358e-09   3456
  5.641825e-01   3.252954e-07   2.067500e-04   6.525837e-09   3792
  5.649106e-01   3.451259e-07   2.030865e-04   7.941018e-09   2868
  5.656973e-01   3.142072e-07   2.103968e-04   5.929750e-09   3888
  5.664325e-01   3.067484e-07   1.826899e-04   7.100591e-09   2784
  5.671561e-01   3.221614e-07   2.086371e-04   7.970725e-09   2964
  5.679467e-01   3.287335e-07   2.148553e-04   7.102280e-09   3432
  5.686993e-01   3.298140e-07   2.223968e-04   7.032429e-09   3416
  5.694608e-01   3.240433e-07   2.377228e-04   6.873859e-09   3528
  5.702402e-01   3.544445e-07   1.907894e-04   8.210200e-09   2904
  5.709296e-01   3.134045e-07   2.139309e-04   7.132422e-09   3072
  5.717314e-01   3.192213e-07   2.402689e-04   7.085115e-09   3216
  5.725330e-01   3.155486e-07   1.945923e-04   7.649111e-09   2844
  5.732367e-01   3.202476e-07   2.226752e-04   7.052441e-09   3432
  5.739591e-01   3.536154e-07   1.789782e-04   8.509889e-09   2880
  5.747661e-01   3.230685e-07   2.370823e-04   7.073211e-09   3576
  5.755263e-01   3.453782e-07   2.119183e-04   8.790917e-09   2700
  5.762543e-01   3.244251e-07   2.380368e-04   7.159492e-09   3000
  5.770166e-01   3.125170e-07   1.976415e-04   7.630550e-09   2556
  5.777567e-01   3.415477e-07   2.118324e-04   7.662736e-09   3360
  5.785220e-01   3.410267e-07   2.058288e-04   7.526585e-09   3120
  5.793466e-01   3.409829e-07   2.423258e-04   8.107094e-09   3216
  5.800566e-01   3.667023e-07   1.709058e-04   9.287973e-09   2628
  5.808546e-01   3.325639e-07   2.259128e-04   8.087922e-09   3200
  5.815825e-01   3.131038e-07   2.131270e-04   8.522398e-09   2232
  5.823177e-01   3.129659e-07   2.432778e-04   7.732139e-09   3108
  5.830497e-01   3.667925e-07   2.137055e-04   9.827812e-09   2604
  5.837986e-01   3.575644e-07   2.302213e-04   8.414986e-09   3096
  5.846226e-01   3.417610e-07   2.097618e-04   7.826314e-09   3084
  5.853375e-01   3.281936e-07   2.140587e-04   8.208860e-09   2664
  5.860744e-01   3.439929e-07   1.887662e-04   9.555089e-09   2232
  5.867963e-01   3.053450e-07   2.325314e-04   7.388264e-09   2808
  5.875868e-01   3.416811e-07   2.196619e-04   9.285446e-09   2592
  5.883249e-01   3.773635e-07   2.255093e-04   9.482416e-09   2952
  5.891004e-01   3.341288e-07   2.129085e-04   8.778254e-09   2772
  5.898544e-01   3.376479e-07   2.289697e-04   8.269604e-09   3036
  5.906434e-01   3.192753e-07   2.221017e-04   9.440341e-09   2136
  5.913626e-01   3.251444e-07   1.771267e-04   8.957015e-09   2496
  5.921011e-01   3.735782e-07   2.359195e-04   1.070832e-08   2228
  5.928713e-01   3.765354e-07   2.199526e-04   1.005640e-08   3048
  5.936378e-01   3.459415e-07   2.101052e-04   9.514662e-09   2676
  5.943995e-01   3.259836e-07   2.093111e-04   8.082022e-09   2784
  5.951276e-01   3.377980e-07   2.033462e-04   1.006138e-08   1920
  5.958577e-01   3.232828e-07   2.170196e-04   8.682314e-09   2400
  5.966489e-01   3.140046e-07   1.990517e-04   8.136784e-09   2532
  5.974671e-01   3.498407e-07   2.210988e-04   9.742972e-09   2544
  5.982032e-01   3.803941e-07   2.312994e-04   9.934397e-09   2772
  5.989284e-01   3.224635e-07   2.166494e-04   1.036236e-08   2160
  5.996486e-01   3.514004e-07   2.333520e-04   1.003782e-08   2304
  6.004819e-01   3.316668e-07   2.283470e-04   1.005655e-08   2328
  6.012289e-01   2.988083e-07   2.189366e-04   8.461508e-09   2304
  6.019209e-01   3.011545e-07   2.070349e-04   9.178439e-09   1908
  6.027080e-01   3.832540e-07   2.315552e-04   1.133407e-08   2736
  6.034661e-01   3.580597e-07   2.193983e-04   1.085488e-08   2448
  6.042725e-01   3.742966e-07   2.051256e-04   1.126682e-08   2040
  6.050021e-01   2.933052e-07   2.135776e-04   9.822816e-09   2120
  6.057036e-01   3.523831e-07   1.770774e-04   1.047015e-08   2040
  6.064589e-01   3.014211e-07   2.196964e-04   1.007604e-08   2208
  6.073135e-01   3.772782e-07   1.972541e-04   1.187494e-08   2208
  6.080056e-01   4.261138e-07   2.185952e-04   1.273336e-08   2196
  6.087211e-01   2.874091e-07   1.922903e-04   9.174527e-09   1848
  6.094490e-01   3.414659e-07   2.180826e-04   1.117967e-08   2124
  6.102631e-01   3.265428e-07   2.287640e-04   1.024778e-08   2328
  6.110581e-01   3.174744e-07   2.329016e-04   1.073013e-08   1920
  6.118311e-01   3.127829e-07   2.138010e-04   1.109968e-08   1548
  6.125185e-01   3.840015e-07   2.345330e-04   1.148049e-08   2388
  6.133294e-01   3.110238e-07   2.170327e-04   1.077058e-08   2160
  6.140720e-01   3.276825e-07   1.975409e-04   1.250783e-08   1704
  6.147835e-01   3.181335e-07   2.225473e-04   1.194732e-08   1776
  6.154565e-01   3.146050e-07   2.081650e-04   1.108416e-08   1800
  6.163075e-01   2.830183e-07   2.403072e-04   1.016344e-08   1700
  6.171025e-01   3.764604e-07   2.163678e-04   1.293029e-08   2292
  6.178428e-01   3.329611e-07   2.008536e-04   1.264995e-08   1704
  6.185413e-01   3.315548e-07   2.245880e-04   1.250165e-08   1728
  6.193064e-01   3.002062e-07   2.078612e-04   1.144067e-08   1728
  6.200561e-01   3.642087e-07   2.076657e-04   1.379300e-08   1680
  6.208536e-01   2.548434e-07   2.392371e-04   9.300159e-09   1704
  6.216482e-01   2.878926e-07   1.878727e-04   9.818953e-09   1752
  6.223586e-01   3.407144e-07   2.233450e-04   1.289743e-08   1872
  6.231271e-01   3.336907e-07   2.189027e-04   1.356598e-08   1500
  6.239068e-01   3.000863e-07   1.916813e-04   1.147637e-08   1656
  6.246640e-01   3.382786e-07   2.055188e-04   1.272330e-08   1464
  6.253369e-01   2.480167e-07   1.800139e-04   1.149725e-08   1488
  6.261622e-01   2.763975e-07   2.172634e-04   1.004344e-08   1680
  6.269165e-01   3.040266e-07   2.269858e-04   1.153591e-08   1692
  6.276225e-01   2.966415e-07   2.173504e-04   1.326511e-08   1128
  6.284058e-01   3.066865e-07   2.092896e-04   1.237180e-08   1536
  6.291698e-01   2.619101e-07   2.181634e-04   1.186154e-08   1616
  6.299435e-01   2.634075e-07   2.103778e-04   1.114836e-08   1476
  6.307233e-01   2.546177e-07   2.315260e-04   1.284979e-08   1176
  6.314193e-01   2.748090e-07   2.487500e-04   9.957226e-09   1656
  6.321773e-01   2.899693e-07   2.185038e-04   1.625251e-08   891
  6.329586e-01   2.486217e-07   2.329270e-04   9.087870e-09   1596
  6.337201e-01   2.441825e-07   2.031186e-04   1.090819e-08   1422
  6.344710e-01   2.429820e-07   1.947771e-04   1.051611e-08   1254
  6.351775e-01   2.128532e-07   1.989869e-04   9.376370e-09   918
  6.359342e-01   2.635199e-07   2.177792e-04   9.414072e-09   1614
  6.366965e-01   2.094094e-07   1.881206e-04   1.171512e-08   798
  6.374545e-01   2.070309e-07   2.411483e-04   8.213875e-09   1458
  6.382231e-01   2.331093e-07   2.208114e-04   8.829944e-09   1374
  6.389828e-01   1.930318e-07   1.885876e-04   9.290545e-09   984
  6.397363e-01   2.160421e-07   2.594705e-04   8.809748e-09   1062
  6.405039e-01   2.448769e-07   2.199502e-04   1.053925e-08   1246
  6.412494e-01   1.732063e-07   2.039482e-04   8.307639e-09   1072
  6.420456e-01   1.837990e-07   2.208628e-04   9.169983e-09   1110
  6.427814e-01   2.215794e-07   2.392727e-04   8.468430e-09   1254
  6.435549e-01   1.921473e-07   2.270824e-04   9.746263e-09   1032
  6.443978e-01   2.136249e-07   2.103902e-04   1.224354e-08   786
  6.450386e-01   2.133641e-07   2.156954e-04   8.794880e-09   1152
  6.457892e-01   1.772683e-07   2.350865e-04   7.775698e-09   1086
  6.465712e-01   1.394950e-07   2.121005e-04   5.555930e-09   912
  6.472939e-01   2.638106e-07   2.126111e-04   1.175773e-08   1062
  6.480315e-01   1.700196e-07   2.119219e-04   6.870327e-09   912
  6.488840e-01   1.441707e-07   2.365743e-04   7.074421e-09   750
  6.495484e-01   2.132277e-07   2.279411e-04   8.993086e-09   1200
  6.503172e-01   1.720848e-07   2.064186e-04   9.228074e-09   918
  6.510816e-01   1.486944e-07   2.142556e-04   6.670745e-09   876
  6.518582e-01   2.128807e-07   1.872164e-04   9.483131e-09   870
  6.525384e-01   1.856724e-07   2.183581e-04   8.660541e-09   768
  6.533356e-01   1.249405e-07   2.001368e-04   5.607737e-09   830
  6.540740e-01   1.763757e-07   2.072150e-04   7.997111e-09   1080
  6.548386e-01   1.663672e-07   2.331440e-04   7.777562e-09   840
  6.556094e-01   1.317182e-07   2.244920e-04   5.886316e-09   798
  6.564834e-01   2.174223e-07   1.781828e-04   1.122381e-08   792
  6.571614e-01   1.429707e-07   2.078189e-04   7.003943e-09   726
  6.578726e-01   1.176849e-07   2.328726e-04   4.202454e-09   864
  6.586516e-01   1.518023e-07   1.993336e-04   7.961199e-09   900
  6.594415e-01   1.233486e-07   2.215322e-04   5.145297e-09   726
  6.601191e-01   1.331533e-07   1.917265e-04   6.134594e-09   576
  6.610231e-01   1.485530e-07   1.995255e-04   7.324967e-09   840
  6.616591e-01   1.299552e-07   2.071199e-04   6.799306e-09   750
  6.624125e-01   1.196432e-07   2.077489e-04   5.589738e-09   720
  6.631233e-01   1.518011e-07   2.101695e-04   7.997098e-09   702
  6.639532e-01   1.363220e-07   2.295333e-04   6.433598e-09   696
  6.646364e-01   1.382049e-07   2.052745e-04   8.139384e-09   480
  6.654413e-01   1.341358e-07   1.945060e-04   6.448315e-09   830
  6.661540e-01   1.275078e-07   2.262735e-04   5.809234e-09   756
  6.669526e-01   1.307128e-07   2.172624e-04   6.788035e-09   624
  6.676574e-01   1.178597e-07   2.295682e-04   6.268909e-09   582
  6.684907e-01   1.445803e-07   1.761988e-04   8.536716e-09   576
  6.692113e-01   1.113561e-07   2.359877e-04   5.322377e-09   624
  6.699503e-01   1.265332e-07   1.927311e-04   6.377630e-09   702
  6.706817e-01   1.156328e-07   2.216923e-04   5.618198e-09   624
  6.715504e-01   1.282543e-07   2.144724e-04   6.293880e-09   672
  6.722580e-01   9.505798e-08   1.605527e-04   5.929671e-09   342
  6.730353e-01   1.233570e-07   2.007120e-04   7.318785e-09   660
  6.737498e-01   9.392970e-08   2.063233e-04   6.089727e-09   576
  6.744877e-01   1.047685e-07   2.005878e-04   6.368988e-09   600
  6.752336e-01   9.597266e-08   2.320074e-04   5.672360e-09   510
  6.760727e-01   1.163172e-07   2.173562e-04   5.957737e-09   600
  6.767197e-01   8.826111e-08   1.731159e-04   6.223194e-09   216
  6.774733e-01   9.727086e-08   2.107121e-04   4.646393e-09   758
  6.783518e-01   8.645547e-08   2.306849e-04   4.920269e-09   576
  6.791217e-01   1.063256e-07   1.958452e-04   5.476816e-09   528
  6.798164e-01   9.589328e-08   1.348675e-04   7.325597e-09   318
  6.805628e-01   1.142393e-07   2.329848e-04   5.808933e-09   540
  6.814455e-01   5.549798e-08   1.647167e-04   3.459177e-09   384
  6.820434e-01   9.883402e-08   2.275812e-04   5.617098e-09   576
  6.828219e-01   7.324485e-08   1.859760e-04   4.114599e-09   414
  6.835582e-01   1.009954e-07   2.076744e-04   5.816652e-09   504
  6.843444e-01   9.818413e-08   2.279781e-04   5.327156e-09   312
  6.850997e-01   9.084645e-08   2.065509e-04   6.368717e-09   414
  6.858490e-01   6.699953e-08   1.908199e-04   3.834714e-09   432
  6.865463e-01   7.842630e-08   2.527136e-04   4.454290e-09   504
  6.873535e-01   8.883637e-08   2.433915e-04   5.177148e-09   432
  6.881090e-01   7.916011e-08   1.993742e-04   4.553888e-09   354
  6.888787e-01   8.919227e-08   2.901138e-04   6.945143e-09   200
  6.895389e-01   6.665660e-08   2.058451e-04   4.033481e-09   480
  6.904310e-01   7.005212e-08   2.352231e-04   3.841316e-09   552
  6.912492e-01   7.051834e-08   1.465252e-04   4.909158e-09   366
  6.918798e-01   8.575109e-08   1.559835e-04   8.522738e-09   240
  6.925739e-01   8.551820e-08   2.180712e-04   4.916615e-09   288
  6.935508e-01   6.755226e-08   1.498712e-04   4.475274e-09   366
  6.941822e-01   5.412989e-08   2.429886e-04   3.126421e-09   408
  6.948871e-01   6.153055e-08   1.826647e-04   4.592777e-09   360
  6.956165e-01   6.820869e-08   1.702741e-04   4.272587e-09   324
  6.963238e-01   7.151695e-08   2.010991e-04   5.940157e-09   174
  6.971663e-01   6.421967e-08   2.310346e-04   4.710269e-09   264
  6.979571e-01   5.579973e-08   2.107149e-04   3.643506e-09   456
  6.987458e-01   5.779331e-08   2.118821e-04   3.745018e-09   360
  6.993941e-01   5.511017e-08   2.334085e-04   4.364795e-09   270
  7.001881e-01   6.989727e-08   2.552794e-04   5.570700e-09   240
  7.011828e-01   9.100922e-08   1.860297e-04   7.674996e-09   120
  7.016718e-01   3.082437e-08   1.942087e-04   2.018140e-09   320
  7.024612e-01   5.299227e-08   2.402999e-04   2.676080e-09   462
  7.032879e-01   5.369994e-08   1.398081e-04   3.451601e-09   276
  7.040062e-01   6.064075e-08   1.586102e-04   5.448460e-09   144
  7.046981e-01   7.779681e-08   1.665716e-04   8.216400e-09   120
  7.056178e-01   3.615891e-08   1.261386e-04   2.058016e-09   294
  7.063130e-01   4.623322e-08   2.237765e-04   2.972858e-09   384
  7.069615e-01   4.058092e-08   1.481386e-04   2.741241e-09   216
  7.075823e-01   6.538712e-08   1.375717e-04   5.493194e-09   168
  7.082834e-01   5.371021e-08   1.636884e-04   5.499674e-09   102
  7.092972e-01   4.179365e-08   2.483476e-04   3.609333e-09   168
  7.100080e-01   4.041801e-08   2.173639e-04   2.406318e-09   384
  7.107872e-01   4.620734e-08   2.208472e-04   3.848519e-09   300
  7.115123e-01   4.930583e-08   2.364794e-04   3.618840e-09   144
  7.123298e-01   5.308457e-08   2.421884e-04   5.573238e-09   102
  7.133106e-01   5.823554e-08   5.733137e-05   7.740001e-09   56
  7.137806e-01   2.718738e-08   1.866560e-04   1.813085e-09   288
  7.145177e-01   3.342951e-08   2.429088e-04   1.634652e-09   360
  7.153202e-01   3.388063e-08   1.303040e-04   2.635856e-09   126
  7.159964e-01   3.426278e-08   6.417618e-05   4.080068e-09   72
  7.167334e-01   5.618533e-08   3.400064e-05   6.847263e-09   48
  7.176950e-01   2.395575e-08   1.375487e-04   1.884828e-09   240
  7.183270e-01   3.462280e-08   2.040861e-04   2.024820e-09   306
  7.189740e-01   3.896686e-08   1.134264e-04   3.751421e-09   120
  7.197192e-01   5.186428e-08   2.791577e-04   6.072035e-09   96
  7.202608e-01   6.204893e-08   0.000000e+00   7.956957e-09   24
  7.214778e-01   2.044131e-08   2.417434e-04   2.255598e-09   120
  7.220741e-01   2.386266e-08   2.090638e-04   1.466799e-09   318
  7.228035e-01   3.613941e-08   2.234131e-04   2.400065e-09   168
  7.236026e-01   4.758512e-08   2.397473e-04   4.600277e-09   72
  7.244777e-01   3.396092e-08   0.000000e+00   4.986797e-09   24
  7.254190e-01   3.289072e-08   1.163741e-04   9.037549e-09   14
  7.258667e-01   1.803852e-08   1.835480e-04   1.087415e-09   288
  7.265622e-01   2.469979e-08   2.208182e-04   2.087083e-09   204
  7.273648e-01   4.198115e-08   3.350368e-05   5.766091e-09   48
  7.280011e-01   7.366440e-08   0.000000e+00   1.512113e-08   24
  7.287371e-01   3.450660e-08   0.000000e+00   7.302046e-09   6
  7.297953e-01   1.523180e-08   1.372303e-04   1.183315e-09   216
  7.303405e-01   2.429477e-08   1.827532e-04   1.844629e-09   192
  7.310076e-01   2.009229e-08   3.333672e-05   3.733982e-09   48
  7.317073e-01   4.964553e-08   2.663660e-04   6.875681e-09   30
  7.336863e-01   1.586166e-08   5.508187e-05   1.635107e-09   96
  7.340926e-01   1.525784e-08   1.804889e-04   9.679814e-10   228
  7.348644e-01   3.010892e-08   2.360219e-04   3.933208e-09   72
  7.357924e-01   3.460648e-08   7.992291e-09   1.473589e-08   6
  7.379058e-01   1.544927e-08   1.782093e-04   1.014169e-09   248
  7.385802e-01   1.795717e-08   2.039698e-04   2.081622e-09   72
  7.393937e-01   1.982386e-08   0.000000e+00   6.018194e-09   6
  7.418527e-01   1.074817e-08   1.266380e-04   8.307620e-10   180
  7.423430e-01   1.745851e-08   1.723109e-04   1.815722e-09   72
  7.430431e-01   1.041183e-08   0.000000e+00   3.297197e-09   6
  7.457766e-01   9.195248e-09   5.418887e-05   1.061031e-09   96
  7.461032e-01   1.105359e-08   1.487712e-04   1.153480e-09   96
  7.467399e-01   5.366601e-08   0.000000e+00   3.769312e-09   6
  7.498987e-01   7.988566e-09   1.423855e-04   6.755871e-10   140
  7.504835e-01   9.343056e-09   7.992291e-09   2.099996e-09   6
  7.538691e-01   7.460069e-09   9.561826e-05   8.986762e-10   96
  7.542731e-01   1.161119e-08   1.384305e-08   2.788127e-09   6
  7.578508e-01   6.181816e-09   5.752227e-05   7.739600e-10   60
  7.581080e-01   6.937276e-09   0.000000e+00   2.199836e-09   6
  7.618664e-01   2.856920e-09   5.831571e-05   4.411412e-10   38
  7.658688e-01   2.646896e-09   2.999909e-05   7.507221e-10   18
  7.698782e-01   7.151630e-10   0.000000e+00   3.333995e-10   6
