# power spectrum of delta
# redshift z=100.000000
# k              Pk             sigma(k)       sigma(Pk)      count
  1.047198e-02   1.566361e-07   0.000000e+00   6.784975e-08   6
  1.480961e-02   2.978168e-07   0.000000e+00   6.406164e-08   12
  1.813799e-02   4.415935e-07   1.986821e-10   9.697728e-08   8
  2.094395e-02   2.348566e-06   0.000000e+00   2.727200e-07   6
  2.341605e-02   2.331273e-06   0.000000e+00   8.021946e-07   24
  2.565100e-02   4.426472e-06   3.746387e-10   8.052238e-07   24
  2.961922e-02   3.048434e-06   0.000000e+00   1.481499e-06   12
  3.141593e-02   4.215860e-06   4.238553e-10   8.379892e-07   30
  3.311529e-02   6.156547e-06   0.000000e+00   1.465093e-06   24
  3.473161e-02   6.461371e-06   6.488932e-10   1.729907e-06   24
  3.627599e-02   8.576999e-06   3.973643e-10   1.876541e-06   8
  3.775724e-02   8.170748e-06   5.298191e-10   1.096761e-06   24
  3.918254e-02   8.580740e-06   0.000000e+00   1.302540e-06   48
  4.188790e-02   1.240431e-05   0.000000e+00   5.891610e-06   6
  4.317706e-02   1.090445e-05   7.492773e-10   1.654350e-06   48
  4.442883e-02   1.105712e-05   0.000000e+00   1.242252e-06   36
  4.564628e-02   1.733909e-05   5.298191e-10   3.916429e-06   24
  4.683210e-02   1.104505e-05   0.000000e+00   2.052366e-06   24
  4.798862e-02   1.071268e-05   0.000000e+00   1.572396e-06   48
  4.911792e-02   1.795684e-05   7.492773e-10   2.760096e-06   24
  5.130199e-02   1.659003e-05   7.492773e-10   2.816585e-06   24
  5.235988e-02   1.215258e-05   0.000000e+00   2.148685e-06   30
  5.339681e-02   1.391170e-05   0.000000e+00   1.659255e-06   72
  5.441398e-02   1.448815e-05   7.947286e-10   3.187932e-06   32
  5.639331e-02   2.203185e-05   0.000000e+00   2.760014e-06   72
  5.735737e-02   1.425894e-05   0.000000e+00   2.252085e-06   48
  5.923844e-02   8.542186e-06   0.000000e+00   2.744124e-06   12
  6.060925e-02   1.730459e-05   4.523330e-04   1.704470e-06   96
  6.195304e-02   2.337578e-05   7.492773e-10   3.186963e-06   48
  6.283185e-02   2.964427e-05   8.477105e-10   5.610364e-06   30
  6.433983e-02   2.932151e-05   3.702485e-04   2.957588e-06   96
  6.623059e-02   1.937549e-05   0.000000e+00   3.973661e-06   24
  6.732429e-02   2.906160e-05   3.831565e-04   2.532198e-06   144
  6.866934e-02   2.181408e-05   1.297786e-09   5.778853e-06   24
  7.005192e-02   3.480821e-05   3.398804e-04   4.307298e-06   96
  7.102439e-02   3.178246e-05   0.000000e+00   5.281185e-06   48
  7.320682e-02   4.314305e-05   2.520483e-04   5.263028e-06   62
  7.431598e-02   3.300517e-05   3.544415e-04   4.283995e-06   132
  7.551449e-02   2.287651e-05   1.059638e-09   4.400206e-06   24
  7.664619e-02   3.761363e-05   3.542575e-04   3.467551e-06   168
  7.871339e-02   4.745398e-05   3.482961e-04   4.236187e-06   96
  8.026562e-02   3.403809e-05   2.964321e-04   3.472683e-06   96
  8.217027e-02   3.822066e-05   3.304131e-04   3.405170e-06   168
  8.377580e-02   5.438102e-05   0.000000e+00   2.582458e-05   6
  8.442777e-02   4.572502e-05   0.000000e+00   4.782227e-06   96
  8.520315e-02   4.479213e-05   2.568330e-04   4.761661e-06   120
  8.677588e-02   3.754788e-05   2.982291e-04   3.214124e-06   144
  8.761483e-02   4.492858e-05   0.000000e+00   6.538970e-06   48
  8.920905e-02   4.148942e-05   3.043160e-04   4.818934e-06   84
  9.008334e-02   4.701327e-05   2.076458e-09   4.552413e-06   120
  9.087075e-02   3.728571e-05   2.761450e-04   4.608645e-06   80
  9.208947e-02   3.665457e-05   2.803779e-04   2.902571e-06   144
  9.366420e-02   4.796074e-05   0.000000e+00   9.597674e-06   24
  9.443338e-02   5.371958e-05   2.705523e-04   4.844836e-06   150
  9.563344e-02   4.992641e-05   2.807133e-04   3.916279e-06   120
  9.695132e-02   4.674261e-05   2.558111e-04   4.242570e-06   168
  9.823584e-02   7.290880e-05   1.498555e-09   1.311690e-05   24
  9.904399e-02   4.354893e-05   2.755857e-04   2.983105e-06   264
  9.989628e-02   3.507533e-05   1.498555e-09   5.313498e-06   48
  1.013491e-01   4.788234e-05   2.552631e-04   4.260305e-06   144
  1.029593e-01   6.153348e-05   2.512639e-04   8.146245e-06   72
  1.038783e-01   4.986667e-05   2.584565e-04   3.446558e-06   180
  1.051629e-01   5.446385e-05   1.872695e-04   4.399602e-06   198
  1.057618e-01   5.809485e-05   0.000000e+00   6.838594e-06   48
  1.070863e-01   4.880817e-05   2.534745e-04   3.978726e-06   168
  1.080693e-01   5.943519e-05   2.536851e-04   5.836392e-06   144
  1.095563e-01   5.808600e-05   3.564417e-04   3.273275e-06   248
  1.115644e-01   4.405830e-05   2.457377e-04   3.348014e-06   192
  1.129317e-01   5.972548e-05   3.795778e-04   4.212459e-06   240
  1.137548e-01   6.670746e-05   0.000000e+00   7.806277e-06   72
  1.150100e-01   7.171313e-05   2.316346e-04   6.753378e-06   126
  1.158019e-01   7.787898e-05   2.137142e-04   6.645255e-06   168
  1.173139e-01   7.604842e-05   2.336940e-04   4.574865e-06   288
  1.189032e-01   7.279510e-05   1.230822e-04   6.683860e-06   156
  1.197263e-01   6.357805e-05   2.070600e-04   5.982724e-06   168
  1.209744e-01   7.004449e-05   3.549677e-04   4.635452e-06   264
  1.221232e-01   6.801407e-05   0.000000e+00   9.055463e-06   48
  1.229768e-01   6.997606e-05   3.532789e-04   4.953486e-06   264
  1.242006e-01   7.355086e-05   2.082356e-04   6.588644e-06   144
  1.251248e-01   8.428483e-05   4.260395e-04   1.028854e-05   78
  1.264711e-01   7.044367e-05   2.769432e-04   4.209216e-06   336
  1.277408e-01   6.741021e-05   2.107087e-04   4.904152e-06   200
  1.285746e-01   6.706607e-05   4.125705e-04   5.484856e-06   192
  1.297002e-01   8.582562e-05   2.070383e-04   6.562443e-06   240
  1.307344e-01   9.319229e-05   4.149169e-04   6.931071e-06   168
  1.317968e-01   7.868491e-05   3.321943e-04   7.289882e-06   120
  1.330728e-01   8.986420e-05   2.596389e-04   5.159812e-06   324
  1.343108e-01   8.265794e-05   2.041203e-04   6.066254e-06   192
  1.351535e-01   9.499850e-05   3.660786e-04   7.402875e-06   168
  1.365868e-01   7.240688e-05   3.015127e-04   4.309112e-06   342
  1.378792e-01   1.018090e-04   2.427784e-04   5.612615e-06   336
  1.391892e-01   1.153339e-04   1.857892e-04   1.384923e-05   72
  1.400726e-01   9.347213e-05   2.971449e-04   6.701141e-06   288
  1.410980e-01   9.464590e-05   1.935213e-04   7.390743e-06   264
  1.425302e-01   8.572430e-05   2.545282e-04   4.997305e-06   384
  1.438131e-01   9.140547e-05   3.055000e-04   7.350394e-06   240
  1.443462e-01   9.767080e-05   0.000000e+00   1.280983e-05   48
  1.458882e-01   9.764425e-05   2.500717e-04   5.303782e-06   392
  1.470646e-01   9.108714e-05   2.744412e-04   5.567441e-06   294
  1.483296e-01   9.178849e-05   1.783725e-04   7.334900e-06   228
  1.491616e-01   1.099360e-04   2.708847e-04   7.728348e-06   216
  1.501968e-01   9.256790e-05   1.650042e-04   5.262794e-06   336
  1.514639e-01   1.001689e-04   1.960521e-04   6.169979e-06   360
  1.525099e-01   1.097937e-04   2.986993e-04   7.293261e-06   240
  1.535999e-01   1.010097e-04   3.534298e-04   7.637893e-06   168
  1.546166e-01   9.557189e-05   2.781922e-04   5.840460e-06   312
  1.558279e-01   9.589699e-05   1.741023e-04   5.259982e-06   336
  1.571364e-01   1.054862e-04   2.375079e-04   6.890558e-06   294
  1.581230e-01   1.199261e-04   3.165495e-04   7.939025e-06   288
  1.588780e-01   8.496358e-05   1.980756e-04   5.979406e-06   264
  1.602243e-01   1.001781e-04   3.402430e-04   5.470528e-06   480
  1.613499e-01   1.130382e-04   1.664457e-04   7.258215e-06   240
  1.627299e-01   1.133667e-04   1.683059e-04   7.144990e-06   276
  1.638187e-01   1.080405e-04   3.694646e-04   4.865587e-06   488
  1.651121e-01   1.253511e-04   1.627201e-04   1.187764e-05   240
  1.658629e-01   1.148414e-04   3.159606e-04   6.117370e-06   360
  1.669157e-01   9.830903e-05   1.124140e-04   7.874651e-06   198
  1.682696e-01   9.757083e-05   3.798514e-04   4.570302e-06   480
  1.692609e-01   9.921660e-05   1.402050e-04   6.487910e-06   288
  1.706319e-01   1.168571e-04   2.963615e-04   5.966506e-06   480
  1.718648e-01   1.217127e-04   1.825962e-04   5.528733e-06   480
  1.731309e-01   1.086656e-04   2.361578e-04   7.843245e-06   288
  1.739208e-01   1.235997e-04   2.519369e-04   7.560413e-06   288
  1.751632e-01   1.212371e-04   4.379927e-04   6.300983e-06   456
  1.764142e-01   1.377145e-04   4.124870e-04   7.310152e-06   360
  1.772208e-01   1.245094e-04   2.472568e-04   8.299044e-06   180
  1.783880e-01   1.074687e-04   2.692929e-04   4.921880e-06   486
  1.795712e-01   1.232506e-04   3.582461e-04   5.964916e-06   504
  1.807741e-01   1.347106e-04   2.783392e-04   6.864859e-06   456
  1.817715e-01   1.324259e-04   2.312507e-04   8.357012e-06   296
  1.830894e-01   1.278193e-04   2.281908e-04   6.049979e-06   528
  1.840804e-01   1.314934e-04   2.251651e-04   7.161967e-06   336
  1.855401e-01   1.356304e-04   2.497503e-04   6.028067e-06   600
  1.866085e-01   1.154778e-04   1.463170e-04   7.387040e-06   264
  1.876792e-01   1.387227e-04   1.582245e-04   7.309834e-06   360
  1.887721e-01   1.350285e-04   3.167810e-04   6.323447e-06   630
  1.899764e-01   1.584208e-04   1.635194e-04   8.103048e-06   432
  1.910447e-01   1.546468e-04   3.150605e-04   7.839208e-06   408
  1.923560e-01   1.446250e-04   2.091179e-04   8.405170e-06   324
  1.933315e-01   1.395678e-04   2.980185e-04   5.629051e-06   744
  1.945082e-01   1.386264e-04   2.382460e-04   8.317976e-06   336
  1.956324e-01   1.602236e-04   3.275274e-04   7.540814e-06   528
  1.968652e-01   1.380722e-04   1.671144e-04   7.899537e-06   408
  1.976826e-01   1.366823e-04   2.844289e-04   7.238946e-06   408
  1.990331e-01   1.431899e-04   2.348053e-04   6.919717e-06   470
  2.000168e-01   1.540684e-04   2.820771e-04   7.505462e-06   528
  2.013905e-01   1.351324e-04   2.350467e-04   5.380805e-06   624
  2.024022e-01   1.564194e-04   1.788484e-04   7.759598e-06   504
  2.034460e-01   1.378638e-04   2.491224e-04   6.399012e-06   552
  2.044814e-01   1.533207e-04   1.211026e-04   8.286826e-06   336
  2.057779e-01   1.659279e-04   2.577797e-04   7.766985e-06   528
  2.067822e-01   1.584502e-04   2.934870e-04   6.733033e-06   564
  2.079585e-01   1.527824e-04   2.701239e-04   7.893346e-06   528
  2.092339e-01   1.697116e-04   4.193756e-04   7.989108e-06   582
  2.103937e-01   1.580337e-04   3.228559e-04   6.735492e-06   624
  2.114080e-01   1.556837e-04   3.690863e-04   8.417909e-06   432
  2.126182e-01   1.640117e-04   4.105443e-04   6.019196e-06   816
  2.138634e-01   1.719508e-04   1.871076e-04   1.016979e-05   312
  2.146781e-01   1.523839e-04   3.032495e-04   7.292369e-06   552
  2.159917e-01   1.605690e-04   1.909937e-04   6.390685e-06   744
  2.169434e-01   1.781322e-04   1.784269e-04   1.037696e-05   408
  2.181718e-01   1.560724e-04   2.556936e-04   6.757175e-06   632
  2.194478e-01   1.830468e-04   4.342326e-04   7.238506e-06   750
  2.204859e-01   1.778474e-04   2.987197e-04   1.015202e-05   312
  2.216427e-01   1.706855e-04   4.410180e-04   6.291295e-06   876
  2.227869e-01   1.405392e-04   2.879586e-04   6.280713e-06   552
  2.240762e-01   1.748897e-04   2.381407e-04   7.375531e-06   696
  2.249544e-01   1.757591e-04   2.628621e-04   8.006473e-06   576
  2.261497e-01   1.585185e-04   2.783078e-04   7.874025e-06   576
  2.271698e-01   1.812130e-04   3.729333e-04   7.644851e-06   648
  2.284026e-01   1.816269e-04   3.732828e-04   7.130343e-06   672
  2.297638e-01   1.780472e-04   1.583327e-04   9.066766e-06   480
  2.306350e-01   1.679917e-04   2.451973e-04   6.427362e-06   726
  2.317567e-01   1.874359e-04   2.778404e-04   7.014790e-06   792
  2.329717e-01   1.745407e-04   3.854381e-04   6.848206e-06   768
  2.342523e-01   1.849110e-04   3.150039e-04   7.427074e-06   672
  2.354264e-01   1.817593e-04   2.112980e-04   7.546177e-06   608
  2.362763e-01   1.754314e-04   2.028525e-04   7.420239e-06   624
  2.374889e-01   1.780613e-04   2.636051e-04   6.909056e-06   684
  2.386683e-01   1.833909e-04   3.893754e-04   6.727962e-06   768
  2.397659e-01   1.923598e-04   3.113029e-04   7.064009e-06   744
  2.410738e-01   1.825330e-04   1.960148e-04   6.735881e-06   750
  2.420271e-01   1.725617e-04   2.913499e-04   8.038390e-06   600
  2.430579e-01   1.845780e-04   3.093610e-04   7.977602e-06   600
  2.443316e-01   1.933303e-04   3.565195e-04   6.324431e-06   1008
  2.453430e-01   1.965192e-04   1.977380e-04   7.925058e-06   696
  2.464638e-01   2.045943e-04   2.612207e-04   8.878117e-06   624
  2.475905e-01   2.007144e-04   4.064925e-04   7.870372e-06   840
  2.488705e-01   2.151943e-04   2.765853e-04   7.908438e-06   816
  2.499088e-01   1.956785e-04   1.837145e-04   7.190675e-06   744
  2.509573e-01   2.036080e-04   3.247769e-04   9.122299e-06   510
  2.522240e-01   2.099935e-04   3.118125e-04   7.197226e-06   1020
  2.534028e-01   2.084542e-04   2.516018e-04   7.069079e-06   912
  2.545649e-01   2.176743e-04   3.727622e-04   8.292183e-06   752
  2.555258e-01   2.152793e-04   3.093055e-04   8.783687e-06   888
  2.568370e-01   2.060825e-04   1.995936e-04   7.762154e-06   768
  2.579096e-01   2.128916e-04   3.626792e-04   8.179750e-06   720
  2.591439e-01   2.124484e-04   3.197122e-04   7.205446e-06   1056
  2.602388e-01   2.165437e-04   2.211904e-04   1.004934e-05   504
  2.611359e-01   2.046423e-04   3.453932e-04   8.244346e-06   774
  2.624189e-01   2.140896e-04   3.321769e-04   6.956779e-06   1272
  2.636238e-01   2.223364e-04   2.176282e-04   9.031428e-06   744
  2.647474e-01   2.057830e-04   3.553730e-04   7.819629e-06   768
  2.657783e-01   2.199499e-04   3.005992e-04   7.720320e-06   840
  2.669359e-01   2.325175e-04   2.037982e-04   7.972048e-06   924
  2.680507e-01   2.251154e-04   3.592957e-04   7.847534e-06   936
  2.691462e-01   2.108511e-04   2.496969e-04   7.377414e-06   840
  2.702499e-01   2.360562e-04   2.968605e-04   7.840619e-06   1008
  2.716524e-01   2.175107e-04   3.351279e-04   8.542813e-06   696
  2.725324e-01   2.093260e-04   2.978709e-04   7.088105e-06   974
  2.738399e-01   2.343026e-04   3.956072e-04   7.123049e-06   1152
  2.749766e-01   2.337309e-04   1.548021e-04   8.290083e-06   816
  2.758606e-01   2.124224e-04   3.405473e-04   7.412809e-06   816
  2.770499e-01   2.290704e-04   3.007186e-04   6.978462e-06   1152
  2.783042e-01   2.321336e-04   2.707498e-04   7.844331e-06   912
  2.794448e-01   2.478573e-04   3.289610e-04   7.884312e-06   1056
  2.804215e-01   2.425190e-04   2.813206e-04   1.020036e-05   624
  2.817348e-01   2.301978e-04   3.514063e-04   7.345663e-06   1260
  2.828682e-01   2.407111e-04   2.119534e-04   8.611876e-06   894
  2.839752e-01   2.540586e-04   3.631515e-04   7.304151e-06   1176
  2.850828e-01   2.193313e-04   3.005819e-04   8.638386e-06   840
  2.863434e-01   2.433141e-04   3.416552e-04   6.581643e-06   1440
  2.876670e-01   2.233237e-04   1.920805e-04   7.695183e-06   864
  2.886707e-01   2.529065e-04   3.296196e-04   8.583104e-06   1056
  2.896696e-01   2.569644e-04   1.943394e-04   1.103721e-05   624
  2.908828e-01   2.498212e-04   3.598830e-04   6.859699e-06   1496
  2.920429e-01   2.499914e-04   2.540902e-04   9.950887e-06   936
  2.930757e-01   2.415972e-04   3.678426e-04   8.253070e-06   966
  2.941869e-01   2.412325e-04   2.607418e-04   8.354749e-06   936
  2.953542e-01   2.492756e-04   3.225236e-04   7.288502e-06   1248
  2.965494e-01   2.355606e-04   2.273648e-04   7.278915e-06   1044
  2.976629e-01   2.462794e-04   3.521954e-04   7.366014e-06   1392
  2.985449e-01   2.298282e-04   2.712615e-04   9.393692e-06   600
  2.998065e-01   2.422948e-04   3.081815e-04   6.624512e-06   1416
  3.009894e-01   2.528611e-04   3.317198e-04   7.737556e-06   1152
  3.021881e-01   2.517987e-04   3.182331e-04   8.442848e-06   936
  3.031537e-01   2.561553e-04   3.413206e-04   9.236615e-06   870
  3.043010e-01   2.713924e-04   2.861837e-04   8.388404e-06   1368
  3.055743e-01   2.634518e-04   3.762569e-04   7.259884e-06   1632
  3.066624e-01   2.699034e-04   1.633496e-04   1.010560e-05   816
  3.078402e-01   2.715604e-04   3.726666e-04   8.256786e-06   1200
  3.088679e-01   2.761731e-04   3.563133e-04   8.403317e-06   1184
  3.099118e-01   2.848409e-04   2.704185e-04   9.772736e-06   984
  3.111927e-01   2.701053e-04   3.301532e-04   7.435287e-06   1572
  3.123538e-01   2.958696e-04   1.818211e-04   1.108080e-05   840
  3.134359e-01   2.684905e-04   4.228321e-04   7.422759e-06   1392
  3.145784e-01   2.647331e-04   3.104431e-04   8.664155e-06   1158
  3.155982e-01   2.830621e-04   2.826825e-04   8.404450e-06   1272
  3.168261e-01   2.893970e-04   2.880787e-04   8.301041e-06   1320
  3.179794e-01   2.800989e-04   2.818818e-04   9.245960e-06   1104
  3.190768e-01   2.757697e-04   3.190507e-04   8.195623e-06   1392
  3.202285e-01   2.718559e-04   3.450855e-04   8.253037e-06   1296
  3.214147e-01   2.841522e-04   3.603262e-04   8.039044e-06   1392
  3.225277e-01   2.869202e-04   2.643281e-04   9.129719e-06   1104
  3.235575e-01   2.777264e-04   3.329465e-04   7.812397e-06   1320
  3.250243e-01   2.858718e-04   2.542663e-04   8.059693e-06   1422
  3.259612e-01   2.792448e-04   3.166745e-04   8.606700e-06   1212
  3.270374e-01   2.794357e-04   3.460396e-04   7.962034e-06   1280
  3.281431e-01   3.054716e-04   3.603215e-04   9.090916e-06   1272
  3.292027e-01   3.114031e-04   3.118225e-04   8.173464e-06   1680
  3.304587e-01   2.754007e-04   2.946144e-04   8.680016e-06   1152
  3.316150e-01   2.910802e-04   3.411738e-04   7.523048e-06   1512
  3.328306e-01   2.901000e-04   1.440423e-04   1.035029e-05   912
  3.337915e-01   3.076735e-04   3.631010e-04   7.510233e-06   1680
  3.350694e-01   2.706310e-04   3.216648e-04   7.212022e-06   1518
  3.360166e-01   3.096685e-04   2.978004e-04   9.671106e-06   1056
  3.370144e-01   2.987271e-04   3.006961e-04   8.113608e-06   1344
  3.383042e-01   3.368247e-04   3.228820e-04   8.585201e-06   1680
  3.394711e-01   3.029159e-04   3.181667e-04   8.098894e-06   1656
  3.407463e-01   2.940421e-04   2.704467e-04   9.867756e-06   1140
  3.417036e-01   3.011724e-04   3.131567e-04   9.007645e-06   1368
  3.428300e-01   3.076723e-04   3.562176e-04   8.157998e-06   1656
  3.439750e-01   3.201267e-04   3.648432e-04   9.447037e-06   1448
  3.452214e-01   3.092694e-04   3.427462e-04   8.345368e-06   1422
  3.463724e-01   3.201049e-04   3.783779e-04   8.649293e-06   1512
  3.473569e-01   3.223714e-04   2.884642e-04   9.779639e-06   1296
  3.484960e-01   3.080848e-04   2.633868e-04   7.836390e-06   1824
  3.497274e-01   3.150643e-04   3.415207e-04   8.503904e-06   1464
  3.509714e-01   3.020408e-04   3.047582e-04   7.063976e-06   1824
  3.521259e-01   3.251346e-04   2.422982e-04   8.966963e-06   1416
  3.531303e-01   3.233983e-04   3.549016e-04   9.153217e-06   1392
  3.542145e-01   3.160575e-04   3.274978e-04   8.539646e-06   1464
  3.555374e-01   2.965468e-04   3.201799e-04   8.398288e-06   1524
  3.565596e-01   3.151444e-04   2.950510e-04   8.410602e-06   1686
  3.577411e-01   3.177607e-04   3.513169e-04   8.400748e-06   1800
  3.587565e-01   3.410399e-04   2.789122e-04   1.048895e-05   1344
  3.598830e-01   3.402704e-04   3.254057e-04   9.618224e-06   1656
  3.610125e-01   3.355264e-04   2.598199e-04   8.769921e-06   1488
  3.619938e-01   3.432561e-04   2.593968e-04   9.234748e-06   1536
  3.633611e-01   3.301998e-04   2.881605e-04   8.555447e-06   1760
  3.644206e-01   3.335358e-04   3.205223e-04   8.093891e-06   1824
  3.656457e-01   3.523682e-04   2.689779e-04   9.268660e-06   1560
  3.668246e-01   3.435327e-04   3.089463e-04   8.403420e-06   1926
  3.679333e-01   3.491419e-04   2.197015e-04   1.027738e-05   1272
  3.689453e-01   3.351366e-04   3.692081e-04   8.237031e-06   1848
  3.702755e-01   3.588698e-04   2.982884e-04   8.338901e-06   1908
  3.712873e-01   3.433236e-04   2.909410e-04   9.317447e-06   1488
  3.723548e-01   3.346005e-04   3.281188e-04   8.709652e-06   1800
  3.735122e-01   3.438491e-04   3.284423e-04   8.757780e-06   1752
  3.746207e-01   3.360221e-04   3.492460e-04   9.395044e-06   1368
  3.757301e-01   3.580299e-04   3.282241e-04   7.949689e-06   2016
  3.769502e-01   3.681457e-04   3.466854e-04   9.711138e-06   1542
  3.780762e-01   3.469369e-04   3.394987e-04   8.259483e-06   2184
  3.793227e-01   3.667564e-04   3.105642e-04   8.907433e-06   1776
  3.803994e-01   3.552471e-04   3.550218e-04   1.072363e-05   1568
  3.814258e-01   3.713489e-04   3.243522e-04   8.724377e-06   2040
  3.825425e-01   3.836615e-04   3.467615e-04   9.786975e-06   1704
  3.837115e-01   3.542000e-04   3.476031e-04   9.643000e-06   1512
  3.848137e-01   3.722266e-04   2.965064e-04   8.736945e-06   2028
  3.860521e-01   3.709775e-04   3.576630e-04   8.509419e-06   1968
  3.871844e-01   3.663347e-04   3.627956e-04   8.570426e-06   1854
  3.882924e-01   3.562267e-04   3.458559e-04   8.797976e-06   1632
  3.894279e-01   3.771222e-04   3.553966e-04   7.718383e-06   2424
  3.906048e-01   3.646967e-04   3.557663e-04   9.490330e-06   1560
  3.915998e-01   3.822012e-04   3.361987e-04   9.146451e-06   1728
  3.928020e-01   3.711160e-04   3.588767e-04   8.918262e-06   2088
  3.940121e-01   3.618234e-04   3.416122e-04   8.701875e-06   1968
  3.951252e-01   3.776805e-04   3.382289e-04   8.809763e-06   2256
  3.962415e-01   3.872112e-04   3.007230e-04   9.329687e-06   1728
  3.974068e-01   3.840009e-04   2.964486e-04   1.118436e-05   1416
  3.984392e-01   4.045044e-04   3.125163e-04   8.957899e-06   2246
  3.996080e-01   3.813165e-04   3.461083e-04   9.228595e-06   2148
  4.007262e-01   3.990609e-04   2.923589e-04   1.046374e-05   1680
  4.017788e-01   3.897832e-04   3.696028e-04   7.913448e-06   2280
  4.030439e-01   3.990088e-04   3.441818e-04   8.321989e-06   2352
  4.042256e-01   3.979190e-04   2.891985e-04   1.037522e-05   1632
  4.051604e-01   4.003084e-04   3.309200e-04   9.710311e-06   1968
  4.064433e-01   3.923279e-04   3.395240e-04   9.125093e-06   2112
  4.076328e-01   3.849298e-04   2.550424e-04   9.084095e-06   2208
  4.087887e-01   3.947374e-04   2.571594e-04   9.003349e-06   1974
  4.097011e-01   3.844958e-04   2.515718e-04   9.196195e-06   1944
  4.109336e-01   4.163397e-04   2.846246e-04   9.421914e-06   2160
  4.120018e-01   4.037252e-04   2.661882e-04   9.678034e-06   2040
  4.131563e-01   4.164545e-04   3.724034e-04   9.397367e-06   2352
  4.143404e-01   4.277185e-04   3.093776e-04   1.034361e-05   1836
  4.154212e-01   4.105360e-04   3.300296e-04   8.558509e-06   2352
  4.166345e-01   4.034734e-04   3.461564e-04   9.401655e-06   2008
  4.177469e-01   4.073153e-04   3.405340e-04   9.044331e-06   2464
  4.189872e-01   4.135394e-04   2.746556e-04   9.160450e-06   2118
  4.200045e-01   4.112731e-04   2.760978e-04   1.010269e-05   1848
  4.210517e-01   4.431318e-04   3.653675e-04   1.044459e-05   2280
  4.223165e-01   4.322767e-04   3.475519e-04   9.308023e-06   2472
  4.234984e-01   4.161931e-04   2.322583e-04   9.435135e-06   2280
  4.244905e-01   4.514270e-04   2.838967e-04   1.115329e-05   1992
  4.255605e-01   4.402013e-04   2.984628e-04   9.124767e-06   2184
  4.267943e-01   3.999970e-04   3.600493e-04   8.857597e-06   2352
  4.279832e-01   4.299374e-04   3.794276e-04   9.023894e-06   2496
  4.291473e-01   4.123498e-04   3.543898e-04   1.049929e-05   1770
  4.301915e-01   4.513058e-04   3.057824e-04   9.551269e-06   2568
  4.314467e-01   4.430542e-04   3.750546e-04   9.058171e-06   2712
  4.325877e-01   4.495920e-04   2.978475e-04   9.815079e-06   2448
  4.337271e-01   4.632789e-04   2.510702e-04   1.047154e-05   2064
  4.346722e-01   4.293574e-04   2.650103e-04   1.074456e-05   1944
  4.358976e-01   4.343379e-04   3.273850e-04   9.533140e-06   2480
  4.371479e-01   4.492180e-04   3.556362e-04   8.956980e-06   2880
  4.382552e-01   4.525669e-04   3.411489e-04   9.759559e-06   2304
  4.394118e-01   4.511141e-04   3.134314e-04   1.050613e-05   1806
  4.404374e-01   4.512373e-04   3.073807e-04   8.740038e-06   2856
  4.417226e-01   4.658192e-04   2.947873e-04   9.882935e-06   2568
  4.427006e-01   4.343143e-04   2.957534e-04   1.016049e-05   2112
  4.437650e-01   4.577594e-04   2.848627e-04   1.118060e-05   2028
  4.449070e-01   4.604526e-04   3.371936e-04   8.979255e-06   2712
  4.460666e-01   4.739875e-04   3.632729e-04   9.212836e-06   2952
  4.473128e-01   4.775371e-04   2.806899e-04   1.069220e-05   2112
  4.483202e-01   4.667219e-04   3.289543e-04   9.546071e-06   2520
  4.495304e-01   4.598350e-04   3.172829e-04   9.956969e-06   2376
  4.506326e-01   4.767349e-04   2.543445e-04   1.008720e-05   2526
  4.517766e-01   4.908059e-04   3.165250e-04   1.016082e-05   2664
  4.529094e-01   4.880094e-04   3.775241e-04   1.031738e-05   2408
  4.539952e-01   4.894778e-04   3.024115e-04   1.034591e-05   2568
  4.551026e-01   5.043919e-04   2.851198e-04   9.698575e-06   2904
  4.563040e-01   4.869540e-04   3.199125e-04   9.968187e-06   2544
  4.574454e-01   4.904505e-04   2.356375e-04   1.102427e-05   2160
  4.585224e-01   5.230876e-04   4.073901e-04   1.076681e-05   2652
  4.597120e-01   4.862430e-04   3.225691e-04   9.689168e-06   2784
  4.608569e-01   5.129094e-04   3.185464e-04   9.828352e-06   2694
  4.620431e-01   4.827161e-04   2.862842e-04   9.345882e-06   2952
  4.630738e-01   5.283450e-04   2.711632e-04   1.148994e-05   2208
  4.641238e-01   4.955690e-04   2.890065e-04   1.076631e-05   2304
  4.652958e-01   4.863455e-04   3.758211e-04   8.126430e-06   3504
  4.666627e-01   5.186989e-04   3.043157e-04   1.133139e-05   2616
  4.677288e-01   5.214175e-04   2.972918e-04   1.073575e-05   2664
  4.687557e-01   5.098249e-04   2.762101e-04   1.061231e-05   2448
  4.697905e-01   5.262838e-04   3.846696e-04   1.091319e-05   2472
  4.710080e-01   5.290028e-04   3.058342e-04   9.786757e-06   3134
  4.721538e-01   5.290170e-04   3.344928e-04   1.092845e-05   2616
  4.732978e-01   5.022917e-04   2.709521e-04   1.036677e-05   2712
  4.744747e-01   5.135987e-04   3.107429e-04   9.573249e-06   3204
  4.755996e-01   5.144918e-04   3.578824e-04   1.077148e-05   2760
  4.766679e-01   5.138205e-04   3.122467e-04   1.028295e-05   2688
  4.778460e-01   5.303662e-04   2.952283e-04   1.104532e-05   2760
  4.788877e-01   5.135084e-04   2.437747e-04   1.078957e-05   2568
  4.800874e-01   5.156206e-04   3.785701e-04   9.212397e-06   3336
  4.812388e-01   5.365660e-04   3.204180e-04   1.118996e-05   2334
  4.824016e-01   5.157407e-04   3.545770e-04   9.582201e-06   3264
  4.834882e-01   5.447084e-04   2.578046e-04   1.101824e-05   2760
  4.846025e-01   5.273192e-04   3.113549e-04   9.731492e-06   3192
  4.857371e-01   5.379638e-04   3.232530e-04   1.083379e-05   2904
  4.869438e-01   5.379761e-04   3.243396e-04   1.087514e-05   2784
  4.879540e-01   5.661256e-04   2.669375e-04   1.207469e-05   2592
  4.891030e-01   5.385284e-04   3.638740e-04   9.519603e-06   3284
  4.903242e-01   5.585290e-04   3.654947e-04   1.069686e-05   3168
  4.914166e-01   5.574044e-04   3.015593e-04   1.129407e-05   2616
  4.925652e-01   5.266847e-04   2.913808e-04   1.001967e-05   3222
  4.936823e-01   5.488330e-04   3.269383e-04   9.499278e-06   3240
  4.947643e-01   5.668900e-04   3.307508e-04   1.210488e-05   2568
  4.959943e-01   5.822051e-04   3.034801e-04   1.092220e-05   3120
  4.970227e-01   5.886767e-04   3.336317e-04   1.123609e-05   3168
  4.981288e-01   5.558292e-04   2.920692e-04   1.053489e-05   3240
  4.993388e-01   5.583973e-04   2.996557e-04   1.019631e-05   3144
  5.005144e-01   5.511050e-04   2.856241e-04   1.054507e-05   2856
  5.016254e-01   5.687883e-04   3.050580e-04   1.018858e-05   3264
  5.028827e-01   5.820630e-04   3.370755e-04   1.059804e-05   3318
  5.038722e-01   5.863393e-04   2.360687e-04   1.305743e-05   2556
  5.050514e-01   5.758368e-04   4.032488e-04   9.335312e-06   4008
  5.062453e-01   5.871731e-04   2.976681e-04   1.171047e-05   2904
  5.072667e-01   5.738597e-04   3.043761e-04   1.034815e-05   3144
  5.084294e-01   5.625457e-04   3.173150e-04   1.068022e-05   3200
  5.096327e-01   5.848613e-04   3.129495e-04   1.065875e-05   3312
  5.107113e-01   6.124366e-04   2.522234e-04   1.223598e-05   2832
  5.119157e-01   5.927188e-04   3.629652e-04   9.868600e-06   3984
  5.130339e-01   6.426788e-04   2.950735e-04   1.461602e-05   2238
  5.140547e-01   6.007595e-04   3.472509e-04   1.016664e-05   3984
  5.153213e-01   5.917115e-04   3.299918e-04   1.095028e-05   3384
  5.163735e-01   6.318073e-04   3.084531e-04   1.214649e-05   3048
  5.174721e-01   5.909262e-04   2.832201e-04   1.119469e-05   3096
  5.186196e-01   6.295555e-04   3.210216e-04   1.043695e-05   3708
  5.197605e-01   5.984675e-04   3.042849e-04   1.214454e-05   2784
  5.208204e-01   6.467288e-04   3.160581e-04   1.134025e-05   3648
  5.220242e-01   6.239448e-04   3.252920e-04   1.083392e-05   3888
  5.233054e-01   6.138116e-04   3.472588e-04   1.136503e-05   2958
  5.242620e-01   6.065563e-04   2.964176e-04   1.088522e-05   3264
  5.254147e-01   6.522216e-04   3.272366e-04   1.210098e-05   3160
  5.265037e-01   6.042441e-04   2.965703e-04   1.059000e-05   3736
  5.275359e-01   6.356565e-04   2.702449e-04   1.203820e-05   3216
  5.287532e-01   6.410821e-04   3.311706e-04   1.056071e-05   4032
  5.300227e-01   6.444850e-04   3.023528e-04   1.120855e-05   3528
  5.311052e-01   6.541380e-04   2.668911e-04   1.190457e-05   3192
  5.321873e-01   6.357932e-04   2.922933e-04   1.145211e-05   3456
  5.333612e-01   6.543899e-04   3.030774e-04   1.265294e-05   3060
  5.345378e-01   6.479279e-04   3.603938e-04   1.036010e-05   4518
  5.356843e-01   6.554651e-04   3.210642e-04   1.119235e-05   3528
  5.367382e-01   6.503337e-04   2.696379e-04   1.252065e-05   3024
  5.378619e-01   6.288412e-04   3.650789e-04   1.080491e-05   3672
  5.390064e-01   6.621001e-04   3.133486e-04   1.172360e-05   3864
  5.402772e-01   6.425800e-04   3.321452e-04   1.059160e-05   3816
  5.413165e-01   6.667560e-04   3.021787e-04   1.185948e-05   3456
  5.423130e-01   6.745093e-04   2.735402e-04   1.368724e-05   2688
  5.434869e-01   6.771399e-04   3.245503e-04   1.086511e-05   4248
  5.446508e-01   6.655510e-04   3.108570e-04   1.100631e-05   3926
  5.458198e-01   6.563278e-04   3.282116e-04   1.115096e-05   3504
  5.469491e-01   6.847528e-04   2.934261e-04   1.115145e-05   3960
  5.481960e-01   6.648452e-04   3.303294e-04   1.132886e-05   3684
  5.492653e-01   6.552264e-04   3.303073e-04   1.094880e-05   4104
  5.503343e-01   6.882110e-04   3.132782e-04   1.272230e-05   3144
  5.514828e-01   6.862040e-04   3.431475e-04   1.099612e-05   4224
  5.527454e-01   6.846081e-04   3.045732e-04   1.118649e-05   4008
  5.538242e-01   6.971060e-04   3.350787e-04   1.237806e-05   3312
  5.549351e-01   6.838766e-04   3.332741e-04   1.183737e-05   3726
  5.561165e-01   6.952223e-04   3.423133e-04   1.159191e-05   3936
  5.571656e-01   7.096824e-04   3.528577e-04   1.191486e-05   3888
  5.582542e-01   7.036070e-04   3.336607e-04   1.155970e-05   3864
  5.593869e-01   6.875839e-04   3.547095e-04   1.150738e-05   3888
  5.605536e-01   6.694120e-04   3.345457e-04   1.097942e-05   4080
  5.617054e-01   7.045743e-04   3.550548e-04   1.259511e-05   3400
  5.628806e-01   7.109022e-04   3.256210e-04   1.079180e-05   4588
  5.640688e-01   7.285756e-04   3.222976e-04   1.247224e-05   3816
  5.651072e-01   7.337008e-04   3.054040e-04   1.231128e-05   3534
  5.662065e-01   7.443699e-04   3.016576e-04   1.189439e-05   4080
  5.673565e-01   7.408655e-04   3.153176e-04   1.179901e-05   4248
  5.685114e-01   7.262622e-04   3.177444e-04   1.292998e-05   3528
  5.695771e-01   7.617551e-04   3.248502e-04   1.231079e-05   4248
  5.706543e-01   7.296044e-04   3.177361e-04   1.260801e-05   3696
  5.718538e-01   7.566408e-04   3.296959e-04   1.182540e-05   4560
  5.729915e-01   7.393088e-04   3.088155e-04   1.237361e-05   3864
  5.741598e-01   7.358748e-04   3.362527e-04   1.154698e-05   4440
  5.752671e-01   7.339917e-04   3.137317e-04   1.361925e-05   3432
  5.764307e-01   7.339532e-04   3.076205e-04   1.134851e-05   4470
  5.775753e-01   7.507875e-04   2.733724e-04   1.208830e-05   4188
  5.787003e-01   7.631721e-04   3.502285e-04   1.190778e-05   4392
  5.798177e-01   7.762794e-04   2.709350e-04   1.339022e-05   3960
  5.809796e-01   7.797314e-04   3.060777e-04   1.238539e-05   4328
  5.821053e-01   7.681667e-04   3.185362e-04   1.248981e-05   4320
  5.832429e-01   7.718701e-04   3.330896e-04   1.183579e-05   4152
  5.842978e-01   8.336761e-04   2.786345e-04   1.463542e-05   3528
  5.854908e-01   7.747582e-04   3.015793e-04   1.173940e-05   4512
  5.866069e-01   7.810272e-04   3.082882e-04   1.261466e-05   4134
  5.877407e-01   8.072373e-04   3.284303e-04   1.138363e-05   5208
  5.888310e-01   8.030566e-04   2.861430e-04   1.434774e-05   3240
  5.899590e-01   8.506250e-04   3.156027e-04   1.316458e-05   4680
  5.911071e-01   7.934914e-04   3.124722e-04   1.261376e-05   4440
  5.922565e-01   7.577766e-04   3.540818e-04   1.189480e-05   4260
  5.933590e-01   8.038561e-04   2.890735e-04   1.321913e-05   4056
  5.944943e-01   8.102993e-04   3.204885e-04   1.231223e-05   4704
  5.956859e-01   8.380227e-04   3.729431e-04   1.235800e-05   4800
  5.969456e-01   8.078560e-04   3.231265e-04   1.174580e-05   4806
  5.980342e-01   8.694923e-04   3.221056e-04   1.581063e-05   3552
  5.990709e-01   8.119701e-04   3.229694e-04   1.341116e-05   4304
  6.002415e-01   8.158560e-04   3.132073e-04   1.158413e-05   5280
  6.013990e-01   8.292074e-04   3.004694e-04   1.296480e-05   4320
  6.024946e-01   8.152121e-04   3.393086e-04   1.290108e-05   4296
  6.036500e-01   8.733699e-04   3.772267e-04   1.301158e-05   4608
  6.048185e-01   8.550213e-04   3.614034e-04   1.284399e-05   4824
  6.059753e-01   8.565698e-04   3.411905e-04   1.311461e-05   4488
  6.072166e-01   8.715393e-04   3.185380e-04   1.364193e-05   4530
  6.082417e-01   8.374787e-04   3.110260e-04   1.264004e-05   4464
  6.092673e-01   8.692080e-04   2.931190e-04   1.397761e-05   4104
  6.104449e-01   8.270500e-04   3.160435e-04   1.164931e-05   5424
  6.116032e-01   8.685034e-04   3.402015e-04   1.268232e-05   4392
  6.127820e-01   9.006599e-04   3.330710e-04   1.349134e-05   4896
  6.138525e-01   8.803892e-04   3.264777e-04   1.419383e-05   4104
  6.149695e-01   9.116844e-04   2.943967e-04   1.373608e-05   4824
  6.161480e-01   8.723333e-04   2.813743e-04   1.359845e-05   4680
  6.171747e-01   8.691912e-04   2.877844e-04   1.342491e-05   4328
  6.183664e-01   8.831678e-04   3.317409e-04   1.270948e-05   5118
  6.195639e-01   9.069184e-04   3.843430e-04   1.285910e-05   5304
  6.206446e-01   9.095399e-04   3.026522e-04   1.372016e-05   4392
  6.218220e-01   9.267932e-04   3.037683e-04   1.411780e-05   4476
  6.228517e-01   8.801932e-04   3.016780e-04   1.299298e-05   4704
  6.239973e-01   9.143984e-04   3.651452e-04   1.296114e-05   5208
  6.252015e-01   8.825599e-04   3.078785e-04   1.289659e-05   5304
  6.263110e-01   9.406036e-04   3.297808e-04   1.509296e-05   4296
  6.274487e-01   9.518824e-04   3.127173e-04   1.427877e-05   4752
  6.286442e-01   8.872025e-04   3.139172e-04   1.299561e-05   4950
  6.297185e-01   9.227464e-04   3.281279e-04   1.339649e-05   5064
  6.307932e-01   9.291734e-04   2.749285e-04   1.383257e-05   4872
  6.318799e-01   9.139585e-04   2.894245e-04   1.518974e-05   4224
  6.330401e-01   9.389738e-04   3.197056e-04   1.241073e-05   6120
  6.342749e-01   9.204303e-04   3.517169e-04   1.328854e-05   4968
  6.353950e-01   9.632869e-04   3.112388e-04   1.451202e-05   4424
  6.365538e-01   9.875355e-04   3.975415e-04   1.387459e-05   5436
  6.376984e-01   9.448255e-04   3.389391e-04   1.437811e-05   4896
  6.388050e-01   9.350533e-04   3.244971e-04   1.340652e-05   5214
  6.398718e-01   9.715543e-04   2.758395e-04   1.468293e-05   4656
  6.410571e-01   9.856646e-04   3.507076e-04   1.437538e-05   5448
  6.421897e-01   9.804536e-04   2.961984e-04   1.420266e-05   4992
  6.432986e-01   9.855750e-04   3.278095e-04   1.392622e-05   5400
  6.445177e-01   1.008702e-03   3.633144e-04   1.393433e-05   5328
  6.456408e-01   9.504429e-04   3.248697e-04   1.356241e-05   4776
  6.466976e-01   1.013893e-03   3.052689e-04   1.472951e-05   4800
  6.478716e-01   1.003261e-03   3.925601e-04   1.267007e-05   6552
  6.490999e-01   9.928008e-04   2.965738e-04   1.608793e-05   3942
  6.501643e-01   9.838491e-04   3.737976e-04   1.329096e-05   6072
  6.513429e-01   9.862024e-04   2.903049e-04   1.526378e-05   4692
  6.523311e-01   1.044649e-03   3.030738e-04   1.497280e-05   4944
  6.534886e-01   1.018683e-03   3.252915e-04   1.323485e-05   5840
  6.546770e-01   9.988448e-04   3.482111e-04   1.404878e-05   5712
  6.558471e-01   1.002262e-03   2.918233e-04   1.472847e-05   4800
  6.569145e-01   1.021258e-03   3.864770e-04   1.422185e-05   5688
  6.580837e-01   1.055542e-03   3.049223e-04   1.612370e-05   4848
  6.592423e-01   8.636152e-04   3.393966e-04   1.420093e-05   5406
  6.603420e-01   6.381784e-07   3.063604e-04   1.219955e-08   5568
  6.614462e-01   6.756029e-07   2.753975e-04   1.271944e-08   5736
  6.626395e-01   6.468553e-07   3.420260e-04   1.332505e-08   5280
  6.637224e-01   6.674153e-07   3.162280e-04   1.295976e-08   5592
  6.648370e-01   6.285320e-07   3.619973e-04   1.256022e-08   4968
  6.660154e-01   6.255360e-07   3.245790e-04   1.168425e-08   5964
  6.671651e-01   6.620068e-07   3.260872e-04   1.259461e-08   5376
  6.682097e-01   6.804775e-07   3.148573e-04   1.318550e-08   5472
  6.694208e-01   6.104074e-07   2.990240e-04   1.160063e-08   5472
  6.705283e-01   6.280311e-07   3.399805e-04   1.346892e-08   5415
  6.716015e-01   6.152572e-07   2.990540e-04   1.213950e-08   5096
  6.727626e-01   5.937850e-07   3.845759e-04   1.063038e-08   6372
  6.739372e-01   6.349206e-07   3.121813e-04   1.382525e-08   4656
  6.749898e-01   6.175265e-07   3.408021e-04   1.118391e-08   5844
  6.761224e-01   5.833263e-07   2.996441e-04   1.108460e-08   5508
  6.773229e-01   6.243329e-07   3.399208e-04   1.085935e-08   6324
  6.785007e-01   6.178459e-07   2.919923e-04   1.242665e-08   4752
  6.795773e-01   5.619564e-07   3.269097e-04   1.064126e-08   5676
  6.807426e-01   5.969483e-07   2.990596e-04   1.157998e-08   5472
  6.818487e-01   6.153990e-07   3.373308e-04   1.153174e-08   5556
  6.830370e-01   5.626194e-07   3.287224e-04   1.030199e-08   5436
  6.841839e-01   5.980028e-07   3.364703e-04   1.100295e-08   5916
  6.853616e-01   5.949722e-07   3.500772e-04   1.130490e-08   5520
  6.864221e-01   5.438412e-07   3.183788e-04   1.059803e-08   5280
  6.875086e-01   5.993424e-07   3.128357e-04   1.193237e-08   4416
  6.887346e-01   5.628770e-07   3.049383e-04   9.764010e-09   6260
  6.898862e-01   5.869809e-07   3.626089e-04   1.023439e-08   5940
  6.909293e-01   5.771952e-07   2.839820e-04   1.167907e-08   4188
  6.920777e-01   5.923352e-07   3.630951e-04   9.864521e-09   6360
  6.932852e-01   5.527695e-07   3.238656e-04   9.900538e-09   5256
  6.944067e-01   5.538202e-07   3.061597e-04   1.108263e-08   4848
  6.953676e-01   5.463179e-07   2.775497e-04   1.053173e-08   4704
  6.965505e-01   5.799352e-07   3.404812e-04   1.011155e-08   5784
  6.977539e-01   5.392105e-07   3.602685e-04   9.594071e-09   5820
  6.989156e-01   5.692734e-07   3.227234e-04   9.822058e-09   5700
  7.000842e-01   5.401643e-07   2.992813e-04   9.958840e-09   5232
  7.012543e-01   5.937284e-07   3.320783e-04   1.057182e-08   4932
  7.022907e-01   5.659189e-07   2.858326e-04   1.078245e-08   4716
  7.033798e-01   6.084599e-07   3.640892e-04   1.103050e-08   5616
  7.045003e-01   5.454084e-07   3.215442e-04   9.864176e-09   5184
  7.056561e-01   5.480721e-07   3.243592e-04   9.959971e-09   5064
  7.067462e-01   5.556659e-07   3.321282e-04   9.477087e-09   5544
  7.079551e-01   5.430445e-07   3.334006e-04   9.678552e-09   5192
  7.090550e-01   5.484164e-07   2.996124e-04   9.695974e-09   5244
  7.102116e-01   5.489721e-07   3.241840e-04   9.745497e-09   5112
  7.113613e-01   5.668853e-07   2.975024e-04   1.051269e-08   5040
  7.124164e-01   5.746297e-07   3.127691e-04   9.998471e-09   5124
  7.136487e-01   5.500663e-07   3.511254e-04   9.143829e-09   5952
  7.147861e-01   5.749795e-07   3.076571e-04   1.005880e-08   4824
  7.158172e-01   5.524229e-07   3.105414e-04   1.004572e-08   4536
  7.170108e-01   5.452290e-07   3.300771e-04   8.850724e-09   5712
  7.182367e-01   5.522283e-07   3.611944e-04   9.567863e-09   5352
  7.193929e-01   5.815224e-07   3.146137e-04   9.830091e-09   5004
  7.204258e-01   5.887748e-07   3.146993e-04   1.054210e-08   4800
  7.215358e-01   5.530043e-07   3.381872e-04   9.225805e-09   5148
  7.227656e-01   5.461596e-07   3.512513e-04   8.791716e-09   5664
  7.238768e-01   5.518836e-07   3.154745e-04   9.718503e-09   4692
  7.249035e-01   5.507263e-07   2.930797e-04   1.057289e-08   4008
  7.261009e-01   5.860031e-07   3.359327e-04   9.442409e-09   5852
  7.273182e-01   5.374985e-07   3.180970e-04   8.520349e-09   5784
  7.283994e-01   5.865921e-07   2.932301e-04   1.086544e-08   4392
  7.295123e-01   5.623048e-07   2.876306e-04   9.525310e-09   4944
  7.306807e-01   5.397129e-07   3.391117e-04   9.268638e-09   4776
  7.317825e-01   5.374198e-07   3.262440e-04   8.793301e-09   5244
  7.329783e-01   5.510427e-07   3.256685e-04   8.958076e-09   4884
  7.339816e-01   5.633618e-07   2.761921e-04   1.013457e-08   4488
  7.351484e-01   5.816798e-07   3.281892e-04   9.431548e-09   5160
  7.363232e-01   5.477573e-07   3.341424e-04   8.982226e-09   5316
  7.374550e-01   5.935519e-07   3.378414e-04   1.029292e-08   4896
  7.385582e-01   5.612623e-07   3.139137e-04   1.059099e-08   4188
  7.396700e-01   5.547052e-07   3.423948e-04   9.096961e-09   4836
  7.408053e-01   5.656562e-07   3.396587e-04   9.029004e-09   5316
  7.419552e-01   5.739474e-07   3.143953e-04   9.275215e-09   4920
  7.430307e-01   5.953053e-07   3.167296e-04   1.117954e-08   4128
  7.441846e-01   5.897360e-07   3.407275e-04   9.443024e-09   5348
  7.453202e-01   5.657868e-07   2.956489e-04   9.448931e-09   4836
  7.464044e-01   5.711974e-07   3.185713e-04   1.008535e-08   4392
  7.475724e-01   5.834288e-07   2.798909e-04   9.973641e-09   4632
  7.486239e-01   6.001698e-07   3.127335e-04   1.062743e-08   4596
  7.498314e-01   5.647412e-07   3.144969e-04   8.826315e-09   5424
  7.510260e-01   5.617009e-07   3.237178e-04   8.631380e-09   5256
  7.522569e-01   5.691182e-07   3.287741e-04   9.849280e-09   4524
  7.532817e-01   5.848956e-07   3.127291e-04   1.041310e-08   4440
  7.544297e-01   5.749712e-07   2.674235e-04   9.542832e-09   4380
  7.555532e-01   5.808008e-07   3.499696e-04   9.631546e-09   4812
  7.567490e-01   5.849405e-07   3.476026e-04   9.326238e-09   5376
  7.578423e-01   5.826057e-07   2.776416e-04   1.035717e-08   3888
  7.588899e-01   5.981823e-07   3.179317e-04   9.588977e-09   4896
  7.600588e-01   5.934800e-07   3.354699e-04   9.756968e-09   4608
  7.612860e-01   5.967703e-07   3.166630e-04   1.006233e-08   4448
  7.623542e-01   5.775839e-07   3.268827e-04   9.299629e-09   4752
  7.634798e-01   6.080722e-07   3.423892e-04   1.042928e-08   4356
  7.646634e-01   6.060232e-07   3.294858e-04   9.705112e-09   5232
  7.658403e-01   5.744794e-07   3.320392e-04   1.003998e-08   4548
  7.669813e-01   5.851701e-07   3.227840e-04   9.371939e-09   4608
  7.680952e-01   6.132783e-07   2.932232e-04   1.139955e-08   3936
  7.691468e-01   6.009195e-07   3.504871e-04   1.059403e-08   4260
  7.703284e-01   5.962417e-07   3.142167e-04   9.530914e-09   5004
  7.714089e-01   6.252613e-07   3.104993e-04   1.131115e-08   4224
  7.725935e-01   6.171032e-07   3.354626e-04   1.023410e-08   4788
  7.737442e-01   6.205311e-07   3.527964e-04   1.090885e-08   4428
  7.748654e-01   6.108265e-07   2.948089e-04   1.093293e-08   4080
  7.759446e-01   6.386116e-07   3.223467e-04   1.021706e-08   4632
  7.770810e-01   5.933182e-07   3.352159e-04   1.074713e-08   4056
  7.782755e-01   6.193301e-07   3.156116e-04   1.097612e-08   4536
  7.793669e-01   6.234007e-07   3.219031e-04   1.060708e-08   4668
  7.805621e-01   6.154597e-07   3.450227e-04   1.048976e-08   4604
  7.817261e-01   6.105949e-07   3.100062e-04   1.073787e-08   4152
  7.828004e-01   6.236632e-07   3.004452e-04   1.084224e-08   4224
  7.839392e-01   6.209740e-07   2.888556e-04   1.101247e-08   4152
  7.850769e-01   6.496084e-07   3.276573e-04   1.152908e-08   4224
  7.861830e-01   6.634938e-07   3.030169e-04   1.229983e-08   3960
  7.872485e-01   6.267550e-07   3.126943e-04   1.061759e-08   4656
  7.884123e-01   6.207884e-07   3.373909e-04   1.058550e-08   4452
  7.896058e-01   6.190105e-07   3.430134e-04   1.117389e-08   4056
  7.907163e-01   6.322828e-07   3.398846e-04   1.090768e-08   4212
  7.918414e-01   6.453032e-07   2.824583e-04   1.263131e-08   3432
  7.929814e-01   6.546555e-07   3.613466e-04   1.030313e-08   5352
  7.940957e-01   6.600679e-07   2.646432e-04   1.262260e-08   3600
  7.953086e-01   6.359032e-07   2.919062e-04   1.086253e-08   4584
  7.963678e-01   6.523834e-07   2.910467e-04   1.208285e-08   3768
  7.974587e-01   6.494956e-07   3.106966e-04   1.265133e-08   3848
  7.985476e-01   6.319453e-07   2.848734e-04   1.211860e-08   3720
  7.997824e-01   6.296349e-07   3.575582e-04   1.043844e-08   4764
  8.008725e-01   6.754929e-07   2.879336e-04   1.249029e-08   3864
  8.019921e-01   6.905357e-07   3.566405e-04   1.205481e-08   4332
  8.032132e-01   6.657889e-07   3.044853e-04   1.250473e-08   3792
  8.043042e-01   6.259381e-07   3.453766e-04   1.083898e-08   4284
  8.054605e-01   6.237503e-07   3.270334e-04   1.205888e-08   3840
  8.065549e-01   6.206212e-07   3.112931e-04   1.255261e-08   3480
  8.076663e-01   6.435555e-07   3.473432e-04   1.111383e-08   4380
  8.088677e-01   6.491057e-07   3.262681e-04   1.163872e-08   4200
  8.100482e-01   6.958843e-07   3.136033e-04   1.228283e-08   4056
  8.111444e-01   6.590026e-07   3.151839e-04   1.299629e-08   3600
  8.121715e-01   6.613776e-07   3.140313e-04   1.296949e-08   3492
  8.133716e-01   6.446486e-07   3.667176e-04   1.117752e-08   4500
  8.145960e-01   6.943047e-07   3.212941e-04   1.326746e-08   3516
  8.156483e-01   7.278449e-07   3.358832e-04   1.415175e-08   3968
  8.168277e-01   6.819178e-07   3.228129e-04   1.326208e-08   3648
  8.178718e-01   6.718214e-07   3.086982e-04   1.319780e-08   4224
  8.190554e-01   6.381362e-07   3.464859e-04   1.287454e-08   3588
  8.201659e-01   6.737139e-07   3.195928e-04   1.324307e-08   3456
  8.212833e-01   6.449083e-07   2.838379e-04   1.226031e-08   3660
  8.224381e-01   6.943485e-07   3.115454e-04   1.355475e-08   3768
  8.235144e-01   6.962566e-07   3.150643e-04   1.331116e-08   3744
  8.246703e-01   6.872864e-07   3.458348e-04   1.241696e-08   4176
  8.259000e-01   6.973469e-07   3.189947e-04   1.388663e-08   3612
  8.269164e-01   7.070450e-07   3.466592e-04   1.457519e-08   3216
  8.280796e-01   6.837844e-07   3.351604e-04   1.392805e-08   3624
  8.292491e-01   6.933540e-07   3.151610e-04   1.356106e-08   3744
  8.303793e-01   7.121140e-07   3.362743e-04   1.428460e-08   3672
  8.314944e-01   7.080412e-07   3.049425e-04   1.360622e-08   3852
  8.326459e-01   7.205192e-07   3.138560e-04   1.358962e-08   3672
  8.338707e-01   7.225677e-07   3.058007e-04   1.676698e-08   3248
  8.348935e-01   6.636266e-07   3.130086e-04   1.391195e-08   3336
  8.360101e-01   6.541238e-07   3.186148e-04   1.309432e-08   3576
  8.371518e-01   7.033077e-07   2.704753e-04   1.434067e-08   3336
  8.383149e-01   7.115791e-07   3.212772e-04   1.365797e-08   3936
  8.394625e-01   7.490525e-07   3.421693e-04   1.520424e-08   3408
  8.406009e-01   7.405136e-07   3.014566e-04   1.613317e-08   3336
  8.417070e-01   6.146337e-07   3.386048e-04   1.321630e-08   3312
  8.428126e-01   6.967108e-07   3.428411e-04   1.468378e-08   3432
  8.439903e-01   7.355400e-07   2.972295e-04   1.607888e-08   3144
  8.450647e-01   7.133341e-07   3.226722e-04   1.506281e-08   3456
  8.462737e-01   7.155070e-07   3.101250e-04   1.429135e-08   3792
  8.473659e-01   7.580654e-07   3.046298e-04   1.737519e-08   2868
  8.485459e-01   6.921262e-07   3.155953e-04   1.301375e-08   3888
  8.496487e-01   6.736634e-07   2.740349e-04   1.557232e-08   2784
  8.507342e-01   7.061531e-07   3.129556e-04   1.740041e-08   2964
  8.519201e-01   7.208754e-07   3.222829e-04   1.550764e-08   3432
  8.530490e-01   7.224537e-07   3.335953e-04   1.529179e-08   3416
  8.541912e-01   7.108340e-07   3.565841e-04   1.504276e-08   3528
  8.553603e-01   7.769321e-07   2.861842e-04   1.797492e-08   2904
  8.563944e-01   6.871792e-07   3.208964e-04   1.561262e-08   3072
  8.575971e-01   6.992907e-07   3.604034e-04   1.545984e-08   3216
  8.587995e-01   6.909400e-07   2.918885e-04   1.670550e-08   2844
  8.598550e-01   7.002931e-07   3.340128e-04   1.537860e-08   3432
  8.609387e-01   7.723016e-07   2.684674e-04   1.853665e-08   2880
  8.621491e-01   7.056755e-07   3.556234e-04   1.542280e-08   3576
  8.632894e-01   7.536615e-07   3.178775e-04   1.912594e-08   2700
  8.643814e-01   7.089158e-07   3.570553e-04   1.556973e-08   3000
  8.655248e-01   6.823109e-07   2.964623e-04   1.661298e-08   2556
  8.666351e-01   7.449991e-07   3.177486e-04   1.663509e-08   3360
  8.677830e-01   7.427528e-07   3.087432e-04   1.638124e-08   3120
  8.690199e-01   7.421224e-07   3.634887e-04   1.757655e-08   3216
  8.700849e-01   7.980855e-07   2.563586e-04   2.018570e-08   2628
  8.712818e-01   7.250931e-07   3.388692e-04   1.756214e-08   3200
  8.723738e-01   6.819476e-07   3.196905e-04   1.847622e-08   2232
  8.734766e-01   6.806739e-07   3.649167e-04   1.674778e-08   3108
  8.745745e-01   7.960802e-07   3.205583e-04   2.129345e-08   2604
  8.756979e-01   7.760884e-07   3.453320e-04   1.819721e-08   3096
  8.769340e-01   7.434985e-07   3.146427e-04   1.696174e-08   3084
  8.780063e-01   7.139875e-07   3.210880e-04   1.782122e-08   2664
  8.791115e-01   7.486281e-07   2.831493e-04   2.069532e-08   2232
  8.801944e-01   6.628307e-07   3.487971e-04   1.597213e-08   2808
  8.813803e-01   7.413419e-07   3.294929e-04   2.007813e-08   2592
  8.824873e-01   8.166135e-07   3.382640e-04   2.047357e-08   2952
  8.836506e-01   7.247360e-07   3.193627e-04   1.897715e-08   2772
  8.847816e-01   7.309444e-07   3.434546e-04   1.785623e-08   3036
  8.859651e-01   6.922670e-07   3.331526e-04   2.036694e-08   2136
  8.870438e-01   7.051170e-07   2.656900e-04   1.934690e-08   2496
  8.881517e-01   8.079620e-07   3.538792e-04   2.312559e-08   2228
  8.893070e-01   8.143136e-07   3.299289e-04   2.169403e-08   3048
  8.904567e-01   7.480197e-07   3.151577e-04   2.053217e-08   2676
  8.915993e-01   7.040576e-07   3.139667e-04   1.738195e-08   2784
  8.926913e-01   7.301868e-07   3.050193e-04   2.166254e-08   1920
  8.937866e-01   6.977344e-07   3.255293e-04   1.872648e-08   2400
  8.949733e-01   6.797443e-07   2.985776e-04   1.757083e-08   2532
  8.962007e-01   7.555091e-07   3.316483e-04   2.101748e-08   2544
  8.973048e-01   8.209486e-07   3.469491e-04   2.141819e-08   2772
  8.983926e-01   6.961424e-07   3.249741e-04   2.233200e-08   2160
  8.994729e-01   7.570060e-07   3.500280e-04   2.158272e-08   2304
  9.007229e-01   7.154520e-07   3.425205e-04   2.168342e-08   2328
  9.018434e-01   6.445194e-07   3.284049e-04   1.823814e-08   2304
  9.028814e-01   6.503762e-07   3.105523e-04   1.973478e-08   1908
  9.040620e-01   8.254063e-07   3.473327e-04   2.441437e-08   2736
  9.051992e-01   7.703145e-07   3.290975e-04   2.329088e-08   2448
  9.064087e-01   8.056535e-07   3.076884e-04   2.425891e-08   2040
  9.075031e-01   6.320470e-07   3.203664e-04   2.115068e-08   2120
  9.085554e-01   7.582205e-07   2.656161e-04   2.250004e-08   2040
  9.096883e-01   6.491312e-07   3.295447e-04   2.165883e-08   2208
  9.109702e-01   8.107676e-07   2.958812e-04   2.545185e-08   2208
  9.120085e-01   9.152476e-07   3.278929e-04   2.734602e-08   2196
  9.130816e-01   6.182635e-07   2.884354e-04   1.973762e-08   1848
  9.141735e-01   7.336346e-07   3.271239e-04   2.393950e-08   2124
  9.153947e-01   7.021643e-07   3.431459e-04   2.197906e-08   2328
  9.165872e-01   6.819384e-07   3.493524e-04   2.299772e-08   1920
  9.177466e-01   6.719300e-07   3.207015e-04   2.380297e-08   1548
  9.187777e-01   8.242629e-07   3.517996e-04   2.467394e-08   2388
  9.199941e-01   6.683087e-07   3.255490e-04   2.311132e-08   2160
  9.211080e-01   7.027106e-07   2.963114e-04   2.686297e-08   1704
  9.221752e-01   6.833963e-07   3.338210e-04   2.563414e-08   1776
  9.231848e-01   6.765008e-07   3.122474e-04   2.381225e-08   1800
  9.244613e-01   6.072737e-07   3.604608e-04   2.176214e-08   1700
  9.256537e-01   8.063321e-07   3.245517e-04   2.772205e-08   2292
  9.267642e-01   7.147719e-07   3.012803e-04   2.708809e-08   1704
  9.278119e-01   7.103221e-07   3.368819e-04   2.674475e-08   1728
  9.289595e-01   6.422445e-07   3.117919e-04   2.445723e-08   1728
  9.300842e-01   7.791419e-07   3.114986e-04   2.943364e-08   1680
  9.312804e-01   5.464844e-07   3.588556e-04   1.993410e-08   1704
  9.324723e-01   6.158819e-07   2.818091e-04   2.097513e-08   1752
  9.335379e-01   7.295361e-07   3.350175e-04   2.756512e-08   1872
  9.346907e-01   7.159010e-07   3.283540e-04   2.912082e-08   1500
  9.358602e-01   6.411123e-07   2.875220e-04   2.458471e-08   1656
  9.369960e-01   7.239231e-07   3.082782e-04   2.717657e-08   1464
  9.380053e-01   5.308801e-07   2.700209e-04   2.458963e-08   1488
  9.392433e-01   5.907683e-07   3.258950e-04   2.147046e-08   1680
  9.403748e-01   6.506788e-07   3.404787e-04   2.456674e-08   1692
  9.414337e-01   6.356019e-07   3.260256e-04   2.845377e-08   1128
  9.426086e-01   6.553487e-07   3.139344e-04   2.651014e-08   1536
  9.437548e-01   5.600254e-07   3.272451e-04   2.541509e-08   1616
  9.449152e-01   5.626321e-07   3.155667e-04   2.383585e-08   1476
  9.460850e-01   5.446332e-07   3.472890e-04   2.738582e-08   1176
  9.471289e-01   5.867135e-07   3.731250e-04   2.127532e-08   1656
  9.482660e-01   6.193954e-07   3.277558e-04   3.480893e-08   891
  9.494379e-01   5.310338e-07   3.493905e-04   1.935777e-08   1596
  9.505802e-01   5.225794e-07   3.046778e-04   2.348153e-08   1422
  9.517065e-01   5.186493e-07   2.921656e-04   2.246518e-08   1254
  9.527662e-01   4.532738e-07   2.984804e-04   1.991185e-08   918
  9.539013e-01   5.615952e-07   3.266688e-04   2.006772e-08   1614
  9.550448e-01   4.465963e-07   2.821810e-04   2.507681e-08   798
  9.561818e-01   4.420567e-07   3.617224e-04   1.751449e-08   1458
  9.573346e-01   4.960706e-07   3.312171e-04   1.876502e-08   1374
  9.584742e-01   4.117176e-07   2.828814e-04   1.985466e-08   984
  9.596045e-01   4.600701e-07   3.892057e-04   1.875416e-08   1062
  9.607559e-01   5.226689e-07   3.299253e-04   2.251139e-08   1246
  9.618740e-01   3.691187e-07   3.059222e-04   1.769048e-08   1072
  9.630685e-01   3.914525e-07   3.312942e-04   1.961998e-08   1110
  9.641721e-01   4.716786e-07   3.589091e-04   1.802876e-08   1254
  9.653323e-01   4.090199e-07   3.406237e-04   2.073355e-08   1032
  9.665966e-01   4.541939e-07   3.155853e-04   2.604005e-08   786
  9.675580e-01   4.527370e-07   3.235431e-04   1.866715e-08   1152
  9.686839e-01   3.778067e-07   3.526297e-04   1.654196e-08   1086
  9.698568e-01   2.979613e-07   3.181508e-04   1.185959e-08   912
  9.709409e-01   5.607680e-07   3.189166e-04   2.498538e-08   1062
  9.720473e-01   3.613649e-07   3.178828e-04   1.455361e-08   912
  9.733260e-01   3.057604e-07   3.548615e-04   1.497649e-08   750
  9.743226e-01   4.527686e-07   3.419117e-04   1.907285e-08   1200
  9.754758e-01   3.657815e-07   3.096279e-04   1.955944e-08   918
  9.766224e-01   3.149715e-07   3.213834e-04   1.409087e-08   876
  9.777874e-01   4.525599e-07   2.808246e-04   2.009723e-08   870
  9.788076e-01   3.935776e-07   3.275372e-04   1.834082e-08   768
  9.800034e-01   2.658072e-07   3.002052e-04   1.192396e-08   830
  9.811110e-01   3.747013e-07   3.108225e-04   1.699796e-08   1080
  9.822578e-01   3.532677e-07   3.497160e-04   1.649660e-08   840
  9.834141e-01   2.797829e-07   3.367380e-04   1.250248e-08   798
  9.847251e-01   4.610959e-07   2.672742e-04   2.374546e-08   792
  9.857420e-01   3.024271e-07   3.117283e-04   1.475736e-08   726
  9.868089e-01   2.493983e-07   3.493089e-04   8.898529e-09   864
  9.879774e-01   3.212415e-07   2.990004e-04   1.679716e-08   900
  9.891623e-01   2.617123e-07   3.322983e-04   1.089225e-08   726
  9.901786e-01   2.817680e-07   2.875897e-04   1.295624e-08   576
  9.915347e-01   3.152191e-07   2.992883e-04   1.553655e-08   840
  9.924887e-01   2.754286e-07   3.106799e-04   1.439358e-08   750
  9.936188e-01   2.537559e-07   3.116234e-04   1.178611e-08   720
  9.946850e-01   3.209082e-07   3.152542e-04   1.687230e-08   702
  9.959298e-01   2.892597e-07   3.443000e-04   1.363469e-08   696
  9.969546e-01   2.928122e-07   3.079117e-04   1.716764e-08   480
  9.981620e-01   2.842316e-07   2.917590e-04   1.373634e-08   830
  9.992310e-01   2.695797e-07   3.394103e-04   1.229901e-08   756
  1.000429e+00   2.757098e-07   3.258936e-04   1.427991e-08   624
  1.001486e+00   2.487044e-07   3.443523e-04   1.325844e-08   582
  1.002736e+00   3.052375e-07   2.642981e-04   1.793038e-08   576
  1.003817e+00   2.359520e-07   3.539816e-04   1.123359e-08   624
  1.004925e+00   2.668163e-07   2.890967e-04   1.342324e-08   702
  1.006023e+00   2.440197e-07   3.325385e-04   1.187697e-08   624
  1.007326e+00   2.711564e-07   3.217087e-04   1.325962e-08   672
  1.008387e+00   2.007582e-07   2.408291e-04   1.241425e-08   342
  1.009553e+00   2.612285e-07   3.010681e-04   1.544354e-08   660
  1.010625e+00   1.990968e-07   3.094849e-04   1.288852e-08   576
  1.011732e+00   2.218439e-07   3.008817e-04   1.348865e-08   600
  1.012850e+00   2.021947e-07   3.480111e-04   1.192021e-08   510
  1.014109e+00   2.449771e-07   3.260343e-04   1.247899e-08   600
  1.015080e+00   1.855514e-07   2.596739e-04   1.303346e-08   216
  1.016210e+00   2.047112e-07   3.160681e-04   9.778041e-09   758
  1.017528e+00   1.832488e-07   3.460274e-04   1.036379e-08   576
  1.018683e+00   2.250821e-07   2.937678e-04   1.158741e-08   528
  1.019725e+00   2.024383e-07   2.023013e-04   1.551277e-08   318
  1.020844e+00   2.415988e-07   3.494771e-04   1.230000e-08   540
  1.022168e+00   1.169367e-07   2.470751e-04   7.273109e-09   384
  1.023065e+00   2.079841e-07   3.413717e-04   1.186763e-08   576
  1.024233e+00   1.549570e-07   2.789640e-04   8.721766e-09   414
  1.025337e+00   2.145058e-07   3.115117e-04   1.244373e-08   504
  1.026517e+00   2.062626e-07   3.419671e-04   1.121984e-08   312
  1.027649e+00   1.914335e-07   3.098264e-04   1.331791e-08   414
  1.028773e+00   1.414491e-07   2.862299e-04   8.093735e-09   432
  1.029819e+00   1.643047e-07   3.790703e-04   9.254976e-09   504
  1.031030e+00   1.877884e-07   3.650873e-04   1.100795e-08   432
  1.032163e+00   1.673519e-07   2.990613e-04   9.666098e-09   354
  1.033318e+00   1.869057e-07   4.351706e-04   1.458654e-08   200
  1.034308e+00   1.408278e-07   3.087676e-04   8.394755e-09   480
  1.035646e+00   1.475498e-07   3.528346e-04   8.048264e-09   552
  1.036874e+00   1.497090e-07   2.197878e-04   1.037583e-08   366
  1.037820e+00   1.813760e-07   2.339752e-04   1.813763e-08   240
  1.038861e+00   1.804917e-07   3.271068e-04   1.039775e-08   288
  1.040326e+00   1.432175e-07   2.248068e-04   9.522034e-09   366
  1.041273e+00   1.149966e-07   3.644829e-04   6.676728e-09   408
  1.042331e+00   1.299399e-07   2.739971e-04   9.747617e-09   360
  1.043425e+00   1.447169e-07   2.554111e-04   9.100127e-09   324
  1.044486e+00   1.508408e-07   3.016486e-04   1.254891e-08   174
  1.045749e+00   1.358743e-07   3.465519e-04   1.003683e-08   264
  1.046936e+00   1.184238e-07   3.160724e-04   7.732365e-09   456
  1.048119e+00   1.224045e-07   3.178231e-04   7.858319e-09   360
  1.049091e+00   1.155164e-07   3.501127e-04   9.124316e-09   270
  1.050282e+00   1.486634e-07   3.829192e-04   1.186007e-08   240
  1.051774e+00   1.907930e-07   2.790446e-04   1.609226e-08   120
  1.052508e+00   6.484339e-08   2.913131e-04   4.349245e-09   320
  1.053692e+00   1.118595e-07   3.604499e-04   5.612753e-09   462
  1.054932e+00   1.130133e-07   2.097122e-04   7.324930e-09   276
  1.056009e+00   1.286274e-07   2.379153e-04   1.174633e-08   144
  1.057047e+00   1.647989e-07   2.498574e-04   1.727999e-08   120
  1.058427e+00   7.572462e-08   1.892079e-04   4.263534e-09   294
  1.059469e+00   9.785219e-08   3.356648e-04   6.285821e-09   384
  1.060442e+00   8.658824e-08   2.222079e-04   5.929997e-09   216
  1.061373e+00   1.376552e-07   2.063576e-04   1.152202e-08   168
  1.062425e+00   1.127586e-07   2.455326e-04   1.165119e-08   102
  1.063946e+00   9.046136e-08   3.725214e-04   7.755115e-09   168
  1.065012e+00   8.683770e-08   3.260459e-04   5.150163e-09   384
  1.066181e+00   9.806374e-08   3.312707e-04   8.057792e-09   300
  1.067268e+00   1.038559e-07   3.547192e-04   7.620562e-09   144
  1.068495e+00   1.107526e-07   3.632826e-04   1.156032e-08   102
  1.069966e+00   1.232761e-07   8.599705e-05   1.541960e-08   56
  1.070671e+00   5.830044e-08   2.799841e-04   3.936601e-09   288
  1.071776e+00   7.071032e-08   3.643633e-04   3.465565e-09   360
  1.072980e+00   7.248703e-08   1.954560e-04   5.525825e-09   126
  1.073995e+00   7.314291e-08   9.626427e-05   8.817923e-09   72
  1.075100e+00   1.202033e-07   5.100096e-05   1.474949e-08   48
  1.076542e+00   5.135315e-08   2.063231e-04   4.044037e-09   240
  1.077490e+00   7.403424e-08   3.061291e-04   4.305461e-09   306
  1.078461e+00   8.277032e-08   1.701396e-04   7.921552e-09   120
  1.079579e+00   1.092360e-07   4.187365e-04   1.270930e-08   96
  1.080391e+00   1.297179e-07   0.000000e+00   1.774329e-08   24
  1.082217e+00   4.283513e-08   3.626152e-04   4.610565e-09   120
  1.083111e+00   5.125071e-08   3.135956e-04   3.120997e-09   318
  1.084205e+00   7.650429e-08   3.351196e-04   5.132187e-09   168
  1.085404e+00   1.023650e-07   3.596209e-04   9.807668e-09   72
  1.086717e+00   7.524835e-08   0.000000e+00   1.159457e-08   24
  1.088128e+00   7.286257e-08   1.745612e-04   1.898435e-08   14
  1.088800e+00   3.825870e-08   2.753220e-04   2.349163e-09   288
  1.089843e+00   5.313286e-08   3.312274e-04   4.611646e-09   204
  1.091047e+00   8.851068e-08   5.025551e-05   1.217937e-08   48
  1.092002e+00   1.548817e-07   0.000000e+00   3.180348e-08   24
  1.093106e+00   6.597352e-08   0.000000e+00   1.391603e-08   6
  1.094693e+00   3.403382e-08   2.058455e-04   2.671608e-09   216
  1.095511e+00   5.417225e-08   2.741299e-04   4.092834e-09   192
  1.096511e+00   4.421004e-08   5.000508e-05   8.346393e-09   48
  1.097561e+00   1.038886e-07   3.995490e-04   1.465492e-08   30
  1.100529e+00   3.535706e-08   8.262281e-05   3.696504e-09   96
  1.101139e+00   3.288892e-08   2.707334e-04   2.123780e-09   228
  1.102297e+00   6.426327e-08   3.540328e-04   8.377834e-09   72
  1.103689e+00   8.310468e-08   1.198844e-08   3.904322e-08   6
  1.106859e+00   3.394488e-08   2.673139e-04   2.235537e-09   248
  1.107870e+00   3.948987e-08   3.059547e-04   4.441557e-09   72
  1.109090e+00   4.468686e-08   0.000000e+00   1.350491e-08   6
  1.112779e+00   2.497819e-08   1.899570e-04   1.944895e-09   180
  1.113515e+00   3.947319e-08   2.584664e-04   4.063167e-09   72
  1.114565e+00   2.282009e-08   0.000000e+00   6.847312e-09   6
  1.118665e+00   2.147683e-08   8.128331e-05   2.493410e-09   96
  1.119155e+00   2.565793e-08   2.231568e-04   2.831254e-09   96
  1.120110e+00   1.151321e-07   0.000000e+00   1.270493e-08   6
  1.124848e+00   1.977190e-08   2.135783e-04   1.780855e-09   140
  1.125725e+00   1.790693e-08   1.198844e-08   5.505280e-09   6
  1.130804e+00   1.785670e-08   1.434274e-04   2.043903e-09   96
  1.131410e+00   2.339058e-08   2.076458e-08   5.868992e-09   6
  1.136776e+00   1.711247e-08   8.628340e-05   2.068487e-09   60
  1.137162e+00   1.912366e-08   0.000000e+00   5.700039e-09   6
  1.142800e+00   8.108298e-09   8.747357e-05   1.275162e-09   38
  1.148803e+00   8.241017e-09   4.499863e-05   2.482380e-09   18
  1.154817e+00   3.010667e-09   0.000000e+00   1.489222e-09   6
