# power spectrum of delta
# redshift z=100.000000
# k              Pk             sigma(k)       sigma(Pk)      count
  2.094395e-02   1.456510e-06   0.000000e+00   6.044112e-07   6
  2.961922e-02   5.926143e-06   0.000000e+00   2.358998e-06   12
  3.627599e-02   3.989463e-06   3.973643e-10   6.329524e-07   8
  4.188790e-02   3.264910e-06   0.000000e+00   1.426837e-06   6
  4.683210e-02   1.891641e-05   0.000000e+00   2.645638e-06   24
  5.130199e-02   1.816408e-05   7.492773e-10   2.960844e-06   24
  5.923844e-02   1.042333e-05   0.000000e+00   3.147675e-06   12
  6.283185e-02   1.691874e-05   8.477105e-10   3.719565e-06   30
  6.623059e-02   2.162960e-05   0.000000e+00   4.459556e-06   24
  6.946323e-02   2.593693e-05   1.297786e-09   4.329221e-06   24
  7.255197e-02   1.346774e-05   7.947286e-10   2.824901e-06   8
  7.551449e-02   3.387801e-05   1.059638e-09   1.077446e-05   24
  7.836509e-02   2.431418e-05   0.000000e+00   5.699951e-06   48
  8.377580e-02   2.912814e-05   0.000000e+00   1.408605e-06   6
  8.635412e-02   4.561633e-05   1.498555e-09   5.491219e-06   48
  8.885766e-02   3.563155e-05   0.000000e+00   4.613935e-06   36
  9.129257e-02   4.381723e-05   1.059638e-09   8.796686e-06   24
  9.366420e-02   3.431978e-05   0.000000e+00   6.750903e-06   24
  9.597724e-02   4.644290e-05   0.000000e+00   5.827039e-06   48
  9.823584e-02   4.348292e-05   1.498555e-09   7.368524e-06   24
  1.026040e-01   5.029044e-05   1.498555e-09   7.716887e-06   24
  1.047198e-01   2.889650e-05   0.000000e+00   6.898538e-06   30
  1.067936e-01   5.357725e-05   0.000000e+00   5.512973e-06   72
  1.088280e-01   5.176865e-05   1.589457e-09   7.265432e-06   32
  1.127866e-01   6.133907e-05   0.000000e+00   6.491637e-06   72
  1.147147e-01   6.229866e-05   0.000000e+00   9.459791e-06   48
  1.184769e-01   6.861705e-05   0.000000e+00   1.731141e-05   12
  1.212185e-01   6.763914e-05   9.046661e-04   7.012906e-06   96
  1.239061e-01   5.549446e-05   1.498555e-09   9.391846e-06   48
  1.256637e-01   9.950237e-05   1.695421e-09   1.888558e-05   30
  1.286797e-01   7.428502e-05   7.404969e-04   7.317522e-06   96
  1.324612e-01   7.404179e-05   0.000000e+00   1.884868e-05   24
  1.346486e-01   8.854249e-05   7.663130e-04   6.638973e-06   144
  1.373387e-01   7.961107e-05   2.595573e-09   1.453748e-05   24
  1.401038e-01   7.391001e-05   6.797608e-04   8.181840e-06   96
  1.420488e-01   7.972546e-05   0.000000e+00   1.344845e-05   48
  1.464136e-01   1.101119e-04   5.040965e-04   1.354185e-05   62
  1.486320e-01   1.144472e-04   7.088830e-04   9.531037e-06   132
  1.510290e-01   9.909865e-05   2.119276e-09   1.788014e-05   24
  1.532924e-01   1.029114e-04   7.085150e-04   1.035869e-05   168
  1.574268e-01   1.024627e-04   6.965923e-04   1.099801e-05   96
  1.605312e-01   1.027995e-04   5.928643e-04   9.830433e-06   96
  1.643405e-01   1.100809e-04   6.608262e-04   9.043465e-06   168
  1.675516e-01   6.208056e-05   0.000000e+00   2.553073e-05   6
  1.688555e-01   9.336290e-05   0.000000e+00   1.058355e-05   96
  1.704063e-01   1.197010e-04   5.136660e-04   1.049740e-05   120
  1.735518e-01   1.256168e-04   5.964581e-04   1.187233e-05   144
  1.752297e-01   1.051285e-04   0.000000e+00   1.755098e-05   48
  1.784181e-01   1.161512e-04   6.086320e-04   1.290329e-05   84
  1.801667e-01   1.159042e-04   4.152916e-09   1.085592e-05   120
  1.817415e-01   1.395913e-04   5.522900e-04   1.513970e-05   80
  1.841789e-01   1.483494e-04   5.607558e-04   1.221498e-05   144
  1.873284e-01   8.829569e-05   0.000000e+00   2.101162e-05   24
  1.888668e-01   1.405228e-04   5.411047e-04   1.325185e-05   150
  1.912669e-01   1.509539e-04   5.614266e-04   1.549576e-05   120
  1.939026e-01   1.392875e-04   5.116222e-04   1.284981e-05   168
  1.964717e-01   9.406862e-05   2.997109e-09   1.272177e-05   24
  1.980880e-01   1.333381e-04   5.511715e-04   1.052836e-05   264
  1.997926e-01   1.529724e-04   2.997109e-09   2.803941e-05   48
  2.026981e-01   1.665529e-04   5.105263e-04   1.614182e-05   144
  2.059187e-01   1.735744e-04   5.025279e-04   1.638578e-05   72
  2.077566e-01   1.417623e-04   5.169131e-04   1.063982e-05   180
  2.103258e-01   1.449532e-04   3.745390e-04   1.159923e-05   198
  2.115235e-01   1.316777e-04   0.000000e+00   2.060759e-05   48
  2.141726e-01   1.603890e-04   5.069490e-04   1.307655e-05   168
  2.161385e-01   1.438210e-04   5.073703e-04   1.217419e-05   144
  2.191126e-01   1.335700e-04   7.128833e-04   9.432766e-06   248
  2.231287e-01   1.637476e-04   4.914754e-04   1.320978e-05   192
  2.258635e-01   1.579215e-04   7.591556e-04   1.033620e-05   240
  2.275095e-01   1.038503e-04   0.000000e+00   1.432779e-05   72
  2.300200e-01   1.784880e-04   4.632692e-04   1.413011e-05   126
  2.316038e-01   1.778065e-04   4.274285e-04   1.737109e-05   168
  2.346279e-01   1.643766e-04   4.673881e-04   1.147511e-05   288
  2.378065e-01   1.552491e-04   2.461643e-04   1.445718e-05   156
  2.394526e-01   1.447215e-04   4.141199e-04   1.156304e-05   168
  2.419488e-01   1.790374e-04   7.099355e-04   1.265250e-05   264
  2.442463e-01   1.580245e-04   0.000000e+00   2.508955e-05   48
  2.459536e-01   1.799908e-04   7.065578e-04   1.148632e-05   264
  2.484011e-01   1.742919e-04   4.164711e-04   1.549192e-05   144
  2.502496e-01   2.011065e-04   8.520791e-04   1.839313e-05   78
  2.529423e-01   1.678782e-04   5.538865e-04   1.019471e-05   336
  2.554815e-01   1.550110e-04   4.214174e-04   9.323160e-06   200
  2.571491e-01   1.824661e-04   8.251410e-04   1.467300e-05   192
  2.594005e-01   2.198527e-04   4.140765e-04   1.728370e-05   240
  2.614687e-01   2.221264e-04   8.298338e-04   2.098487e-05   168
  2.635936e-01   1.649518e-04   6.643886e-04   1.796164e-05   120
  2.661455e-01   2.212709e-04   5.192777e-04   1.354727e-05   324
  2.686217e-01   2.101935e-04   4.082406e-04   1.888065e-05   192
  2.703070e-01   1.852763e-04   7.321571e-04   1.693497e-05   168
  2.731737e-01   1.894330e-04   6.030253e-04   1.132583e-05   342
  2.757584e-01   2.097070e-04   4.855567e-04   1.073298e-05   336
  2.783784e-01   2.004056e-04   3.715784e-04   1.989350e-05   72
  2.801451e-01   1.851157e-04   5.942898e-04   9.870979e-06   288
  2.821960e-01   1.965130e-04   3.870425e-04   1.166066e-05   264
  2.850605e-01   1.836820e-04   5.090563e-04   9.264633e-06   384
  2.876262e-01   2.391385e-04   6.110000e-04   1.613323e-05   240
  2.886924e-01   1.658015e-04   0.000000e+00   1.902703e-05   48
  2.917764e-01   2.375006e-04   5.001435e-04   1.451109e-05   392
  2.941293e-01   2.214133e-04   5.488825e-04   1.240592e-05   294
  2.966593e-01   2.343482e-04   3.567449e-04   1.807337e-05   228
  2.983232e-01   2.258061e-04   5.417695e-04   1.669654e-05   216
  3.003935e-01   2.396407e-04   3.300084e-04   1.416542e-05   336
  3.029278e-01   2.337359e-04   3.921041e-04   1.326894e-05   360
  3.050199e-01   2.445278e-04   5.973987e-04   1.698871e-05   240
  3.071998e-01   2.164108e-04   7.068596e-04   2.090739e-05   168
  3.092332e-01   2.348753e-04   5.563844e-04   1.423700e-05   312
  3.116558e-01   2.299604e-04   3.482047e-04   1.284679e-05   336
  3.142729e-01   2.359044e-04   4.750158e-04   1.525394e-05   294
  3.162461e-01   2.228888e-04   6.330990e-04   1.555217e-05   288
  3.177560e-01   2.260025e-04   3.961512e-04   1.636585e-05   264
  3.204486e-01   2.561969e-04   6.804860e-04   1.361659e-05   480
  3.226998e-01   2.479810e-04   3.328915e-04   1.537661e-05   240
  3.254598e-01   2.563112e-04   3.366119e-04   1.479100e-05   276
  3.276374e-01   2.415066e-04   7.389293e-04   1.200391e-05   488
  3.302243e-01   2.382125e-04   3.254402e-04   1.467215e-05   240
  3.317258e-01   2.592696e-04   6.319211e-04   1.667778e-05   360
  3.338314e-01   2.664371e-04   2.248280e-04   2.040054e-05   198
  3.365392e-01   2.449208e-04   7.597029e-04   1.188267e-05   480
  3.385218e-01   2.359950e-04   2.804101e-04   1.470901e-05   288
  3.412638e-01   2.707226e-04   5.927229e-04   1.572622e-05   480
  3.437295e-01   2.493857e-04   3.651923e-04   1.031940e-05   480
  3.462617e-01   2.586676e-04   4.723156e-04   1.519927e-05   288
  3.478416e-01   2.159061e-04   5.038737e-04   1.416921e-05   288
  3.503265e-01   2.853230e-04   8.759854e-04   1.486646e-05   456
  3.528285e-01   2.415571e-04   8.249741e-04   1.256152e-05   360
  3.544416e-01   2.587886e-04   4.945137e-04   1.945197e-05   180
  3.567761e-01   2.442529e-04   5.385857e-04   1.293098e-05   486
  3.591423e-01   3.162538e-04   7.164922e-04   1.519383e-05   504
  3.615482e-01   2.767975e-04   5.566783e-04   1.399556e-05   456
  3.635431e-01   2.525284e-04   4.625014e-04   1.449907e-05   296
  3.661787e-01   2.948417e-04   4.563815e-04   1.547670e-05   528
  3.681608e-01   2.868535e-04   4.503301e-04   1.568979e-05   336
  3.710801e-01   2.881875e-04   4.995006e-04   1.307661e-05   600
  3.732170e-01   3.230001e-04   2.926340e-04   2.162641e-05   264
  3.753585e-01   2.510309e-04   3.164489e-04   1.462290e-05   360
  3.775443e-01   2.801618e-04   6.335620e-04   1.175149e-05   630
  3.799529e-01   2.858829e-04   3.270388e-04   1.432646e-05   432
  3.820894e-01   3.138900e-04   6.301210e-04   1.527699e-05   408
  3.847119e-01   3.024164e-04   4.182357e-04   1.957850e-05   324
  3.866629e-01   2.933991e-04   5.960370e-04   1.170453e-05   744
  3.890163e-01   2.782766e-04   4.764919e-04   1.506121e-05   336
  3.912647e-01   3.192922e-04   6.550547e-04   1.567120e-05   528
  3.937304e-01   2.718300e-04   3.342288e-04   1.429002e-05   408
  3.953651e-01   3.343103e-04   5.688578e-04   1.773640e-05   408
  3.980661e-01   2.666334e-04   4.696106e-04   1.280527e-05   470
  4.000336e-01   2.972921e-04   5.641541e-04   1.365454e-05   528
  4.027809e-01   3.058042e-04   4.700933e-04   1.419632e-05   624
  4.048044e-01   2.933610e-04   3.576967e-04   1.403159e-05   504
  4.068921e-01   3.050042e-04   4.982449e-04   1.401647e-05   552
  4.089628e-01   3.476588e-04   2.422052e-04   2.406977e-05   336
  4.115557e-01   2.994905e-04   5.155594e-04   1.443198e-05   528
  4.135643e-01   3.124793e-04   5.869740e-04   1.494500e-05   564
  4.159170e-01   3.356749e-04   5.402479e-04   1.521232e-05   528
  4.184677e-01   3.415834e-04   8.387511e-04   1.596116e-05   582
  4.207873e-01   3.097665e-04   6.457118e-04   1.302744e-05   624
  4.228159e-01   3.364905e-04   7.381727e-04   1.980018e-05   432
  4.252364e-01   3.271186e-04   8.210885e-04   1.228843e-05   816
  4.277269e-01   3.587370e-04   3.742153e-04   2.286930e-05   312
  4.293561e-01   3.564072e-04   6.064990e-04   1.586656e-05   552
  4.319834e-01   3.182301e-04   3.819874e-04   1.285157e-05   744
  4.338868e-01   3.387760e-04   3.568539e-04   1.792162e-05   408
  4.363435e-01   3.400599e-04   5.113871e-04   1.415749e-05   632
  4.388956e-01   3.794077e-04   8.684651e-04   1.539219e-05   750
  4.409718e-01   3.328950e-04   5.974394e-04   2.181009e-05   312
  4.432855e-01   3.647625e-04   8.820360e-04   1.339857e-05   876
  4.455739e-01   3.760955e-04   5.759172e-04   1.730444e-05   552
  4.481524e-01   3.839774e-04   4.762814e-04   1.576563e-05   696
  4.499089e-01   3.246101e-04   5.257243e-04   1.423031e-05   576
  4.522993e-01   3.421610e-04   5.566155e-04   1.496719e-05   576
  4.543396e-01   3.773257e-04   7.458666e-04   1.623092e-05   648
  4.568053e-01   3.374609e-04   7.465656e-04   1.332752e-05   672
  4.595275e-01   3.828969e-04   3.166654e-04   1.945113e-05   480
  4.612699e-01   3.050058e-04   4.903946e-04   1.156593e-05   726
  4.635134e-01   3.889466e-04   5.556809e-04   1.579863e-05   792
  4.659434e-01   3.761939e-04   7.708762e-04   1.480430e-05   768
  4.685045e-01   3.826042e-04   6.300078e-04   1.716419e-05   672
  4.708527e-01   3.455157e-04   4.225960e-04   1.473390e-05   608
  4.725526e-01   3.553050e-04   4.057050e-04   1.553406e-05   624
  4.749778e-01   3.717548e-04   5.272102e-04   1.673134e-05   684
  4.773365e-01   3.930156e-04   7.787508e-04   1.440102e-05   768
  4.795318e-01   3.856399e-04   6.226058e-04   1.481419e-05   744
  4.821476e-01   4.023314e-04   3.920296e-04   1.576499e-05   750
  4.840542e-01   3.625247e-04   5.826998e-04   1.633234e-05   600
  4.861159e-01   3.648592e-04   6.187220e-04   1.539726e-05   600
  4.886632e-01   3.910614e-04   7.130389e-04   1.360756e-05   1008
  4.906861e-01   3.825529e-04   3.954760e-04   1.578180e-05   696
  4.929276e-01   3.718548e-04   5.224414e-04   1.662380e-05   624
  4.951810e-01   4.062695e-04   8.129849e-04   1.471636e-05   840
  4.977410e-01   3.725716e-04   5.531707e-04   1.358798e-05   816
  4.998176e-01   4.108182e-04   3.674290e-04   1.648609e-05   744
  5.019147e-01   3.822679e-04   6.495539e-04   1.787451e-05   510
  5.044479e-01   3.826506e-04   6.236251e-04   1.238223e-05   1020
  5.068056e-01   4.056300e-04   5.032036e-04   1.427994e-05   912
  5.091297e-01   3.820960e-04   7.455244e-04   1.446925e-05   752
  5.110515e-01   4.137499e-04   6.186111e-04   1.569089e-05   888
  5.136740e-01   4.146328e-04   3.991873e-04   1.706074e-05   768
  5.158191e-01   4.159533e-04   7.253584e-04   1.590859e-05   720
  5.182879e-01   3.779928e-04   6.394244e-04   1.174140e-05   1056
  5.204776e-01   4.305107e-04   4.423808e-04   2.064419e-05   504
  5.222718e-01   4.248369e-04   6.907864e-04   1.566989e-05   774
  5.248377e-01   3.827626e-04   6.643538e-04   1.183145e-05   1272
  5.272477e-01   4.139510e-04   4.352563e-04   1.691713e-05   744
  5.294949e-01   4.342096e-04   7.107459e-04   1.611829e-05   768
  5.315565e-01   4.148505e-04   6.011984e-04   1.364301e-05   840
  5.338719e-01   4.123188e-04   4.075963e-04   1.420735e-05   924
  5.361013e-01   3.929957e-04   7.185914e-04   1.339905e-05   936
  5.382925e-01   4.317844e-04   4.993938e-04   1.678846e-05   840
  5.404997e-01   4.087404e-04   5.937210e-04   1.443751e-05   1008
  5.433048e-01   4.575101e-04   6.702558e-04   1.855875e-05   696
  5.450648e-01   4.153676e-04   5.957418e-04   1.351582e-05   974
  5.476797e-01   4.507852e-04   7.912144e-04   1.330209e-05   1152
  5.499531e-01   4.762206e-04   3.096043e-04   1.750525e-05   816
  5.517211e-01   4.208197e-04   6.810945e-04   1.638341e-05   816
  5.540998e-01   4.294750e-04   6.014371e-04   1.463988e-05   1152
  5.566084e-01   4.503620e-04   5.414997e-04   1.642905e-05   912
  5.588896e-01   4.287618e-04   6.579220e-04   1.452837e-05   1056
  5.608430e-01   4.750237e-04   5.626411e-04   1.930811e-05   624
  5.634695e-01   4.474904e-04   7.028126e-04   1.414701e-05   1260
  5.657364e-01   4.809199e-04   4.239067e-04   1.758318e-05   894
  5.679504e-01   4.304480e-04   7.263031e-04   1.364497e-05   1176
  5.701655e-01   5.159792e-04   6.011637e-04   1.872978e-05   840
  5.726868e-01   4.645327e-04   6.833103e-04   1.316896e-05   1440
  5.753341e-01   4.050158e-04   3.841610e-04   1.360849e-05   864
  5.773413e-01   4.677589e-04   6.592392e-04   1.485659e-05   1056
  5.793392e-01   4.621233e-04   3.886788e-04   1.954135e-05   624
  5.817656e-01   4.662369e-04   7.197659e-04   1.292644e-05   1496
  5.840858e-01   4.438625e-04   5.081804e-04   1.644665e-05   936
  5.861513e-01   4.665042e-04   7.356851e-04   1.563383e-05   966
  5.883739e-01   5.070669e-04   5.214836e-04   1.799153e-05   936
  5.907085e-01   4.909063e-04   6.450473e-04   1.564008e-05   1248
  5.930987e-01   5.097342e-04   4.547296e-04   1.634152e-05   1044
  5.953258e-01   4.969673e-04   7.043907e-04   1.421744e-05   1392
  5.970897e-01   4.833313e-04   5.425229e-04   2.256638e-05   600
  5.996130e-01   4.769919e-04   6.163631e-04   1.286442e-05   1416
  6.019788e-01   4.785182e-04   6.634396e-04   1.522763e-05   1152
  6.043762e-01   5.139008e-04   6.364662e-04   1.870615e-05   936
  6.063074e-01   5.105452e-04   6.826412e-04   1.740208e-05   870
  6.086021e-01   4.768808e-04   5.723674e-04   1.371371e-05   1368
  6.111487e-01   5.054332e-04   7.525138e-04   1.307647e-05   1632
  6.133248e-01   4.623895e-04   3.266993e-04   1.596094e-05   816
  6.156805e-01   5.188418e-04   7.453333e-04   1.603101e-05   1200
  6.177358e-01   5.209483e-04   7.126266e-04   1.584173e-05   1184
  6.198237e-01   5.015168e-04   5.408369e-04   1.735123e-05   984
  6.223854e-01   5.185496e-04   6.603065e-04   1.403483e-05   1572
  6.247077e-01   5.763228e-04   3.636422e-04   2.104931e-05   840
  6.268719e-01   5.056227e-04   8.456643e-04   1.357923e-05   1392
  6.291569e-01   5.141201e-04   6.208861e-04   1.511872e-05   1158
  6.311964e-01   4.978961e-04   5.653649e-04   1.467427e-05   1272
  6.336522e-01   5.176022e-04   5.761575e-04   1.426581e-05   1320
  6.359589e-01   4.996363e-04   5.637636e-04   1.600071e-05   1104
  6.381535e-01   5.531852e-04   6.381014e-04   1.557287e-05   1392
  6.404570e-01   5.500032e-04   6.901710e-04   1.621190e-05   1296
  6.428294e-01   5.381744e-04   7.206525e-04   1.470608e-05   1392
  6.450554e-01   5.119206e-04   5.286563e-04   1.630914e-05   1104
  6.471151e-01   5.019974e-04   6.658930e-04   1.478745e-05   1320
  6.500486e-01   5.622533e-04   5.085327e-04   1.569127e-05   1422
  6.519224e-01   5.214616e-04   6.333489e-04   1.489751e-05   1212
  6.540749e-01   5.413042e-04   6.920793e-04   1.605493e-05   1280
  6.562861e-01   5.520713e-04   7.206431e-04   1.610204e-05   1272
  6.584054e-01   5.271277e-04   6.236451e-04   1.373137e-05   1680
  6.609175e-01   5.806892e-04   5.892288e-04   1.753403e-05   1152
  6.632300e-01   5.636595e-04   6.823477e-04   1.571774e-05   1512
  6.656611e-01   5.537967e-04   2.880845e-04   1.883650e-05   912
  6.675829e-01   5.289974e-04   7.262020e-04   1.329654e-05   1680
  6.701389e-01   5.433533e-04   6.433296e-04   1.535045e-05   1518
  6.720333e-01   5.984845e-04   5.956008e-04   1.981062e-05   1056
  6.740288e-01   5.449035e-04   6.013922e-04   1.645767e-05   1344
  6.766083e-01   6.098682e-04   6.457639e-04   1.659101e-05   1680
  6.789422e-01   5.884424e-04   6.363333e-04   1.605121e-05   1656
  6.814926e-01   5.868265e-04   5.408934e-04   1.810325e-05   1140
  6.834072e-01   5.515205e-04   6.263134e-04   1.592660e-05   1368
  6.856600e-01   6.184559e-04   7.124352e-04   1.521620e-05   1656
  6.879500e-01   6.186874e-04   7.296865e-04   1.666816e-05   1448
  6.904427e-01   5.453797e-04   6.854924e-04   1.511599e-05   1422
  6.927449e-01   6.022789e-04   7.567557e-04   1.588683e-05   1512
  6.947139e-01   6.436709e-04   5.769284e-04   1.894264e-05   1296
  6.969920e-01   6.274295e-04   5.267736e-04   1.587782e-05   1824
  6.994548e-01   5.942645e-04   6.830413e-04   1.657996e-05   1464
  7.019428e-01   5.622613e-04   6.095164e-04   1.409482e-05   1824
  7.042518e-01   6.088555e-04   4.845964e-04   1.620931e-05   1416
  7.062606e-01   6.056632e-04   7.098033e-04   1.659427e-05   1392
  7.084290e-01   6.391440e-04   6.549956e-04   1.786395e-05   1464
  7.110747e-01   6.036148e-04   6.403598e-04   1.634015e-05   1524
  7.131193e-01   6.375571e-04   5.901021e-04   1.799882e-05   1686
  7.154821e-01   5.788718e-04   7.026338e-04   1.493394e-05   1800
  7.175130e-01   6.117010e-04   5.578243e-04   1.884761e-05   1344
  7.197661e-01   6.168741e-04   6.508115e-04   1.653602e-05   1656
  7.220249e-01   6.084310e-04   5.196398e-04   1.645227e-05   1488
  7.239875e-01   5.743569e-04   5.187937e-04   1.629106e-05   1536
  7.267222e-01   6.423683e-04   5.763209e-04   1.582759e-05   1760
  7.288411e-01   6.030491e-04   6.410447e-04   1.402530e-05   1824
  7.312914e-01   6.352119e-04   5.379559e-04   1.621125e-05   1560
  7.336492e-01   6.430217e-04   6.178927e-04   1.521001e-05   1926
  7.358666e-01   6.312157e-04   4.394029e-04   1.877328e-05   1272
  7.378906e-01   6.388562e-04   7.384162e-04   1.570547e-05   1848
  7.405510e-01   6.544307e-04   5.965768e-04   1.613872e-05   1908
  7.425745e-01   6.058619e-04   5.818819e-04   1.665154e-05   1488
  7.447096e-01   6.169517e-04   6.562377e-04   1.471746e-05   1800
  7.470243e-01   6.479265e-04   6.568847e-04   1.654874e-05   1752
  7.492414e-01   6.046225e-04   6.984920e-04   1.733276e-05   1368
  7.514602e-01   6.497117e-04   6.564483e-04   1.525399e-05   2016
  7.539004e-01   6.292480e-04   6.933707e-04   1.711780e-05   1542
  7.561525e-01   6.286373e-04   6.789973e-04   1.503917e-05   2184
  7.586454e-01   5.932737e-04   6.211285e-04   1.489692e-05   1776
  7.607988e-01   6.595142e-04   7.100437e-04   1.723390e-05   1568
  7.628515e-01   6.537568e-04   6.487045e-04   1.534988e-05   2040
  7.650850e-01   6.913408e-04   6.935230e-04   1.751831e-05   1704
  7.674230e-01   6.399995e-04   6.952063e-04   1.880734e-05   1512
  7.696275e-01   6.461130e-04   5.930129e-04   1.547915e-05   2028
  7.721043e-01   6.704689e-04   7.153259e-04   1.591304e-05   1968
  7.743688e-01   6.424879e-04   7.255913e-04   1.660029e-05   1854
  7.765848e-01   6.466968e-04   6.917118e-04   1.668427e-05   1632
  7.788558e-01   6.676795e-04   7.107933e-04   1.466039e-05   2424
  7.812097e-01   6.990219e-04   7.115326e-04   1.713636e-05   1560
  7.831996e-01   6.680374e-04   6.723975e-04   1.720634e-05   1728
  7.856040e-01   6.738067e-04   7.177534e-04   1.630234e-05   2088
  7.880242e-01   6.966164e-04   6.832244e-04   1.677520e-05   1968
  7.902505e-01   6.836135e-04   6.764578e-04   1.526035e-05   2256
  7.924830e-01   6.798283e-04   6.014459e-04   1.848220e-05   1728
  7.948136e-01   7.241290e-04   5.928973e-04   2.119966e-05   1416
  7.968783e-01   7.075094e-04   6.250326e-04   1.551496e-05   2246
  7.992159e-01   6.939269e-04   6.922167e-04   1.567909e-05   2148
  8.014525e-01   7.225379e-04   5.847178e-04   1.926022e-05   1680
  8.035576e-01   7.300505e-04   7.392056e-04   1.638858e-05   2280
  8.060878e-01   7.072215e-04   6.883635e-04   1.539563e-05   2352
  8.084511e-01   6.920042e-04   5.783971e-04   1.814117e-05   1632
  8.103208e-01   6.805633e-04   6.618399e-04   1.596257e-05   1968
  8.128865e-01   7.057076e-04   6.790480e-04   1.568164e-05   2112
  8.152656e-01   7.161114e-04   5.100848e-04   1.547458e-05   2208
  8.175775e-01   6.903245e-04   5.143188e-04   1.748421e-05   1974
  8.194021e-01   7.265719e-04   5.031436e-04   1.677072e-05   1944
  8.218672e-01   7.135354e-04   5.692492e-04   1.564714e-05   2160
  8.240037e-01   7.363762e-04   5.323764e-04   1.677323e-05   2040
  8.263126e-01   7.409460e-04   7.448068e-04   1.604433e-05   2352
  8.286808e-01   7.192996e-04   6.187553e-04   1.725651e-05   1836
  8.308423e-01   7.406043e-04   6.600592e-04   1.616580e-05   2352
  8.332691e-01   7.597024e-04   6.923127e-04   1.709280e-05   2008
  8.354937e-01   7.640774e-04   6.810680e-04   1.634656e-05   2464
  8.379744e-01   7.676864e-04   5.493112e-04   1.733649e-05   2118
  8.400090e-01   7.270457e-04   5.521955e-04   1.825693e-05   1848
  8.421033e-01   7.384019e-04   7.307351e-04   1.615712e-05   2280
  8.446329e-01   7.352107e-04   6.951038e-04   1.604210e-05   2472
  8.469967e-01   7.474016e-04   4.645166e-04   1.668495e-05   2280
  8.489811e-01   7.829953e-04   5.677933e-04   1.852076e-05   1992
  8.511210e-01   7.515311e-04   5.969256e-04   1.759674e-05   2184
  8.535886e-01   7.632382e-04   7.200986e-04   1.709220e-05   2352
  8.559663e-01   7.489219e-04   7.588552e-04   1.597323e-05   2496
  8.582947e-01   7.365157e-04   7.087796e-04   1.881402e-05   1770
  8.603830e-01   7.898134e-04   6.115648e-04   1.693370e-05   2568
  8.628933e-01   7.978893e-04   7.501093e-04   1.644851e-05   2712
  8.651754e-01   8.291374e-04   5.956950e-04   1.824062e-05   2448
  8.674542e-01   8.003162e-04   5.021405e-04   1.930521e-05   2064
  8.693444e-01   7.814370e-04   5.300205e-04   1.756648e-05   1944
  8.717953e-01   7.458494e-04   6.547701e-04   1.617324e-05   2480
  8.742957e-01   8.173165e-04   7.112724e-04   1.575948e-05   2880
  8.765104e-01   7.625261e-04   6.822977e-04   1.702933e-05   2304
  8.788236e-01   7.498690e-04   6.268629e-04   1.914568e-05   1806
  8.808748e-01   7.940934e-04   6.147614e-04   1.557585e-05   2856
  8.834451e-01   8.405042e-04   5.895746e-04   1.799903e-05   2568
  8.854012e-01   8.354795e-04   5.915069e-04   1.932983e-05   2112
  8.875301e-01   7.943179e-04   5.697255e-04   1.792348e-05   2028
  8.898140e-01   8.406844e-04   6.743872e-04   1.660244e-05   2712
  8.921331e-01   8.439474e-04   7.265457e-04   1.635437e-05   2952
  8.946255e-01   8.493499e-04   5.613799e-04   2.160450e-05   2112
  8.966404e-01   8.355064e-04   6.579085e-04   1.839032e-05   2520
  8.990607e-01   8.401881e-04   6.345659e-04   1.749099e-05   2376
  9.012651e-01   8.281271e-04   5.086891e-04   1.719431e-05   2526
  9.035533e-01   8.167818e-04   6.330501e-04   1.642217e-05   2664
  9.058189e-01   8.299364e-04   7.550482e-04   1.710579e-05   2408
  9.079905e-01   8.611707e-04   6.048230e-04   1.734351e-05   2568
  9.102053e-01   8.780475e-04   5.702395e-04   1.729648e-05   2904
  9.126081e-01   8.341302e-04   6.398249e-04   1.719819e-05   2544
  9.148908e-01   8.771527e-04   4.712750e-04   1.986080e-05   2160
  9.170447e-01   8.779934e-04   8.147803e-04   1.774449e-05   2652
  9.194241e-01   8.638425e-04   6.451383e-04   1.752150e-05   2784
  9.217138e-01   8.849193e-04   6.370928e-04   1.770137e-05   2694
  9.240862e-01   8.483807e-04   5.725683e-04   1.662272e-05   2952
  9.261476e-01   8.988938e-04   5.423264e-04   2.067688e-05   2208
  9.282476e-01   8.280272e-04   5.780130e-04   1.876081e-05   2304
  9.305917e-01   8.804127e-04   7.516421e-04   1.623552e-05   3504
  9.333254e-01   8.882542e-04   6.086313e-04   1.850748e-05   2616
  9.354576e-01   9.107340e-04   5.945836e-04   1.873362e-05   2664
  9.375115e-01   9.018227e-04   5.524202e-04   1.887367e-05   2448
  9.395811e-01   9.246211e-04   7.693393e-04   1.952814e-05   2472
  9.420159e-01   8.740528e-04   6.116685e-04   1.674977e-05   3134
  9.443076e-01   8.533237e-04   6.689856e-04   1.741614e-05   2616
  9.465957e-01   8.656625e-04   5.419043e-04   1.776637e-05   2712
  9.489495e-01   8.978901e-04   6.214858e-04   1.646253e-05   3204
  9.511992e-01   9.109186e-04   7.157649e-04   1.801483e-05   2760
  9.533358e-01   9.276979e-04   6.244935e-04   1.859856e-05   2688
  9.556920e-01   9.577619e-04   5.904565e-04   1.966462e-05   2760
  9.577755e-01   9.237781e-04   4.875494e-04   1.888746e-05   2568
  9.601748e-01   9.340868e-04   7.571402e-04   1.702292e-05   3336
  9.624777e-01   9.663331e-04   6.408360e-04   2.082931e-05   2334
  9.648031e-01   9.616032e-04   7.091541e-04   1.801609e-05   3264
  9.669763e-01   9.366101e-04   5.156092e-04   1.916955e-05   2760
  9.692050e-01   9.299010e-04   6.227098e-04   1.679042e-05   3192
  9.714742e-01   9.252148e-04   6.465060e-04   1.830193e-05   2904
  9.738877e-01   9.491147e-04   6.486793e-04   1.968498e-05   2784
  9.759079e-01   9.284130e-04   5.338750e-04   1.926724e-05   2592
  9.782060e-01   9.457882e-04   7.277479e-04   1.731050e-05   3284
  9.806483e-01   9.699824e-04   7.309895e-04   1.794728e-05   3168
  9.828333e-01   9.696706e-04   6.031187e-04   2.069154e-05   2616
  9.851303e-01   9.899201e-04   5.827617e-04   1.839677e-05   3222
  9.873647e-01   9.160327e-04   6.538767e-04   1.711168e-05   3240
  9.895286e-01   9.921050e-04   6.615016e-04   2.135001e-05   2568
  9.919886e-01   9.887337e-04   6.069602e-04   1.809809e-05   3120
  9.940455e-01   9.702612e-04   6.672634e-04   1.758253e-05   3168
  9.962577e-01   9.809997e-04   5.841384e-04   1.858645e-05   3240
  9.986777e-01   9.753546e-04   5.993115e-04   1.825315e-05   3144
  1.001029e+00   9.569059e-04   5.712483e-04   1.882282e-05   2856
  1.003251e+00   9.849714e-04   6.101161e-04   1.792295e-05   3264
  1.005765e+00   1.001677e-03   6.741509e-04   1.798194e-05   3318
  1.007744e+00   9.779694e-04   4.721373e-04   1.982464e-05   2556
  1.010103e+00   1.017260e-03   8.064977e-04   1.755879e-05   4008
  1.012491e+00   1.017207e-03   5.953361e-04   1.996429e-05   2904
  1.014533e+00   1.005416e-03   6.087521e-04   1.993930e-05   3144
  1.016859e+00   1.024511e-03   6.346301e-04   1.956419e-05   3200
  1.019265e+00   1.003682e-03   6.258990e-04   1.792598e-05   3312
  1.021423e+00   1.041386e-03   5.044467e-04   1.984891e-05   2832
  1.023831e+00   1.033637e-03   7.259305e-04   1.634521e-05   3984
  1.026068e+00   1.028989e-03   5.901471e-04   2.207195e-05   2238
  1.028109e+00   1.043136e-03   6.945017e-04   1.773850e-05   3984
  1.030643e+00   1.079249e-03   6.599835e-04   1.989418e-05   3384
  1.032747e+00   1.058923e-03   6.169063e-04   2.054161e-05   3048
  1.034944e+00   1.046399e-03   5.664403e-04   1.966317e-05   3096
  1.037239e+00   1.063662e-03   6.420432e-04   1.851658e-05   3708
  1.039521e+00   1.074531e-03   6.085698e-04   2.109947e-05   2784
  1.041641e+00   1.056889e-03   6.321163e-04   1.832442e-05   3648
  1.044048e+00   1.023840e-03   6.505839e-04   1.679348e-05   3888
  1.046611e+00   1.065600e-03   6.945175e-04   2.063648e-05   2958
  1.048524e+00   1.119004e-03   5.928352e-04   2.053557e-05   3264
  1.050829e+00   1.039180e-03   6.544732e-04   1.947508e-05   3160
  1.053007e+00   1.095655e-03   5.931406e-04   1.932156e-05   3736
  1.055072e+00   1.075878e-03   5.404899e-04   2.002406e-05   3216
  1.057506e+00   1.037006e-03   6.623413e-04   1.717178e-05   4032
  1.060045e+00   1.077527e-03   6.047056e-04   1.932861e-05   3528
  1.062210e+00   1.079784e-03   5.337823e-04   2.113944e-05   3192
  1.064375e+00   1.068410e-03   5.845867e-04   1.891371e-05   3456
  1.066722e+00   1.076996e-03   6.061547e-04   2.109948e-05   3060
  1.069076e+00   1.085047e-03   7.207877e-04   1.692027e-05   4518
  1.071369e+00   1.109892e-03   6.421285e-04   1.927869e-05   3528
  1.073476e+00   1.076088e-03   5.392758e-04   2.060610e-05   3024
  1.075724e+00   1.125563e-03   7.301579e-04   1.925141e-05   3672
  1.078013e+00   1.122950e-03   6.266971e-04   1.884600e-05   3864
  1.080554e+00   1.169609e-03   6.642905e-04   1.958254e-05   3816
  1.082633e+00   1.130196e-03   6.043575e-04   1.995628e-05   3456
  1.084626e+00   1.092388e-03   5.470805e-04   2.260893e-05   2688
  1.086974e+00   1.165113e-03   6.491006e-04   1.876233e-05   4248
  1.089302e+00   1.128445e-03   6.217140e-04   1.902184e-05   3926
  1.091640e+00   1.117862e-03   6.564232e-04   1.952063e-05   3504
  1.093898e+00   1.172519e-03   5.868522e-04   1.996804e-05   3960
  1.096392e+00   1.166010e-03   6.606587e-04   2.024117e-05   3684
  1.098531e+00   1.126714e-03   6.606145e-04   1.880190e-05   4104
  1.100669e+00   1.142514e-03   6.265564e-04   2.105043e-05   3144
  1.102966e+00   1.199249e-03   6.862951e-04   1.950362e-05   4224
  1.105491e+00   1.155882e-03   6.091464e-04   1.840943e-05   4008
  1.107648e+00   1.216508e-03   6.701575e-04   2.150706e-05   3312
  1.109870e+00   1.204284e-03   6.665481e-04   2.085753e-05   3726
  1.112233e+00   1.190341e-03   6.846267e-04   1.903851e-05   3936
  1.114331e+00   1.130475e-03   7.057155e-04   1.933130e-05   3888
  1.116508e+00   1.198977e-03   6.673215e-04   1.974630e-05   3864
  1.118774e+00   1.181008e-03   7.094190e-04   1.983774e-05   3888
  1.121107e+00   1.248050e-03   6.690914e-04   2.068690e-05   4080
  1.123411e+00   1.179787e-03   7.101095e-04   2.110920e-05   3400
  1.125761e+00   1.214614e-03   6.512421e-04   1.827085e-05   4588
  1.128138e+00   1.158574e-03   6.445952e-04   2.018431e-05   3816
  1.130214e+00   1.251397e-03   6.108080e-04   2.084328e-05   3534
  1.132413e+00   1.209545e-03   6.033151e-04   1.993119e-05   4080
  1.134713e+00   1.223817e-03   6.306352e-04   1.956735e-05   4248
  1.137023e+00   1.279510e-03   6.354887e-04   2.274649e-05   3528
  1.139154e+00   1.240255e-03   6.497004e-04   1.954631e-05   4248
  1.141309e+00   1.324488e-03   6.354722e-04   2.245522e-05   3696
  1.143708e+00   1.247960e-03   6.593917e-04   1.919731e-05   4560
  1.145983e+00   1.229979e-03   6.176310e-04   2.073058e-05   3864
  1.148320e+00   1.216120e-03   6.725055e-04   1.876445e-05   4440
  1.150534e+00   1.250520e-03   6.274634e-04   2.187373e-05   3432
  1.152861e+00   1.262548e-03   6.152410e-04   1.994597e-05   4470
  1.155151e+00   1.233883e-03   5.467449e-04   1.954229e-05   4188
  1.157401e+00   1.272194e-03   7.004569e-04   2.062032e-05   4392
  1.159635e+00   1.323742e-03   5.418700e-04   2.092830e-05   3960
  1.161959e+00   1.272347e-03   6.121554e-04   2.048624e-05   4328
  1.164211e+00   1.317420e-03   6.370723e-04   2.063250e-05   4320
  1.166486e+00   1.305739e-03   6.661793e-04   2.161175e-05   4152
  1.168596e+00   1.339439e-03   5.572690e-04   2.300573e-05   3528
  1.170982e+00   1.275656e-03   6.031585e-04   1.981141e-05   4512
  1.173214e+00   1.265943e-03   6.165765e-04   2.074476e-05   4134
  1.175481e+00   1.304961e-03   6.568607e-04   1.819794e-05   5208
  1.177662e+00   1.324472e-03   5.722860e-04   2.367878e-05   3240
  1.179918e+00   1.355305e-03   6.312053e-04   2.054376e-05   4680
  1.182214e+00   1.353976e-03   6.249444e-04   2.163781e-05   4440
  1.184513e+00   1.333816e-03   7.081635e-04   2.063751e-05   4260
  1.186718e+00   1.315491e-03   5.781470e-04   2.130230e-05   4056
  1.188989e+00   1.304963e-03   6.409771e-04   2.016777e-05   4704
  1.191372e+00   1.334616e-03   7.458862e-04   2.023248e-05   4800
  1.193891e+00   1.325640e-03   6.462529e-04   1.974941e-05   4806
  1.196068e+00   1.404521e-03   6.442113e-04   2.355083e-05   3552
  1.198142e+00   1.396946e-03   6.459388e-04   2.219973e-05   4304
  1.200483e+00   1.367624e-03   6.264146e-04   1.966315e-05   5280
  1.202798e+00   1.344431e-03   6.009387e-04   2.046749e-05   4320
  1.204989e+00   1.433992e-03   6.786173e-04   2.277910e-05   4296
  1.207300e+00   1.432056e-03   7.544534e-04   2.215142e-05   4608
  1.209637e+00   1.366483e-03   7.228069e-04   1.968677e-05   4824
  1.211951e+00   1.332019e-03   6.823810e-04   2.070796e-05   4488
  1.214433e+00   1.433737e-03   6.370760e-04   2.253505e-05   4530
  1.216483e+00   1.382368e-03   6.220521e-04   2.160066e-05   4464
  1.218535e+00   1.410765e-03   5.862380e-04   2.320539e-05   4104
  1.220890e+00   1.414089e-03   6.320870e-04   2.060515e-05   5424
  1.223206e+00   1.420549e-03   6.804030e-04   2.243796e-05   4392
  1.225564e+00   1.492841e-03   6.661420e-04   2.074052e-05   4896
  1.227705e+00   1.414609e-03   6.529553e-04   2.271939e-05   4104
  1.229939e+00   1.467058e-03   5.887935e-04   2.190963e-05   4824
  1.232296e+00   1.457504e-03   5.627487e-04   2.132797e-05   4680
  1.234349e+00   1.477578e-03   5.755688e-04   2.331010e-05   4328
  1.236733e+00   1.506324e-03   6.634818e-04   2.190079e-05   5118
  1.239128e+00   1.425342e-03   7.686860e-04   2.024952e-05   5304
  1.241289e+00   1.480806e-03   6.053044e-04   2.307010e-05   4392
  1.243644e+00   1.455450e-03   6.075366e-04   2.207319e-05   4476
  1.245703e+00   1.515284e-03   6.033560e-04   2.408901e-05   4704
  1.247995e+00   1.539500e-03   7.302904e-04   2.289551e-05   5208
  1.250403e+00   1.481645e-03   6.157571e-04   2.116099e-05   5304
  1.252622e+00   1.460851e-03   6.595615e-04   2.314605e-05   4296
  1.254897e+00   1.515969e-03   6.254347e-04   2.272625e-05   4752
  1.257288e+00   1.562514e-03   6.278344e-04   2.339742e-05   4950
  1.259437e+00   1.582649e-03   6.562557e-04   2.279381e-05   5064
  1.261586e+00   1.536011e-03   5.498571e-04   2.348740e-05   4872
  1.263760e+00   1.611503e-03   5.788489e-04   2.637767e-05   4224
  1.266080e+00   1.590479e-03   6.394112e-04   2.050179e-05   6120
  1.268550e+00   1.533448e-03   7.034337e-04   2.292919e-05   4968
  1.270790e+00   1.598881e-03   6.224776e-04   2.580950e-05   4424
  1.273108e+00   1.583613e-03   7.950831e-04   2.226042e-05   5436
  1.275397e+00   1.561849e-03   6.778782e-04   2.283400e-05   4896
  1.277610e+00   1.575718e-03   6.489941e-04   2.232067e-05   5214
  1.279744e+00   1.579277e-03   5.516791e-04   2.463391e-05   4656
  1.282114e+00   1.608993e-03   7.014151e-04   2.292554e-05   5448
  1.284379e+00   1.597390e-03   5.923968e-04   2.328431e-05   4992
  1.286597e+00   1.589245e-03   6.556191e-04   2.247299e-05   5400
  1.289035e+00   1.644712e-03   7.266288e-04   2.383541e-05   5328
  1.291282e+00   1.626088e-03   6.497394e-04   2.335100e-05   4776
  1.293395e+00   1.604971e-03   6.105378e-04   2.479087e-05   4800
  1.295743e+00   1.652704e-03   7.851202e-04   2.138957e-05   6552
  1.298200e+00   1.700278e-03   5.931475e-04   2.746240e-05   3942
  1.300329e+00   1.618971e-03   7.475951e-04   2.206710e-05   6072
  1.302686e+00   1.645327e-03   5.806099e-04   2.481546e-05   4692
  1.304662e+00   1.704213e-03   6.061475e-04   2.504486e-05   4944
  1.306977e+00   1.696514e-03   6.505830e-04   2.306455e-05   5840
  1.309354e+00   1.676408e-03   6.964222e-04   2.265748e-05   5712
  1.311694e+00   1.655775e-03   5.836467e-04   2.485698e-05   4800
  1.313829e+00   1.697786e-03   7.729539e-04   2.243683e-05   5688
  1.316167e+00   1.683000e-03   6.098445e-04   2.507677e-05   4848
  1.318485e+00   1.394930e-03   6.787932e-04   2.349873e-05   5406
  1.320684e+00   3.712703e-06   6.127208e-04   7.369241e-08   5568
  1.322892e+00   3.750899e-06   5.507950e-04   7.056300e-08   5736
  1.325279e+00   3.546516e-06   6.840520e-04   7.047916e-08   5280
  1.327445e+00   3.781240e-06   6.324560e-04   7.572864e-08   5592
  1.329674e+00   3.660059e-06   7.239946e-04   8.030108e-08   4968
  1.332031e+00   3.347251e-06   6.491579e-04   6.444313e-08   5964
  1.334330e+00   3.496209e-06   6.521745e-04   7.064140e-08   5376
  1.336419e+00   3.459927e-06   6.297147e-04   6.890996e-08   5472
  1.338842e+00   3.176445e-06   5.980480e-04   6.381791e-08   5472
  1.341057e+00   3.195927e-06   6.799610e-04   6.630430e-08   5415
  1.343203e+00   3.345899e-06   5.981080e-04   7.488767e-08   5096
  1.345525e+00   2.950610e-06   7.691519e-04   5.440435e-08   6372
  1.347874e+00   2.925221e-06   6.243627e-04   6.593956e-08   4656
  1.349980e+00   2.983603e-06   6.816041e-04   5.480619e-08   5844
  1.352245e+00   2.665944e-06   5.992883e-04   5.474024e-08   5508
  1.354646e+00   2.774738e-06   6.798415e-04   4.988403e-08   6324
  1.357001e+00   2.805414e-06   5.839847e-04   5.966547e-08   4752
  1.359155e+00   2.464082e-06   6.538193e-04   4.850437e-08   5676
  1.361485e+00   2.555037e-06   5.981192e-04   5.138486e-08   5472
  1.363697e+00   2.631856e-06   6.746616e-04   5.522718e-08   5556
  1.366074e+00   2.547897e-06   6.574448e-04   4.909439e-08   5436
  1.368368e+00   2.557806e-06   6.729406e-04   4.707071e-08   5916
  1.370723e+00   2.459741e-06   7.001544e-04   4.721057e-08   5520
  1.372844e+00   2.266871e-06   6.367575e-04   4.486308e-08   5280
  1.375017e+00   2.475547e-06   6.256714e-04   5.326263e-08   4416
  1.377469e+00   2.307288e-06   6.098767e-04   4.024616e-08   6260
  1.379772e+00   2.399264e-06   7.252179e-04   4.209833e-08   5940
  1.381859e+00   2.253695e-06   5.679641e-04   4.806995e-08   4188
  1.384155e+00   2.464168e-06   7.261902e-04   4.182311e-08   6360
  1.386570e+00   2.264357e-06   6.477311e-04   4.251963e-08   5256
  1.388813e+00   2.276050e-06   6.123193e-04   4.351160e-08   4848
  1.390735e+00   2.202412e-06   5.550994e-04   4.450249e-08   4704
  1.393101e+00   2.310756e-06   6.809624e-04   4.113450e-08   5784
  1.395508e+00   2.190507e-06   7.205370e-04   3.945789e-08   5820
  1.397831e+00   2.237698e-06   6.454468e-04   3.978128e-08   5700
  1.400168e+00   2.136273e-06   5.985627e-04   3.852667e-08   5232
  1.402509e+00   2.160051e-06   6.641567e-04   4.104830e-08   4932
  1.404581e+00   2.212567e-06   5.716653e-04   4.221130e-08   4716
  1.406760e+00   2.063095e-06   7.281784e-04   3.556910e-08   5616
  1.409001e+00   2.131811e-06   6.430884e-04   3.943191e-08   5184
  1.411312e+00   2.154307e-06   6.487183e-04   3.992263e-08   5064
  1.413492e+00   2.247741e-06   6.642563e-04   3.975956e-08   5544
  1.415910e+00   2.002355e-06   6.668012e-04   3.664831e-08   5192
  1.418110e+00   2.097171e-06   5.992248e-04   3.652505e-08   5244
  1.420423e+00   2.036577e-06   6.483680e-04   3.501328e-08   5112
  1.422723e+00   2.013188e-06   5.950048e-04   3.766302e-08   5040
  1.424833e+00   2.155649e-06   6.255382e-04   3.848428e-08   5124
  1.427297e+00   2.041814e-06   7.022507e-04   3.494784e-08   5952
  1.429572e+00   2.040682e-06   6.153143e-04   3.705366e-08   4824
  1.431634e+00   2.098837e-06   6.210828e-04   4.061809e-08   4536
  1.434022e+00   2.021273e-06   6.601543e-04   3.391950e-08   5712
  1.436473e+00   1.910018e-06   7.223889e-04   3.232830e-08   5352
  1.438786e+00   2.086763e-06   6.292274e-04   3.638507e-08   5004
  1.440852e+00   1.991103e-06   6.293987e-04   3.706468e-08   4800
  1.443072e+00   2.092484e-06   6.763745e-04   3.638512e-08   5148
  1.445531e+00   1.945717e-06   7.025026e-04   3.146123e-08   5664
  1.447754e+00   1.928017e-06   6.309490e-04   3.489573e-08   4692
  1.449807e+00   2.017814e-06   5.861595e-04   3.962864e-08   4008
  1.452202e+00   2.085965e-06   6.718655e-04   3.365413e-08   5852
  1.454636e+00   1.945799e-06   6.361940e-04   3.220795e-08   5784
  1.456799e+00   2.027306e-06   5.864602e-04   3.734423e-08   4392
  1.459025e+00   1.940299e-06   5.752613e-04   3.332142e-08   4944
  1.461361e+00   1.963024e-06   6.782235e-04   3.481374e-08   4776
  1.463565e+00   1.913266e-06   6.524880e-04   3.110348e-08   5244
  1.465957e+00   1.965231e-06   6.513370e-04   3.343724e-08   4884
  1.467963e+00   2.060866e-06   5.523843e-04   3.713657e-08   4488
  1.470297e+00   2.011124e-06   6.563784e-04   3.355265e-08   5160
  1.472646e+00   1.925314e-06   6.682849e-04   3.066827e-08   5316
  1.474910e+00   1.977531e-06   6.756827e-04   3.279437e-08   4896
  1.477116e+00   1.902443e-06   6.278274e-04   3.371403e-08   4188
  1.479340e+00   1.963925e-06   6.847897e-04   3.347651e-08   4836
  1.481611e+00   1.877087e-06   6.793174e-04   3.162261e-08   5316
  1.483910e+00   2.023084e-06   6.287906e-04   3.361281e-08   4920
  1.486061e+00   1.969358e-06   6.334593e-04   3.660840e-08   4128
  1.488369e+00   1.978253e-06   6.814549e-04   3.280705e-08   5348
  1.490640e+00   1.921819e-06   5.912978e-04   3.200510e-08   4836
  1.492809e+00   1.977023e-06   6.371426e-04   3.643043e-08   4392
  1.495145e+00   1.980243e-06   5.597818e-04   3.351219e-08   4632
  1.497248e+00   2.018928e-06   6.254671e-04   3.562283e-08   4596
  1.499663e+00   1.959698e-06   6.289938e-04   3.058460e-08   5424
  1.502052e+00   1.988742e-06   6.474357e-04   3.176731e-08   5256
  1.504514e+00   2.010755e-06   6.575482e-04   3.602665e-08   4524
  1.506563e+00   1.943448e-06   6.254582e-04   3.544165e-08   4440
  1.508859e+00   1.877498e-06   5.348471e-04   3.358859e-08   4380
  1.511106e+00   1.965324e-06   6.999393e-04   3.346039e-08   4812
  1.513498e+00   1.987636e-06   6.952052e-04   3.014824e-08   5376
  1.515685e+00   2.025618e-06   5.552831e-04   3.679898e-08   3888
  1.517780e+00   1.961665e-06   6.358633e-04   3.348180e-08   4896
  1.520118e+00   2.018473e-06   6.709399e-04   3.518225e-08   4608
  1.522572e+00   1.908555e-06   6.333259e-04   3.147293e-08   4448
  1.524708e+00   1.938562e-06   6.537653e-04   3.244592e-08   4752
  1.526960e+00   1.904393e-06   6.847783e-04   3.181661e-08   4356
  1.529327e+00   1.982897e-06   6.589717e-04   3.033809e-08   5232
  1.531681e+00   2.011056e-06   6.640783e-04   3.424530e-08   4548
  1.533963e+00   1.951368e-06   6.455681e-04   3.173864e-08   4608
  1.536190e+00   1.910970e-06   5.864465e-04   3.433602e-08   3936
  1.538294e+00   2.033303e-06   7.009742e-04   3.560379e-08   4260
  1.540657e+00   1.961539e-06   6.284335e-04   3.224906e-08   5004
  1.542818e+00   2.116872e-06   6.209986e-04   3.629172e-08   4224
  1.545187e+00   2.116137e-06   6.709252e-04   3.622733e-08   4788
  1.547488e+00   2.039286e-06   7.055928e-04   3.328558e-08   4428
  1.549731e+00   1.916330e-06   5.896178e-04   3.363149e-08   4080
  1.551889e+00   1.958733e-06   6.446933e-04   3.297729e-08   4632
  1.554162e+00   1.956221e-06   6.704318e-04   3.445426e-08   4056
  1.556551e+00   2.026500e-06   6.312232e-04   3.459473e-08   4536
  1.558734e+00   1.983826e-06   6.438062e-04   3.319427e-08   4668
  1.561124e+00   1.991829e-06   6.900454e-04   3.311631e-08   4604
  1.563452e+00   1.929387e-06   6.200124e-04   3.242197e-08   4152
  1.565601e+00   1.895215e-06   6.008904e-04   3.423009e-08   4224
  1.567878e+00   1.971741e-06   5.777113e-04   3.332339e-08   4152
  1.570154e+00   2.046500e-06   6.553147e-04   3.610746e-08   4224
  1.572366e+00   2.132814e-06   6.060338e-04   3.851578e-08   3960
  1.574497e+00   2.028950e-06   6.253886e-04   3.325252e-08   4656
  1.576825e+00   2.013400e-06   6.747817e-04   3.369003e-08   4452
  1.579212e+00   2.010541e-06   6.860268e-04   3.476261e-08   4056
  1.581433e+00   2.023428e-06   6.797692e-04   3.415489e-08   4212
  1.583683e+00   1.954383e-06   5.649167e-04   3.693774e-08   3432
  1.585963e+00   2.042128e-06   7.226932e-04   3.193998e-08   5352
  1.588191e+00   2.124546e-06   5.292864e-04   4.060989e-08   3600
  1.590617e+00   1.999600e-06   5.838124e-04   3.384955e-08   4584
  1.592736e+00   2.121479e-06   5.820933e-04   3.880749e-08   3768
  1.594917e+00   1.990926e-06   6.213932e-04   3.880771e-08   3848
  1.597095e+00   1.994460e-06   5.697468e-04   3.688802e-08   3720
  1.599565e+00   2.104225e-06   7.151164e-04   3.485802e-08   4764
  1.601745e+00   2.064566e-06   5.758673e-04   3.851532e-08   3864
  1.603984e+00   2.040256e-06   7.132810e-04   3.535639e-08   4332
  1.606426e+00   2.125648e-06   6.089705e-04   4.053065e-08   3792
  1.608608e+00   2.073211e-06   6.907531e-04   3.770171e-08   4284
  1.610921e+00   2.058059e-06   6.540669e-04   3.790196e-08   3840
  1.613110e+00   1.994965e-06   6.225862e-04   3.888298e-08   3480
  1.615333e+00   2.166121e-06   6.946864e-04   3.766418e-08   4380
  1.617735e+00   2.102241e-06   6.525362e-04   3.804480e-08   4200
  1.620096e+00   2.110408e-06   6.272066e-04   3.962277e-08   4056
  1.622289e+00   2.079024e-06   6.303678e-04   4.025637e-08   3600
  1.624343e+00   2.047844e-06   6.280626e-04   4.129301e-08   3492
  1.626743e+00   2.019409e-06   7.334351e-04   3.597596e-08   4500
  1.629192e+00   2.121589e-06   6.425883e-04   4.378045e-08   3516
  1.631297e+00   2.173601e-06   6.717665e-04   4.116339e-08   3968
  1.633655e+00   2.116305e-06   6.456258e-04   4.190098e-08   3648
  1.635744e+00   1.966985e-06   6.173965e-04   3.519555e-08   4224
  1.638111e+00   2.157538e-06   6.929719e-04   4.326780e-08   3588
  1.640332e+00   2.051774e-06   6.391856e-04   4.030868e-08   3456
  1.642567e+00   2.053905e-06   5.676759e-04   4.091055e-08   3660
  1.644876e+00   2.025937e-06   6.230907e-04   3.738642e-08   3768
  1.647029e+00   2.135620e-06   6.301286e-04   3.963234e-08   3744
  1.649341e+00   2.108221e-06   6.916696e-04   3.928086e-08   4176
  1.651800e+00   2.121346e-06   6.379894e-04   4.116818e-08   3612
  1.653833e+00   2.060655e-06   6.933185e-04   4.427611e-08   3216
  1.656159e+00   2.099359e-06   6.703208e-04   4.257781e-08   3624
  1.658498e+00   2.186710e-06   6.303220e-04   4.340839e-08   3744
  1.660759e+00   2.199881e-06   6.725486e-04   4.332090e-08   3672
  1.662989e+00   2.091296e-06   6.098849e-04   4.175152e-08   3852
  1.665292e+00   2.084826e-06   6.277119e-04   3.894213e-08   3672
  1.667741e+00   2.230367e-06   6.116013e-04   4.487899e-08   3248
  1.669787e+00   2.062947e-06   6.260172e-04   4.355446e-08   3336
  1.672020e+00   2.019375e-06   6.372295e-04   4.257525e-08   3576
  1.674304e+00   2.167202e-06   5.409505e-04   4.417119e-08   3336
  1.676630e+00   2.333132e-06   6.425544e-04   4.480596e-08   3936
  1.678925e+00   2.283928e-06   6.843385e-04   4.960842e-08   3408
  1.681202e+00   2.162918e-06   6.029132e-04   4.737953e-08   3336
  1.683414e+00   1.935875e-06   6.772095e-04   4.042744e-08   3312
  1.685625e+00   2.060358e-06   6.856822e-04   4.286958e-08   3432
  1.687981e+00   2.119729e-06   5.944590e-04   4.717761e-08   3144
  1.690129e+00   2.308213e-06   6.453444e-04   4.987201e-08   3456
  1.692547e+00   2.183544e-06   6.202499e-04   4.222649e-08   3792
  1.694732e+00   2.199306e-06   6.092595e-04   5.142706e-08   2868
  1.697092e+00   2.068642e-06   6.311905e-04   4.014069e-08   3888
  1.699297e+00   2.077423e-06   5.480698e-04   4.980855e-08   2784
  1.701468e+00   2.219853e-06   6.259113e-04   5.154204e-08   2964
  1.703840e+00   2.222570e-06   6.445658e-04   4.653011e-08   3432
  1.706098e+00   2.267203e-06   6.671905e-04   4.851750e-08   3416
  1.708382e+00   2.219829e-06   7.131683e-04   4.602167e-08   3528
  1.710721e+00   2.096278e-06   5.723683e-04   4.845953e-08   2904
  1.712789e+00   2.083493e-06   6.417927e-04   4.476146e-08   3072
  1.715194e+00   2.165817e-06   7.208068e-04   5.031782e-08   3216
  1.717599e+00   2.015280e-06   5.837770e-04   4.637688e-08   2844
  1.719710e+00   2.237907e-06   6.680256e-04   4.783642e-08   3432
  1.721877e+00   2.395083e-06   5.369347e-04   5.621124e-08   2880
  1.724298e+00   2.206584e-06   7.112468e-04   4.547855e-08   3576
  1.726579e+00   2.324312e-06   6.357550e-04   5.486993e-08   2700
  1.728763e+00   2.100105e-06   7.141105e-04   5.006443e-08   3000
  1.731050e+00   2.120640e-06   5.929245e-04   5.253981e-08   2556
  1.733270e+00   2.264463e-06   6.354971e-04   4.965156e-08   3360
  1.735566e+00   2.330752e-06   6.174865e-04   5.570579e-08   3120
  1.738040e+00   2.352472e-06   7.269774e-04   5.604212e-08   3216
  1.740170e+00   2.388520e-06   5.127173e-04   6.076860e-08   2628
  1.742564e+00   2.061188e-06   6.777384e-04   5.246465e-08   3200
  1.744748e+00   2.035404e-06   6.393810e-04   5.385833e-08   2232
  1.746953e+00   2.070662e-06   7.298333e-04   5.078277e-08   3108
  1.749149e+00   2.462538e-06   6.411166e-04   6.356115e-08   2604
  1.751396e+00   2.410932e-06   6.906639e-04   5.870459e-08   3096
  1.753868e+00   2.255885e-06   6.292854e-04   5.398300e-08   3084
  1.756013e+00   2.052825e-06   6.421761e-04   5.417752e-08   2664
  1.758223e+00   2.195253e-06   5.662985e-04   6.176715e-08   2232
  1.760389e+00   2.043714e-06   6.975943e-04   4.712301e-08   2808
  1.762761e+00   2.447244e-06   6.589857e-04   6.342098e-08   2592
  1.764975e+00   2.458946e-06   6.765280e-04   6.210697e-08   2952
  1.767301e+00   2.126055e-06   6.387254e-04   5.427522e-08   2772
  1.769563e+00   2.241700e-06   6.869092e-04   5.134490e-08   3036
  1.771930e+00   2.026353e-06   6.663052e-04   6.048522e-08   2136
  1.774088e+00   1.981344e-06   5.313800e-04   5.271909e-08   2496
  1.776303e+00   2.140527e-06   7.077585e-04   6.004517e-08   2228
  1.778614e+00   2.326541e-06   6.598578e-04   5.676808e-08   3048
  1.780913e+00   2.322368e-06   6.303155e-04   6.429116e-08   2676
  1.783199e+00   2.273663e-06   6.279333e-04   5.761400e-08   2784
  1.785383e+00   2.175964e-06   6.100386e-04   6.902137e-08   1920
  1.787573e+00   2.165571e-06   6.510587e-04   6.051397e-08   2400
  1.789947e+00   1.980855e-06   5.971552e-04   5.259353e-08   2532
  1.792401e+00   2.223676e-06   6.632965e-04   6.207789e-08   2544
  1.794610e+00   2.424126e-06   6.938982e-04   6.755748e-08   2772
  1.796785e+00   2.404048e-06   6.499482e-04   7.123179e-08   2160
  1.798946e+00   2.278134e-06   7.000560e-04   6.323109e-08   2304
  1.801446e+00   1.997141e-06   6.850409e-04   5.939102e-08   2328
  1.803687e+00   2.010937e-06   6.568097e-04   6.287956e-08   2304
  1.805763e+00   2.007916e-06   6.211046e-04   6.865321e-08   1908
  1.808124e+00   2.472906e-06   6.946655e-04   7.001471e-08   2736
  1.810398e+00   2.339272e-06   6.581950e-04   6.633670e-08   2448
  1.812817e+00   2.201660e-06   6.153768e-04   6.794911e-08   2040
  1.815006e+00   1.800180e-06   6.407327e-04   6.296419e-08   2120
  1.817111e+00   2.150160e-06   5.312323e-04   6.484088e-08   2040
  1.819377e+00   1.828179e-06   6.590893e-04   5.685927e-08   2208
  1.821940e+00   2.353234e-06   5.917624e-04   7.715054e-08   2208
  1.824017e+00   2.587683e-06   6.557857e-04   8.009171e-08   2196
  1.826163e+00   2.064015e-06   5.768709e-04   7.001134e-08   1848
  1.828347e+00   2.052968e-06   6.542478e-04   6.524859e-08   2124
  1.830789e+00   2.066729e-06   6.862919e-04   6.338686e-08   2328
  1.833174e+00   1.975578e-06   6.987049e-04   6.309661e-08   1920
  1.835493e+00   1.940325e-06   6.414031e-04   6.969048e-08   1548
  1.837555e+00   2.489736e-06   7.035991e-04   7.490756e-08   2388
  1.839988e+00   1.977562e-06   6.510981e-04   6.351891e-08   2160
  1.842216e+00   2.064800e-06   5.926228e-04   7.606717e-08   1704
  1.844350e+00   1.948582e-06   6.676420e-04   6.559623e-08   1776
  1.846370e+00   2.038726e-06   6.244949e-04   7.344361e-08   1800
  1.848923e+00   2.024793e-06   7.209217e-04   7.926676e-08   1700
  1.851307e+00   2.248950e-06   6.491035e-04   7.277970e-08   2292
  1.853528e+00   2.157535e-06   6.025607e-04   8.274060e-08   1704
  1.855624e+00   2.093392e-06   6.737639e-04   8.012034e-08   1728
  1.857919e+00   1.899547e-06   6.235837e-04   6.309709e-08   1728
  1.860168e+00   2.262826e-06   6.229972e-04   7.411712e-08   1680
  1.862561e+00   1.586736e-06   7.177113e-04   6.039859e-08   1704
  1.864945e+00   1.825905e-06   5.636182e-04   6.544976e-08   1752
  1.867076e+00   1.959057e-06   6.700349e-04   6.991756e-08   1872
  1.869381e+00   1.969772e-06   6.567081e-04   8.581704e-08   1500
  1.871720e+00   1.972089e-06   5.750440e-04   7.638005e-08   1656
  1.873992e+00   2.051406e-06   6.165564e-04   8.037961e-08   1464
  1.876011e+00   1.395772e-06   5.400417e-04   5.241337e-08   1488
  1.878487e+00   1.663929e-06   6.517901e-04   5.947185e-08   1680
  1.880750e+00   1.822964e-06   6.809573e-04   6.380305e-08   1692
  1.882867e+00   2.051892e-06   6.520511e-04   1.038375e-07   1128
  1.885217e+00   1.826266e-06   6.278688e-04   6.372878e-08   1536
  1.887510e+00   1.596063e-06   6.544901e-04   5.888376e-08   1616
  1.889830e+00   1.576861e-06   6.311335e-04   6.690488e-08   1476
  1.892170e+00   1.620616e-06   6.945780e-04   7.011314e-08   1176
  1.894258e+00   1.660807e-06   7.462500e-04   5.602484e-08   1656
  1.896532e+00   2.131574e-06   6.555115e-04   1.147826e-07   891
  1.898876e+00   1.742106e-06   6.987810e-04   7.302059e-08   1596
  1.901160e+00   1.452828e-06   6.093557e-04   5.799407e-08   1422
  1.903413e+00   1.561170e-06   5.843312e-04   7.397406e-08   1254
  1.905532e+00   1.230500e-06   5.969608e-04   5.984216e-08   918
  1.907803e+00   1.601478e-06   6.533376e-04   6.041458e-08   1614
  1.910090e+00   1.489257e-06   5.643619e-04   8.357776e-08   798
  1.912364e+00   1.220850e-06   7.234449e-04   4.915501e-08   1458
  1.914669e+00   1.440356e-06   6.624341e-04   5.379599e-08   1374
  1.916948e+00   1.151507e-06   5.657629e-04   4.516932e-08   984
  1.919209e+00   1.367084e-06   7.784114e-04   6.434171e-08   1062
  1.921512e+00   1.515930e-06   6.598506e-04   6.420277e-08   1246
  1.923748e+00   1.189929e-06   6.118445e-04   6.272040e-08   1072
  1.926137e+00   1.171640e-06   6.625884e-04   5.870625e-08   1110
  1.928344e+00   1.392029e-06   7.178181e-04   6.139510e-08   1254
  1.930665e+00   1.195347e-06   6.812473e-04   4.833032e-08   1032
  1.933193e+00   1.162849e-06   6.311707e-04   5.913385e-08   786
  1.935116e+00   1.386119e-06   6.470862e-04   6.251112e-08   1152
  1.937368e+00   1.051553e-06   7.052595e-04   5.177268e-08   1086
  1.939714e+00   8.071982e-07   6.363015e-04   2.809948e-08   912
  1.941882e+00   1.539064e-06   6.378332e-04   6.794041e-08   1062
  1.944095e+00   1.049813e-06   6.357657e-04   4.263672e-08   912
  1.946652e+00   1.043009e-06   7.097230e-04   5.820907e-08   750
  1.948645e+00   1.330910e-06   6.838233e-04   6.150411e-08   1200
  1.950952e+00   9.286935e-07   6.192558e-04   3.969374e-08   918
  1.953245e+00   9.079339e-07   6.427668e-04   3.962228e-08   876
  1.955575e+00   1.367541e-06   5.616492e-04   6.105974e-08   870
  1.957615e+00   1.147801e-06   6.550744e-04   6.559698e-08   768
  1.960007e+00   7.144276e-07   6.004103e-04   3.118515e-08   830
  1.962222e+00   1.122413e-06   6.216450e-04   5.239653e-08   1080
  1.964516e+00   9.345279e-07   6.994320e-04   4.296057e-08   840
  1.966828e+00   8.350800e-07   6.734760e-04   3.562324e-08   798
  1.969450e+00   1.291807e-06   5.345484e-04   5.888536e-08   792
  1.971484e+00   8.408877e-07   6.234566e-04   3.682142e-08   726
  1.973618e+00   7.675223e-07   6.986178e-04   3.475093e-08   864
  1.975955e+00   1.050005e-06   5.980007e-04   5.140040e-08   900
  1.978325e+00   1.011950e-06   6.645965e-04   4.910452e-08   726
  1.980357e+00   9.496302e-07   5.751794e-04   4.507118e-08   576
  1.983069e+00   1.052762e-06   5.985766e-04   5.611097e-08   840
  1.984977e+00   7.625954e-07   6.213598e-04   3.960724e-08   750
  1.987238e+00   7.748089e-07   6.232467e-04   3.803507e-08   720
  1.989370e+00   8.454302e-07   6.305085e-04   4.390551e-08   702
  1.991860e+00   8.908254e-07   6.885999e-04   4.287667e-08   696
  1.993909e+00   9.000891e-07   6.158234e-04   4.818416e-08   480
  1.996324e+00   7.944665e-07   5.835181e-04   3.551221e-08   830
  1.998462e+00   7.503420e-07   6.788206e-04   3.967985e-08   756
  2.000858e+00   8.682739e-07   6.517872e-04   4.098811e-08   624
  2.002972e+00   6.766307e-07   6.887046e-04   3.407493e-08   582
  2.005472e+00   9.587955e-07   5.285963e-04   5.044882e-08   576
  2.007634e+00   6.760638e-07   7.079632e-04   3.845313e-08   624
  2.009851e+00   7.181434e-07   5.781934e-04   3.621146e-08   702
  2.012045e+00   7.294910e-07   6.650770e-04   4.232986e-08   624
  2.014651e+00   7.988010e-07   6.434173e-04   3.620081e-08   672
  2.016774e+00   5.396659e-07   4.816581e-04   4.088438e-08   342
  2.019106e+00   8.356174e-07   6.021361e-04   3.918933e-08   660
  2.021249e+00   5.217833e-07   6.189698e-04   2.901804e-08   576
  2.023463e+00   6.311144e-07   6.017634e-04   3.050844e-08   600
  2.025701e+00   6.462852e-07   6.960222e-04   4.431702e-08   510
  2.028218e+00   8.408723e-07   6.520686e-04   4.611289e-08   600
  2.030159e+00   5.571075e-07   5.193477e-04   4.020038e-08   216
  2.032420e+00   5.603156e-07   6.321362e-04   2.622088e-08   758
  2.035055e+00   5.181746e-07   6.920548e-04   2.972591e-08   576
  2.037365e+00   6.214399e-07   5.875356e-04   2.994690e-08   528
  2.039449e+00   5.702211e-07   4.046025e-04   3.534567e-08   318
  2.041688e+00   7.199399e-07   6.989543e-04   3.958116e-08   540
  2.044336e+00   4.147683e-07   4.941502e-04   2.443724e-08   384
  2.046130e+00   5.183822e-07   6.827435e-04   2.502276e-08   576
  2.048466e+00   4.993839e-07   5.579280e-04   3.281353e-08   414
  2.050674e+00   6.172215e-07   6.230233e-04   3.645041e-08   504
  2.053033e+00   6.018516e-07   6.839342e-04   3.955167e-08   312
  2.055299e+00   5.564402e-07   6.196527e-04   2.874711e-08   414
  2.057547e+00   4.232578e-07   5.724597e-04   2.179542e-08   432
  2.059639e+00   5.307459e-07   7.581407e-04   2.850275e-08   504
  2.062060e+00   5.267751e-07   7.301746e-04   2.984939e-08   432
  2.064327e+00   4.692623e-07   5.981226e-04   2.608412e-08   354
  2.066636e+00   5.324521e-07   8.703413e-04   3.295515e-08   200
  2.068617e+00   4.132292e-07   6.175353e-04   2.606796e-08   480
  2.071293e+00   4.069010e-07   7.056693e-04   1.989994e-08   552
  2.073748e+00   4.259868e-07   4.395757e-04   2.410189e-08   366
  2.075640e+00   5.040304e-07   4.679504e-04   4.231257e-08   240
  2.077722e+00   6.057253e-07   6.542137e-04   3.508350e-08   288
  2.080652e+00   4.435713e-07   4.496137e-04   2.685238e-08   366
  2.082547e+00   3.430975e-07   7.289658e-04   2.313979e-08   408
  2.084661e+00   3.989057e-07   5.479941e-04   2.481855e-08   360
  2.086849e+00   3.733127e-07   5.108222e-04   2.231324e-08   324
  2.088971e+00   4.856014e-07   6.032973e-04   3.655539e-08   174
  2.091499e+00   4.421871e-07   6.931038e-04   3.227275e-08   264
  2.093871e+00   3.180340e-07   6.321447e-04   2.213435e-08   456
  2.096237e+00   3.370894e-07   6.356462e-04   2.246894e-08   360
  2.098182e+00   3.066353e-07   7.002254e-04   1.976954e-08   270
  2.100564e+00   5.020184e-07   7.658383e-04   3.804392e-08   240
  2.103548e+00   5.077976e-07   5.580892e-04   5.522080e-08   120
  2.105015e+00   2.425013e-07   5.826262e-04   1.446110e-08   320
  2.107383e+00   3.146477e-07   7.208998e-04   1.896663e-08   462
  2.109864e+00   4.160293e-07   4.194244e-04   2.895469e-08   276
  2.112019e+00   3.438104e-07   4.758306e-04   2.814331e-08   144
  2.114094e+00   5.173759e-07   4.997149e-04   5.392522e-08   120
  2.116854e+00   2.964977e-07   3.784157e-04   1.781006e-08   294
  2.118939e+00   3.000099e-07   6.713296e-04   2.119019e-08   384
  2.120885e+00   2.671439e-07   4.444158e-04   1.818820e-08   216
  2.122747e+00   4.554274e-07   4.127151e-04   5.507816e-08   168
  2.124850e+00   2.528643e-07   4.910651e-04   2.789859e-08   102
  2.127892e+00   3.749083e-07   7.450428e-04   3.368640e-08   168
  2.130024e+00   2.600287e-07   6.520918e-04   1.726898e-08   384
  2.132362e+00   2.485791e-07   6.625415e-04   1.618353e-08   300
  2.134537e+00   3.260770e-07   7.094383e-04   3.081501e-08   144
  2.136989e+00   3.502368e-07   7.265651e-04   3.112524e-08   102
  2.139932e+00   4.743029e-07   1.719941e-04   6.139384e-08   56
  2.141342e+00   1.941004e-07   5.599681e-04   1.090446e-08   288
  2.143553e+00   2.482378e-07   7.287265e-04   1.515695e-08   360
  2.145961e+00   3.050622e-07   3.909120e-04   3.677950e-08   126
  2.147989e+00   2.958944e-07   1.925285e-04   4.202936e-08   72
  2.150200e+00   4.200177e-07   1.020019e-04   8.032336e-08   48
  2.153085e+00   1.727104e-07   4.126461e-04   1.242124e-08   240
  2.154981e+00   2.042398e-07   6.122582e-04   1.253978e-08   306
  2.156922e+00   2.656469e-07   3.402793e-04   2.675307e-08   120
  2.159158e+00   2.270961e-07   8.374730e-04   2.707438e-08   96
  2.160782e+00   3.341359e-07   0.000000e+00   7.539773e-08   24
  2.164433e+00   1.718059e-07   7.252303e-04   1.545480e-08   120
  2.166222e+00   1.677784e-07   6.271913e-04   1.223647e-08   318
  2.168411e+00   1.853589e-07   6.702392e-04   1.616836e-08   168
  2.170808e+00   2.701357e-07   7.192418e-04   4.098003e-08   72
  2.173433e+00   2.878007e-07   0.000000e+00   7.784202e-08   24
  2.176257e+00   4.175400e-07   3.491224e-04   1.105086e-07   14
  2.177600e+00   1.427684e-07   5.506440e-04   9.134148e-09   288
  2.179687e+00   1.773459e-07   6.624547e-04   1.261184e-08   204
  2.182094e+00   1.545931e-07   1.005110e-04   1.671403e-08   48
  2.184003e+00   5.297907e-07   0.000000e+00   9.164280e-08   24
  2.186211e+00   2.525109e-07   0.000000e+00   8.647787e-08   6
  2.189386e+00   1.399299e-07   4.116910e-04   9.073835e-09   216
  2.191022e+00   1.359812e-07   5.482597e-04   8.799102e-09   192
  2.193023e+00   2.061351e-07   1.000102e-04   3.018631e-08   48
  2.195122e+00   2.331017e-07   7.990980e-04   3.499424e-08   30
  2.201059e+00   1.041663e-07   1.652456e-04   9.539050e-09   96
  2.202278e+00   1.360584e-07   5.414667e-04   9.447655e-09   228
  2.204593e+00   1.945594e-07   7.080656e-04   2.622397e-08   72
  2.207377e+00   2.182923e-07   2.397687e-08   7.346255e-08   6
  2.213717e+00   1.139383e-07   5.346279e-04   8.020037e-09   248
  2.215741e+00   1.710678e-07   6.119095e-04   1.872919e-08   72
  2.218181e+00   3.300239e-07   0.000000e+00   5.560644e-08   6
  2.225558e+00   1.015591e-07   3.799140e-04   8.211274e-09   180
  2.227029e+00   1.220886e-07   5.169328e-04   1.901742e-08   72
  2.229129e+00   3.553511e-07   0.000000e+00   6.668421e-08   6
  2.237330e+00   5.923428e-08   1.625666e-04   6.465245e-09   96
  2.238310e+00   1.203695e-07   4.463135e-04   1.155241e-08   96
  2.240220e+00   4.561397e-08   0.000000e+00   1.460925e-08   6
  2.249696e+00   7.710788e-08   4.271566e-04   6.048279e-09   140
  2.251450e+00   1.314261e-07   2.397687e-08   4.562107e-08   6
  2.261607e+00   8.684058e-08   2.868548e-04   8.950425e-09   96
  2.262819e+00   1.501863e-07   4.152916e-08   5.883893e-08   6
  2.273552e+00   1.064915e-07   1.725668e-04   1.291447e-08   60
  2.274324e+00   1.720996e-07   0.000000e+00   9.601344e-08   6
  2.285599e+00   5.858918e-08   1.749471e-04   7.444811e-09   38
  2.297606e+00   6.869942e-08   8.999726e-05   1.128375e-08   18
  2.309634e+00   1.193169e-07   0.000000e+00   3.525429e-08   6
