# power spectrum of delta
# redshift z=100.000000
# k              Pk             sigma(k)       sigma(Pk)      count
  2.617994e-03   5.017476e-09   0.000000e+00   2.101412e-09   6
  3.702402e-03   6.214248e-09   0.000000e+00   1.304300e-09   12
  4.534498e-03   8.137674e-09   4.967054e-11   1.752778e-09   8
  5.235988e-03   4.205410e-08   0.000000e+00   4.806296e-09   6
  5.854012e-03   4.223000e-08   0.000000e+00   1.433561e-08   24
  6.412749e-03   8.274160e-08   9.365966e-11   1.487009e-08   24
  7.404805e-03   6.203731e-08   0.000000e+00   2.986660e-08   12
  7.853982e-03   8.985000e-08   1.059638e-10   1.771393e-08   30
  8.278824e-03   1.373360e-07   0.000000e+00   3.242680e-08   24
  8.682903e-03   1.507304e-07   1.622233e-10   4.005344e-08   24
  9.068997e-03   2.088288e-07   9.934107e-11   4.539469e-08   8
  9.439311e-03   2.071190e-07   1.324548e-10   2.761306e-08   24
  9.795636e-03   2.260145e-07   0.000000e+00   3.409804e-08   48
  1.047198e-02   3.500191e-07   0.000000e+00   1.653910e-07   6
  1.079427e-02   3.173737e-07   1.873193e-10   4.790116e-08   48
  1.110721e-02   3.309742e-07   0.000000e+00   3.700647e-08   36
  1.141157e-02   5.327466e-07   1.324548e-10   1.197752e-07   24
  1.170802e-02   3.475864e-07   0.000000e+00   6.436700e-08   24
  1.199716e-02   3.446775e-07   0.000000e+00   5.041919e-08   48
  1.227948e-02   5.900388e-07   1.873193e-10   9.035230e-08   24
  1.282550e-02   5.642890e-07   1.873193e-10   9.550888e-08   24
  1.308997e-02   4.203225e-07   0.000000e+00   7.404707e-08   30
  1.334920e-02   4.877834e-07   0.000000e+00   5.799640e-08   72
  1.360350e-02   5.150591e-07   1.986821e-10   1.129299e-07   32
  1.409833e-02   8.022592e-07   0.000000e+00   1.001904e-07   72
  1.433934e-02   5.249933e-07   0.000000e+00   8.267287e-08   48
  1.480961e-02   3.211018e-07   0.000000e+00   1.028718e-07   12
  1.515231e-02   6.590914e-07   1.130833e-04   6.466545e-08   96
  1.548826e-02   9.033047e-07   1.873193e-10   1.227723e-07   48
  1.570796e-02   1.154542e-06   2.119276e-10   2.179955e-07   30
  1.608496e-02   1.158908e-06   9.256212e-05   1.165793e-07   96
  1.655765e-02   7.811568e-07   0.000000e+00   1.598157e-07   24
  1.683107e-02   1.183915e-06   9.578913e-05   1.028327e-07   144
  1.716733e-02   9.013924e-07   3.244466e-10   2.384857e-07   24
  1.751298e-02   1.462775e-06   8.497010e-05   1.809296e-07   96
  1.775610e-02   1.348181e-06   0.000000e+00   2.236665e-07   48
  1.830170e-02   1.879412e-06   6.301207e-05   2.289462e-07   62
  1.857900e-02   1.457925e-06   8.861038e-05   1.887375e-07   132
  1.887862e-02   1.025696e-06   2.649095e-10   1.971416e-07   24
  1.916155e-02   1.714976e-06   8.856438e-05   1.580134e-07   168
  1.967835e-02   2.224129e-06   8.707403e-05   1.975539e-07   96
  2.006641e-02   1.635629e-06   7.410804e-05   1.666538e-07   96
  2.054257e-02   1.891051e-06   8.260327e-05   1.682999e-07   168
  2.094395e-02   2.759546e-06   0.000000e+00   1.308790e-06   6
  2.110694e-02   2.346041e-06   0.000000e+00   2.448999e-07   96
  2.130079e-02   2.325580e-06   6.420826e-05   2.466101e-07   120
  2.169397e-02   2.002140e-06   7.455727e-05   1.712583e-07   144
  2.190371e-02   2.429115e-06   0.000000e+00   3.526047e-07   48
  2.230226e-02   2.302136e-06   7.607900e-05   2.670765e-07   84
  2.252083e-02   2.644594e-06   5.191145e-10   2.558490e-07   120
  2.271769e-02   2.119884e-06   6.903625e-05   2.609198e-07   80
  2.302237e-02   2.128146e-06   7.009447e-05   1.684817e-07   144
  2.341605e-02   2.847303e-06   0.000000e+00   5.694604e-07   24
  2.360834e-02   3.228779e-06   6.763809e-05   2.907400e-07   150
  2.390836e-02   3.051777e-06   7.017832e-05   2.391555e-07   120
  2.423783e-02   2.907759e-06   6.395277e-05   2.632202e-07   168
  2.455896e-02   4.614782e-06   3.746387e-10   8.314956e-07   24
  2.476100e-02   2.782543e-06   6.889643e-05   1.903611e-07   264
  2.497407e-02   2.262341e-06   3.746387e-10   3.420527e-07   48
  2.533727e-02   3.137426e-06   6.381579e-05   2.789602e-07   144
  2.573983e-02   4.100200e-06   6.281599e-05   5.425798e-07   72
  2.596957e-02   3.344926e-06   6.461414e-05   2.313601e-07   180
  2.629073e-02   3.690827e-06   4.681737e-05   2.979431e-07   198
  2.644044e-02   3.951023e-06   0.000000e+00   4.652254e-07   48
  2.677158e-02   3.351052e-06   6.336863e-05   2.727648e-07   168
  2.701732e-02   4.104479e-06   6.342128e-05   4.026632e-07   144
  2.738908e-02   4.036807e-06   8.911041e-05   2.274108e-07   248
  2.789109e-02   3.086601e-06   6.143442e-05   2.342587e-07   192
  2.823294e-02   4.200553e-06   9.489445e-05   2.961432e-07   240
  2.843869e-02   4.696809e-06   0.000000e+00   5.487086e-07   72
  2.875251e-02   5.063690e-06   5.790865e-05   4.761568e-07   126
  2.895048e-02   5.511584e-06   5.342856e-05   4.701785e-07   168
  2.932848e-02   5.388120e-06   5.842351e-05   3.241027e-07   288
  2.972581e-02   5.165185e-06   3.077054e-05   4.737811e-07   156
  2.993157e-02   4.512534e-06   5.176499e-05   4.243723e-07   168
  3.024360e-02   4.973951e-06   8.874194e-05   3.291072e-07   264
  3.053079e-02   4.843820e-06   0.000000e+00   6.436898e-07   48
  3.074421e-02   4.980434e-06   8.831973e-05   3.521017e-07   264
  3.105014e-02   5.240673e-06   5.205889e-05   4.692452e-07   144
  3.128120e-02   6.000297e-06   1.065099e-04   7.311404e-07   78
  3.161778e-02   5.027882e-06   6.923581e-05   3.002023e-07   336
  3.193519e-02   4.819848e-06   5.267718e-05   3.508859e-07   200
  3.214364e-02   4.806890e-06   1.031426e-04   3.928041e-07   192
  3.242506e-02   6.158333e-06   5.175957e-05   4.708011e-07   240
  3.268359e-02   6.701511e-06   1.037292e-04   4.984324e-07   168
  3.294920e-02   5.683386e-06   8.304858e-05   5.257104e-07   120
  3.326819e-02   6.514186e-06   6.490972e-05   3.736369e-07   324
  3.357771e-02   6.029063e-06   5.103007e-05   4.427484e-07   192
  3.378837e-02   6.943669e-06   9.151964e-05   5.418703e-07   168
  3.414671e-02   5.334194e-06   7.537816e-05   3.181551e-07   342
  3.446980e-02   7.553030e-06   6.069459e-05   4.158094e-07   336
  3.479730e-02   8.623988e-06   4.644730e-05   1.035884e-06   72
  3.501814e-02   7.027463e-06   7.428623e-05   5.038920e-07   288
  3.527450e-02   7.163108e-06   4.838031e-05   5.595083e-07   264
  3.563256e-02   6.558174e-06   6.363204e-05   3.818839e-07   384
  3.595328e-02   7.057428e-06   7.637500e-05   5.681195e-07   240
  3.608656e-02   7.581858e-06   0.000000e+00   9.959631e-07   48
  3.647205e-02   7.673931e-06   6.251793e-05   4.164208e-07   392
  3.676616e-02   7.227045e-06   6.861031e-05   4.415773e-07   294
  3.708241e-02   7.360787e-06   4.459312e-05   5.884972e-07   228
  3.729040e-02   8.882781e-06   6.772118e-05   6.243934e-07   216
  3.754919e-02   7.538484e-06   4.125105e-05   4.284893e-07   336
  3.786597e-02   8.241795e-06   4.901301e-05   5.078560e-07   360
  3.812748e-02   9.125058e-06   7.467484e-05   6.062686e-07   240
  3.839998e-02   8.476228e-06   8.835745e-05   6.415709e-07   168
  3.865415e-02   8.068666e-06   6.954805e-05   4.926122e-07   312
  3.895697e-02   8.185016e-06   4.352559e-05   4.486922e-07   336
  3.928411e-02   9.098764e-06   5.937698e-05   5.945094e-07   294
  3.953076e-02   1.041515e-05   7.913738e-05   6.894858e-07   288
  3.971950e-02   7.417086e-06   4.951890e-05   5.215692e-07   264
  4.005607e-02   8.834822e-06   8.506075e-05   4.823020e-07   480
  4.033748e-02   1.003783e-05   4.161143e-05   6.452254e-07   240
  4.068248e-02   1.014979e-05   4.207648e-05   6.401284e-07   276
  4.095467e-02   9.732489e-06   9.236616e-05   4.381100e-07   488
  4.127803e-02   1.138048e-05   4.068003e-05   1.077709e-06   240
  4.146573e-02   1.046305e-05   7.899014e-05   5.565798e-07   360
  4.172892e-02   8.988337e-06   2.810350e-05   7.186336e-07   198
  4.206740e-02   8.973785e-06   9.496286e-05   4.203262e-07   480
  4.231522e-02   9.159388e-06   3.505126e-05   5.982986e-07   288
  4.265797e-02   1.083298e-05   7.409036e-05   5.527537e-07   480
  4.296619e-02   1.132361e-05   4.564904e-05   5.138969e-07   480
  4.328272e-02   1.013310e-05   5.903945e-05   7.310351e-07   288
  4.348020e-02   1.154153e-05   6.298422e-05   7.048874e-07   288
  4.379081e-02   1.135136e-05   1.094982e-04   5.901551e-07   456
  4.410356e-02   1.291973e-05   1.031218e-04   6.853679e-07   360
  4.430520e-02   1.169503e-05   6.181421e-05   7.803212e-07   180
  4.459701e-02   1.011806e-05   6.732321e-05   4.633197e-07   486
  4.489279e-02   1.161623e-05   8.956153e-05   5.619172e-07   504
  4.519353e-02   1.269829e-05   6.958479e-05   6.469938e-07   456
  4.544288e-02   1.249554e-05   5.781268e-05   7.863449e-07   296
  4.577234e-02   1.209058e-05   5.704769e-05   5.721960e-07   528
  4.602010e-02   1.244452e-05   5.629126e-05   6.778327e-07   336
  4.638502e-02   1.285161e-05   6.243757e-05   5.713943e-07   600
  4.665213e-02   1.096095e-05   3.657925e-05   6.990336e-07   264
  4.691981e-02   1.317800e-05   3.955612e-05   6.937987e-07   360
  4.719303e-02   1.285241e-05   7.919525e-05   6.014126e-07   630
  4.749411e-02   1.512816e-05   4.087985e-05   7.739507e-07   432
  4.776118e-02   1.479296e-05   7.876512e-05   7.499657e-07   408
  4.808899e-02   1.390263e-05   5.227947e-05   8.084140e-07   324
  4.833287e-02   1.344245e-05   7.450463e-05   5.422102e-07   744
  4.862704e-02   1.339563e-05   5.956149e-05   8.033150e-07   336
  4.890809e-02   1.555285e-05   8.188184e-05   7.316684e-07   528
  4.921630e-02   1.346844e-05   4.177860e-05   7.689243e-07   408
  4.942064e-02   1.335754e-05   7.110722e-05   7.079288e-07   408
  4.975826e-02   1.409315e-05   5.870132e-05   6.805152e-07   470
  5.000419e-02   1.524816e-05   7.051926e-05   7.430199e-07   528
  5.034761e-02   1.346994e-05   5.876166e-05   5.360610e-07   624
  5.060056e-02   1.568498e-05   4.471209e-05   7.776644e-07   504
  5.086151e-02   1.390658e-05   6.228061e-05   6.451488e-07   552
  5.112035e-02   1.557413e-05   3.027565e-05   8.414681e-07   336
  5.144446e-02   1.701320e-05   6.444492e-05   7.959981e-07   528
  5.169554e-02   1.632735e-05   7.337175e-05   6.935547e-07   564
  5.198963e-02   1.587687e-05   6.753098e-05   8.196753e-07   528
  5.230847e-02   1.780526e-05   1.048439e-04   8.378531e-07   582
  5.259842e-02   1.672549e-05   8.071397e-05   7.125572e-07   624
  5.285199e-02   1.659206e-05   9.227158e-05   8.974737e-07   432
  5.315454e-02   1.763190e-05   1.026361e-04   6.471469e-07   816
  5.346586e-02   1.867242e-05   4.677691e-05   1.105153e-06   312
  5.366952e-02   1.663370e-05   7.581238e-05   7.957996e-07   552
  5.399793e-02   1.772841e-05   4.774842e-05   7.054214e-07   744
  5.423585e-02   1.979405e-05   4.460674e-05   1.153868e-06   408
  5.454294e-02   1.749557e-05   6.392339e-05   7.566915e-07   632
  5.486195e-02   2.073044e-05   1.085581e-04   8.179141e-07   750
  5.512148e-02   2.028472e-05   7.467993e-05   1.156365e-06   312
  5.541068e-02   1.964441e-05   1.102545e-04   7.249533e-07   876
  5.569673e-02   1.628590e-05   7.198965e-05   7.279365e-07   552
  5.601905e-02   2.046411e-05   5.953517e-05   8.621817e-07   696
  5.623861e-02   2.065689e-05   6.571554e-05   9.415931e-07   576
  5.653741e-02   1.877679e-05   6.957694e-05   9.321545e-07   576
  5.679245e-02   2.158879e-05   9.323332e-05   9.121137e-07   648
  5.710066e-02   2.178455e-05   9.332070e-05   8.560738e-07   672
  5.744094e-02   2.154593e-05   3.958317e-05   1.097485e-06   480
  5.765874e-02   2.040756e-05   6.129933e-05   7.819717e-07   726
  5.793918e-02   2.288223e-05   6.946011e-05   8.565618e-07   792
  5.824293e-02   2.143966e-05   9.635953e-05   8.405405e-07   768
  5.856306e-02   2.284771e-05   7.875098e-05   9.167917e-07   672
  5.885659e-02   2.259459e-05   5.282450e-05   9.378638e-07   608
  5.906908e-02   2.186831e-05   5.071313e-05   9.247772e-07   624
  5.937222e-02   2.230989e-05   6.590128e-05   8.658947e-07   684
  5.966707e-02   2.305074e-05   9.734385e-05   8.447641e-07   768
  5.994148e-02   2.428979e-05   7.782572e-05   8.922855e-07   744
  6.026845e-02   2.312717e-05   4.900370e-05   8.533004e-07   750
  6.050677e-02   2.195678e-05   7.283747e-05   1.023379e-06   600
  6.076449e-02   2.351804e-05   7.734026e-05   1.016323e-06   600
  6.108290e-02   2.475797e-05   8.912987e-05   8.097860e-07   1008
  6.133576e-02   2.521727e-05   4.943450e-05   1.017291e-06   696
  6.161594e-02   2.636179e-05   6.530518e-05   1.144374e-06   624
  6.189762e-02   2.594647e-05   1.016231e-04   1.017997e-06   840
  6.221763e-02   2.793908e-05   6.914633e-05   1.026779e-06   816
  6.247720e-02   2.547101e-05   4.592862e-05   9.347883e-07   744
  6.273933e-02   2.660351e-05   8.119424e-05   1.193021e-06   510
  6.305599e-02   2.751955e-05   7.795313e-05   9.427696e-07   1020
  6.335069e-02   2.740778e-05   6.290045e-05   9.290619e-07   912
  6.364121e-02   2.870938e-05   9.319055e-05   1.093537e-06   752
  6.388144e-02   2.847612e-05   7.732638e-05   1.160735e-06   888
  6.420925e-02   2.738825e-05   4.989841e-05   1.031492e-06   768
  6.447739e-02   2.839746e-05   9.066980e-05   1.090143e-06   720
  6.478598e-02   2.846680e-05   7.992805e-05   9.659590e-07   1056
  6.505970e-02   2.915371e-05   5.529760e-05   1.353357e-06   504
  6.528398e-02   2.762371e-05   8.634830e-05   1.112411e-06   774
  6.560471e-02   2.906587e-05   8.304423e-05   9.442921e-07   1272
  6.590596e-02   3.032888e-05   5.440704e-05   1.232011e-06   744
  6.618686e-02   2.820379e-05   8.884324e-05   1.071896e-06   768
  6.644456e-02   3.029652e-05   7.514980e-05   1.063466e-06   840
  6.673399e-02   3.218117e-05   5.094954e-05   1.102112e-06   924
  6.701266e-02   3.132037e-05   8.982392e-05   1.091372e-06   936
  6.728656e-02   2.947619e-05   6.242423e-05   1.031279e-06   840
  6.756246e-02   3.316124e-05   7.421513e-05   1.102489e-06   1008
  6.791310e-02   3.077704e-05   8.378198e-05   1.209385e-06   696
  6.813310e-02   2.973270e-05   7.446772e-05   1.006849e-06   974
  6.845997e-02   3.350768e-05   9.890180e-05   1.018942e-06   1152
  6.874414e-02   3.359305e-05   3.870054e-05   1.191581e-06   816
  6.896514e-02   3.066686e-05   8.513682e-05   1.069431e-06   816
  6.926247e-02   3.327986e-05   7.517964e-05   1.014468e-06   1152
  6.957605e-02   3.394406e-05   6.768746e-05   1.146991e-06   912
  6.986120e-02   3.640486e-05   8.224025e-05   1.157412e-06   1056
  7.010537e-02   3.580181e-05   7.033014e-05   1.503942e-06   624
  7.043369e-02   3.419343e-05   8.785157e-05   1.091245e-06   1260
  7.071704e-02   3.592822e-05   5.298834e-05   1.285907e-06   894
  7.099380e-02   3.812968e-05   9.078788e-05   1.096492e-06   1176
  7.127069e-02   3.311676e-05   7.514546e-05   1.304630e-06   840
  7.158585e-02   3.687743e-05   8.541379e-05   9.977792e-07   1440
  7.191676e-02   3.401988e-05   4.802013e-05   1.171744e-06   864
  7.216767e-02   3.866946e-05   8.240490e-05   1.312697e-06   1056
  7.241740e-02   3.944735e-05   4.858484e-05   1.691307e-06   624
  7.272071e-02   3.853167e-05   8.997074e-05   1.058342e-06   1496
  7.301073e-02   3.869272e-05   6.352255e-05   1.539957e-06   936
  7.326892e-02   3.752305e-05   9.196064e-05   1.282388e-06   966
  7.354674e-02   3.760241e-05   6.518545e-05   1.301406e-06   936
  7.383856e-02   3.897416e-05   8.063091e-05   1.139380e-06   1248
  7.413734e-02   3.696163e-05   5.684120e-05   1.141880e-06   1044
  7.441573e-02   3.872502e-05   8.804884e-05   1.159234e-06   1392
  7.463622e-02   3.624450e-05   6.781537e-05   1.480882e-06   600
  7.495162e-02   3.829284e-05   7.704539e-05   1.048124e-06   1416
  7.524736e-02   4.002411e-05   8.292995e-05   1.224334e-06   1152
  7.554702e-02   3.995966e-05   7.955827e-05   1.338130e-06   936
  7.578842e-02   4.071450e-05   8.533015e-05   1.465064e-06   870
  7.607526e-02   4.319140e-05   7.154592e-05   1.334303e-06   1368
  7.639358e-02   4.199244e-05   9.406422e-05   1.156406e-06   1632
  7.666560e-02   4.313048e-05   4.083741e-05   1.616003e-06   816
  7.696006e-02   4.338401e-05   9.316666e-05   1.318599e-06   1200
  7.721698e-02   4.417625e-05   8.907832e-05   1.345766e-06   1184
  7.747796e-02   4.564269e-05   6.760462e-05   1.564845e-06   984
  7.779817e-02   4.332757e-05   8.253831e-05   1.192380e-06   1572
  7.808846e-02   4.750849e-05   4.545528e-05   1.780253e-06   840
  7.835899e-02   4.318949e-05   1.057080e-04   1.194124e-06   1392
  7.864461e-02   4.264241e-05   7.761076e-05   1.396018e-06   1158
  7.889955e-02   4.554905e-05   7.067062e-05   1.351101e-06   1272
  7.920653e-02   4.661267e-05   7.201969e-05   1.338689e-06   1320
  7.949486e-02   4.522848e-05   7.047045e-05   1.493091e-06   1104
  7.976919e-02   4.454888e-05   7.976268e-05   1.324719e-06   1392
  8.005712e-02   4.392624e-05   8.627137e-05   1.333586e-06   1296
  8.035367e-02   4.595936e-05   9.008156e-05   1.299356e-06   1392
  8.063193e-02   4.643419e-05   6.608203e-05   1.477950e-06   1104
  8.088938e-02   4.497325e-05   8.323662e-05   1.264905e-06   1320
  8.125607e-02   4.636934e-05   6.356659e-05   1.308256e-06   1422
  8.149030e-02   4.535768e-05   7.916861e-05   1.398361e-06   1212
  8.175936e-02   4.540440e-05   8.650991e-05   1.294331e-06   1280
  8.203577e-02   4.972649e-05   9.008038e-05   1.478603e-06   1272
  8.230068e-02   5.073762e-05   7.795564e-05   1.331869e-06   1680
  8.261468e-02   4.497827e-05   7.365360e-05   1.417416e-06   1152
  8.290375e-02   4.754986e-05   8.529346e-05   1.228245e-06   1512
  8.320764e-02   4.742312e-05   3.601056e-05   1.692725e-06   912
  8.344786e-02   5.037789e-05   9.077525e-05   1.229015e-06   1680
  8.376736e-02   4.442955e-05   8.041620e-05   1.183418e-06   1518
  8.400416e-02   5.081924e-05   7.445010e-05   1.587535e-06   1056
  8.425359e-02   4.911165e-05   7.517403e-05   1.333465e-06   1344
  8.457604e-02   5.547606e-05   8.072049e-05   1.414997e-06   1680
  8.486778e-02   4.994143e-05   7.954167e-05   1.335602e-06   1656
  8.518657e-02   4.856447e-05   6.761167e-05   1.629886e-06   1140
  8.542590e-02   4.977094e-05   7.828918e-05   1.488843e-06   1368
  8.570750e-02   5.098696e-05   8.905440e-05   1.352502e-06   1656
  8.599375e-02   5.311624e-05   9.121081e-05   1.567270e-06   1448
  8.630534e-02   5.142811e-05   8.568655e-05   1.386612e-06   1422
  8.659311e-02   5.316185e-05   9.459447e-05   1.436836e-06   1512
  8.683924e-02   5.367255e-05   7.211605e-05   1.627544e-06   1296
  8.712400e-02   5.134767e-05   6.584670e-05   1.305853e-06   1824
  8.743186e-02   5.257749e-05   8.538017e-05   1.419650e-06   1464
  8.774286e-02   5.048515e-05   7.618955e-05   1.180496e-06   1824
  8.803148e-02   5.439696e-05   6.057455e-05   1.502906e-06   1416
  8.828257e-02   5.420231e-05   8.872541e-05   1.533357e-06   1392
  8.855363e-02   5.306756e-05   8.187445e-05   1.433509e-06   1464
  8.888434e-02   4.975690e-05   8.004497e-05   1.409436e-06   1524
  8.913991e-02   5.289997e-05   7.376276e-05   1.411111e-06   1686
  8.943527e-02   5.338407e-05   8.782922e-05   1.411473e-06   1800
  8.968912e-02   5.733479e-05   6.972804e-05   1.764153e-06   1344
  8.997076e-02   5.724743e-05   8.135143e-05   1.619444e-06   1656
  9.025312e-02   5.646873e-05   6.495498e-05   1.477004e-06   1488
  9.049844e-02   5.781744e-05   6.484921e-05   1.555694e-06   1536
  9.084028e-02   5.563722e-05   7.204011e-05   1.440631e-06   1760
  9.110514e-02   5.624922e-05   8.013058e-05   1.364782e-06   1824
  9.141143e-02   5.939982e-05   6.724449e-05   1.562467e-06   1560
  9.170615e-02   5.789621e-05   7.723658e-05   1.417665e-06   1926
  9.198333e-02   5.887919e-05   5.492537e-05   1.731750e-06   1272
  9.223633e-02   5.648081e-05   9.230202e-05   1.387222e-06   1848
  9.256888e-02   6.050331e-05   7.457210e-05   1.406985e-06   1908
  9.282182e-02   5.789476e-05   7.273524e-05   1.573848e-06   1488
  9.308870e-02   5.639405e-05   8.202971e-05   1.468979e-06   1800
  9.337804e-02   5.798267e-05   8.211058e-05   1.475857e-06   1752
  9.365517e-02   5.660595e-05   8.731150e-05   1.584344e-06   1368
  9.393252e-02   6.037550e-05   8.205603e-05   1.341029e-06   2016
  9.423755e-02   6.207328e-05   8.667134e-05   1.636100e-06   1542
  9.451906e-02   5.847559e-05   8.487467e-05   1.391433e-06   2184
  9.483067e-02   6.183906e-05   7.764106e-05   1.503284e-06   1776
  9.509985e-02   5.989353e-05   8.875546e-05   1.809895e-06   1568
  9.535644e-02   6.266212e-05   8.108806e-05   1.473097e-06   2040
  9.563563e-02   6.470491e-05   8.669038e-05   1.649315e-06   1704
  9.592788e-02   5.979734e-05   8.690078e-05   1.630181e-06   1512
  9.620343e-02   6.282874e-05   7.412661e-05   1.476325e-06   2028
  9.651303e-02   6.260500e-05   8.941574e-05   1.436055e-06   1968
  9.679609e-02   6.184831e-05   9.069891e-05   1.448293e-06   1854
  9.707310e-02   6.017399e-05   8.646398e-05   1.485678e-06   1632
  9.735698e-02   6.371073e-05   8.884916e-05   1.302829e-06   2424
  9.765121e-02   6.172478e-05   8.894157e-05   1.607149e-06   1560
  9.789995e-02   6.466012e-05   8.404969e-05   1.545090e-06   1728
  9.820050e-02   6.287200e-05   8.971918e-05   1.510011e-06   2088
  9.850303e-02   6.134334e-05   8.540306e-05   1.475792e-06   1968
  9.878131e-02   6.402332e-05   8.455723e-05   1.494205e-06   2256
  9.906038e-02   6.576354e-05   7.518074e-05   1.584183e-06   1728
  9.935170e-02   6.525450e-05   7.411216e-05   1.899859e-06   1416
  9.960979e-02   6.881035e-05   7.812907e-05   1.524586e-06   2246
  9.990199e-02   6.488171e-05   8.652709e-05   1.569388e-06   2148
  1.001816e-01   6.805257e-05   7.308973e-05   1.787514e-06   1680
  1.004447e-01   6.652436e-05   9.240070e-05   1.349468e-06   2280
  1.007610e-01   6.811924e-05   8.604544e-05   1.421280e-06   2352
  1.010564e-01   6.815376e-05   7.229963e-05   1.778603e-06   1632
  1.012901e-01   6.856509e-05   8.272999e-05   1.665574e-06   1968
  1.016108e-01   6.744021e-05   8.488100e-05   1.565533e-06   2112
  1.019082e-01   6.618602e-05   6.376060e-05   1.562701e-06   2208
  1.021972e-01   6.802466e-05   6.428985e-05   1.552804e-06   1974
  1.024253e-01   6.627865e-05   6.289296e-05   1.586072e-06   1944
  1.027334e-01   7.187203e-05   7.115615e-05   1.628875e-06   2160
  1.030005e-01   6.980078e-05   6.654705e-05   1.669240e-06   2040
  1.032891e-01   7.215141e-05   9.310085e-05   1.629088e-06   2352
  1.035851e-01   7.440222e-05   7.734441e-05   1.801225e-06   1836
  1.038553e-01   7.143436e-05   8.250740e-05   1.487810e-06   2352
  1.041586e-01   7.028974e-05   8.653909e-05   1.638972e-06   2008
  1.044367e-01   7.115638e-05   8.513349e-05   1.581376e-06   2464
  1.047468e-01   7.234150e-05   6.866390e-05   1.601869e-06   2118
  1.050011e-01   7.207973e-05   6.902444e-05   1.769930e-06   1848
  1.052629e-01   7.778724e-05   9.134189e-05   1.829734e-06   2280
  1.055791e-01   7.600210e-05   8.688797e-05   1.635658e-06   2472
  1.058746e-01   7.341763e-05   5.806457e-05   1.665740e-06   2280
  1.061226e-01   7.978782e-05   7.097417e-05   1.973071e-06   1992
  1.063901e-01   7.787142e-05   7.461571e-05   1.615698e-06   2184
  1.066986e-01   7.082491e-05   9.001232e-05   1.568240e-06   2352
  1.069958e-01   7.645238e-05   9.485690e-05   1.602826e-06   2496
  1.072868e-01   7.344411e-05   8.859745e-05   1.868645e-06   1770
  1.075479e-01   8.049765e-05   7.644560e-05   1.704103e-06   2568
  1.078617e-01   7.919548e-05   9.376366e-05   1.618948e-06   2712
  1.081469e-01   8.053191e-05   7.446188e-05   1.759634e-06   2448
  1.084318e-01   8.322035e-05   6.276756e-05   1.881505e-06   2064
  1.086680e-01   7.721171e-05   6.625257e-05   1.933345e-06   1944
  1.089744e-01   7.829290e-05   8.184626e-05   1.716447e-06   2480
  1.092870e-01   8.118152e-05   8.890905e-05   1.617183e-06   2880
  1.095638e-01   8.196214e-05   8.528722e-05   1.764534e-06   2304
  1.098530e-01   8.192001e-05   7.835786e-05   1.905688e-06   1806
  1.101093e-01   8.216749e-05   7.684517e-05   1.591190e-06   2856
  1.104306e-01   8.487856e-05   7.369682e-05   1.801574e-06   2568
  1.106752e-01   7.934420e-05   7.393836e-05   1.854466e-06   2112
  1.109413e-01   8.387942e-05   7.121568e-05   2.046792e-06   2028
  1.112267e-01   8.450131e-05   8.429839e-05   1.647240e-06   2712
  1.115166e-01   8.719688e-05   9.081821e-05   1.694439e-06   2952
  1.118282e-01   8.818401e-05   7.017248e-05   1.979047e-06   2112
  1.120800e-01   8.633066e-05   8.223856e-05   1.768403e-06   2520
  1.123826e-01   8.519957e-05   7.932073e-05   1.844995e-06   2376
  1.126581e-01   8.847016e-05   6.358614e-05   1.871168e-06   2526
  1.129442e-01   9.148327e-05   7.913126e-05   1.894119e-06   2664
  1.132274e-01   9.113315e-05   9.438103e-05   1.929280e-06   2408
  1.134988e-01   9.170563e-05   7.560288e-05   1.941559e-06   2568
  1.137757e-01   9.459055e-05   7.127994e-05   1.818090e-06   2904
  1.140760e-01   9.170008e-05   7.997811e-05   1.876365e-06   2544
  1.143613e-01   9.255168e-05   5.890938e-05   2.082303e-06   2160
  1.146306e-01   9.907878e-05   1.018475e-04   2.038218e-06   2652
  1.149280e-01   9.223831e-05   8.064228e-05   1.839556e-06   2784
  1.152142e-01   9.763428e-05   7.963660e-05   1.869681e-06   2694
  1.155108e-01   9.216657e-05   7.157104e-05   1.785663e-06   2952
  1.157685e-01   1.011331e-04   6.779080e-05   2.199373e-06   2208
  1.160309e-01   9.505459e-05   7.225163e-05   2.064782e-06   2304
  1.163240e-01   9.368962e-05   9.395526e-05   1.566411e-06   3504
  1.166657e-01   1.001575e-04   7.607892e-05   2.186379e-06   2616
  1.169322e-01   1.010149e-04   7.432295e-05   2.078296e-06   2664
  1.171889e-01   9.899923e-05   6.905252e-05   2.059960e-06   2448
  1.174476e-01   1.024930e-04   9.616741e-05   2.124739e-06   2472
  1.177520e-01   1.034256e-04   7.645856e-05   1.914166e-06   3134
  1.180384e-01   1.037398e-04   8.362320e-05   2.142779e-06   2616
  1.183245e-01   9.871280e-05   6.773804e-05   2.035910e-06   2712
  1.186187e-01   1.012138e-04   7.768572e-05   1.887282e-06   3204
  1.188999e-01   1.018369e-04   8.947061e-05   2.129119e-06   2760
  1.191670e-01   1.018978e-04   7.806168e-05   2.040190e-06   2688
  1.194615e-01   1.055071e-04   7.380707e-05   2.197327e-06   2760
  1.197219e-01   1.024438e-04   6.094367e-05   2.151824e-06   2568
  1.200219e-01   1.031497e-04   9.464252e-05   1.842080e-06   3336
  1.203097e-01   1.077334e-04   8.010450e-05   2.248101e-06   2334
  1.206004e-01   1.038059e-04   8.864426e-05   1.926223e-06   3264
  1.208720e-01   1.099893e-04   6.445115e-05   2.226735e-06   2760
  1.211506e-01   1.067821e-04   7.783872e-05   1.969215e-06   3192
  1.214343e-01   1.093006e-04   8.081325e-05   2.201426e-06   2904
  1.217360e-01   1.097408e-04   8.108491e-05   2.216335e-06   2784
  1.219885e-01   1.157959e-04   6.673438e-05   2.468296e-06   2592
  1.222758e-01   1.102686e-04   9.096849e-05   1.951153e-06   3284
  1.225810e-01   1.149122e-04   9.137368e-05   2.200412e-06   3168
  1.228542e-01   1.148469e-04   7.538983e-05   2.327664e-06   2616
  1.231413e-01   1.088829e-04   7.284521e-05   2.069762e-06   3222
  1.234206e-01   1.137310e-04   8.173459e-05   1.968653e-06   3240
  1.236911e-01   1.177000e-04   8.268770e-05   2.513683e-06   2568
  1.239986e-01   1.212308e-04   7.587003e-05   2.273664e-06   3120
  1.242557e-01   1.229296e-04   8.340792e-05   2.345477e-06   3168
  1.245322e-01   1.162841e-04   7.301730e-05   2.205871e-06   3240
  1.248347e-01   1.172572e-04   7.491393e-05   2.143083e-06   3144
  1.251286e-01   1.160594e-04   7.140604e-05   2.219941e-06   2856
  1.254064e-01   1.199707e-04   7.626451e-05   2.149305e-06   3264
  1.257207e-01   1.231761e-04   8.426887e-05   2.243801e-06   3318
  1.259680e-01   1.243048e-04   5.901717e-05   2.770732e-06   2556
  1.262628e-01   1.224594e-04   1.008122e-04   1.982424e-06   4008
  1.265613e-01   1.251185e-04   7.441701e-05   2.491832e-06   2904
  1.268167e-01   1.225855e-04   7.609401e-05   2.211476e-06   3144
  1.271074e-01   1.204311e-04   7.932876e-05   2.290364e-06   3200
  1.274082e-01   1.255803e-04   7.823738e-05   2.288234e-06   3312
  1.276778e-01   1.317450e-04   6.305584e-05   2.631432e-06   2832
  1.279789e-01   1.277470e-04   9.074131e-05   2.126137e-06   3984
  1.282585e-01   1.387975e-04   7.376839e-05   3.152290e-06   2238
  1.285137e-01   1.301529e-04   8.681271e-05   2.199862e-06   3984
  1.288303e-01   1.283649e-04   8.249794e-05   2.376806e-06   3384
  1.290934e-01   1.373748e-04   7.711328e-05   2.639111e-06   3048
  1.293680e-01   1.287500e-04   7.080503e-05   2.437693e-06   3096
  1.296549e-01   1.374435e-04   8.025539e-05   2.278421e-06   3708
  1.299401e-01   1.308074e-04   7.607123e-05   2.658469e-06   2784
  1.302051e-01   1.416524e-04   7.901454e-05   2.481794e-06   3648
  1.305061e-01   1.370355e-04   8.132299e-05   2.378416e-06   3888
  1.308264e-01   1.351410e-04   8.681469e-05   2.501445e-06   2958
  1.310655e-01   1.336630e-04   7.410440e-05   2.394549e-06   3264
  1.313537e-01   1.438991e-04   8.180915e-05   2.668405e-06   3160
  1.316259e-01   1.336169e-04   7.414257e-05   2.337105e-06   3736
  1.318840e-01   1.407427e-04   6.756123e-05   2.664287e-06   3216
  1.321883e-01   1.421946e-04   8.279266e-05   2.343980e-06   4032
  1.325057e-01   1.432366e-04   7.558820e-05   2.493470e-06   3528
  1.327763e-01   1.456607e-04   6.672279e-05   2.651523e-06   3192
  1.330468e-01   1.417055e-04   7.307333e-05   2.551663e-06   3456
  1.333403e-01   1.460581e-04   7.576934e-05   2.826778e-06   3060
  1.336345e-01   1.449262e-04   9.009846e-05   2.318530e-06   4518
  1.339211e-01   1.468169e-04   8.026606e-05   2.503837e-06   3528
  1.341846e-01   1.457290e-04   6.740947e-05   2.806659e-06   3024
  1.344655e-01   1.411230e-04   9.126974e-05   2.424951e-06   3672
  1.347516e-01   1.489481e-04   7.833714e-05   2.634725e-06   3864
  1.350693e-01   1.447133e-04   8.303631e-05   2.389776e-06   3816
  1.353291e-01   1.504398e-04   7.554469e-05   2.678923e-06   3456
  1.355782e-01   1.522282e-04   6.838506e-05   3.085011e-06   2688
  1.358717e-01   1.529273e-04   8.113757e-05   2.457801e-06   4248
  1.361627e-01   1.506596e-04   7.771425e-05   2.491947e-06   3926
  1.364549e-01   1.486763e-04   8.205290e-05   2.527633e-06   3504
  1.367373e-01   1.552979e-04   7.335652e-05   2.527707e-06   3960
  1.370490e-01   1.509379e-04   8.258234e-05   2.570869e-06   3684
  1.373163e-01   1.488920e-04   8.257682e-05   2.488925e-06   4104
  1.375836e-01   1.564962e-04   7.831955e-05   2.892226e-06   3144
  1.378707e-01   1.560939e-04   8.578688e-05   2.502253e-06   4224
  1.381864e-01   1.560829e-04   7.614331e-05   2.552611e-06   4008
  1.384561e-01   1.590811e-04   8.376968e-05   2.819592e-06   3312
  1.387338e-01   1.563097e-04   8.331851e-05   2.702717e-06   3726
  1.390291e-01   1.588981e-04   8.557833e-05   2.652315e-06   3936
  1.392914e-01   1.622588e-04   8.821443e-05   2.727831e-06   3888
  1.395636e-01   1.609441e-04   8.341518e-05   2.640666e-06   3864
  1.398467e-01   1.573017e-04   8.867738e-05   2.631203e-06   3888
  1.401384e-01   1.533145e-04   8.363642e-05   2.513667e-06   4080
  1.404263e-01   1.616030e-04   8.876369e-05   2.887548e-06   3400
  1.407201e-01   1.628769e-04   8.140526e-05   2.474754e-06   4588
  1.410172e-01   1.671837e-04   8.057441e-05   2.856516e-06   3816
  1.412768e-01   1.682136e-04   7.635100e-05   2.817018e-06   3534
  1.415516e-01   1.708466e-04   7.541439e-05   2.730791e-06   4080
  1.418391e-01   1.702320e-04   7.882940e-05   2.707934e-06   4248
  1.421278e-01   1.668618e-04   7.943609e-05   2.971819e-06   3528
  1.423943e-01   1.750829e-04   8.121254e-05   2.830040e-06   4248
  1.426636e-01   1.678084e-04   7.943403e-05   2.903378e-06   3696
  1.429635e-01   1.741267e-04   8.242397e-05   2.723117e-06   4560
  1.432479e-01   1.699029e-04   7.720388e-05   2.842636e-06   3864
  1.435400e-01   1.692010e-04   8.406319e-05   2.655245e-06   4440
  1.438168e-01   1.689637e-04   7.843293e-05   3.131902e-06   3432
  1.441077e-01   1.688223e-04   7.690512e-05   2.614532e-06   4470
  1.443938e-01   1.728357e-04   6.834311e-05   2.782524e-06   4188
  1.446751e-01   1.755279e-04   8.755712e-05   2.734807e-06   4392
  1.449544e-01   1.787152e-04   6.773375e-05   3.082967e-06   3960
  1.452449e-01   1.792645e-04   7.651943e-05   2.854964e-06   4328
  1.455263e-01   1.766394e-04   7.963404e-05   2.870506e-06   4320
  1.458107e-01   1.775520e-04   8.327241e-05   2.724864e-06   4152
  1.460745e-01   1.918276e-04   6.965863e-05   3.367226e-06   3528
  1.463727e-01   1.782246e-04   7.539481e-05   2.700747e-06   4512
  1.466517e-01   1.797424e-04   7.707206e-05   2.900555e-06   4134
  1.469352e-01   1.856144e-04   8.210758e-05   2.615813e-06   5208
  1.472078e-01   1.845076e-04   7.153574e-05   3.296706e-06   3240
  1.474898e-01   1.956196e-04   7.890067e-05   3.022364e-06   4680
  1.477768e-01   1.825068e-04   7.811805e-05   2.899303e-06   4440
  1.480641e-01   1.742586e-04   8.852044e-05   2.739169e-06   4260
  1.483397e-01   1.845664e-04   7.226837e-05   3.034414e-06   4056
  1.486236e-01   1.862737e-04   8.012213e-05   2.829622e-06   4704
  1.489215e-01   1.924900e-04   9.323578e-05   2.841340e-06   4800
  1.492364e-01   1.857195e-04   8.078162e-05   2.698651e-06   4806
  1.495085e-01   1.998611e-04   8.052641e-05   3.639457e-06   3552
  1.497677e-01   1.865337e-04   8.074235e-05   3.080160e-06   4304
  1.500604e-01   1.874285e-04   7.830182e-05   2.663631e-06   5280
  1.503497e-01   1.903455e-04   7.511734e-05   2.971043e-06   4320
  1.506237e-01   1.873428e-04   8.482716e-05   2.965543e-06   4296
  1.509125e-01   2.003312e-04   9.430668e-05   2.983843e-06   4608
  1.512046e-01   1.962450e-04   9.035086e-05   2.950598e-06   4824
  1.514938e-01   1.964336e-04   8.529762e-05   3.004605e-06   4488
  1.518042e-01   1.997668e-04   7.963449e-05   3.127223e-06   4530
  1.520604e-01   1.921137e-04   7.775651e-05   2.900273e-06   4464
  1.523168e-01   1.991025e-04   7.327976e-05   3.203635e-06   4104
  1.526112e-01   1.894422e-04   7.901087e-05   2.668687e-06   5424
  1.529008e-01   1.990389e-04   8.505038e-05   2.909096e-06   4392
  1.531955e-01   2.064145e-04   8.326775e-05   3.092859e-06   4896
  1.534631e-01   2.014970e-04   8.161941e-05   3.252241e-06   4104
  1.537424e-01   2.089082e-04   7.359918e-05   3.150092e-06   4824
  1.540370e-01   1.998127e-04   7.034359e-05   3.114101e-06   4680
  1.542937e-01   1.989851e-04   7.194610e-05   3.075170e-06   4328
  1.545916e-01   2.021465e-04   8.293523e-05   2.906660e-06   5118
  1.548910e-01   2.075392e-04   9.608575e-05   2.943727e-06   5304
  1.551612e-01   2.080150e-04   7.566306e-05   3.139009e-06   4392
  1.554555e-01   2.122479e-04   7.594207e-05   3.234179e-06   4476
  1.557129e-01   2.013705e-04   7.541950e-05   2.974552e-06   4704
  1.559993e-01   2.094324e-04   9.128630e-05   2.966018e-06   5208
  1.563004e-01   2.016668e-04   7.696963e-05   2.944548e-06   5304
  1.565778e-01   2.151874e-04   8.244519e-05   3.454259e-06   4296
  1.568622e-01   2.178196e-04   7.817933e-05   3.269737e-06   4752
  1.571610e-01   2.028513e-04   7.847930e-05   2.967462e-06   4950
  1.574296e-01   2.112107e-04   8.203196e-05   3.069052e-06   5064
  1.576983e-01   2.124399e-04   6.873214e-05   3.162854e-06   4872
  1.579700e-01   2.091423e-04   7.235611e-05   3.476352e-06   4224
  1.582600e-01   2.148864e-04   7.992640e-05   2.841780e-06   6120
  1.585687e-01   2.104553e-04   8.792922e-05   3.039367e-06   4968
  1.588488e-01   2.202398e-04   7.780970e-05   3.317873e-06   4424
  1.591384e-01   2.259591e-04   9.938538e-05   3.176113e-06   5436
  1.594246e-01   2.162119e-04   8.473477e-05   3.289669e-06   4896
  1.597013e-01   2.138808e-04   8.112427e-05   3.063155e-06   5214
  1.599679e-01   2.220917e-04   6.895988e-05   3.353747e-06   4656
  1.602643e-01   2.256893e-04   8.767689e-05   3.292595e-06   5448
  1.605474e-01   2.244130e-04   7.404960e-05   3.252637e-06   4992
  1.608247e-01   2.256938e-04   8.195238e-05   3.189636e-06   5400
  1.611294e-01   2.309103e-04   9.082860e-05   3.190821e-06   5328
  1.614102e-01   2.177256e-04   8.121743e-05   3.098636e-06   4776
  1.616744e-01   2.322970e-04   7.631722e-05   3.369539e-06   4800
  1.619679e-01   2.298695e-04   9.814003e-05   2.904281e-06   6552
  1.622750e-01   2.277731e-04   7.414344e-05   3.689753e-06   3942
  1.625411e-01   2.257233e-04   9.344939e-05   3.052129e-06   6072
  1.628357e-01   2.263927e-04   7.257623e-05   3.507116e-06   4692
  1.630828e-01   2.397371e-04   7.576844e-05   3.436526e-06   4944
  1.633721e-01   2.338874e-04   8.132288e-05   3.040068e-06   5840
  1.636692e-01   2.294803e-04   8.705277e-05   3.227574e-06   5712
  1.639618e-01   2.303672e-04   7.295583e-05   3.387338e-06   4800
  1.642286e-01   2.352730e-04   9.661924e-05   3.275304e-06   5688
  1.645209e-01   2.431778e-04   7.623056e-05   3.709162e-06   4848
  1.648106e-01   1.990719e-04   8.484915e-05   3.276399e-06   5406
  1.650855e-01   1.059854e-08   7.659009e-05   1.955160e-10   5568
  1.653616e-01   1.144956e-08   6.884937e-05   2.104154e-10   5736
  1.656599e-01   1.115538e-08   8.550651e-05   2.184270e-10   5280
  1.659306e-01   1.122005e-08   7.905700e-05   2.106949e-10   5592
  1.662092e-01   1.072143e-08   9.049933e-05   2.060475e-10   4968
  1.665038e-01   1.070133e-08   8.114474e-05   1.955543e-10   5964
  1.667913e-01   1.132238e-08   8.152181e-05   2.097344e-10   5376
  1.670524e-01   1.156041e-08   7.871433e-05   2.159669e-10   5472
  1.673552e-01   1.079479e-08   7.475601e-05   1.980986e-10   5472
  1.676321e-01   1.083002e-08   8.499513e-05   2.206041e-10   5415
  1.679004e-01   1.074620e-08   7.476350e-05   2.013840e-10   5096
  1.681906e-01   1.054664e-08   9.614398e-05   1.830027e-10   6372
  1.684843e-01   1.120970e-08   7.804533e-05   2.301543e-10   4656
  1.687475e-01   1.142635e-08   8.520052e-05   2.038105e-10   5844
  1.690306e-01   1.083280e-08   7.491103e-05   1.984958e-10   5508
  1.693307e-01   1.168090e-08   8.498019e-05   1.931516e-10   6324
  1.696252e-01   1.151289e-08   7.299808e-05   2.222665e-10   4752
  1.698943e-01   1.070418e-08   8.172742e-05   1.908292e-10   5676
  1.701857e-01   1.153062e-08   7.476490e-05   2.128944e-10   5472
  1.704622e-01   1.189532e-08   8.433270e-05   2.139496e-10   5556
  1.707592e-01   1.111624e-08   8.218060e-05   1.953386e-10   5436
  1.710460e-01   1.183923e-08   8.411757e-05   2.076350e-10   5916
  1.713404e-01   1.200217e-08   8.751930e-05   2.144400e-10   5520
  1.716055e-01   1.104856e-08   7.959469e-05   2.078036e-10   5280
  1.718772e-01   1.240347e-08   7.820892e-05   2.357044e-10   4416
  1.721837e-01   1.169669e-08   7.623459e-05   1.925141e-10   6260
  1.724716e-01   1.231814e-08   9.065223e-05   2.100079e-10   5940
  1.727323e-01   1.224286e-08   7.099551e-05   2.404488e-10   4188
  1.730194e-01   1.258253e-08   9.077378e-05   2.023861e-10   6360
  1.733213e-01   1.199586e-08   8.096639e-05   2.098830e-10   5256
  1.736017e-01   1.207733e-08   7.653992e-05   2.329806e-10   4848
  1.738419e-01   1.208651e-08   6.938742e-05   2.198241e-10   4704
  1.741376e-01   1.276878e-08   8.512030e-05   2.113858e-10   5784
  1.744385e-01   1.224115e-08   9.006712e-05   2.074307e-10   5820
  1.747289e-01   1.279919e-08   8.068085e-05   2.123453e-10   5700
  1.750210e-01   1.252490e-08   7.482034e-05   2.195917e-10   5232
  1.753136e-01   1.353666e-08   8.301959e-05   2.322078e-10   4932
  1.755727e-01   1.305590e-08   7.145816e-05   2.383590e-10   4716
  1.758449e-01   1.416619e-08   9.102230e-05   2.479233e-10   5616
  1.761251e-01   1.287795e-08   8.038605e-05   2.262150e-10   5184
  1.764140e-01   1.322093e-08   8.108979e-05   2.323161e-10   5064
  1.766865e-01   1.331505e-08   8.303204e-05   2.188608e-10   5544
  1.769888e-01   1.312239e-08   8.335015e-05   2.252972e-10   5192
  1.772638e-01   1.349503e-08   7.490310e-05   2.313286e-10   5244
  1.775529e-01   1.352123e-08   8.104601e-05   2.322334e-10   5112
  1.778403e-01   1.405121e-08   7.437560e-05   2.545076e-10   5040
  1.781041e-01   1.436796e-08   7.819227e-05   2.447258e-10   5124
  1.784122e-01   1.374939e-08   8.778134e-05   2.200218e-10   5952
  1.786965e-01   1.455202e-08   7.691429e-05   2.492749e-10   4824
  1.789543e-01   1.400141e-08   7.763535e-05   2.492269e-10   4536
  1.792527e-01   1.406294e-08   8.251928e-05   2.214123e-10   5712
  1.795592e-01   1.438125e-08   9.029861e-05   2.390909e-10   5352
  1.798482e-01   1.512204e-08   7.865342e-05   2.508097e-10   5004
  1.801065e-01   1.528374e-08   7.867484e-05   2.665409e-10   4800
  1.803840e-01   1.457977e-08   8.454681e-05   2.419914e-10   5148
  1.806914e-01   1.453192e-08   8.781283e-05   2.278135e-10   5664
  1.809692e-01   1.477837e-08   7.886863e-05   2.569813e-10   4692
  1.812259e-01   1.484687e-08   7.326993e-05   2.790734e-10   4008
  1.815252e-01   1.566538e-08   8.398318e-05   2.440983e-10   5852
  1.818296e-01   1.458534e-08   7.952425e-05   2.253136e-10   5784
  1.820999e-01   1.592958e-08   7.330752e-05   2.884349e-10   4392
  1.823781e-01   1.577835e-08   7.190766e-05   2.625300e-10   4944
  1.826702e-01   1.503571e-08   8.477793e-05   2.513366e-10   4776
  1.829456e-01   1.511642e-08   8.156099e-05   2.446348e-10   5244
  1.832446e-01   1.548089e-08   8.141712e-05   2.484916e-10   4884
  1.834954e-01   1.586580e-08   6.904804e-05   2.799497e-10   4488
  1.837871e-01   1.631341e-08   8.204731e-05   2.589315e-10   5160
  1.840808e-01   1.576255e-08   8.353561e-05   2.544469e-10   5316
  1.843637e-01   1.686141e-08   8.446034e-05   2.871085e-10   4896
  1.846395e-01   1.636979e-08   7.847842e-05   3.055749e-10   4188
  1.849175e-01   1.596487e-08   8.559871e-05   2.576010e-10   4836
  1.852013e-01   1.643731e-08   8.491467e-05   2.566585e-10   5316
  1.854888e-01   1.688371e-08   7.859883e-05   2.722807e-10   4920
  1.857577e-01   1.747392e-08   7.918241e-05   3.259592e-10   4128
  1.860461e-01   1.734000e-08   8.518186e-05   2.784672e-10   5348
  1.863300e-01   1.681187e-08   7.391223e-05   2.743502e-10   4836
  1.866011e-01   1.682580e-08   7.964283e-05   2.960045e-10   4392
  1.868931e-01   1.741873e-08   6.997272e-05   2.960316e-10   4632
  1.871560e-01   1.788862e-08   7.818339e-05   3.171506e-10   4596
  1.874578e-01   1.721152e-08   7.862422e-05   2.685990e-10   5424
  1.877565e-01   1.696678e-08   8.092946e-05   2.633762e-10   5256
  1.880642e-01   1.734859e-08   8.219352e-05   2.987795e-10   4524
  1.883204e-01   1.788032e-08   7.818227e-05   3.180096e-10   4440
  1.886074e-01   1.758017e-08   6.685588e-05   2.942764e-10   4380
  1.888883e-01   1.786306e-08   8.749241e-05   2.964561e-10   4812
  1.891872e-01   1.820087e-08   8.690065e-05   2.916502e-10   5376
  1.894606e-01   1.791803e-08   6.941039e-05   3.221223e-10   3888
  1.897225e-01   1.870368e-08   7.948292e-05   2.988217e-10   4896
  1.900147e-01   1.857878e-08   8.386748e-05   3.079096e-10   4608
  1.903215e-01   1.867815e-08   7.916574e-05   3.183115e-10   4448
  1.905885e-01   1.809966e-08   8.172067e-05   2.956606e-10   4752
  1.908699e-01   1.923247e-08   8.559729e-05   3.339334e-10   4356
  1.911658e-01   1.928447e-08   8.237146e-05   3.112969e-10   5232
  1.914601e-01   1.835852e-08   8.300979e-05   3.217090e-10   4548
  1.917453e-01   1.892411e-08   8.069601e-05   3.085781e-10   4608
  1.920238e-01   1.953254e-08   7.330581e-05   3.684718e-10   3936
  1.922867e-01   1.930979e-08   8.762177e-05   3.401405e-10   4260
  1.925821e-01   1.917872e-08   7.855418e-05   3.080016e-10   5004
  1.928522e-01   2.043141e-08   7.762482e-05   3.695434e-10   4224
  1.931484e-01   2.015046e-08   8.386565e-05   3.372936e-10   4788
  1.934361e-01   2.040671e-08   8.819910e-05   3.595733e-10   4428
  1.937163e-01   1.989299e-08   7.370222e-05   3.676354e-10   4080
  1.939862e-01   2.094128e-08   8.058666e-05   3.368338e-10   4632
  1.942702e-01   1.960586e-08   8.380398e-05   3.545686e-10   4056
  1.945689e-01   2.050483e-08   7.890291e-05   3.637097e-10   4536
  1.948417e-01   2.086696e-08   8.047577e-05   3.617170e-10   4668
  1.951405e-01   2.054480e-08   8.625567e-05   3.554937e-10   4604
  1.954315e-01   2.050397e-08   7.750155e-05   3.621469e-10   4152
  1.957001e-01   2.071318e-08   7.511130e-05   3.638570e-10   4224
  1.959848e-01   2.075591e-08   7.221391e-05   3.743647e-10   4152
  1.962692e-01   2.217180e-08   8.191433e-05   3.972864e-10   4224
  1.965458e-01   2.262283e-08   7.575422e-05   4.217531e-10   3960
  1.968121e-01   2.123459e-08   7.817358e-05   3.659266e-10   4656
  1.971031e-01   2.135595e-08   8.434772e-05   3.668673e-10   4452
  1.974014e-01   2.122703e-08   8.575335e-05   3.853255e-10   4056
  1.976791e-01   2.166263e-08   8.497114e-05   3.768902e-10   4212
  1.979603e-01   2.231813e-08   7.061458e-05   4.395167e-10   3432
  1.982454e-01   2.279414e-08   9.033665e-05   3.619192e-10   5352
  1.985239e-01   2.292924e-08   6.616080e-05   4.445943e-10   3600
  1.988272e-01   2.203320e-08   7.297655e-05   3.797570e-10   4584
  1.990919e-01   2.300563e-08   7.276167e-05   4.302310e-10   3768
  1.993647e-01   2.275216e-08   7.767415e-05   4.512858e-10   3848
  1.996369e-01   2.234974e-08   7.121835e-05   4.323965e-10   3720
  1.999456e-01   2.218197e-08   8.938956e-05   3.713415e-10   4764
  2.002181e-01   2.400008e-08   7.198341e-05   4.491067e-10   3864
  2.004980e-01   2.462316e-08   8.916013e-05   4.370565e-10   4332
  2.008033e-01   2.353301e-08   7.612132e-05   4.504366e-10   3792
  2.010761e-01   2.211392e-08   8.634414e-05   3.869536e-10   4284
  2.013651e-01   2.238353e-08   8.175836e-05   4.400252e-10   3840
  2.016387e-01   2.236309e-08   7.782327e-05   4.552708e-10   3480
  2.019166e-01   2.323893e-08   8.683580e-05   4.100027e-10   4380
  2.022169e-01   2.327982e-08   8.156702e-05   4.222961e-10   4200
  2.025120e-01   2.532015e-08   7.840082e-05   4.536625e-10   4056
  2.027861e-01   2.401378e-08   7.879598e-05   4.820162e-10   3600
  2.030429e-01   2.404089e-08   7.850782e-05   4.803477e-10   3492
  2.033429e-01   2.349964e-08   9.167939e-05   4.182010e-10   4500
  2.036490e-01   2.565403e-08   8.032353e-05   4.978045e-10   3516
  2.039121e-01   2.665505e-08   8.397081e-05   5.244691e-10   3968
  2.042069e-01   2.515960e-08   8.070322e-05   4.961320e-10   3648
  2.044679e-01   2.475908e-08   7.717456e-05   4.899143e-10   4224
  2.047638e-01   2.356071e-08   8.662149e-05   4.760224e-10   3588
  2.050415e-01   2.489096e-08   7.989820e-05   4.924290e-10   3456
  2.053208e-01   2.380830e-08   7.095948e-05   4.543648e-10   3660
  2.056095e-01   2.584369e-08   7.788634e-05   5.161788e-10   3768
  2.058786e-01   2.612373e-08   7.876607e-05   5.110280e-10   3744
  2.061676e-01   2.571614e-08   8.645870e-05   4.722745e-10   4176
  2.064750e-01   2.624132e-08   7.974867e-05   5.343395e-10   3612
  2.067291e-01   2.658702e-08   8.666481e-05   5.547285e-10   3216
  2.070199e-01   2.570668e-08   8.379009e-05   5.280718e-10   3624
  2.073123e-01   2.605739e-08   7.879025e-05   5.156148e-10   3744
  2.075948e-01   2.707488e-08   8.406857e-05   5.486784e-10   3672
  2.078736e-01   2.692664e-08   7.623562e-05   5.238207e-10   3852
  2.081615e-01   2.741629e-08   7.846399e-05   5.215496e-10   3672
  2.084677e-01   2.751561e-08   7.645016e-05   6.396575e-10   3248
  2.087234e-01   2.524149e-08   7.825215e-05   5.339010e-10   3336
  2.090025e-01   2.493289e-08   7.965369e-05   5.140300e-10   3576
  2.092879e-01   2.706376e-08   6.761882e-05   5.549714e-10   3336
  2.095787e-01   2.757618e-08   8.031930e-05   5.321388e-10   3936
  2.098656e-01   2.898515e-08   8.554231e-05   5.960854e-10   3408
  2.101502e-01   2.858730e-08   7.536415e-05   6.274203e-10   3336
  2.104267e-01   2.380919e-08   8.465119e-05   5.142147e-10   3312
  2.107031e-01   2.709820e-08   8.571027e-05   5.823721e-10   3432
  2.109976e-01   2.866642e-08   7.430737e-05   6.335290e-10   3144
  2.112662e-01   2.801749e-08   8.066806e-05   5.974497e-10   3456
  2.115684e-01   2.786953e-08   7.753124e-05   5.646775e-10   3792
  2.118415e-01   2.975838e-08   7.615744e-05   6.916964e-10   2868
  2.121365e-01   2.694124e-08   7.889882e-05   5.135315e-10   3888
  2.124122e-01   2.648235e-08   6.850873e-05   6.150055e-10   2784
  2.126836e-01   2.787661e-08   7.823891e-05   6.964864e-10   2964
  2.129800e-01   2.848051e-08   8.057073e-05   6.222268e-10   3432
  2.132622e-01   2.874496e-08   8.339882e-05   6.255041e-10   3416
  2.135478e-01   2.806666e-08   8.914603e-05   5.982057e-10   3528
  2.138401e-01   3.079851e-08   7.154604e-05   7.145091e-10   2904
  2.140986e-01   2.720838e-08   8.022409e-05   6.216496e-10   3072
  2.143993e-01   2.774685e-08   9.010086e-05   6.220561e-10   3216
  2.146999e-01   2.752029e-08   7.297212e-05   6.726697e-10   2844
  2.149637e-01   2.804225e-08   8.350320e-05   6.215645e-10   3432
  2.152347e-01   3.098992e-08   6.711684e-05   7.505674e-10   2880
  2.155373e-01   2.829213e-08   8.890586e-05   6.197764e-10   3576
  2.158224e-01   3.040277e-08   7.946937e-05   7.802062e-10   2700
  2.160954e-01   2.849211e-08   8.926382e-05   6.361337e-10   3000
  2.163812e-01   2.747277e-08   7.411556e-05   6.741341e-10   2556
  2.166588e-01   3.008320e-08   7.943714e-05   6.822081e-10   3360
  2.169458e-01   3.016152e-08   7.718581e-05   6.657428e-10   3120
  2.172550e-01   3.027602e-08   9.087217e-05   7.252954e-10   3216
  2.175212e-01   3.246911e-08   6.408966e-05   8.227535e-10   2628
  2.178205e-01   2.937545e-08   8.471730e-05   7.225287e-10   3200
  2.180934e-01   2.772072e-08   7.992262e-05   7.655820e-10   2232
  2.183691e-01   2.785663e-08   9.122916e-05   6.969879e-10   3108
  2.186436e-01   3.270673e-08   8.013957e-05   8.784043e-10   2604
  2.189245e-01   3.199127e-08   8.633299e-05   7.597828e-10   3096
  2.192335e-01   3.037341e-08   7.866068e-05   7.017327e-10   3084
  2.195016e-01   2.923832e-08   8.027201e-05   7.351599e-10   2664
  2.197779e-01   3.055642e-08   7.078732e-05   8.582489e-10   2232
  2.200486e-01   2.732487e-08   8.719928e-05   6.682484e-10   2808
  2.203451e-01   3.047853e-08   8.237322e-05   8.315062e-10   2592
  2.206218e-01   3.397667e-08   8.456600e-05   8.574778e-10   2952
  2.209127e-01   2.982369e-08   7.984068e-05   7.859707e-10   2772
  2.211954e-01   3.039971e-08   8.586365e-05   7.506640e-10   3036
  2.214913e-01   2.865360e-08   8.328816e-05   8.554155e-10   2136
  2.217610e-01   2.923171e-08   6.642250e-05   8.164009e-10   2496
  2.220379e-01   3.376063e-08   8.846981e-05   9.720327e-10   2228
  2.223267e-01   3.394477e-08   8.248222e-05   9.072514e-10   3048
  2.226142e-01   3.116147e-08   7.878943e-05   8.654587e-10   2676
  2.228998e-01   2.951807e-08   7.849166e-05   7.416211e-10   2784
  2.231728e-01   3.040819e-08   7.625482e-05   9.120685e-10   1920
  2.234466e-01   2.936138e-08   8.138233e-05   7.912744e-10   2400
  2.237433e-01   2.831291e-08   7.464440e-05   7.402946e-10   2532
  2.240502e-01   3.160371e-08   8.291206e-05   8.818808e-10   2544
  2.243262e-01   3.441617e-08   8.673727e-05   8.995119e-10   2772
  2.245982e-01   2.922239e-08   8.124352e-05   9.448793e-10   2160
  2.248682e-01   3.199247e-08   8.750700e-05   9.145306e-10   2304
  2.251807e-01   3.012673e-08   8.563012e-05   9.156751e-10   2328
  2.254609e-01   2.707482e-08   8.210121e-05   7.675794e-10   2304
  2.257203e-01   2.722456e-08   7.763807e-05   8.372456e-10   1908
  2.260155e-01   3.485638e-08   8.683319e-05   1.031801e-09   2736
  2.262998e-01   3.270295e-08   8.227438e-05   9.984924e-10   2448
  2.266022e-01   3.411121e-08   7.692210e-05   1.022033e-09   2040
  2.268758e-01   2.662928e-08   8.009159e-05   8.922958e-10   2120
  2.271389e-01   3.207138e-08   6.640404e-05   9.554474e-10   2040
  2.274221e-01   2.745423e-08   8.238617e-05   9.214867e-10   2208
  2.277426e-01   3.463559e-08   7.397030e-05   1.096371e-09   2208
  2.280021e-01   3.904086e-08   8.197321e-05   1.166542e-09   2196
  2.282704e-01   2.622374e-08   7.210886e-05   8.400164e-10   1848
  2.285434e-01   3.131645e-08   8.178098e-05   1.033248e-09   2124
  2.288487e-01   2.987621e-08   8.578649e-05   9.441301e-10   2328
  2.291468e-01   2.904383e-08   8.733811e-05   9.862783e-10   1920
  2.294367e-01   2.864245e-08   8.017539e-05   1.022349e-09   1548
  2.296944e-01   3.509937e-08   8.794989e-05   1.039826e-09   2388
  2.299985e-01   2.847868e-08   8.138726e-05   9.862056e-10   2160
  2.302770e-01   3.001020e-08   7.407785e-05   1.137666e-09   1704
  2.305438e-01   2.921508e-08   8.345525e-05   1.100479e-09   1776
  2.307962e-01   2.878250e-08   7.806186e-05   1.019915e-09   1800
  2.311153e-01   2.595665e-08   9.011521e-05   9.338858e-10   1700
  2.314134e-01   3.477480e-08   8.113793e-05   1.188274e-09   2292
  2.316910e-01   3.061401e-08   7.532009e-05   1.164669e-09   1704
  2.319530e-01   3.052312e-08   8.422048e-05   1.154568e-09   1728
  2.322399e-01   2.780582e-08   7.794797e-05   1.054184e-09   1728
  2.325211e-01   3.370370e-08   7.787464e-05   1.284163e-09   1680
  2.328201e-01   2.348314e-08   8.971391e-05   8.537014e-10   1704
  2.331181e-01   2.673846e-08   7.045228e-05   9.168620e-10   1752
  2.333845e-01   3.146591e-08   8.375437e-05   1.193342e-09   1872
  2.336727e-01   3.074042e-08   8.208851e-05   1.252098e-09   1500
  2.339651e-01   2.797700e-08   7.188050e-05   1.060269e-09   1656
  2.342490e-01   3.117719e-08   7.706955e-05   1.173021e-09   1464
  2.345013e-01   2.306962e-08   6.750522e-05   1.074523e-09   1488
  2.348108e-01   2.572693e-08   8.147376e-05   9.300976e-10   1680
  2.350937e-01   2.821070e-08   8.511967e-05   1.078902e-09   1692
  2.353584e-01   2.736985e-08   8.150639e-05   1.218356e-09   1128
  2.356522e-01   2.853936e-08   7.848360e-05   1.138057e-09   1536
  2.359387e-01   2.434210e-08   8.181127e-05   1.103795e-09   1616
  2.362288e-01   2.455217e-08   7.889168e-05   1.039945e-09   1476
  2.365212e-01   2.353241e-08   8.682225e-05   1.193829e-09   1176
  2.367822e-01   2.562998e-08   9.328125e-05   9.243186e-10   1656
  2.370665e-01   2.704749e-08   8.193894e-05   1.492944e-09   891
  2.373595e-01   2.329677e-08   8.734763e-05   8.528575e-10   1596
  2.376450e-01   2.276316e-08   7.616946e-05   1.002944e-09   1422
  2.379266e-01   2.270488e-08   7.304140e-05   9.795433e-10   1254
  2.381915e-01   2.001477e-08   7.462010e-05   8.820539e-10   918
  2.384753e-01   2.475168e-08   8.166720e-05   8.778959e-10   1614
  2.387612e-01   1.972403e-08   7.054524e-05   1.094321e-09   798
  2.390454e-01   1.933212e-08   9.043061e-05   7.651797e-10   1458
  2.393337e-01   2.200667e-08   8.280427e-05   8.352936e-10   1374
  2.396186e-01   1.811775e-08   7.072036e-05   8.683972e-10   984
  2.399011e-01   2.026210e-08   9.730142e-05   8.240074e-10   1062
  2.401890e-01   2.294492e-08   8.248132e-05   9.796482e-10   1246
  2.404685e-01   1.636962e-08   7.648056e-05   7.779905e-10   1072
  2.407671e-01   1.731057e-08   8.282354e-05   8.512346e-10   1110
  2.410430e-01   2.090436e-08   8.972726e-05   7.974085e-10   1254
  2.413331e-01   1.810607e-08   8.515592e-05   9.197298e-10   1032
  2.416492e-01   2.015954e-08   7.889633e-05   1.134476e-09   786
  2.418895e-01   2.028793e-08   8.088578e-05   8.349879e-10   1152
  2.421710e-01   1.670145e-08   8.815744e-05   7.306090e-10   1086
  2.424642e-01   1.313022e-08   7.953769e-05   5.227434e-10   912
  2.427352e-01   2.489047e-08   7.972915e-05   1.110459e-09   1062
  2.430118e-01   1.614204e-08   7.947071e-05   6.580763e-10   912
  2.433315e-01   1.382391e-08   8.871538e-05   6.838988e-10   750
  2.435806e-01   2.034078e-08   8.547792e-05   8.618119e-10   1200
  2.438690e-01   1.635500e-08   7.740698e-05   8.871949e-10   918
  2.441556e-01   1.416919e-08   8.034584e-05   6.328832e-10   876
  2.444468e-01   2.024372e-08   7.020615e-05   9.064396e-10   870
  2.447019e-01   1.779978e-08   8.188430e-05   8.300682e-10   768
  2.450009e-01   1.190305e-08   7.505129e-05   5.353960e-10   830
  2.452777e-01   1.678443e-08   7.770562e-05   7.599084e-10   1080
  2.455645e-01   1.580441e-08   8.742900e-05   7.361780e-10   840
  2.458535e-01   1.253448e-08   8.418450e-05   5.569816e-10   798
  2.461813e-01   2.074955e-08   6.681855e-05   1.076911e-09   792
  2.464355e-01   1.376713e-08   7.793207e-05   6.700692e-10   726
  2.467022e-01   1.130060e-08   8.732723e-05   4.045953e-10   864
  2.469944e-01   1.454141e-08   7.475009e-05   7.657863e-10   900
  2.472906e-01   1.186087e-08   8.307456e-05   5.005844e-10   726
  2.475447e-01   1.279778e-08   7.189743e-05   5.878955e-10   576
  2.478837e-01   1.429386e-08   7.482207e-05   6.981102e-10   840
  2.481222e-01   1.252080e-08   7.766998e-05   6.503725e-10   750
  2.484047e-01   1.140588e-08   7.790584e-05   5.398033e-10   720
  2.486712e-01   1.449086e-08   7.881356e-05   7.591768e-10   702
  2.489825e-01   1.309088e-08   8.607499e-05   6.170463e-10   696
  2.492386e-01   1.328180e-08   7.697792e-05   7.776243e-10   480
  2.495405e-01   1.290688e-08   7.293976e-05   6.118792e-10   830
  2.498078e-01   1.236685e-08   8.485258e-05   5.646893e-10   756
  2.501072e-01   1.274693e-08   8.147340e-05   6.634619e-10   624
  2.503715e-01   1.139697e-08   8.608807e-05   5.934225e-10   582
  2.506840e-01   1.397072e-08   6.607454e-05   8.333517e-10   576
  2.509542e-01   1.078096e-08   8.849540e-05   5.199399e-10   624
  2.512314e-01   1.236695e-08   7.227417e-05   6.288721e-10   702
  2.515056e-01   1.129517e-08   8.313462e-05   5.552337e-10   624
  2.518314e-01   1.245337e-08   8.042717e-05   6.172446e-10   672
  2.520967e-01   9.197437e-09   6.020726e-05   5.842775e-10   342
  2.523882e-01   1.194782e-08   7.526701e-05   7.108430e-10   660
  2.526562e-01   9.137161e-09   7.737123e-05   5.920330e-10   576
  2.529329e-01   1.010465e-08   7.522043e-05   6.112313e-10   600
  2.532126e-01   9.343492e-09   8.700277e-05   5.497725e-10   510
  2.535272e-01   1.141294e-08   8.150857e-05   5.877318e-10   600
  2.537699e-01   8.647715e-09   6.491847e-05   6.062234e-10   216
  2.540525e-01   9.578619e-09   7.901702e-05   4.585446e-10   758
  2.543819e-01   8.410078e-09   8.650685e-05   4.843876e-10   576
  2.546706e-01   1.032616e-08   7.344195e-05   5.300377e-10   528
  2.549312e-01   9.408825e-09   5.057532e-05   7.162023e-10   318
  2.552110e-01   1.115612e-08   8.736928e-05   5.615899e-10   540
  2.555420e-01   5.462004e-09   6.176877e-05   3.406956e-10   384
  2.557663e-01   9.724913e-09   8.534293e-05   5.489084e-10   576
  2.560582e-01   7.193349e-09   6.974099e-05   3.986448e-10   414
  2.563343e-01   9.822539e-09   7.787791e-05   5.569649e-10   504
  2.566291e-01   9.733855e-09   8.549178e-05   5.306321e-10   312
  2.569124e-01   8.900019e-09   7.745659e-05   6.345464e-10   414
  2.571934e-01   6.616479e-09   7.155747e-05   3.805353e-10   432
  2.574549e-01   7.839681e-09   9.476758e-05   4.443925e-10   504
  2.577576e-01   8.749377e-09   9.127183e-05   5.058806e-10   432
  2.580409e-01   7.801951e-09   7.476533e-05   4.501807e-10   354
  2.583295e-01   8.890715e-09   1.087927e-04   6.896993e-10   200
  2.585771e-01   6.627351e-09   7.719191e-05   4.097395e-10   480
  2.589116e-01   6.997096e-09   8.820866e-05   3.884916e-10   552
  2.592185e-01   6.919167e-09   5.494696e-05   4.806693e-10   366
  2.594549e-01   8.439298e-09   5.849380e-05   8.317403e-10   240
  2.597152e-01   8.459560e-09   8.177671e-05   4.956831e-10   288
  2.600815e-01   6.642665e-09   5.620171e-05   4.393862e-10   366
  2.603183e-01   5.309586e-09   9.112073e-05   3.014671e-10   408
  2.605827e-01   6.076663e-09   6.849927e-05   4.418873e-10   360
  2.608562e-01   6.751430e-09   6.385278e-05   4.197742e-10   324
  2.611214e-01   7.169859e-09   7.541216e-05   5.955687e-10   174
  2.614374e-01   6.334467e-09   8.663798e-05   4.617693e-10   264
  2.617339e-01   5.486948e-09   7.901809e-05   3.566695e-10   456
  2.620297e-01   5.771550e-09   7.945577e-05   3.810142e-10   360
  2.622728e-01   5.587054e-09   8.752817e-05   4.464930e-10   270
  2.625705e-01   6.910452e-09   9.572979e-05   5.586205e-10   240
  2.629436e-01   9.172292e-09   6.976115e-05   7.710538e-10   120
  2.631269e-01   3.103123e-09   7.282827e-05   1.967097e-10   320
  2.634229e-01   5.321351e-09   9.011247e-05   2.707343e-10   462
  2.637330e-01   5.402490e-09   5.242805e-05   3.383280e-10   276
  2.640023e-01   6.089821e-09   5.947883e-05   5.339953e-10   144
  2.642618e-01   7.717564e-09   6.246436e-05   8.182508e-10   120
  2.646067e-01   3.715307e-09   4.730196e-05   2.125914e-10   294
  2.648674e-01   4.627919e-09   8.391620e-05   2.968471e-10   384
  2.651106e-01   4.016237e-09   5.555198e-05   2.674566e-10   216
  2.653433e-01   6.625784e-09   5.158939e-05   5.498382e-10   168
  2.656063e-01   5.319351e-09   6.138314e-05   5.366042e-10   102
  2.659865e-01   4.063602e-09   9.313035e-05   3.574141e-10   168
  2.662530e-01   3.969591e-09   8.151147e-05   2.355233e-10   384
  2.665452e-01   4.616320e-09   8.281768e-05   3.900401e-10   300
  2.668171e-01   5.011328e-09   8.867979e-05   3.700143e-10   144
  2.671237e-01   5.467695e-09   9.082064e-05   5.740191e-10   102
  2.674915e-01   5.880113e-09   2.149926e-05   8.542603e-10   56
  2.676677e-01   2.713599e-09   6.999601e-05   1.764187e-10   288
  2.679441e-01   3.390933e-09   9.109082e-05   1.666452e-10   360
  2.682451e-01   3.377391e-09   4.886400e-05   2.694974e-10   126
  2.684986e-01   3.429411e-09   2.406607e-05   4.023948e-10   72
  2.687750e-01   5.649939e-09   1.275024e-05   6.811398e-10   48
  2.691356e-01   2.383971e-09   5.158077e-05   1.879836e-10   240
  2.693726e-01   3.453739e-09   7.653228e-05   2.022167e-10   306
  2.696152e-01   3.950280e-09   4.253491e-05   3.859424e-10   120
  2.698947e-01   5.339351e-09   1.046841e-04   6.284131e-10   96
  2.700978e-01   6.262951e-09   0.000000e+00   7.319575e-10   24
  2.705542e-01   2.171229e-09   9.065379e-05   2.431029e-10   120
  2.707778e-01   2.393122e-09   7.839891e-05   1.483134e-10   318
  2.710513e-01   3.697125e-09   8.377990e-05   2.488015e-10   168
  2.713510e-01   4.727445e-09   8.990522e-05   4.599761e-10   72
  2.716792e-01   3.123850e-09   0.000000e+00   4.392061e-10   24
  2.720321e-01   3.176530e-09   4.364030e-05   9.121049e-10   14
  2.722000e-01   1.870180e-09   6.883050e-05   1.092362e-10   288
  2.724608e-01   2.488729e-09   8.280684e-05   2.049661e-10   204
  2.727618e-01   4.320280e-09   1.256388e-05   5.940591e-10   48
  2.730004e-01   7.486895e-09   0.000000e+00   1.502942e-09   24
  2.732764e-01   3.960226e-09   0.000000e+00   8.627736e-10   6
  2.736732e-01   1.469457e-09   5.146138e-05   1.145065e-10   216
  2.738777e-01   2.307210e-09   6.853247e-05   1.744195e-10   192
  2.741278e-01   2.026475e-09   1.250127e-05   3.705445e-10   48
  2.743902e-01   5.158297e-09   9.988725e-05   7.051184e-10   30
  2.751323e-01   1.549656e-09   2.065570e-05   1.574526e-10   96
  2.752847e-01   1.583844e-09   6.768334e-05   9.965108e-11   228
  2.755742e-01   3.028265e-09   8.850820e-05   3.904480e-10   72
  2.759221e-01   2.847041e-09   2.997109e-09   9.306808e-10   6
  2.767147e-01   1.531066e-09   6.682848e-05   9.986336e-11   248
  2.769676e-01   1.781122e-09   7.648869e-05   2.222445e-10   72
  2.772726e-01   1.843514e-09   0.000000e+00   4.992701e-10   6
  2.781947e-01   9.927772e-10   4.748925e-05   7.591404e-11   180
  2.783786e-01   1.657388e-09   6.461661e-05   1.704217e-10   72
  2.786411e-01   9.915385e-10   0.000000e+00   3.105958e-10   6
  2.796662e-01   8.969489e-10   2.032083e-05   1.040412e-10   96
  2.797887e-01   1.019675e-09   5.578919e-05   9.950229e-11   96
  2.800275e-01   5.553053e-09   0.000000e+00   3.376302e-10   6
  2.812120e-01   6.878363e-10   5.339457e-05   5.390630e-11   140
  2.814313e-01   1.298927e-09   2.997109e-09   9.302471e-11   6
  2.827009e-01   6.936001e-10   3.585685e-05   9.196236e-11   96
  2.828524e-01   1.253798e-09   5.191145e-09   3.104379e-10   6
  2.841941e-01   4.612904e-10   2.157085e-05   6.040501e-11   60
  2.842905e-01   4.553563e-10   0.000000e+00   1.614420e-10   6
  2.856999e-01   2.233465e-10   2.186839e-05   3.791014e-11   38
  2.872008e-01   1.501528e-10   1.124966e-05   3.157865e-11   18
  2.887043e-01   3.193894e-11   0.000000e+00   1.087287e-11   6
