# power spectrum of delta
# redshift z=100.000000
# k              Pk             sigma(k)       sigma(Pk)      count
  1.745329e-03   3.186819e-09   0.000000e+00   1.318540e-09   6
  2.468268e-03   3.099444e-09   0.000000e+00   6.416464e-10   12
  3.022999e-03   3.505142e-09   3.311369e-11   7.451730e-10   8
  3.490659e-03   1.644571e-08   0.000000e+00   1.857104e-09   6
  3.902675e-03   1.543694e-08   0.000000e+00   5.183464e-09   24
  4.275166e-03   2.880589e-08   6.243978e-11   5.125418e-09   24
  4.936537e-03   2.022464e-08   0.000000e+00   9.654859e-09   12
  5.235988e-03   2.866337e-08   7.064254e-11   5.606629e-09   30
  5.519216e-03   4.301918e-08   0.000000e+00   1.008230e-08   24
  5.788602e-03   4.655205e-08   1.081489e-10   1.228319e-08   24
  6.045998e-03   6.379381e-08   6.622738e-11   1.377500e-08   8
  6.292874e-03   6.270407e-08   8.830318e-11   8.305812e-09   24
  6.530424e-03   6.794029e-08   0.000000e+00   1.018684e-08   48
  6.981317e-03   1.040148e-07   0.000000e+00   4.887159e-08   6
  7.196177e-03   9.395882e-08   1.248796e-10   1.410457e-08   48
  7.404805e-03   9.767661e-08   0.000000e+00   1.086361e-08   36
  7.607714e-03   1.568937e-07   8.830318e-11   3.509420e-08   24
  7.805350e-03   1.021744e-07   0.000000e+00   1.883023e-08   24
  7.998103e-03   1.012065e-07   0.000000e+00   1.473490e-08   48
  8.186320e-03   1.731674e-07   1.248796e-10   2.639509e-08   24
  8.550332e-03   1.654620e-07   1.248796e-10   2.788569e-08   24
  8.726646e-03   1.232565e-07   0.000000e+00   2.162363e-08   30
  8.899468e-03   1.430654e-07   0.000000e+00   1.694345e-08   72
  9.068997e-03   1.511221e-07   1.324548e-10   3.300442e-08   32
  9.398886e-03   2.358876e-07   0.000000e+00   2.935363e-08   72
  9.559562e-03   1.545100e-07   0.000000e+00   2.424548e-08   48
  9.873073e-03   9.479440e-08   0.000000e+00   3.027016e-08   12
  1.010154e-02   1.950398e-07   7.538884e-05   1.906849e-08   96
  1.032551e-02   2.680161e-07   1.248796e-10   3.631567e-08   48
  1.047198e-02   3.431984e-07   1.412851e-10   6.461356e-08   30
  1.072330e-02   3.455839e-07   6.170808e-05   3.465859e-08   96
  1.103843e-02   2.340029e-07   0.000000e+00   4.774750e-08   24
  1.122072e-02   3.557162e-07   6.385942e-05   3.081261e-08   144
  1.144489e-02   2.718655e-07   2.162977e-10   7.175635e-08   24
  1.167532e-02   4.430804e-07   5.664673e-05   5.469577e-08   96
  1.183740e-02   4.093890e-07   0.000000e+00   6.776432e-08   48
  1.220114e-02   5.747637e-07   4.200804e-05   6.987285e-08   62
  1.238600e-02   4.475328e-07   5.907359e-05   5.780158e-08   132
  1.258575e-02   3.161046e-07   1.766064e-10   6.063581e-08   24
  1.277437e-02   5.307203e-07   5.904292e-05   4.882382e-08   168
  1.311890e-02   6.931357e-07   5.804936e-05   6.139675e-08   96
  1.337760e-02   5.128263e-07   4.940536e-05   5.216135e-08   96
  1.369505e-02   5.971932e-07   5.506885e-05   5.306600e-08   168
  1.396263e-02   8.764226e-07   0.000000e+00   4.149949e-07   6
  1.407129e-02   7.473114e-07   0.000000e+00   7.787501e-08   96
  1.420052e-02   7.429623e-07   4.280550e-05   7.864747e-08   120
  1.446265e-02   6.437544e-07   4.970484e-05   5.499450e-08   144
  1.460247e-02   7.839185e-07   0.000000e+00   1.136076e-07   48
  1.486818e-02   7.476464e-07   5.071933e-05   8.659853e-08   84
  1.501389e-02   8.619685e-07   3.460764e-10   8.327516e-08   120
  1.514512e-02   6.930613e-07   4.602417e-05   8.514090e-08   80
  1.534824e-02   6.995787e-07   4.672965e-05   5.531938e-08   144
  1.561070e-02   9.419375e-07   0.000000e+00   1.881361e-07   24
  1.573890e-02   1.071859e-06   4.509206e-05   9.639379e-08   150
  1.593891e-02   1.018302e-06   4.678555e-05   7.967705e-08   120
  1.615855e-02   9.756429e-07   4.263518e-05   8.816076e-08   168
  1.637264e-02   1.557830e-06   2.497591e-10   2.804003e-07   24
  1.650733e-02   9.423854e-07   4.593096e-05   6.439793e-08   264
  1.664938e-02   7.687870e-07   2.497591e-10   1.160932e-07   48
  1.689151e-02   1.073119e-06   4.254386e-05   9.530698e-08   144
  1.715989e-02   1.412873e-06   4.187732e-05   1.867992e-07   72
  1.731305e-02   1.156963e-06   4.307609e-05   7.997844e-08   180
  1.752715e-02   1.283795e-06   3.121158e-05   1.035515e-07   198
  1.762696e-02   1.377360e-06   0.000000e+00   1.620043e-07   48
  1.784772e-02   1.175327e-06   4.224575e-05   9.558978e-08   168
  1.801155e-02   1.445831e-06   4.228086e-05   1.416648e-07   144
  1.825939e-02   1.430903e-06   5.940694e-05   8.054959e-08   248
  1.859406e-02   1.103874e-06   4.095628e-05   8.372009e-08   192
  1.882196e-02   1.510722e-06   6.326296e-05   1.063695e-07   240
  1.895913e-02   1.695387e-06   0.000000e+00   1.978822e-07   72
  1.916834e-02   1.837776e-06   3.860576e-05   1.726772e-07   126
  1.930032e-02   2.007332e-06   3.561904e-05   1.711389e-07   168
  1.955232e-02   1.974776e-06   3.894901e-05   1.186822e-07   288
  1.981721e-02   1.906131e-06   2.051370e-05   1.747048e-07   156
  1.995438e-02   1.670882e-06   3.450999e-05   1.570238e-07   168
  2.016240e-02   1.851691e-06   5.916129e-05   1.224858e-07   264
  2.035386e-02   1.812117e-06   0.000000e+00   2.406365e-07   48
  2.049614e-02   1.869485e-06   5.887982e-05   1.320942e-07   264
  2.070010e-02   1.976903e-06   3.470593e-05   1.769155e-07   144
  2.085413e-02   2.271953e-06   7.100659e-05   2.764005e-07   78
  2.107852e-02   1.913974e-06   4.615721e-05   1.142702e-07   336
  2.129013e-02   1.843394e-06   3.511812e-05   1.340824e-07   200
  2.142909e-02   1.844720e-06   6.876175e-05   1.505883e-07   192
  2.161670e-02   2.373646e-06   3.450638e-05   1.813191e-07   240
  2.178906e-02   2.593188e-06   6.915282e-05   1.928357e-07   168
  2.196613e-02   2.208330e-06   5.536572e-05   2.041166e-07   120
  2.217879e-02   2.543262e-06   4.327314e-05   1.457666e-07   324
  2.238514e-02   2.364671e-06   3.402005e-05   1.735440e-07   192
  2.252558e-02   2.731879e-06   6.101309e-05   2.131336e-07   168
  2.276447e-02   2.109264e-06   5.025211e-05   1.258127e-07   342
  2.297987e-02   3.000016e-06   4.046306e-05   1.650257e-07   336
  2.319820e-02   3.441168e-06   3.096487e-05   4.132927e-07   72
  2.334543e-02   2.812205e-06   4.952415e-05   2.015470e-07   288
  2.351634e-02   2.876309e-06   3.225354e-05   2.245829e-07   264
  2.375504e-02   2.645965e-06   4.242136e-05   1.539966e-07   384
  2.396885e-02   2.858696e-06   5.091667e-05   2.300467e-07   240
  2.405770e-02   3.077170e-06   0.000000e+00   4.041030e-07   48
  2.431470e-02   3.129076e-06   4.167862e-05   1.697093e-07   392
  2.451077e-02   2.957082e-06   4.574021e-05   1.805812e-07   294
  2.472161e-02   3.022952e-06   2.972874e-05   2.416213e-07   228
  2.486027e-02   3.656963e-06   4.514745e-05   2.569397e-07   216
  2.503279e-02   3.112212e-06   2.750070e-05   1.768174e-07   336
  2.524398e-02   3.414324e-06   3.267534e-05   2.103361e-07   360
  2.541832e-02   3.791423e-06   4.978322e-05   2.518141e-07   240
  2.559998e-02   3.531917e-06   5.890496e-05   2.673258e-07   168
  2.576944e-02   3.370091e-06   4.636537e-05   2.056348e-07   312
  2.597131e-02   3.428973e-06   2.901706e-05   1.878994e-07   336
  2.618941e-02   3.824028e-06   3.958465e-05   2.497833e-07   294
  2.635384e-02   4.386713e-06   5.275825e-05   2.902779e-07   288
  2.647967e-02   3.129201e-06   3.301260e-05   2.199523e-07   264
  2.670405e-02   3.738441e-06   5.670717e-05   2.040077e-07   480
  2.689165e-02   4.257374e-06   2.774096e-05   2.735829e-07   240
  2.712165e-02   4.316485e-06   2.805099e-05   2.721596e-07   276
  2.730311e-02   4.147945e-06   6.157744e-05   1.866431e-07   488
  2.751869e-02   4.862041e-06   2.712002e-05   4.602083e-07   240
  2.764382e-02   4.475863e-06   5.266009e-05   2.379616e-07   360
  2.781928e-02   3.851312e-06   1.873567e-05   3.077717e-07   198
  2.804493e-02   3.853464e-06   6.330857e-05   1.804516e-07   480
  2.821015e-02   3.939203e-06   2.336751e-05   2.572357e-07   288
  2.843865e-02   4.667811e-06   4.939358e-05   2.381079e-07   480
  2.864413e-02   4.887297e-06   3.043269e-05   2.216916e-07   480
  2.885515e-02   4.380302e-06   3.935963e-05   3.159172e-07   288
  2.898680e-02   4.992627e-06   4.198948e-05   3.047572e-07   288
  2.919387e-02   4.917884e-06   7.299878e-05   2.556362e-07   456
  2.940237e-02   5.604223e-06   6.874784e-05   2.972057e-07   360
  2.953680e-02   5.076649e-06   4.120947e-05   3.386664e-07   180
  2.973134e-02   4.396964e-06   4.488214e-05   2.012843e-07   486
  2.992853e-02   5.052385e-06   5.970768e-05   2.443281e-07   504
  3.012902e-02   5.526914e-06   4.638986e-05   2.815221e-07   456
  3.029526e-02   5.442499e-06   3.854179e-05   3.423336e-07   296
  3.051489e-02   5.270065e-06   3.803179e-05   2.493512e-07   528
  3.068007e-02   5.426246e-06   3.752751e-05   2.955018e-07   336
  3.092335e-02   5.606921e-06   4.162505e-05   2.492441e-07   600
  3.110142e-02   4.783503e-06   2.438617e-05   3.049224e-07   264
  3.127987e-02   5.752110e-06   2.637074e-05   3.027327e-07   360
  3.146202e-02   5.610823e-06   5.279683e-05   2.624782e-07   630
  3.166274e-02   6.605276e-06   2.725323e-05   3.378741e-07   432
  3.184079e-02   6.458609e-06   5.251008e-05   3.273368e-07   408
  3.205933e-02   6.070234e-06   3.485298e-05   3.529134e-07   324
  3.222191e-02   5.868068e-06   4.966975e-05   2.366522e-07   744
  3.241803e-02   5.846432e-06   3.970766e-05   3.504968e-07   336
  3.260540e-02   6.785696e-06   5.458789e-05   3.191559e-07   528
  3.281087e-02   5.873968e-06   2.785240e-05   3.351851e-07   408
  3.294709e-02   5.822948e-06   4.740481e-05   3.085856e-07   408
  3.317218e-02   6.140299e-06   3.913421e-05   2.964111e-07   470
  3.333613e-02   6.640213e-06   4.701284e-05   3.234954e-07   528
  3.356508e-02   5.861527e-06   3.917444e-05   2.332164e-07   624
  3.373370e-02   6.821137e-06   2.980806e-05   3.380996e-07   504
  3.390767e-02   6.043442e-06   4.152041e-05   2.803254e-07   552
  3.408023e-02   6.763611e-06   2.018376e-05   3.653900e-07   336
  3.429631e-02   7.381517e-06   4.296328e-05   3.452655e-07   528
  3.446370e-02   7.077327e-06   4.891450e-05   3.005709e-07   564
  3.465975e-02   6.875397e-06   4.502065e-05   3.548915e-07   528
  3.487231e-02   7.701331e-06   6.989593e-05   3.623294e-07   582
  3.506561e-02   7.226195e-06   5.380931e-05   3.077969e-07   624
  3.523466e-02   7.160851e-06   6.151439e-05   3.872204e-07   432
  3.543636e-02   7.599684e-06   6.842404e-05   2.788854e-07   816
  3.564391e-02   8.038669e-06   3.118460e-05   4.757121e-07   312
  3.577968e-02   7.153876e-06   5.054159e-05   3.421882e-07   552
  3.599862e-02   7.614147e-06   3.183228e-05   3.029099e-07   744
  3.615723e-02   8.491080e-06   2.973782e-05   4.948998e-07   408
  3.636196e-02   7.494444e-06   4.261559e-05   3.240622e-07   632
  3.657463e-02   8.867319e-06   7.237210e-05   3.497651e-07   750
  3.674765e-02   8.663013e-06   4.978662e-05   4.937018e-07   312
  3.694045e-02   8.378506e-06   7.350300e-05   3.091185e-07   876
  3.713115e-02   6.935170e-06   4.799310e-05   3.099440e-07   552
  3.734603e-02   8.701223e-06   3.969011e-05   3.665483e-07   696
  3.749241e-02   8.771363e-06   4.381036e-05   3.997574e-07   576
  3.769161e-02   7.960423e-06   4.638463e-05   3.950786e-07   576
  3.786163e-02   9.139968e-06   6.215555e-05   3.861356e-07   648
  3.806711e-02   9.206679e-06   6.221380e-05   3.617106e-07   672
  3.829396e-02   9.090069e-06   2.638878e-05   4.629630e-07   480
  3.843916e-02   8.598921e-06   4.086622e-05   3.294782e-07   726
  3.862612e-02   9.625973e-06   4.630674e-05   3.602511e-07   792
  3.882862e-02   9.003858e-06   6.423968e-05   3.529404e-07   768
  3.904204e-02   9.578082e-06   5.250065e-05   3.842263e-07   672
  3.923773e-02   9.458304e-06   3.521633e-05   3.925448e-07   608
  3.937938e-02   9.142411e-06   3.380875e-05   3.865259e-07   624
  3.958148e-02   9.312893e-06   4.393419e-05   3.613883e-07   684
  3.977805e-02   9.605862e-06   6.489590e-05   3.519739e-07   768
  3.996099e-02   1.010766e-05   5.188382e-05   3.712623e-07   744
  4.017897e-02   9.606608e-06   3.266913e-05   3.544010e-07   750
  4.033785e-02   9.109130e-06   4.855832e-05   4.244974e-07   600
  4.050966e-02   9.743180e-06   5.156017e-05   4.210281e-07   600
  4.072193e-02   1.024103e-05   5.941991e-05   3.349190e-07   1008
  4.089051e-02   1.041722e-05   3.295634e-05   4.202329e-07   696
  4.107730e-02   1.087530e-05   4.353679e-05   4.720098e-07   624
  4.126508e-02   1.069052e-05   6.774874e-05   4.194167e-07   840
  4.147842e-02   1.149502e-05   4.609756e-05   4.223761e-07   816
  4.165146e-02   1.046718e-05   3.061908e-05   3.840736e-07   744
  4.182622e-02   1.092049e-05   5.412949e-05   4.896507e-07   510
  4.203733e-02   1.128005e-05   5.196876e-05   3.863865e-07   1020
  4.223380e-02   1.122006e-05   4.193364e-05   3.802296e-07   912
  4.242748e-02   1.173958e-05   6.212704e-05   4.471034e-07   752
  4.258763e-02   1.163370e-05   5.155092e-05   4.741105e-07   888
  4.280617e-02   1.117579e-05   3.326561e-05   4.208552e-07   768
  4.298493e-02   1.157687e-05   6.044653e-05   4.443535e-07   720
  4.319066e-02   1.159325e-05   5.328536e-05   3.933363e-07   1056
  4.337313e-02   1.186374e-05   3.686507e-05   5.506473e-07   504
  4.352265e-02   1.123332e-05   5.756554e-05   4.522708e-07   774
  4.373648e-02   1.180964e-05   5.536282e-05   3.836210e-07   1272
  4.393731e-02   1.231308e-05   3.627136e-05   5.001045e-07   744
  4.412457e-02   1.144279e-05   5.922883e-05   4.348374e-07   768
  4.429638e-02   1.228583e-05   5.009986e-05   4.312087e-07   840
  4.448932e-02   1.304313e-05   3.396636e-05   4.466275e-07   924
  4.467511e-02   1.268766e-05   5.988261e-05   4.420434e-07   936
  4.485771e-02   1.193559e-05   4.161615e-05   4.175427e-07   840
  4.504164e-02   1.342270e-05   4.947675e-05   4.462466e-07   1008
  4.527540e-02   1.245372e-05   5.585465e-05   4.893269e-07   696
  4.542207e-02   1.202808e-05   4.964515e-05   4.072385e-07   974
  4.563998e-02   1.355322e-05   6.593454e-05   4.120993e-07   1152
  4.582943e-02   1.358631e-05   2.580036e-05   4.818564e-07   816
  4.597676e-02   1.240166e-05   5.675788e-05   4.323768e-07   816
  4.617498e-02   1.346014e-05   5.011976e-05   4.102428e-07   1152
  4.638404e-02   1.373063e-05   4.512497e-05   4.639116e-07   912
  4.657413e-02   1.472777e-05   5.482683e-05   4.681614e-07   1056
  4.673691e-02   1.448830e-05   4.688676e-05   6.084449e-07   624
  4.695579e-02   1.384166e-05   5.856771e-05   4.416899e-07   1260
  4.714470e-02   1.454948e-05   3.532556e-05   5.207388e-07   894
  4.732920e-02   1.544913e-05   6.052526e-05   4.442255e-07   1176
  4.751379e-02   1.342616e-05   5.009698e-05   5.288836e-07   840
  4.772390e-02   1.496039e-05   5.694253e-05   4.047538e-07   1440
  4.794451e-02   1.381179e-05   3.201342e-05   4.756813e-07   864
  4.811178e-02   1.571058e-05   5.493660e-05   5.333041e-07   1056
  4.827826e-02   1.603906e-05   3.238990e-05   6.875113e-07   624
  4.848047e-02   1.568344e-05   5.998050e-05   4.307860e-07   1496
  4.867382e-02   1.576476e-05   4.234836e-05   6.273609e-07   936
  4.884595e-02   1.530418e-05   6.130709e-05   5.230167e-07   966
  4.903116e-02   1.535379e-05   4.345697e-05   5.313294e-07   936
  4.922571e-02   1.593306e-05   5.375394e-05   4.657516e-07   1248
  4.942489e-02   1.513214e-05   3.789413e-05   4.674221e-07   1044
  4.961049e-02   1.587620e-05   5.869923e-05   4.752608e-07   1392
  4.975748e-02   1.487622e-05   4.521025e-05   6.077714e-07   600
  4.996775e-02   1.574361e-05   5.136359e-05   4.308865e-07   1416
  5.016490e-02   1.648177e-05   5.528663e-05   5.041292e-07   1152
  5.036468e-02   1.648586e-05   5.303885e-05   5.519714e-07   936
  5.052562e-02   1.682157e-05   5.688676e-05   6.051731e-07   870
  5.071684e-02   1.787854e-05   4.769728e-05   5.523118e-07   1368
  5.092905e-02   1.741824e-05   6.270948e-05   4.796320e-07   1632
  5.111040e-02   1.792423e-05   2.722494e-05   6.715316e-07   816
  5.130671e-02   1.806790e-05   6.211111e-05   5.491240e-07   1200
  5.147798e-02   1.843195e-05   5.938555e-05   5.615605e-07   1184
  5.165197e-02   1.908214e-05   4.506975e-05   6.540614e-07   984
  5.186545e-02   1.816106e-05   5.502554e-05   4.997783e-07   1572
  5.205897e-02   1.996196e-05   3.030352e-05   7.480351e-07   840
  5.223932e-02   1.818939e-05   7.047202e-05   5.028668e-07   1392
  5.242974e-02   1.800409e-05   5.174051e-05   5.893950e-07   1158
  5.259970e-02   1.927085e-05   4.711374e-05   5.715163e-07   1272
  5.280435e-02   1.977557e-05   4.801312e-05   5.679596e-07   1320
  5.299657e-02   1.924384e-05   4.698030e-05   6.353562e-07   1104
  5.317946e-02   1.900249e-05   5.317512e-05   5.650837e-07   1392
  5.337142e-02   1.878834e-05   5.751425e-05   5.703769e-07   1296
  5.356911e-02   1.971663e-05   6.005437e-05   5.573734e-07   1392
  5.375462e-02   1.997686e-05   4.405469e-05   6.358602e-07   1104
  5.392625e-02   1.939805e-05   5.549108e-05   5.455749e-07   1320
  5.417072e-02   2.007928e-05   4.237772e-05   5.666184e-07   1422
  5.432686e-02   1.968945e-05   5.277908e-05   6.070675e-07   1212
  5.450624e-02   1.976767e-05   5.767327e-05   5.635123e-07   1280
  5.469051e-02   2.171697e-05   6.005359e-05   6.457170e-07   1272
  5.486712e-02   2.222403e-05   5.197042e-05   5.835029e-07   1680
  5.507646e-02   1.977500e-05   4.910240e-05   6.232368e-07   1152
  5.526917e-02   2.097294e-05   5.686231e-05   5.417775e-07   1512
  5.547176e-02   2.098868e-05   2.400704e-05   7.491209e-07   912
  5.563191e-02   2.236143e-05   6.051684e-05   5.455403e-07   1680
  5.584490e-02   1.979911e-05   5.361080e-05   5.273344e-07   1518
  5.600277e-02   2.270685e-05   4.963340e-05   7.092546e-07   1056
  5.616906e-02   2.201234e-05   5.011602e-05   5.975962e-07   1344
  5.638403e-02   2.496371e-05   5.381366e-05   6.367785e-07   1680
  5.657852e-02   2.255394e-05   5.302778e-05   6.031616e-07   1656
  5.679105e-02   2.201931e-05   4.507445e-05   7.388970e-07   1140
  5.695060e-02   2.263509e-05   5.219279e-05   6.771144e-07   1368
  5.713833e-02   2.327582e-05   5.936960e-05   6.174151e-07   1656
  5.732916e-02   2.433747e-05   6.080721e-05   7.180967e-07   1448
  5.753689e-02   2.365974e-05   5.712437e-05   6.379189e-07   1422
  5.772874e-02   2.453970e-05   6.306298e-05   6.631045e-07   1512
  5.789282e-02   2.486279e-05   4.807736e-05   7.539374e-07   1296
  5.808266e-02   2.387465e-05   4.389780e-05   6.071964e-07   1824
  5.828790e-02   2.454408e-05   5.692011e-05   6.627638e-07   1464
  5.849524e-02   2.366623e-05   5.079304e-05   5.533907e-07   1824
  5.868765e-02   2.559699e-05   4.038303e-05   7.072353e-07   1416
  5.885505e-02   2.559407e-05   5.915027e-05   7.240526e-07   1392
  5.903575e-02   2.515097e-05   5.458297e-05   6.793042e-07   1464
  5.925623e-02   2.368146e-05   5.336332e-05   6.707072e-07   1524
  5.942661e-02   2.526157e-05   4.917517e-05   6.737549e-07   1686
  5.962351e-02   2.559647e-05   5.855281e-05   6.768528e-07   1800
  5.979275e-02   2.758247e-05   4.648536e-05   8.487028e-07   1344
  5.998051e-02   2.764761e-05   5.423429e-05   7.821523e-07   1656
  6.016875e-02   2.737357e-05   4.330332e-05   7.161106e-07   1488
  6.033230e-02   2.811837e-05   4.323280e-05   7.564894e-07   1536
  6.056019e-02   2.718254e-05   4.802674e-05   7.037212e-07   1760
  6.073676e-02   2.758039e-05   5.342039e-05   6.691078e-07   1824
  6.094095e-02   2.924039e-05   4.482966e-05   7.691014e-07   1560
  6.113743e-02   2.861033e-05   5.149106e-05   7.006109e-07   1926
  6.132222e-02   2.920277e-05   3.661691e-05   8.589092e-07   1272
  6.149089e-02   2.810348e-05   6.153468e-05   6.902000e-07   1848
  6.171259e-02   3.023706e-05   4.971473e-05   7.031563e-07   1908
  6.188121e-02   2.902505e-05   4.849016e-05   7.891880e-07   1488
  6.205913e-02   2.836995e-05   5.468647e-05   7.391440e-07   1800
  6.225203e-02   2.927975e-05   5.474039e-05   7.453883e-07   1752
  6.243678e-02   2.868146e-05   5.820766e-05   8.029300e-07   1368
  6.262168e-02   3.069856e-05   5.470402e-05   6.818650e-07   2016
  6.282503e-02   3.168128e-05   5.778090e-05   8.349472e-07   1542
  6.301271e-02   2.994653e-05   5.658311e-05   7.126088e-07   2184
  6.322045e-02   3.178766e-05   5.176071e-05   7.729579e-07   1776
  6.339990e-02   3.088532e-05   5.917031e-05   9.332035e-07   1568
  6.357096e-02   3.241735e-05   5.405871e-05   7.622256e-07   2040
  6.375709e-02   3.357953e-05   5.779358e-05   8.558676e-07   1704
  6.395192e-02   3.114173e-05   5.793385e-05   8.492524e-07   1512
  6.413562e-02   3.281851e-05   4.941774e-05   7.712354e-07   2028
  6.434202e-02   3.281415e-05   5.961049e-05   7.527300e-07   1968
  6.453073e-02   3.252120e-05   6.046594e-05   7.616703e-07   1854
  6.471540e-02   3.173452e-05   5.764265e-05   7.835450e-07   1632
  6.490465e-02   3.370051e-05   5.923277e-05   6.891478e-07   2424
  6.510081e-02   3.275476e-05   5.929438e-05   8.529931e-07   1560
  6.526663e-02   3.439999e-05   5.603312e-05   8.219333e-07   1728
  6.546700e-02   3.355161e-05   5.981278e-05   8.057841e-07   2088
  6.566869e-02   3.283520e-05   5.693537e-05   7.899661e-07   1968
  6.585421e-02   3.435865e-05   5.637149e-05   8.019104e-07   2256
  6.604025e-02   3.538897e-05   5.012049e-05   8.524834e-07   1728
  6.623447e-02   3.520816e-05   4.940811e-05   1.025066e-06   1416
  6.640653e-02   3.721482e-05   5.208605e-05   8.246952e-07   2246
  6.660133e-02   3.517696e-05   5.768472e-05   8.507237e-07   2148
  6.678770e-02   3.698904e-05   4.872648e-05   9.718734e-07   1680
  6.696313e-02   3.624041e-05   6.160046e-05   7.351491e-07   2280
  6.717399e-02   3.719926e-05   5.736363e-05   7.762364e-07   2352
  6.737093e-02   3.731742e-05   4.819975e-05   9.739609e-07   1632
  6.752673e-02   3.760185e-05   5.515333e-05   9.136370e-07   1968
  6.774054e-02   3.708465e-05   5.658733e-05   8.606966e-07   2112
  6.793880e-02   3.646500e-05   4.250707e-05   8.610562e-07   2208
  6.813146e-02   3.755916e-05   4.285990e-05   8.574844e-07   1974
  6.828351e-02   3.664581e-05   4.192864e-05   8.770454e-07   1944
  6.848893e-02   3.981831e-05   4.743743e-05   9.026588e-07   2160
  6.866697e-02   3.873499e-05   4.436470e-05   9.260669e-07   2040
  6.885939e-02   4.010967e-05   6.206723e-05   9.057395e-07   2352
  6.905674e-02   4.144356e-05   5.156294e-05   1.003538e-06   1836
  6.923686e-02   3.984395e-05   5.500493e-05   8.297711e-07   2352
  6.943909e-02   3.926610e-05   5.769273e-05   9.156247e-07   2008
  6.962448e-02   3.980848e-05   5.675566e-05   8.849922e-07   2464
  6.983120e-02   4.053000e-05   4.577593e-05   8.974291e-07   2118
  7.000075e-02   4.043071e-05   4.601629e-05   9.927675e-07   1848
  7.017528e-02   4.367980e-05   6.089459e-05   1.027290e-06   2280
  7.038608e-02   4.272989e-05   5.792531e-05   9.195853e-07   2472
  7.058306e-02   4.133176e-05   3.870972e-05   9.379349e-07   2280
  7.074842e-02   4.495564e-05   4.731611e-05   1.111855e-06   1992
  7.092675e-02   4.390967e-05   4.974380e-05   9.111881e-07   2184
  7.113238e-02   3.996654e-05   6.000821e-05   8.849643e-07   2352
  7.133053e-02   4.318962e-05   6.323794e-05   9.054687e-07   2496
  7.152456e-02   4.151451e-05   5.906497e-05   1.056290e-06   1770
  7.169858e-02   4.553123e-05   5.096373e-05   9.639541e-07   2568
  7.190778e-02   4.482221e-05   6.250911e-05   9.162895e-07   2712
  7.209795e-02   4.559780e-05   4.964125e-05   9.964598e-07   2448
  7.228785e-02   4.714967e-05   4.184504e-05   1.066088e-06   2064
  7.244536e-02   4.375138e-05   4.416838e-05   1.095602e-06   1944
  7.264961e-02   4.438008e-05   5.456417e-05   9.728799e-07   2480
  7.285798e-02   4.603279e-05   5.927270e-05   9.169783e-07   2880
  7.304254e-02   4.648072e-05   5.685814e-05   1.000443e-06   2304
  7.323530e-02   4.646231e-05   5.223857e-05   1.080794e-06   1806
  7.340623e-02   4.660915e-05   5.123011e-05   9.025820e-07   2856
  7.362043e-02   4.813584e-05   4.913122e-05   1.021764e-06   2568
  7.378344e-02   4.499504e-05   4.929224e-05   1.051541e-06   2112
  7.396084e-02   4.756760e-05   4.747712e-05   1.160643e-06   2028
  7.415116e-02   4.790560e-05   5.619893e-05   9.337998e-07   2712
  7.434443e-02   4.941813e-05   6.054548e-05   9.602842e-07   2952
  7.455213e-02   4.997213e-05   4.678166e-05   1.121957e-06   2112
  7.472003e-02   4.889851e-05   5.482571e-05   1.001985e-06   2520
  7.492173e-02   4.822812e-05   5.288049e-05   1.044530e-06   2376
  7.510543e-02   5.005255e-05   4.239076e-05   1.058650e-06   2526
  7.529611e-02   5.173512e-05   5.275417e-05   1.071213e-06   2664
  7.548491e-02   5.150156e-05   6.292068e-05   1.090538e-06   2408
  7.566587e-02   5.179942e-05   5.040192e-05   1.096928e-06   2568
  7.585044e-02   5.338155e-05   4.751996e-05   1.026105e-06   2904
  7.605067e-02   5.171503e-05   5.331874e-05   1.058314e-06   2544
  7.624090e-02   5.214830e-05   3.927292e-05   1.173363e-06   2160
  7.642039e-02   5.578822e-05   6.789836e-05   1.147601e-06   2652
  7.661867e-02   5.188207e-05   5.376152e-05   1.034848e-06   2784
  7.680949e-02   5.486499e-05   5.309107e-05   1.050716e-06   2694
  7.700718e-02   5.173722e-05   4.771403e-05   1.002473e-06   2952
  7.717897e-02   5.672226e-05   4.519387e-05   1.233602e-06   2208
  7.735396e-02   5.325278e-05   4.816775e-05   1.156762e-06   2304
  7.754931e-02   5.243638e-05   6.263684e-05   8.768223e-07   3504
  7.777712e-02   5.597269e-05   5.071928e-05   1.221820e-06   2616
  7.795480e-02   5.638995e-05   4.954864e-05   1.160155e-06   2664
  7.812596e-02   5.519808e-05   4.603502e-05   1.148528e-06   2448
  7.829842e-02   5.708704e-05   6.411161e-05   1.183642e-06   2472
  7.850133e-02   5.752867e-05   5.097237e-05   1.064843e-06   3134
  7.869230e-02   5.762452e-05   5.574880e-05   1.190390e-06   2616
  7.888297e-02   5.475444e-05   4.515869e-05   1.129242e-06   2712
  7.907912e-02   5.605384e-05   5.179048e-05   1.045198e-06   3204
  7.926660e-02   5.633407e-05   5.964707e-05   1.177719e-06   2760
  7.944465e-02   5.628758e-05   5.204112e-05   1.127128e-06   2688
  7.964100e-02   5.819367e-05   4.920471e-05   1.212033e-06   2760
  7.981462e-02   5.642748e-05   4.062912e-05   1.185440e-06   2568
  8.001457e-02   5.672326e-05   6.309501e-05   1.013049e-06   3336
  8.020647e-02   5.916052e-05   5.340300e-05   1.234823e-06   2334
  8.040026e-02   5.690800e-05   5.909617e-05   1.055870e-06   3264
  8.058136e-02   6.020855e-05   4.296743e-05   1.219030e-06   2760
  8.076709e-02   5.836406e-05   5.189248e-05   1.076241e-06   3192
  8.095618e-02   5.964728e-05   5.387550e-05   1.201478e-06   2904
  8.115731e-02   5.979362e-05   5.405661e-05   1.207515e-06   2784
  8.132566e-02   6.300777e-05   4.448959e-05   1.343085e-06   2592
  8.151717e-02   5.989147e-05   6.064566e-05   1.059849e-06   3284
  8.172069e-02   6.231619e-05   6.091579e-05   1.193214e-06   3168
  8.190277e-02   6.217904e-05   5.025989e-05   1.260421e-06   2616
  8.209419e-02   5.885717e-05   4.856347e-05   1.118733e-06   3222
  8.228039e-02   6.137372e-05   5.448972e-05   1.062382e-06   3240
  8.246071e-02   6.341187e-05   5.512513e-05   1.354357e-06   2568
  8.266572e-02   6.520037e-05   5.058002e-05   1.222886e-06   3120
  8.283712e-02   6.602034e-05   5.560528e-05   1.259572e-06   3168
  8.302147e-02   6.235195e-05   4.867820e-05   1.182910e-06   3240
  8.322314e-02   6.276891e-05   4.994262e-05   1.147337e-06   3144
  8.341906e-02   6.202929e-05   4.760402e-05   1.186503e-06   2856
  8.360423e-02   6.401167e-05   5.084301e-05   1.146771e-06   3264
  8.381378e-02   6.561158e-05   5.617925e-05   1.195367e-06   3318
  8.397869e-02   6.611524e-05   3.934478e-05   1.473840e-06   2556
  8.417523e-02   6.503601e-05   6.720814e-05   1.052655e-06   4008
  8.437421e-02   6.633305e-05   4.961134e-05   1.320932e-06   2904
  8.454445e-02   6.490886e-05   5.072934e-05   1.171126e-06   3144
  8.473824e-02   6.366545e-05   5.288584e-05   1.211110e-06   3200
  8.493878e-02   6.628712e-05   5.215825e-05   1.207928e-06   3312
  8.511856e-02   6.943956e-05   4.203723e-05   1.386954e-06   2832
  8.531928e-02   6.722367e-05   6.049421e-05   1.118856e-06   3984
  8.550565e-02   7.293396e-05   4.917892e-05   1.656359e-06   2238
  8.567579e-02   6.830724e-05   5.787514e-05   1.154385e-06   3984
  8.588688e-02   6.725823e-05   5.499863e-05   1.245493e-06   3384
  8.606224e-02   7.188597e-05   5.140885e-05   1.380966e-06   3048
  8.624534e-02   6.729035e-05   4.720335e-05   1.273975e-06   3096
  8.643660e-02   7.173205e-05   5.350360e-05   1.189145e-06   3708
  8.662676e-02   6.817743e-05   5.071415e-05   1.385933e-06   2784
  8.680339e-02   7.373969e-05   5.267636e-05   1.291779e-06   3648
  8.700404e-02   7.124260e-05   5.421533e-05   1.236350e-06   3888
  8.721757e-02   7.016461e-05   5.787646e-05   1.298793e-06   2958
  8.737700e-02   6.932116e-05   4.940293e-05   1.241667e-06   3264
  8.756912e-02   7.453536e-05   5.453943e-05   1.382135e-06   3160
  8.775062e-02   6.913841e-05   4.942838e-05   1.209117e-06   3736
  8.792265e-02   7.274905e-05   4.504082e-05   1.377138e-06   3216
  8.812553e-02   7.341134e-05   5.519511e-05   1.210357e-06   4032
  8.833712e-02   7.386506e-05   5.039213e-05   1.286043e-06   3528
  8.851753e-02   7.504654e-05   4.448186e-05   1.366241e-06   3192
  8.869788e-02   7.293469e-05   4.871555e-05   1.313325e-06   3456
  8.889353e-02   7.510056e-05   5.051289e-05   1.453689e-06   3060
  8.908963e-02   7.444898e-05   6.006564e-05   1.191120e-06   4518
  8.928072e-02   7.535385e-05   5.351071e-05   1.284974e-06   3528
  8.945637e-02   7.472563e-05   4.493965e-05   1.439250e-06   3024
  8.964364e-02   7.231171e-05   6.084649e-05   1.242541e-06   3672
  8.983441e-02   7.626900e-05   5.222476e-05   1.348977e-06   3864
  9.004620e-02   7.403574e-05   5.535754e-05   1.222911e-06   3816
  9.021942e-02   7.692532e-05   5.036312e-05   1.370170e-06   3456
  9.038550e-02   7.778818e-05   4.559004e-05   1.576326e-06   2688
  9.058115e-02   7.809155e-05   5.409171e-05   1.255285e-06   4248
  9.077513e-02   7.689426e-05   5.180950e-05   1.271867e-06   3926
  9.096996e-02   7.583339e-05   5.470193e-05   1.289252e-06   3504
  9.115818e-02   7.917281e-05   4.890435e-05   1.288620e-06   3960
  9.136599e-02   7.691198e-05   5.505490e-05   1.309924e-06   3684
  9.154421e-02   7.583892e-05   5.505121e-05   1.267795e-06   4104
  9.172238e-02   7.968087e-05   5.221303e-05   1.472606e-06   3144
  9.191379e-02   7.944559e-05   5.719125e-05   1.273628e-06   4224
  9.212424e-02   7.942097e-05   5.076220e-05   1.299058e-06   4008
  9.230404e-02   8.092611e-05   5.584645e-05   1.434070e-06   3312
  9.248918e-02   7.950800e-05   5.554568e-05   1.374568e-06   3726
  9.268608e-02   8.080353e-05   5.705222e-05   1.348938e-06   3936
  9.286093e-02   8.249677e-05   5.880962e-05   1.387045e-06   3888
  9.304237e-02   8.181816e-05   5.561012e-05   1.342237e-06   3864
  9.323115e-02   7.995686e-05   5.911825e-05   1.337423e-06   3888
  9.342560e-02   7.793240e-05   5.575761e-05   1.277618e-06   4080
  9.361756e-02   8.215396e-05   5.917579e-05   1.468034e-06   3400
  9.381343e-02   8.279140e-05   5.427017e-05   1.258118e-06   4588
  9.401146e-02   8.500199e-05   5.371627e-05   1.452074e-06   3816
  9.418453e-02   8.552423e-05   5.090067e-05   1.432063e-06   3534
  9.436775e-02   8.688098e-05   5.027626e-05   1.388802e-06   4080
  9.455941e-02   8.659230e-05   5.255293e-05   1.377294e-06   4248
  9.475190e-02   8.489502e-05   5.295739e-05   1.511943e-06   3528
  9.492952e-02   8.910092e-05   5.414170e-05   1.440401e-06   4248
  9.510904e-02   8.543282e-05   5.295602e-05   1.478501e-06   3696
  9.530897e-02   8.868652e-05   5.494931e-05   1.387127e-06   4560
  9.549858e-02   8.655306e-05   5.146925e-05   1.448147e-06   3864
  9.569330e-02   8.623798e-05   5.604212e-05   1.353447e-06   4440
  9.587785e-02   8.616389e-05   5.228862e-05   1.597100e-06   3432
  9.607178e-02   8.612541e-05   5.127008e-05   1.334083e-06   4470
  9.626254e-02   8.823091e-05   4.556207e-05   1.420474e-06   4188
  9.645005e-02   8.965044e-05   5.837141e-05   1.396617e-06   4392
  9.663628e-02   9.133685e-05   4.515584e-05   1.575602e-06   3960
  9.682994e-02   9.166791e-05   5.101295e-05   1.460358e-06   4328
  9.701755e-02   9.038829e-05   5.308936e-05   1.468849e-06   4320
  9.720715e-02   9.091750e-05   5.551494e-05   1.395501e-06   4152
  9.738297e-02   9.830189e-05   4.643908e-05   1.725613e-06   3528
  9.758180e-02   9.140280e-05   5.026321e-05   1.385233e-06   4512
  9.776782e-02   9.225766e-05   5.138137e-05   1.488639e-06   4134
  9.795678e-02   9.533999e-05   5.473839e-05   1.343638e-06   5208
  9.813850e-02   9.484936e-05   4.769050e-05   1.694831e-06   3240
  9.832650e-02   1.006567e-04   5.260044e-05   1.554985e-06   4680
  9.851785e-02   9.399904e-05   5.207870e-05   1.493174e-06   4440
  9.870942e-02   8.983292e-05   5.901363e-05   1.412357e-06   4260
  9.889316e-02   9.522788e-05   4.817892e-05   1.565598e-06   4056
  9.908239e-02   9.621774e-05   5.341476e-05   1.461723e-06   4704
  9.928099e-02   9.952649e-05   6.215719e-05   1.469316e-06   4800
  9.949094e-02   9.614314e-05   5.385441e-05   1.396930e-06   4806
  9.967236e-02   1.035639e-04   5.368427e-05   1.886197e-06   3552
  9.984516e-02   9.675913e-05   5.382823e-05   1.597772e-06   4304
  1.000402e-01   9.733285e-05   5.220122e-05   1.383435e-06   5280
  1.002332e-01   9.895829e-05   5.007823e-05   1.544538e-06   4320
  1.004158e-01   9.751459e-05   5.655144e-05   1.543744e-06   4296
  1.006083e-01   1.043826e-04   6.287112e-05   1.554787e-06   4608
  1.008031e-01   1.023895e-04   6.023391e-05   1.539577e-06   4824
  1.009959e-01   1.026138e-04   5.686508e-05   1.569466e-06   4488
  1.012028e-01   1.044819e-04   5.308966e-05   1.635646e-06   4530
  1.013736e-01   1.006096e-04   5.183767e-05   1.519051e-06   4464
  1.015446e-01   1.043668e-04   4.885317e-05   1.679422e-06   4104
  1.017408e-01   9.943462e-05   5.267391e-05   1.400828e-06   5424
  1.019339e-01   1.046184e-04   5.670025e-05   1.529309e-06   4392
  1.021303e-01   1.086463e-04   5.551183e-05   1.628113e-06   4896
  1.023087e-01   1.061753e-04   5.441294e-05   1.714012e-06   4104
  1.024949e-01   1.102362e-04   4.906612e-05   1.662450e-06   4824
  1.026913e-01   1.055804e-04   4.689572e-05   1.645518e-06   4680
  1.028625e-01   1.052657e-04   4.796407e-05   1.626925e-06   4328
  1.030611e-01   1.070843e-04   5.529015e-05   1.539646e-06   5118
  1.032607e-01   1.100985e-04   6.405716e-05   1.561750e-06   5304
  1.034408e-01   1.104856e-04   5.044204e-05   1.667403e-06   4392
  1.036370e-01   1.129186e-04   5.062805e-05   1.720733e-06   4476
  1.038086e-01   1.072528e-04   5.027967e-05   1.584419e-06   4704
  1.039996e-01   1.117195e-04   6.085753e-05   1.582336e-06   5208
  1.042003e-01   1.077053e-04   5.131309e-05   1.572613e-06   5304
  1.043852e-01   1.151007e-04   5.496346e-05   1.848020e-06   4296
  1.045748e-01   1.166721e-04   5.211955e-05   1.751589e-06   4752
  1.047740e-01   1.088009e-04   5.231954e-05   1.591449e-06   4950
  1.049531e-01   1.134460e-04   5.468798e-05   1.648744e-06   5064
  1.051322e-01   1.142443e-04   4.582142e-05   1.701095e-06   4872
  1.053133e-01   1.126202e-04   4.823741e-05   1.872132e-06   4224
  1.055067e-01   1.158779e-04   5.328426e-05   1.532483e-06   6120
  1.057125e-01   1.136521e-04   5.861948e-05   1.641532e-06   4968
  1.058992e-01   1.191003e-04   5.187313e-05   1.794290e-06   4424
  1.060923e-01   1.223660e-04   6.625692e-05   1.720121e-06   5436
  1.062831e-01   1.172453e-04   5.648985e-05   1.784054e-06   4896
  1.064675e-01   1.161358e-04   5.408285e-05   1.663109e-06   5214
  1.066453e-01   1.207336e-04   4.597326e-05   1.823000e-06   4656
  1.068428e-01   1.228743e-04   5.845126e-05   1.792857e-06   5448
  1.070316e-01   1.223405e-04   4.936640e-05   1.773454e-06   4992
  1.072164e-01   1.231950e-04   5.463492e-05   1.740889e-06   5400
  1.074196e-01   1.262149e-04   6.055240e-05   1.744226e-06   5328
  1.076068e-01   1.191696e-04   5.414495e-05   1.695610e-06   4776
  1.077829e-01   1.272988e-04   5.087815e-05   1.846273e-06   4800
  1.079786e-01   1.261289e-04   6.542669e-05   1.593644e-06   6552
  1.081833e-01   1.251641e-04   4.942896e-05   2.027422e-06   3942
  1.083607e-01   1.241759e-04   6.229959e-05   1.679271e-06   6072
  1.085572e-01   1.247041e-04   4.838416e-05   1.932196e-06   4692
  1.087218e-01   1.321923e-04   5.051229e-05   1.895093e-06   4944
  1.089148e-01   1.291349e-04   5.421525e-05   1.678676e-06   5840
  1.091128e-01   1.268596e-04   5.803518e-05   1.784204e-06   5712
  1.093078e-01   1.275041e-04   4.863722e-05   1.874806e-06   4800
  1.094857e-01   1.303859e-04   6.441283e-05   1.815181e-06   5688
  1.096806e-01   1.349229e-04   5.082038e-05   2.057824e-06   4848
  1.098737e-01   1.105740e-04   5.656610e-05   1.820045e-06   5406
  1.100570e-01   2.568458e-09   5.106006e-05   4.639964e-11   5568
  1.102410e-01   2.792998e-09   4.589958e-05   5.025192e-11   5736
  1.104399e-01   2.701073e-09   5.700434e-05   5.233367e-11   5280
  1.106204e-01   2.714632e-09   5.270467e-05   5.071459e-11   5592
  1.108062e-01   2.571034e-09   6.033288e-05   4.950939e-11   4968
  1.110026e-01   2.518976e-09   5.409649e-05   4.591100e-11   5964
  1.111942e-01   2.636819e-09   5.434787e-05   4.848273e-11   5376
  1.113683e-01   2.672612e-09   5.247622e-05   4.954388e-11   5472
  1.115701e-01   2.488308e-09   4.983734e-05   4.550928e-11   5472
  1.117547e-01   2.490511e-09   5.666342e-05   4.990863e-11   5415
  1.119336e-01   2.476399e-09   4.984234e-05   4.597991e-11   5096
  1.121271e-01   2.434628e-09   6.409599e-05   4.199428e-11   6372
  1.123229e-01   2.563565e-09   5.203022e-05   5.196816e-11   4656
  1.124983e-01   2.631961e-09   5.680034e-05   4.674565e-11   5844
  1.126871e-01   2.483130e-09   4.994069e-05   4.507584e-11   5508
  1.128871e-01   2.676136e-09   5.665346e-05   4.367639e-11   6324
  1.130835e-01   2.626002e-09   4.866539e-05   5.012522e-11   4752
  1.132629e-01   2.456487e-09   5.448494e-05   4.325787e-11   5676
  1.134571e-01   2.637761e-09   4.984326e-05   4.789672e-11   5472
  1.136415e-01   2.722061e-09   5.622180e-05   4.863179e-11   5556
  1.138395e-01   2.554693e-09   5.478707e-05   4.436877e-11   5436
  1.140307e-01   2.706483e-09   5.607838e-05   4.678872e-11   5916
  1.142269e-01   2.751454e-09   5.834620e-05   4.840737e-11   5520
  1.144037e-01   2.534632e-09   5.306313e-05   4.707637e-11   5280
  1.145848e-01   2.855823e-09   5.213928e-05   5.375539e-11   4416
  1.147891e-01   2.696952e-09   5.082306e-05   4.401862e-11   6260
  1.149810e-01   2.836418e-09   6.043482e-05   4.822890e-11   5940
  1.151549e-01   2.813991e-09   4.733034e-05   5.482593e-11   4188
  1.153463e-01   2.898507e-09   6.051585e-05   4.612509e-11   6360
  1.155475e-01   2.775308e-09   5.397759e-05   4.829894e-11   5256
  1.157344e-01   2.797701e-09   5.102661e-05   5.349168e-11   4848
  1.158946e-01   2.808570e-09   4.625828e-05   5.015596e-11   4704
  1.160918e-01   2.961287e-09   5.674687e-05   4.862637e-11   5784
  1.162923e-01   2.861503e-09   6.004475e-05   4.779259e-11   5820
  1.164859e-01   2.972882e-09   5.378723e-05   4.872587e-11   5700
  1.166807e-01   2.935906e-09   4.988022e-05   5.075205e-11   5232
  1.168757e-01   3.147958e-09   5.534639e-05   5.339368e-11   4932
  1.170485e-01   3.043295e-09   4.763877e-05   5.497301e-11   4716
  1.172300e-01   3.309034e-09   6.068154e-05   5.739860e-11   5616
  1.174167e-01   3.025523e-09   5.359070e-05   5.248022e-11   5184
  1.176094e-01   3.120292e-09   5.405986e-05   5.431596e-11   5064
  1.177910e-01   3.138243e-09   5.535469e-05   5.096294e-11   5544
  1.179925e-01   3.092881e-09   5.556677e-05   5.274764e-11   5192
  1.181758e-01   3.197530e-09   4.993540e-05   5.437874e-11   5244
  1.183686e-01   3.198451e-09   5.403067e-05   5.448485e-11   5112
  1.185602e-01   3.331665e-09   4.958373e-05   5.988331e-11   5040
  1.187361e-01   3.411907e-09   5.212818e-05   5.772965e-11   5124
  1.189414e-01   3.266006e-09   5.852089e-05   5.161498e-11   5952
  1.191310e-01   3.470959e-09   5.127619e-05   5.926188e-11   4824
  1.193029e-01   3.338243e-09   5.175690e-05   5.900321e-11   4536
  1.195018e-01   3.362685e-09   5.501286e-05   5.247855e-11   5712
  1.197061e-01   3.448295e-09   6.019907e-05   5.664998e-11   5352
  1.198988e-01   3.612212e-09   5.243561e-05   5.969089e-11   5004
  1.200710e-01   3.654742e-09   5.244989e-05   6.340103e-11   4800
  1.202560e-01   3.510550e-09   5.636454e-05   5.807338e-11   5148
  1.204609e-01   3.496878e-09   5.854189e-05   5.433344e-11   5664
  1.206461e-01   3.565629e-09   5.257909e-05   6.169361e-11   4692
  1.208173e-01   3.588486e-09   4.884662e-05   6.713786e-11   4008
  1.210168e-01   3.777995e-09   5.598879e-05   5.827551e-11   5852
  1.212197e-01   3.526097e-09   5.301616e-05   5.411002e-11   5784
  1.213999e-01   3.840177e-09   4.887168e-05   6.918049e-11   4392
  1.215854e-01   3.838042e-09   4.793844e-05   6.381857e-11   4944
  1.217801e-01   3.659828e-09   5.651862e-05   6.105753e-11   4776
  1.219637e-01   3.676107e-09   5.437400e-05   5.907898e-11   5244
  1.221630e-01   3.775043e-09   5.427808e-05   6.063873e-11   4884
  1.223303e-01   3.866084e-09   4.603202e-05   6.786890e-11   4488
  1.225247e-01   3.972924e-09   5.469820e-05   6.252152e-11   5160
  1.227205e-01   3.872783e-09   5.569041e-05   6.236904e-11   5316
  1.229092e-01   4.115880e-09   5.630689e-05   6.980442e-11   4896
  1.230930e-01   4.023999e-09   5.231895e-05   7.522773e-11   4188
  1.232783e-01   3.901361e-09   5.706581e-05   6.252629e-11   4836
  1.234675e-01   4.050859e-09   5.660978e-05   6.290744e-11   5316
  1.236592e-01   4.160403e-09   5.239922e-05   6.734312e-11   4920
  1.238384e-01   4.295410e-09   5.278827e-05   7.985893e-11   4128
  1.240308e-01   4.263535e-09   5.678791e-05   6.860435e-11   5348
  1.242200e-01   4.148570e-09   4.927482e-05   6.739703e-11   4836
  1.244007e-01   4.151225e-09   5.309522e-05   7.301782e-11   4392
  1.245954e-01   4.299348e-09   4.664848e-05   7.317799e-11   4632
  1.247706e-01   4.425429e-09   5.212226e-05   7.857410e-11   4596
  1.249719e-01   4.281281e-09   5.241615e-05   6.680497e-11   5424
  1.251710e-01   4.204048e-09   5.395297e-05   6.580596e-11   5256
  1.253761e-01   4.312328e-09   5.479568e-05   7.421350e-11   4524
  1.255470e-01   4.442494e-09   5.212152e-05   7.932529e-11   4440
  1.257383e-01   4.375699e-09   4.457059e-05   7.337282e-11   4380
  1.259255e-01   4.441486e-09   5.832827e-05   7.362514e-11   4812
  1.261248e-01   4.550545e-09   5.793377e-05   7.301137e-11   5376
  1.263070e-01   4.463080e-09   4.627359e-05   8.051492e-11   3888
  1.264817e-01   4.681256e-09   5.298861e-05   7.480625e-11   4896
  1.266765e-01   4.638403e-09   5.591166e-05   7.708250e-11   4608
  1.268810e-01   4.662104e-09   5.277716e-05   7.994103e-11   4448
  1.270590e-01   4.526254e-09   5.448045e-05   7.442714e-11   4752
  1.272466e-01   4.821451e-09   5.706486e-05   8.416255e-11   4356
  1.274439e-01   4.844320e-09   5.491431e-05   7.820772e-11   5232
  1.276400e-01   4.618843e-09   5.533986e-05   8.117741e-11   4548
  1.278302e-01   4.764136e-09   5.379734e-05   7.801099e-11   4608
  1.280159e-01   4.888009e-09   4.887054e-05   9.253290e-11   3936
  1.281911e-01   4.858265e-09   5.841452e-05   8.564266e-11   4260
  1.283881e-01   4.830789e-09   5.236945e-05   7.771102e-11   5004
  1.285681e-01   5.176426e-09   5.174988e-05   9.335174e-11   4224
  1.287656e-01   5.086479e-09   5.591044e-05   8.509367e-11   4788
  1.289574e-01   5.163935e-09   5.879940e-05   9.121687e-11   4428
  1.291442e-01   5.006934e-09   4.913481e-05   9.270058e-11   4080
  1.293241e-01   5.277354e-09   5.372444e-05   8.535796e-11   4632
  1.295135e-01   4.956378e-09   5.586932e-05   8.966354e-11   4056
  1.297126e-01   5.189781e-09   5.260194e-05   9.233171e-11   4536
  1.298945e-01   5.299574e-09   5.365052e-05   9.222519e-11   4668
  1.300937e-01   5.208009e-09   5.750378e-05   9.031224e-11   4604
  1.302877e-01   5.205709e-09   5.166770e-05   9.189505e-11   4152
  1.304667e-01   5.235113e-09   5.007420e-05   9.212216e-11   4224
  1.306565e-01   5.269753e-09   4.814261e-05   9.488396e-11   4152
  1.308462e-01   5.653653e-09   5.460956e-05   1.015578e-10   4224
  1.310305e-01   5.770177e-09   5.050282e-05   1.078117e-10   3960
  1.312081e-01   5.408900e-09   5.211572e-05   9.384232e-11   4656
  1.314021e-01   5.456784e-09   5.623181e-05   9.432984e-11   4452
  1.316010e-01   5.408088e-09   5.716890e-05   9.819516e-11   4056
  1.317861e-01   5.523492e-09   5.664743e-05   9.637646e-11   4212
  1.319736e-01   5.700812e-09   4.707639e-05   1.123286e-10   3432
  1.321636e-01   5.836958e-09   6.022443e-05   9.278777e-11   5352
  1.323493e-01   5.858413e-09   4.410720e-05   1.141775e-10   3600
  1.325514e-01   5.626401e-09   4.865103e-05   9.708656e-11   4584
  1.327280e-01   5.890010e-09   4.850778e-05   1.108713e-10   3768
  1.329098e-01   5.843278e-09   5.178277e-05   1.158658e-10   3848
  1.330913e-01   5.738521e-09   4.747890e-05   1.111869e-10   3720
  1.332971e-01   5.688692e-09   5.959304e-05   9.520965e-11   4764
  1.334788e-01   6.155937e-09   4.798894e-05   1.150663e-10   3864
  1.336653e-01   6.337255e-09   5.944009e-05   1.132941e-10   4332
  1.338689e-01   6.038364e-09   5.074755e-05   1.159444e-10   3792
  1.340507e-01   5.677197e-09   5.756276e-05   9.942883e-11   4284
  1.342434e-01   5.743136e-09   5.450557e-05   1.129237e-10   3840
  1.344258e-01   5.773976e-09   5.188218e-05   1.169232e-10   3480
  1.346110e-01   6.010649e-09   5.789054e-05   1.071105e-10   4380
  1.348113e-01   5.977220e-09   5.437802e-05   1.089219e-10   4200
  1.350080e-01   6.554464e-09   5.226721e-05   1.181015e-10   4056
  1.351907e-01   6.211193e-09   5.253065e-05   1.249274e-10   3600
  1.353619e-01   6.211621e-09   5.233855e-05   1.251889e-10   3492
  1.355619e-01   6.074666e-09   6.111960e-05   1.088222e-10   4500
  1.357660e-01   6.670066e-09   5.354902e-05   1.308278e-10   3516
  1.359414e-01   6.904872e-09   5.598054e-05   1.363158e-10   3968
  1.361380e-01   6.515089e-09   5.380215e-05   1.284473e-10   3648
  1.363120e-01   6.428062e-09   5.144971e-05   1.272753e-10   4224
  1.365092e-01   6.135260e-09   5.774766e-05   1.240618e-10   3588
  1.366943e-01   6.453595e-09   5.326547e-05   1.277586e-10   3456
  1.368806e-01   6.161943e-09   4.730632e-05   1.180037e-10   3660
  1.370730e-01   6.731482e-09   5.192423e-05   1.345497e-10   3768
  1.372524e-01   6.802388e-09   5.251072e-05   1.346476e-10   3744
  1.374451e-01   6.726721e-09   5.763914e-05   1.234992e-10   4176
  1.376500e-01   6.846765e-09   5.316578e-05   1.408673e-10   3612
  1.378194e-01   6.937403e-09   5.777654e-05   1.459493e-10   3216
  1.380133e-01   6.699501e-09   5.586006e-05   1.381873e-10   3624
  1.382082e-01   6.788467e-09   5.252683e-05   1.351247e-10   3744
  1.383965e-01   7.083517e-09   5.604572e-05   1.442493e-10   3672
  1.385824e-01   7.034769e-09   5.082374e-05   1.374060e-10   3852
  1.387743e-01   7.173216e-09   5.230933e-05   1.370849e-10   3672
  1.389784e-01   7.193234e-09   5.096678e-05   1.678675e-10   3248
  1.391489e-01   6.612869e-09   5.216810e-05   1.409097e-10   3336
  1.393350e-01   6.527654e-09   5.310246e-05   1.360326e-10   3576
  1.395253e-01   7.110015e-09   4.507921e-05   1.455783e-10   3336
  1.397192e-01   7.251847e-09   5.354620e-05   1.413064e-10   3936
  1.399104e-01   7.612834e-09   5.702821e-05   1.577753e-10   3408
  1.401002e-01   7.505664e-09   5.024277e-05   1.653786e-10   3336
  1.402845e-01   6.259611e-09   5.643413e-05   1.352294e-10   3312
  1.404688e-01   7.127130e-09   5.714018e-05   1.531949e-10   3432
  1.406650e-01   7.575935e-09   4.953825e-05   1.685265e-10   3144
  1.408441e-01   7.389354e-09   5.377870e-05   1.580127e-10   3456
  1.410456e-01   7.361196e-09   5.168749e-05   1.498237e-10   3792
  1.412277e-01   7.863488e-09   5.077163e-05   1.830598e-10   2868
  1.414243e-01   7.078669e-09   5.259921e-05   1.357959e-10   3888
  1.416081e-01   7.023911e-09   4.567249e-05   1.629150e-10   2784
  1.417890e-01   7.399382e-09   5.215927e-05   1.864967e-10   2964
  1.419867e-01   7.536462e-09   5.371382e-05   1.651836e-10   3432
  1.421748e-01   7.622981e-09   5.559921e-05   1.678035e-10   3416
  1.423652e-01   7.439199e-09   5.943069e-05   1.592709e-10   3528
  1.425600e-01   8.177972e-09   4.769736e-05   1.907199e-10   2904
  1.427324e-01   7.220587e-09   5.348273e-05   1.662866e-10   3072
  1.429329e-01   7.369476e-09   6.006724e-05   1.665509e-10   3216
  1.431332e-01   7.314644e-09   4.864808e-05   1.795023e-10   2844
  1.433092e-01   7.461716e-09   5.566880e-05   1.652704e-10   3432
  1.434898e-01   8.271278e-09   4.474456e-05   2.013504e-10   2880
  1.436915e-01   7.530331e-09   5.927057e-05   1.653347e-10   3576
  1.438816e-01   8.128081e-09   5.297958e-05   2.098528e-10   2700
  1.440636e-01   7.583002e-09   5.950921e-05   1.706099e-10   3000
  1.442541e-01   7.351832e-09   4.941038e-05   1.803778e-10   2556
  1.444392e-01   8.038456e-09   5.295809e-05   1.836400e-10   3360
  1.446305e-01   8.099946e-09   5.145721e-05   1.800128e-10   3120
  1.448367e-01   8.143012e-09   6.058145e-05   1.958599e-10   3216
  1.450141e-01   8.714819e-09   4.272644e-05   2.225954e-10   2628
  1.452136e-01   7.862269e-09   5.647820e-05   1.946218e-10   3200
  1.453956e-01   7.459506e-09   5.328175e-05   2.075232e-10   2232
  1.455794e-01   7.483528e-09   6.081944e-05   1.888672e-10   3108
  1.457624e-01   8.808005e-09   5.342638e-05   2.382664e-10   2604
  1.459497e-01   8.642045e-09   5.755533e-05   2.049173e-10   3096
  1.461557e-01   8.153048e-09   5.244045e-05   1.888442e-10   3084
  1.463344e-01   7.845993e-09   5.351467e-05   1.976923e-10   2664
  1.465186e-01   8.212814e-09   4.719154e-05   2.318484e-10   2232
  1.466991e-01   7.364663e-09   5.813285e-05   1.814103e-10   2808
  1.468967e-01   8.281472e-09   5.491548e-05   2.285560e-10   2592
  1.470812e-01   9.201556e-09   5.637734e-05   2.335998e-10   2952
  1.472751e-01   8.034536e-09   5.322712e-05   2.123152e-10   2772
  1.474636e-01   8.233999e-09   5.724243e-05   2.046109e-10   3036
  1.476608e-01   7.761795e-09   5.552544e-05   2.331265e-10   2136
  1.478406e-01   7.887754e-09   4.428166e-05   2.206832e-10   2496
  1.480253e-01   9.169259e-09   5.897987e-05   2.643614e-10   2228
  1.482178e-01   9.236868e-09   5.498815e-05   2.489938e-10   3048
  1.484095e-01   8.440460e-09   5.252629e-05   2.347950e-10   2676
  1.485999e-01   8.020677e-09   5.232778e-05   2.016197e-10   2784
  1.487819e-01   8.245816e-09   5.083655e-05   2.487385e-10   1920
  1.489644e-01   7.961621e-09   5.425489e-05   2.143360e-10   2400
  1.491622e-01   7.692375e-09   4.976293e-05   2.016579e-10   2532
  1.493668e-01   8.592929e-09   5.527471e-05   2.403090e-10   2544
  1.495508e-01   9.368211e-09   5.782485e-05   2.446345e-10   2772
  1.497321e-01   7.951192e-09   5.416235e-05   2.592384e-10   2160
  1.499122e-01   8.713943e-09   5.833800e-05   2.501436e-10   2304
  1.501205e-01   8.222245e-09   5.708675e-05   2.501980e-10   2328
  1.503072e-01   7.399082e-09   5.473414e-05   2.095593e-10   2304
  1.504802e-01   7.389078e-09   5.175871e-05   2.290063e-10   1908
  1.506770e-01   9.552156e-09   5.788879e-05   2.825114e-10   2736
  1.508665e-01   8.948873e-09   5.484959e-05   2.743383e-10   2448
  1.510681e-01   9.379113e-09   5.128140e-05   2.813788e-10   2040
  1.512505e-01   7.269473e-09   5.339440e-05   2.431160e-10   2120
  1.514259e-01   8.796600e-09   4.426936e-05   2.622103e-10   2040
  1.516147e-01   7.517528e-09   5.492411e-05   2.527304e-10   2208
  1.518284e-01   9.527527e-09   4.931353e-05   3.036068e-10   2208
  1.520014e-01   1.072014e-08   5.464881e-05   3.202380e-10   2196
  1.521803e-01   7.196411e-09   4.807257e-05   2.309122e-10   1848
  1.523622e-01   8.597550e-09   5.452065e-05   2.858034e-10   2124
  1.525658e-01   8.214803e-09   5.719099e-05   2.602585e-10   2328
  1.527645e-01   7.970279e-09   5.822541e-05   2.712824e-10   1920
  1.529578e-01   7.895333e-09   5.345026e-05   2.820306e-10   1548
  1.531296e-01   9.689484e-09   5.863326e-05   2.857765e-10   2388
  1.533323e-01   7.852677e-09   5.425817e-05   2.734965e-10   2160
  1.535180e-01   8.285396e-09   4.938523e-05   3.141348e-10   1704
  1.536959e-01   8.023849e-09   5.563683e-05   3.007658e-10   1776
  1.538641e-01   7.922345e-09   5.204124e-05   2.818068e-10   1800
  1.540769e-01   7.167525e-09   6.007681e-05   2.599686e-10   1700
  1.542756e-01   9.615824e-09   5.409196e-05   3.278307e-10   2292
  1.544607e-01   8.470544e-09   5.021339e-05   3.237030e-10   1704
  1.546353e-01   8.445978e-09   5.614699e-05   3.203641e-10   1728
  1.548266e-01   7.723344e-09   5.196531e-05   2.921446e-10   1728
  1.550140e-01   9.362978e-09   5.191643e-05   3.575022e-10   1680
  1.552134e-01   6.495654e-09   5.980927e-05   2.365205e-10   1704
  1.554120e-01   7.428964e-09   4.696819e-05   2.558586e-10   1752
  1.555896e-01   8.723133e-09   5.583625e-05   3.312193e-10   1872
  1.557818e-01   8.487640e-09   5.472567e-05   3.439640e-10   1500
  1.559767e-01   7.773118e-09   4.792033e-05   2.940387e-10   1656
  1.561660e-01   8.696111e-09   5.137970e-05   3.289386e-10   1464
  1.563342e-01   6.365892e-09   4.500348e-05   2.953877e-10   1488
  1.565406e-01   7.164523e-09   5.431584e-05   2.587826e-10   1680
  1.567291e-01   7.858519e-09   5.674644e-05   3.039190e-10   1692
  1.569056e-01   7.601923e-09   5.433759e-05   3.374044e-10   1128
  1.571014e-01   7.965253e-09   5.232240e-05   3.181723e-10   1536
  1.572925e-01   6.778220e-09   5.454085e-05   3.044232e-10   1616
  1.574859e-01   6.845164e-09   5.259446e-05   2.902455e-10   1476
  1.576808e-01   6.569725e-09   5.788150e-05   3.340617e-10   1176
  1.578548e-01   7.186294e-09   6.218750e-05   2.589119e-10   1656
  1.580443e-01   7.523776e-09   5.462596e-05   4.110937e-10   891
  1.582397e-01   6.491017e-09   5.823175e-05   2.388960e-10   1596
  1.584300e-01   6.337234e-09   5.077964e-05   2.753753e-10   1422
  1.586177e-01   6.347411e-09   4.869427e-05   2.738759e-10   1254
  1.587944e-01   5.621371e-09   4.974674e-05   2.493796e-10   918
  1.589835e-01   6.936970e-09   5.444480e-05   2.469641e-10   1614
  1.591741e-01   5.506741e-09   4.703016e-05   3.045472e-10   798
  1.593636e-01   5.419844e-09   6.028707e-05   2.160556e-10   1458
  1.595558e-01   6.161533e-09   5.520284e-05   2.338285e-10   1374
  1.597457e-01   5.073313e-09   4.714691e-05   2.421186e-10   984
  1.599341e-01   5.686536e-09   6.486761e-05   2.319372e-10   1062
  1.601260e-01   6.445764e-09   5.498755e-05   2.759189e-10   1246
  1.603123e-01   4.592518e-09   5.098704e-05   2.191421e-10   1072
  1.605114e-01   4.855590e-09   5.521570e-05   2.379043e-10   1110
  1.606954e-01   5.861568e-09   5.981818e-05   2.237512e-10   1254
  1.608887e-01   5.083387e-09   5.677061e-05   2.572881e-10   1032
  1.610994e-01   5.665901e-09   5.259756e-05   3.211197e-10   786
  1.612597e-01   5.714621e-09   5.392385e-05   2.354380e-10   1152
  1.614473e-01   4.696465e-09   5.877162e-05   2.058375e-10   1086
  1.616428e-01   3.675046e-09   5.302513e-05   1.463506e-10   912
  1.618235e-01   7.015222e-09   5.315276e-05   3.121811e-10   1062
  1.620079e-01   4.535034e-09   5.298047e-05   1.850905e-10   912
  1.622210e-01   3.884459e-09   5.914359e-05   1.924220e-10   750
  1.623871e-01   5.712190e-09   5.698528e-05   2.420735e-10   1200
  1.625793e-01   4.601819e-09   5.160465e-05   2.484686e-10   918
  1.627704e-01   3.995140e-09   5.356390e-05   1.802557e-10   876
  1.629646e-01   5.699280e-09   4.680410e-05   2.557869e-10   870
  1.631346e-01   5.012099e-09   5.458953e-05   2.343932e-10   768
  1.633339e-01   3.349789e-09   5.003419e-05   1.512987e-10   830
  1.635185e-01   4.727885e-09   5.180375e-05   2.136491e-10   1080
  1.637096e-01   4.469654e-09   5.828600e-05   2.081766e-10   840
  1.639023e-01   3.533768e-09   5.612300e-05   1.581380e-10   798
  1.641209e-01   5.854614e-09   4.454570e-05   3.045491e-10   792
  1.642903e-01   3.879770e-09   5.195472e-05   1.904079e-10   726
  1.644681e-01   3.171676e-09   5.821815e-05   1.132586e-10   864
  1.646629e-01   4.108582e-09   4.983340e-05   2.171393e-10   900
  1.648604e-01   3.346355e-09   5.538304e-05   1.407870e-10   726
  1.650298e-01   3.605488e-09   4.793162e-05   1.658449e-10   576
  1.652558e-01   4.022963e-09   4.988138e-05   1.971498e-10   840
  1.654148e-01   3.516024e-09   5.177999e-05   1.830165e-10   750
  1.656031e-01   3.228288e-09   5.193723e-05   1.528813e-10   720
  1.657808e-01   4.108704e-09   5.254237e-05   2.152171e-10   702
  1.659883e-01   3.696964e-09   5.738333e-05   1.746831e-10   696
  1.661591e-01   3.755679e-09   5.131861e-05   2.210561e-10   480
  1.663603e-01   3.643616e-09   4.862650e-05   1.718045e-10   830
  1.665385e-01   3.482267e-09   5.656839e-05   1.587907e-10   756
  1.667381e-01   3.601315e-09   5.431560e-05   1.883325e-10   624
  1.669143e-01   3.226269e-09   5.739205e-05   1.679400e-10   582
  1.671227e-01   3.957105e-09   4.404969e-05   2.354277e-10   576
  1.673028e-01   3.036268e-09   5.899693e-05   1.462301e-10   624
  1.674876e-01   3.485430e-09   4.818278e-05   1.768941e-10   702
  1.676704e-01   3.179360e-09   5.542308e-05   1.549650e-10   624
  1.678876e-01   3.517827e-09   5.361811e-05   1.738266e-10   672
  1.680645e-01   2.604882e-09   4.013818e-05   1.648502e-10   342
  1.682588e-01   3.377596e-09   5.017801e-05   2.006823e-10   660
  1.684375e-01   2.571155e-09   5.158082e-05   1.672007e-10   576
  1.686219e-01   2.855558e-09   5.014695e-05   1.729114e-10   600
  1.688084e-01   2.657765e-09   5.800185e-05   1.579973e-10   510
  1.690182e-01   3.215366e-09   5.433905e-05   1.659441e-10   600
  1.691799e-01   2.445184e-09   4.327898e-05   1.730060e-10   216
  1.693683e-01   2.705813e-09   5.267801e-05   1.296050e-10   758
  1.695879e-01   2.365964e-09   5.767123e-05   1.354098e-10   576
  1.697804e-01   2.923487e-09   4.896130e-05   1.507249e-10   528
  1.699541e-01   2.648276e-09   3.371688e-05   1.999883e-10   318
  1.701407e-01   3.151424e-09   5.824619e-05   1.596710e-10   540
  1.703614e-01   1.543177e-09   4.117918e-05   9.607393e-11   384
  1.705109e-01   2.742333e-09   5.689529e-05   1.542964e-10   576
  1.707055e-01   2.025153e-09   4.649400e-05   1.123089e-10   414
  1.708895e-01   2.769467e-09   5.191861e-05   1.566491e-10   504
  1.710861e-01   2.743521e-09   5.699452e-05   1.488008e-10   312
  1.712749e-01   2.519102e-09   5.163773e-05   1.780892e-10   414
  1.714622e-01   1.863678e-09   4.770498e-05   1.065077e-10   432
  1.716366e-01   2.206701e-09   6.317839e-05   1.264151e-10   504
  1.718384e-01   2.472859e-09   6.084789e-05   1.423716e-10   432
  1.720272e-01   2.192540e-09   4.984355e-05   1.255209e-10   354
  1.722197e-01   2.501394e-09   7.252844e-05   1.933823e-10   200
  1.723847e-01   1.860817e-09   5.146127e-05   1.157222e-10   480
  1.726077e-01   1.967772e-09   5.880577e-05   1.086649e-10   552
  1.728123e-01   1.948566e-09   3.663130e-05   1.349466e-10   366
  1.729700e-01   2.377455e-09   3.899587e-05   2.335454e-10   240
  1.731435e-01   2.379945e-09   5.451781e-05   1.382693e-10   288
  1.733877e-01   1.870127e-09   3.746781e-05   1.238349e-10   366
  1.735456e-01   1.496277e-09   6.074715e-05   8.531787e-11   408
  1.737218e-01   1.715150e-09   4.566618e-05   1.263189e-10   360
  1.739041e-01   1.896141e-09   4.256852e-05   1.180526e-10   324
  1.740810e-01   2.009796e-09   5.027477e-05   1.671946e-10   174
  1.742916e-01   1.789551e-09   5.775865e-05   1.288766e-10   264
  1.744893e-01   1.545005e-09   5.267873e-05   1.002726e-10   456
  1.746864e-01   1.622534e-09   5.297052e-05   1.071576e-10   360
  1.748485e-01   1.577373e-09   5.835212e-05   1.259937e-10   270
  1.750470e-01   1.941205e-09   6.381986e-05   1.554008e-10   240
  1.752957e-01   2.580944e-09   4.650743e-05   2.185021e-10   120
  1.754180e-01   8.773497e-10   4.855218e-05   5.525403e-11   320
  1.756153e-01   1.491204e-09   6.007498e-05   7.563630e-11   462
  1.758220e-01   1.515502e-09   3.495204e-05   9.548052e-11   276
  1.760015e-01   1.705872e-09   3.965255e-05   1.493852e-10   144
  1.761745e-01   2.163321e-09   4.164291e-05   2.292632e-10   120
  1.764045e-01   1.039552e-09   3.153464e-05   5.997675e-11   294
  1.765782e-01   1.296431e-09   5.594413e-05   8.278176e-11   384
  1.767404e-01   1.126166e-09   3.703465e-05   7.465262e-11   216
  1.768956e-01   1.837687e-09   3.439293e-05   1.536473e-10   168
  1.770709e-01   1.507826e-09   4.092209e-05   1.544341e-10   102
  1.773243e-01   1.142962e-09   6.208690e-05   1.005090e-10   168
  1.775020e-01   1.111623e-09   5.434098e-05   6.596416e-11   384
  1.776968e-01   1.303130e-09   5.521179e-05   1.106654e-10   300
  1.778781e-01   1.404622e-09   5.911986e-05   1.039896e-10   144
  1.780824e-01   1.532664e-09   6.054709e-05   1.598105e-10   102
  1.783277e-01   1.646362e-09   1.433284e-05   2.425100e-10   56
  1.784452e-01   7.550310e-10   4.666401e-05   4.848094e-11   288
  1.786294e-01   9.531897e-10   6.072721e-05   4.687070e-11   360
  1.788300e-01   9.455732e-10   3.257600e-05   7.571028e-11   126
  1.789991e-01   9.536503e-10   1.604404e-05   1.106412e-10   72
  1.791834e-01   1.563973e-09   8.500159e-06   1.852763e-10   48
  1.794237e-01   6.683131e-10   3.438718e-05   5.252179e-11   240
  1.795817e-01   9.636143e-10   5.102152e-05   5.689774e-11   306
  1.797435e-01   1.097646e-09   2.835661e-05   1.066972e-10   120
  1.799298e-01   1.477368e-09   6.978942e-05   1.739504e-10   96
  1.800652e-01   1.734822e-09   0.000000e+00   1.965160e-10   24
  1.803694e-01   6.089636e-10   6.043586e-05   6.828457e-11   120
  1.805185e-01   6.640175e-10   5.226594e-05   4.139496e-11   318
  1.807009e-01   1.026056e-09   5.585326e-05   6.956712e-11   168
  1.809007e-01   1.319757e-09   5.993681e-05   1.288641e-10   72
  1.811194e-01   8.694459e-10   0.000000e+00   1.204235e-10   24
  1.813547e-01   9.044720e-10   2.909354e-05   2.669387e-10   14
  1.814667e-01   5.238627e-10   4.588700e-05   3.035179e-11   288
  1.816405e-01   6.948359e-10   5.520456e-05   5.664634e-11   204
  1.818412e-01   1.212099e-09   8.375919e-06   1.653089e-10   48
  1.820003e-01   2.064963e-09   0.000000e+00   4.110663e-10   24
  1.821843e-01   1.080817e-09   0.000000e+00   2.230173e-10   6
  1.824488e-01   4.060875e-10   3.430758e-05   3.162148e-11   216
  1.825851e-01   6.283332e-10   4.568831e-05   4.752016e-11   192
  1.827519e-01   5.648059e-10   8.334179e-06   1.005873e-10   48
  1.829268e-01   1.428493e-09   6.659150e-05   1.903470e-10   30
  1.834216e-01   4.313055e-10   1.377047e-05   4.348782e-11   96
  1.835231e-01   4.404938e-10   4.512223e-05   2.741842e-11   228
  1.837161e-01   8.324946e-10   5.900547e-05   1.060437e-10   72
  1.839481e-01   7.655081e-10   1.998073e-09   2.414103e-10   6
  1.844765e-01   4.245119e-10   4.455232e-05   2.761015e-11   248
  1.846450e-01   4.911998e-10   5.099246e-05   6.232750e-11   72
  1.848484e-01   5.166683e-10   0.000000e+00   1.347437e-10   6
  1.854632e-01   2.704224e-10   3.165950e-05   2.073394e-11   180
  1.855858e-01   4.537290e-10   4.307774e-05   4.655306e-11   72
  1.857608e-01   2.523864e-10   0.000000e+00   7.658823e-11   6
  1.864441e-01   2.480100e-10   1.354722e-05   2.916274e-11   96
  1.865258e-01   2.788723e-10   3.719279e-05   2.722369e-11   96
  1.866850e-01   1.548681e-09   0.000000e+00   1.278544e-10   6
  1.874747e-01   1.861250e-10   3.559638e-05   1.417480e-11   140
  1.876209e-01   3.864711e-10   1.998073e-09   1.884100e-11   6
  1.884673e-01   1.910002e-10   2.390457e-05   2.587580e-11   96
  1.885683e-01   3.566806e-10   3.460764e-09   9.088275e-11   6
  1.894627e-01   1.214261e-10   1.438057e-05   1.589757e-11   60
  1.895270e-01   1.169997e-10   0.000000e+00   4.357338e-11   6
  1.904666e-01   6.103182e-11   1.457893e-05   1.063751e-11   38
  1.914672e-01   3.708111e-11   7.499772e-06   6.654637e-12   18
  1.924695e-01   8.027027e-12   0.000000e+00   3.275640e-12   6
