# power spectrum of T00_kessence
# redshift z=9.995120
# k              Pk             sigma(k)       sigma(Pk)      count
  1.963495e-02   3.266120e-13   0.000000e+00   7.348869e-14   6
  2.776802e-02   9.159387e-14   0.000000e+00   1.718455e-14   12
  3.400874e-02   4.389904e-14   3.725290e-10   7.321658e-15   8
  3.926991e-02   4.530369e-14   0.000000e+00   1.254064e-14   6
  4.390509e-02   4.517219e-14   7.024475e-10   9.909400e-15   24
  4.809562e-02   2.507456e-14   7.024475e-10   4.518312e-15   24
  5.553604e-02   3.000323e-14   0.000000e+00   6.438304e-15   12
  5.890486e-02   1.706527e-14   7.947286e-10   2.137778e-15   30
  6.209118e-02   9.196581e-15   0.000000e+00   2.558016e-15   24
  6.512178e-02   1.195430e-14   1.216675e-09   2.956086e-15   24
  6.801748e-02   1.068152e-14   7.450581e-10   2.396328e-15   8
  7.079483e-02   6.315717e-15   9.934107e-10   1.765493e-15   24
  7.346727e-02   1.436869e-14   0.000000e+00   1.891274e-15   48
  7.853982e-02   7.719117e-15   0.000000e+00   3.782851e-16   6
  8.095699e-02   8.208131e-15   9.934107e-10   9.719296e-16   48
  8.330406e-02   1.222382e-14   9.365966e-10   1.610732e-15   36
  8.558678e-02   1.256137e-14   9.934107e-10   3.699759e-15   24
  8.781018e-02   5.593663e-15   1.404895e-09   1.098874e-15   24
  8.997866e-02   6.530811e-15   0.000000e+00   7.863655e-16   48
  9.209610e-02   1.010100e-14   1.404895e-09   1.777049e-15   24
  9.619124e-02   1.053991e-14   1.404895e-09   2.453053e-15   24
  9.817477e-02   4.626045e-15   0.000000e+00   7.869217e-16   30
  1.001190e-01   6.226399e-15   0.000000e+00   6.772798e-16   72
  1.020262e-01   6.253063e-15   1.490116e-09   9.654303e-16   32
  1.057375e-01   3.775583e-15   0.000000e+00   4.321921e-16   72
  1.075451e-01   4.498347e-15   0.000000e+00   6.489420e-16   48
  1.110721e-01   1.986317e-15   0.000000e+00   4.086667e-16   12
  1.127942e-01   3.839568e-15   0.000000e+00   4.024854e-16   48
  1.144905e-01   3.570174e-15   0.000000e+00   3.011437e-16   48
  1.161620e-01   3.276041e-15   1.404895e-09   5.076937e-16   48
  1.178097e-01   3.700797e-15   1.589457e-09   5.035944e-16   30
  1.194348e-01   2.472365e-15   0.000000e+00   5.644098e-16   24
  1.210380e-01   2.690943e-15   2.961779e-09   2.651734e-16   72
  1.241824e-01   3.095594e-15   0.000000e+00   6.002487e-16   24
  1.257251e-01   3.355689e-15   0.000000e+00   3.381501e-16   96
  1.272490e-01   3.260492e-15   0.000000e+00   4.674602e-16   48
  1.287550e-01   4.650622e-15   2.433349e-09   7.932428e-16   24
  1.302436e-01   3.299585e-15   2.433349e-09   4.164869e-16   24
  1.317153e-01   3.260124e-15   0.000000e+00   3.058397e-16   72
  1.331707e-01   1.971881e-15   0.000000e+00   2.219629e-16   48
  1.360350e-01   1.635864e-15   1.490116e-09   3.676252e-16   8
  1.374447e-01   2.477628e-15   1.766064e-09   3.067973e-16   54
  1.388401e-01   1.974973e-15   0.000000e+00   2.086228e-16   84
  1.402216e-01   2.358793e-15   0.000000e+00   4.586435e-16   48
  1.415897e-01   2.452266e-15   1.986821e-09   4.526894e-16   24
  1.429446e-01   3.220377e-15   2.649095e-09   4.979717e-16   72
  1.442869e-01   2.004894e-15   0.000000e+00   1.825044e-16   96
  1.469345e-01   1.480644e-15   0.000000e+00   2.206182e-16   48
  1.482407e-01   1.512292e-15   0.000000e+00   1.844269e-16   48
  1.495354e-01   1.854942e-15   0.000000e+00   4.617611e-16   24
  1.508189e-01   2.115181e-15   0.000000e+00   2.086309e-16   72
  1.533539e-01   1.304618e-15   0.000000e+00   1.418642e-16   72
  1.546058e-01   1.788705e-15   0.000000e+00   1.716364e-16   96
  1.570796e-01   9.852132e-16   0.000000e+00   1.576586e-16   6
  1.583021e-01   1.526173e-15   0.000000e+00   1.409859e-16   96
  1.595151e-01   1.806554e-15   1.986821e-09   2.003263e-16   96
  1.607190e-01   1.244330e-15   0.000000e+00   1.845924e-16   24
  1.619140e-01   1.598336e-15   1.986821e-09   3.028955e-16   48
  1.631002e-01   1.465134e-15   0.000000e+00   1.395615e-16   96
  1.642778e-01   1.327777e-15   0.000000e+00   1.730962e-16   48
  1.666081e-01   1.293365e-15   1.873193e-09   2.461205e-16   36
  1.677611e-01   1.578294e-15   3.441276e-09   2.771216e-16   48
  1.689063e-01   1.656918e-15   3.893359e-09   1.285133e-16   120
  1.700437e-01   1.345701e-15   0.000000e+00   1.789240e-16   56
  1.711736e-01   8.480612e-16   1.986821e-09   1.716779e-16   24
  1.722960e-01   1.331811e-15   0.000000e+00   1.323593e-16   96
  1.734112e-01   1.301455e-15   0.000000e+00   2.116697e-16   48
  1.756204e-01   1.491634e-15   2.809790e-09   2.058827e-16   24
  1.767146e-01   1.306491e-15   0.000000e+00   1.219108e-16   102
  1.778021e-01   1.135731e-15   1.986821e-09   1.447492e-16   48
  1.788829e-01   1.017885e-15   0.000000e+00   9.613378e-17   72
  1.799573e-01   1.513035e-15   0.000000e+00   2.159351e-16   48
  1.810253e-01   1.176295e-15   0.000000e+00   2.563869e-16   48
  1.820871e-01   1.184081e-15   4.495664e-09   1.115472e-16   120
  1.841922e-01   1.016793e-15   2.809790e-09   1.949991e-16   24
  1.852358e-01   1.240789e-15   2.649095e-09   8.191955e-17   144
  1.862735e-01   7.972146e-16   3.178914e-09   6.679426e-17   120
  1.873055e-01   9.980578e-16   2.809790e-09   1.528660e-16   48
  1.893526e-01   9.511279e-16   2.809790e-09   1.514428e-16   48
  1.903679e-01   8.066084e-16   2.809790e-09   7.407260e-17   96
  1.930487e-01   1.016013e-15   4.711199e-04   1.238610e-16   72
  1.943761e-01   8.456974e-16   2.497591e-09   7.590504e-17   108
  1.953653e-01   1.118659e-15   0.000000e+00   1.134189e-16   72
  1.963495e-01   7.081626e-16   0.000000e+00   1.379483e-16   30
  1.973288e-01   7.582642e-16   0.000000e+00   5.541446e-17   168
  1.983033e-01   1.058085e-15   0.000000e+00   1.044001e-16   48
  2.002380e-01   5.833443e-16   0.000000e+00   6.525112e-17   72
  2.011984e-01   1.047095e-15   0.000000e+00   1.102566e-16   96
  2.021542e-01   6.941456e-16   5.298191e-09   6.870961e-17   72
  2.031055e-01   7.192396e-16   0.000000e+00   9.008156e-17   72
  2.047049e-01   6.213373e-16   4.350048e-04   4.897326e-17   104
  2.059331e-01   7.391281e-16   3.746387e-09   5.679421e-17   144
  2.087224e-01   7.249914e-16   6.282881e-09   5.884224e-17   96
  2.096439e-01   7.463477e-16   0.000000e+00   6.868158e-17   96
  2.111095e-01   7.012075e-16   4.475232e-04   6.724483e-17   120
  2.123845e-01   6.492540e-16   0.000000e+00   5.432671e-17   120
  2.132902e-01   5.990090e-16   0.000000e+00   9.977651e-17   72
  2.150901e-01   7.013572e-16   0.000000e+00   9.978242e-17   48
  2.159845e-01   6.297947e-16   4.890638e-09   6.371671e-17   78
  2.171286e-01   6.276207e-16   4.007142e-04   4.509094e-17   168
  2.195255e-01   6.775602e-16   4.588368e-09   5.120082e-17   144
  2.204018e-01   6.099047e-16   3.746387e-09   4.650609e-17   144
  2.229436e-01   5.173699e-16   2.307791e-04   4.559960e-17   156
  2.238729e-01   4.963904e-16   4.866699e-09   6.138283e-17   48
  2.247323e-01   6.796909e-16   3.178914e-09   7.279433e-17   120
  2.255884e-01   6.091237e-16   0.000000e+00   8.166654e-17   48
  2.271022e-01   5.837875e-16   3.532495e-04   4.158009e-17   216
  2.289809e-01   5.990038e-16   0.000000e+00   1.235466e-16   48
  2.298212e-01   6.215844e-16   2.809790e-09   6.499959e-17   96
  2.310160e-01   5.154932e-16   4.128272e-04   3.442121e-17   168
  2.323239e-01   5.100805e-16   2.809790e-09   6.908829e-17   48
  2.331522e-01   4.560208e-16   0.000000e+00   4.003189e-17   96
  2.339775e-01   5.807311e-16   0.000000e+00   7.727394e-17   48
  2.356194e-01   3.647893e-16   3.178914e-09   5.478706e-17   30
  2.364362e-01   4.927719e-16   0.000000e+00   4.292046e-17   96
  2.374123e-01   4.745753e-16   3.244455e-04   2.811935e-17   240
  2.386674e-01   5.815976e-16   3.500299e-04   1.225286e-16   32
  2.396752e-01   5.650887e-16   0.000000e+00   4.029606e-17   168
  2.404781e-01   5.841614e-16   0.000000e+00   5.150272e-17   120
  2.420760e-01   5.679251e-16   5.923557e-09   6.003842e-17   72
  2.428710e-01   4.025707e-16   2.649095e-09   2.957231e-17   144
  2.436634e-01   5.824752e-16   0.000000e+00   6.024440e-17   96
  2.444532e-01   5.578046e-16   0.000000e+00   5.036008e-17   96
  2.460253e-01   4.361312e-16   0.000000e+00   4.950757e-17   72
  2.468075e-01   4.503896e-16   3.973643e-09   4.269403e-17   96
  2.483647e-01   2.432557e-16   0.000000e+00   4.669288e-17   24
  2.491396e-01   3.712267e-16   0.000000e+00   2.801433e-17   192
  2.500522e-01   3.943704e-16   2.970416e-04   2.731093e-17   132
  2.514501e-01   4.426404e-16   0.000000e+00   5.019857e-17   96
  2.522156e-01   3.772499e-16   0.000000e+00   4.214644e-17   96
  2.529787e-01   4.714351e-16   3.178914e-09   4.457768e-17   120
  2.544981e-01   3.308902e-16   0.000000e+00   4.052805e-17   48
  2.557435e-01   3.242261e-16   3.599905e-04   2.503221e-17   222
  2.567603e-01   4.210820e-16   0.000000e+00   3.584753e-17   120
  2.575100e-01   4.642913e-16   4.866699e-09   1.042710e-16   24
  2.586015e-01   3.981722e-16   3.715625e-04   2.034915e-17   312
  2.609797e-01   3.666867e-16   3.483547e-04   3.282646e-17   72
  2.619630e-01   3.646999e-16   4.866699e-09   3.182215e-17   96
  2.629726e-01   3.469263e-16   3.547511e-04   2.934472e-17   192
  2.641613e-01   3.269780e-16   4.495664e-09   2.985925e-17   120
  2.648900e-01   3.320489e-16   0.000000e+00   2.532636e-17   144
  2.663415e-01   2.741904e-16   0.000000e+00   3.866163e-17   48
  2.673732e-01   3.290485e-16   3.567146e-04   2.009326e-17   336
  2.685040e-01   3.008786e-16   0.000000e+00   4.138459e-17   48
  2.699360e-01   3.278870e-16   0.000000e+00   2.596598e-17   192
  2.706492e-01   3.393374e-16   0.000000e+00   4.056023e-17   48
  2.726764e-01   4.773017e-16   2.476067e-04   5.672546e-17   56
  2.736844e-01   3.108059e-16   3.180112e-04   1.788004e-17   336
  2.748894e-01   2.663248e-16   3.532127e-09   2.982765e-17   54
  2.759390e-01   2.918865e-16   3.492904e-04   1.677439e-17   240
  2.781181e-01   2.823772e-16   3.344484e-04   1.801325e-17   228
  2.790651e-01   3.860487e-16   3.746387e-09   3.970459e-17   72
  2.799844e-01   3.663453e-16   3.244231e-04   3.284673e-17   144
  2.811298e-01   3.130024e-16   0.000000e+00   3.882106e-17   96
  2.818146e-01   2.475973e-16   4.495664e-09   1.647409e-17   240
  2.831793e-01   2.879194e-16   3.973643e-09   4.738316e-17   24
  2.840530e-01   3.292403e-16   3.064151e-04   1.704771e-17   336
  2.852142e-01   2.814768e-16   0.000000e+00   2.777008e-17   72
  2.862741e-01   2.607215e-16   3.332831e-04   1.722129e-17   168
  2.872346e-01   1.836923e-16   0.000000e+00   1.601609e-17   72
  2.885737e-01   2.610087e-16   0.000000e+00   2.288408e-17   96
  2.896108e-01   2.908419e-16   3.307829e-04   2.129427e-17   216
  2.905708e-01   3.619943e-16   0.000000e+00   2.862240e-17   96
  2.918946e-01   2.316066e-16   3.973643e-09   1.772286e-17   192
  2.925542e-01   2.439167e-16   3.746387e-09   2.001082e-17   144
  2.938691e-01   3.816594e-16   0.000000e+00   4.194989e-17   48
  2.947794e-01   3.210141e-16   3.189136e-04   2.015040e-17   246
  2.960164e-01   2.527127e-16   2.940434e-04   1.855179e-17   168
  2.971308e-01   2.637359e-16   7.786718e-09   2.808052e-17   120
  2.977788e-01   2.475254e-16   0.000000e+00   1.463473e-17   240
  2.990707e-01   2.694546e-16   0.000000e+00   7.277764e-17   24
  3.001001e-01   2.862920e-16   3.147475e-04   1.479454e-17   360
  3.013820e-01   2.352691e-16   3.134082e-04   1.838806e-17   120
  3.022763e-01   2.546961e-16   0.000000e+00   2.113239e-17   144
  3.029133e-01   2.824962e-16   0.000000e+00   2.964038e-17   96
  3.048165e-01   2.488609e-16   0.000000e+00   1.684673e-17   144
  3.054482e-01   1.926983e-16   0.000000e+00   2.058883e-17   132
  3.063360e-01   1.735051e-16   3.093292e-04   1.283153e-17   176
  3.076248e-01   2.509423e-16   3.123602e-04   1.354089e-17   312
  3.092116e-01   2.870519e-16   0.000000e+00   2.935403e-17   96
  3.098343e-01   3.063247e-16   0.000000e+00   2.784935e-17   144
  3.107899e-01   2.608392e-16   3.092271e-04   1.374577e-17   312
  3.123131e-01   2.232958e-16   0.000000e+00   3.455503e-17   48
  3.129297e-01   2.449367e-16   3.973643e-09   2.048332e-17   192
  3.141593e-01   4.522666e-17   0.000000e+00   1.158990e-17   6
  3.149762e-01   2.191995e-16   2.884066e-04   1.300170e-17   288
  3.162994e-01   1.925547e-16   3.047203e-04   1.256411e-17   192
  3.172124e-01   2.283819e-16   9.345130e-09   1.589902e-17   216
  3.178195e-01   1.514382e-16   0.000000e+00   1.392107e-17   72
  3.193321e-01   1.748968e-16   3.018264e-04   1.430462e-17   192
  3.203366e-01   2.484029e-16   2.241224e-04   1.632530e-17   288
  3.214381e-01   1.614881e-16   0.000000e+00   2.374339e-17   24
  3.222890e-01   2.001307e-16   2.952626e-04   8.478848e-18   456
  3.238280e-01   1.735762e-16   3.973643e-09   1.972452e-17   48
  3.247789e-01   1.716351e-16   2.908218e-04   1.164943e-17   240
  3.258718e-01   1.854326e-16   2.939082e-04   1.395641e-17   216
  3.267908e-01   1.757723e-16   0.000000e+00   2.212132e-17   72
  3.273801e-01   2.197236e-16   1.015467e-08   1.544671e-17   168
  3.290441e-01   2.013056e-16   2.184577e-04   1.408100e-17   288
  3.299773e-01   2.066484e-16   2.890570e-04   1.817906e-17   168
  3.314762e-01   1.697040e-16   0.000000e+00   1.177817e-17   192
  3.320572e-01   2.501640e-16   3.746387e-09   2.160606e-17   144
  3.332162e-01   1.999900e-16   3.746387e-09   2.626851e-17   36
  3.341991e-01   1.652949e-16   2.639705e-04   9.459310e-18   342
  3.351389e-01   2.023244e-16   2.710657e-04   1.758543e-17   144
  3.363470e-01   1.762918e-16   2.842800e-04   8.027866e-18   384
  3.378125e-01   1.764861e-16   7.786718e-09   1.970408e-17   120
  3.385379e-01   1.546625e-16   2.534951e-04   1.027917e-17   264
  3.395201e-01   1.619059e-16   1.256576e-08   9.977622e-18   192
  3.404451e-01   1.910960e-16   2.731894e-04   1.388888e-17   152
  3.412191e-01   1.570520e-16   7.492773e-09   1.199103e-17   144
  3.428472e-01   1.514624e-16   1.768108e-04   1.049625e-17   216
  3.436008e-01   1.538563e-16   2.362665e-04   8.721065e-18   312
  3.449274e-01   1.698328e-16   2.738281e-04   1.125185e-17   240
  3.457090e-01   1.685574e-16   3.973643e-09   1.759406e-17   96
  3.471927e-01   1.374305e-16   2.617995e-04   1.183925e-17   144
  3.481071e-01   1.760752e-16   2.573258e-04   8.775459e-18   456
  3.495904e-01   1.612461e-16   0.000000e+00   1.681558e-17   120
  3.501414e-01   1.499587e-16   0.000000e+00   1.252128e-17   144
  3.512407e-01   1.403072e-16   5.619580e-09   1.895655e-17   24
  3.519456e-01   1.559952e-16   2.473498e-04   8.597192e-18   336
  3.531645e-01   1.336283e-16   2.727931e-04   9.715877e-18   198
  3.543067e-01   1.419277e-16   2.652756e-04   5.932353e-18   432
  3.556041e-01   1.541833e-16   3.973643e-09   2.152412e-17   48
  3.562810e-01   1.498688e-16   2.341925e-04   7.367951e-18   384
  3.574963e-01   1.670707e-16   2.696052e-04   1.315025e-17   144
  3.585975e-01   1.392321e-16   2.676825e-04   7.417341e-18   264
  3.599147e-01   1.346396e-16   0.000000e+00   1.361833e-17   48
  3.607984e-01   1.208014e-16   2.545223e-04   6.872107e-18   276
  3.616510e-01   1.624299e-16   2.307176e-04   1.082938e-17   192
  3.627906e-01   1.414238e-16   2.592759e-04   5.546707e-18   552
  3.641741e-01   1.215882e-16   8.991328e-09   1.060301e-17   120
  3.649965e-01   1.153368e-16   2.624511e-04   7.683479e-18   216
  3.657587e-01   1.438800e-16   4.495664e-09   1.236471e-17   120
  3.671201e-01   1.333770e-16   2.584500e-04   6.182885e-18   408
  3.683844e-01   2.014789e-16   5.619580e-09   4.344486e-17   24
  3.691684e-01   1.267811e-16   2.610810e-04   7.006747e-18   384
  3.702633e-01   1.495877e-16   2.550855e-04   1.033273e-17   240
  3.712141e-01   1.103833e-16   2.569535e-04   7.674934e-18   168
  3.725471e-01   1.481820e-16   6.357829e-09   1.240775e-17   120
  3.734064e-01   1.042200e-16   2.678605e-04   5.335413e-18   350
  3.748037e-01   1.374575e-16   4.409502e-04   7.583387e-18   384
  3.756388e-01   1.247682e-16   0.000000e+00   8.090825e-18   144
  3.771752e-01   1.094276e-16   1.059638e-08   6.365860e-18   288
  3.779773e-01   1.297186e-16   2.524053e-04   6.569001e-18   336
  3.790686e-01   1.213269e-16   2.297941e-04   1.059383e-17   168
  3.797219e-01   1.259410e-16   4.541306e-09   6.578601e-18   336
  3.810732e-01   1.201838e-16   2.385126e-04   6.694856e-18   288
  3.818848e-01   1.217704e-16   2.247398e-04   7.675436e-18   264
  3.832590e-01   9.631970e-17   0.000000e+00   6.464646e-18   240
  3.837616e-01   9.165177e-17   7.947286e-09   9.496618e-18   96
  3.855656e-01   1.275707e-16   3.056310e-04   5.846814e-18   360
  3.864075e-01   1.132384e-16   2.253025e-04   1.004354e-17   168
  3.874713e-01   1.101722e-16   2.456032e-04   4.949521e-18   456
  3.887523e-01   1.302942e-16   4.995182e-09   1.414560e-17   108
  3.894728e-01   1.241507e-16   2.464311e-04   8.047916e-18   264
  3.903716e-01   1.175523e-16   2.198567e-04   7.047333e-18   264
  3.916025e-01   1.123316e-16   2.074668e-04   6.165674e-18   312
  3.931351e-01   1.183783e-16   1.541705e-04   7.552040e-18   270
  3.937775e-01   1.075938e-16   1.957388e-04   6.177449e-18   240
  3.949323e-01   1.060156e-16   2.421536e-04   5.616969e-18   384
  3.956334e-01   1.128986e-16   0.000000e+00   6.816020e-18   192
  3.969952e-01   1.002379e-16   1.942960e-04   7.439426e-18   240
  3.977852e-01   1.152025e-16   2.397927e-04   5.770806e-18   336
  3.992708e-01   1.005445e-16   2.413972e-04   4.512248e-18   480
  4.004761e-01   1.276143e-16   0.000000e+00   1.728608e-17   72
  4.011493e-01   1.138128e-16   2.353842e-04   6.576479e-18   240
  4.020650e-01   1.082505e-16   2.212289e-04   5.927043e-18   312
  4.031147e-01   8.603282e-17   2.390954e-04   4.843402e-18   240
  4.047009e-01   1.004460e-16   1.816506e-04   4.932095e-18   408
  4.053288e-01   1.106148e-16   1.663482e-04   5.264653e-18   336
  4.065560e-01   8.355345e-17   2.112212e-04   6.649780e-18   264
  4.071591e-01   9.162430e-17   0.000000e+00   7.753865e-18   144
  4.088370e-01   1.046000e-16   2.927651e-04   4.677119e-18   464
  4.097211e-01   1.012354e-16   2.328083e-04   7.325208e-18   168
  4.105939e-01   9.409141e-17   2.120376e-04   5.283613e-18   336
  4.121713e-01   1.026703e-16   2.227870e-04   4.926770e-18   414
  4.130606e-01   9.721134e-17   2.319080e-04   6.576247e-18   216
  4.141998e-01   9.072048e-17   5.619580e-09   7.885964e-18   96
  4.146649e-01   1.046571e-16   1.685874e-08   5.441679e-18   384
  4.162944e-01   9.241315e-17   2.314600e-04   3.738798e-18   492
  4.171676e-01   9.347635e-17   2.263480e-04   6.583059e-18   240
  4.181546e-01   1.008088e-16   2.298225e-04   4.950979e-18   312
  4.195176e-01   8.596556e-17   2.297469e-04   5.541735e-18   192
  4.203810e-01   9.168018e-17   2.226525e-04   3.595082e-18   504
  4.215265e-01   9.031731e-17   1.473998e-04   4.239598e-18   408
  4.224284e-01   7.498929e-17   4.515774e-04   5.502381e-18   168
  4.235571e-01   7.209772e-17   2.145032e-04   4.102008e-18   288
  4.245041e-01   8.098770e-17   2.238525e-04   4.763548e-18   288
  4.254743e-01   7.907949e-17   2.251410e-04   3.926757e-18   432
  4.268815e-01   9.508966e-17   2.129084e-04   7.375986e-18   216
  4.276334e-01   9.768233e-17   2.124592e-04   4.470182e-18   360
  4.289721e-01   8.393348e-17   2.073582e-04   5.235979e-18   312
  4.301803e-01   1.012934e-16   0.000000e+00   1.154228e-17   48
  4.308767e-01   8.918728e-17   2.223178e-04   4.441133e-18   432
  4.321240e-01   7.695172e-17   3.708284e-04   3.695006e-18   414
  4.328606e-01   8.218140e-17   1.956255e-08   4.409050e-18   312
  4.342347e-01   8.745511e-17   3.253813e-04   3.856023e-18   528
  4.351620e-01   7.087608e-17   1.707976e-04   4.224282e-18   264
  4.362761e-01   7.594134e-17   2.025191e-04   3.640557e-18   480
  4.377318e-01   8.336919e-17   0.000000e+00   4.794440e-18   288
  4.383604e-01   1.139922e-16   2.176005e-04   8.911462e-18   168
  4.395105e-01   7.981962e-17   3.444610e-04   3.470018e-18   504
  4.408036e-01   7.132454e-17   7.492773e-09   6.212536e-18   144
  4.416171e-01   7.456029e-17   2.212265e-04   3.726375e-18   464
  4.428396e-01   7.633556e-17   3.246624e-04   3.668669e-18   432
  4.434197e-01   8.590102e-17   0.000000e+00   6.490253e-18   192
  4.449189e-01   7.784254e-17   2.406833e-04   4.361930e-18   396
  4.458042e-01   7.455209e-17   2.162000e-04   4.407579e-18   288
  4.466990e-01   8.101766e-17   2.135686e-04   5.021660e-18   336
  4.481283e-01   7.041005e-17   1.352359e-04   3.171072e-18   432
  4.490354e-01   6.635250e-17   3.505126e-04   3.675455e-18   360
  4.500539e-01   6.813680e-17   2.073334e-04   3.459229e-18   384
  4.515004e-01   7.793238e-17   1.830116e-04   5.752747e-18   198
  4.521974e-01   6.849979e-17   2.080246e-04   2.651904e-18   552
  4.534970e-01   7.343789e-17   2.912202e-04   3.559142e-18   432
  4.545821e-01   6.552959e-17   0.000000e+00   5.253545e-18   168
  4.554927e-01   7.287261e-17   3.610065e-04   3.329548e-18   480
  4.566974e-01   6.671442e-17   0.000000e+00   5.269707e-18   120
  4.572396e-01   7.151180e-17   2.948545e-04   3.601170e-18   336
  4.585628e-01   6.402375e-17   2.080152e-04   2.416749e-18   672
  4.598711e-01   6.548365e-17   3.025866e-04   2.688114e-18   528
  4.604805e-01   6.426449e-17   9.082613e-09   4.802100e-18   168
  4.618883e-01   6.110593e-17   3.375333e-04   2.814463e-18   456
  4.627474e-01   6.288515e-17   2.061344e-04   4.918618e-18   168
  4.636392e-01   6.766272e-17   2.057643e-04   3.235022e-18   504
  4.651216e-01   7.144572e-17   2.647872e-04   4.117367e-18   336
  4.660180e-01   6.308264e-17   1.908802e-04   3.433457e-18   312
  4.670124e-01   6.498045e-17   1.865029e-04   2.903307e-18   504
  4.683210e-01   5.656421e-17   1.294009e-04   2.529129e-18   432
  4.689362e-01   5.224496e-17   1.999672e-04   2.711234e-18   312
  4.702151e-01   6.550130e-17   2.049761e-04   2.916481e-18   384
  4.715504e-01   6.218991e-17   1.741510e-04   4.622025e-18   126
  4.723748e-01   6.428900e-17   3.057676e-04   2.962323e-18   492
  4.734278e-01   6.679544e-17   1.958445e-04   2.923163e-18   528
  4.747438e-01   6.292212e-17   1.989360e-04   3.261501e-18   480
  4.755596e-01   6.231520e-17   2.748289e-04   3.040552e-18   432
  4.767402e-01   5.608372e-17   2.161166e-04   2.674781e-18   440
  4.781114e-01   5.396351e-17   1.074739e-04   3.160339e-18   312
  4.786259e-01   6.428787e-17   1.610586e-04   3.012496e-18   480
  4.796813e-01   5.878311e-17   3.153497e-04   3.209416e-18   408
  4.812233e-01   5.341992e-17   1.888588e-04   3.036455e-18   360
  4.818747e-01   5.491343e-17   1.822418e-04   3.022827e-18   408
  4.830820e-01   5.323373e-17   1.854542e-04   2.344009e-18   456
  4.844414e-01   5.035513e-17   1.772485e-04   3.247191e-18   264
  4.851959e-01   5.848088e-17   1.923591e-04   3.018980e-18   384
  4.862943e-01   6.280403e-17   3.238501e-04   2.350491e-18   672
  4.875640e-01   5.552160e-17   1.937042e-04   3.634309e-18   240
  4.882967e-01   5.359457e-17   1.965613e-04   2.929254e-18   264
  4.893308e-01   5.110379e-17   2.424259e-04   2.100279e-18   624
  4.908739e-01   4.701977e-17   0.000000e+00   3.939669e-18   150
  4.914232e-01   5.374650e-17   2.716574e-04   2.326694e-18   600
  4.925819e-01   5.327373e-17   1.874909e-04   1.976966e-18   672
  4.938939e-01   5.914592e-17   1.763484e-04   2.967110e-18   336
  4.946248e-01   5.328064e-17   1.918157e-04   2.909458e-18   408
  4.957926e-01   5.668480e-17   1.913639e-04   2.757441e-18   408
  4.970915e-01   4.943722e-17   9.676385e-05   2.799906e-18   360
  4.978921e-01   5.270923e-17   3.552857e-04   2.198022e-18   456
  4.988592e-01   5.524931e-17   1.932065e-04   2.719953e-18   384
  5.000902e-01   5.559651e-17   1.783541e-04   2.716667e-18   348
  5.007554e-01   4.988060e-17   2.198754e-04   2.111511e-18   576
  5.020050e-01   4.957161e-17   1.810385e-04   2.068340e-18   504
  5.032833e-01   4.979978e-17   2.553443e-04   2.414451e-18   432
  5.043991e-01   4.871220e-17   3.473946e-04   1.989834e-18   576
  5.051948e-01   5.188536e-17   0.000000e+00   3.118078e-18   264
  5.064571e-01   5.035663e-17   2.764393e-04   1.685774e-18   768
  5.075549e-01   4.361011e-17   3.721752e-04   2.873335e-18   240
  5.084277e-01   4.773438e-17   3.282233e-04   3.208148e-18   192
  5.096990e-01   4.961593e-17   2.416124e-04   2.079003e-18   504
  5.106418e-01   4.285448e-17   3.255818e-04   1.671953e-18   590
  5.115460e-01   4.532467e-17   3.647966e-04   2.549393e-18   384
  5.126798e-01   4.637513e-17   3.048625e-04   1.905671e-18   504
  5.140486e-01   4.871128e-17   2.933830e-04   1.863024e-18   648
  5.153764e-01   4.829860e-17   7.967896e-05   2.153317e-18   504
  5.159117e-01   4.866429e-17   1.817627e-04   2.580170e-18   312
  5.168569e-01   4.629245e-17   2.618753e-04   2.019303e-18   576
  5.181545e-01   4.931225e-17   1.822405e-04   3.178764e-18   240
  5.189109e-01   4.789126e-17   1.841453e-04   2.063084e-18   552
  5.199816e-01   4.662242e-17   1.729082e-04   1.892724e-18   600
  5.215067e-01   4.200963e-17   2.111937e-04   1.712394e-18   600
  5.224237e-01   3.947908e-17   3.382099e-04   2.066555e-18   312
  5.233368e-01   4.269663e-17   2.945474e-04   2.015967e-18   480
  5.244775e-01   4.525799e-17   1.837693e-04   1.904244e-18   576
  5.254818e-01   4.734116e-17   2.959085e-04   2.438736e-18   408
  5.263729e-01   4.062460e-17   3.451909e-04   2.598111e-18   216
  5.275243e-01   4.357914e-17   2.643774e-04   1.991834e-18   516
  5.287578e-01   4.066286e-17   2.522429e-04   1.467447e-18   744
  5.300304e-01   4.587991e-17   1.684760e-04   2.180187e-18   462
  5.307494e-01   4.589610e-17   1.712315e-04   2.025925e-18   432
  5.318647e-01   4.108283e-17   1.588547e-04   1.626093e-18   648
  5.331761e-01   4.192341e-17   2.324340e-04   1.701823e-18   528
  5.342295e-01   4.418454e-17   2.799086e-04   1.824738e-18   600
  5.352820e-01   3.824321e-17   3.528915e-04   2.159622e-18   240
  5.363014e-01   4.322683e-17   2.703115e-04   1.692706e-18   720
  5.374863e-01   4.182894e-17   2.138653e-04   1.487399e-18   720
  5.387997e-01   4.558945e-17   0.000000e+00   3.489812e-18   144
  5.394909e-01   3.783699e-17   2.757364e-04   1.386951e-18   720
  5.404742e-01   3.841300e-17   1.653370e-04   1.891662e-18   384
  5.417051e-01   3.853895e-17   1.832848e-04   1.484030e-18   672
  5.428730e-01   3.954141e-17   3.209115e-04   2.377531e-18   336
  5.434308e-01   3.866999e-17   0.000000e+00   2.028916e-18   288
  5.447967e-01   3.838185e-17   2.539800e-04   1.377109e-18   776
  5.460612e-01   3.949328e-17   2.173184e-04   1.469580e-18   720
  5.471231e-01   3.584793e-17   1.750659e-04   1.781724e-18   432
  5.479725e-01   4.169229e-17   2.495786e-04   1.790522e-18   504
  5.489174e-01   4.111502e-17   1.748652e-04   1.884889e-18   528
  5.502396e-01   3.919551e-17   2.382437e-04   1.990066e-18   438
  5.513273e-01   3.491349e-17   2.772938e-04   1.529242e-18   624
  5.521470e-01   3.928143e-17   3.396475e-04   2.348771e-18   312
  5.532738e-01   3.705173e-17   1.829935e-04   1.557884e-18   696
  5.544390e-01   3.874996e-17   1.655760e-04   1.646695e-18   552
  5.556509e-01   3.978806e-17   1.281006e-04   1.808838e-18   516
  5.564006e-01   3.884541e-17   2.558713e-04   1.750152e-18   528
  5.573133e-01   3.627443e-17   1.664001e-04   1.729025e-18   528
  5.586097e-01   3.461937e-17   2.194479e-04   1.114097e-18   864
  5.594897e-01   3.590287e-17   3.005985e-04   1.696329e-18   408
  5.603706e-01   4.319000e-17   2.978186e-04   2.880496e-18   192
  5.616191e-01   3.593305e-17   2.464592e-04   1.353171e-18   720
  5.626731e-01   3.730049e-17   2.272475e-04   1.411888e-18   696
  5.639255e-01   3.174113e-17   2.454294e-04   1.156428e-18   720
  5.650713e-01   3.238269e-17   3.326501e-04   1.543717e-18   432
  5.657395e-01   3.586992e-17   1.958109e-04   2.065416e-18   264
  5.669418e-01   3.355319e-17   2.704061e-04   1.265613e-18   672
  5.680171e-01   3.316138e-17   2.768544e-04   1.387521e-18   600
  5.692933e-01   3.114299e-17   1.620980e-04   1.928108e-18   270
  5.699366e-01   3.118313e-17   2.440026e-04   1.335668e-18   528
  5.709591e-01   3.650296e-17   1.670843e-04   1.272613e-18   840
  5.723613e-01   3.312967e-17   3.194952e-04   1.074838e-18   888
  5.736568e-01   3.510539e-17   2.380474e-04   1.234926e-18   744
  5.747517e-01   3.426939e-17   1.223216e-04   1.538095e-18   456
  5.752963e-01   3.183004e-17   1.671601e-04   1.520917e-18   360
  5.762282e-01   3.063079e-17   1.448348e-04   1.534610e-18   384
  5.776580e-01   3.321928e-17   2.323137e-04   1.208769e-18   816
  5.787308e-01   3.551877e-17   3.370546e-04   1.284616e-18   824
  5.800348e-01   2.906047e-17   1.566791e-04   1.465747e-18   360
  5.807331e-01   3.463775e-17   2.311994e-04   1.503380e-18   624
  5.816941e-01   3.443224e-17   1.562320e-04   1.761229e-18   360
  5.829744e-01   3.290845e-17   2.125215e-04   1.125792e-18   876
  5.841306e-01   2.777010e-17   2.524119e-04   1.022148e-18   696
  5.852967e-01   2.849901e-17   1.629911e-04   1.386013e-18   336
  5.859080e-01   3.093437e-17   1.628079e-04   1.381273e-18   504
  5.869176e-01   3.119100e-17   1.642187e-04   1.167268e-18   672
  5.884155e-01   3.131178e-17   3.269213e-04   1.148293e-18   720
  5.894543e-01   2.927669e-17   2.469541e-04   1.053075e-18   774
  5.906010e-01   3.227001e-17   1.413501e-04   1.653578e-18   384
  5.912015e-01   3.504037e-17   2.720183e-04   1.500640e-18   528
  5.921335e-01   3.266221e-17   2.592486e-04   1.037059e-18   744
  5.936327e-01   2.974972e-17   2.138251e-04   1.020258e-18   768
  5.946281e-01   3.065946e-17   2.400348e-04   1.358493e-18   552
  5.958700e-01   3.050407e-17   2.616108e-04   1.193614e-18   696
  5.967938e-01   2.754274e-17   3.179026e-04   1.447019e-18   408
  5.975272e-01   3.303448e-17   1.373364e-04   1.440581e-18   504
  5.986899e-01   2.860125e-17   2.467198e-04   9.344213e-19   888
  5.998339e-01   3.276635e-17   2.564132e-04   1.348448e-18   648
  6.010230e-01   2.961215e-17   2.542153e-04   1.217915e-18   648
  6.021418e-01   2.719254e-17   2.741064e-04   1.045479e-18   792
  6.033268e-01   2.900127e-17   4.010364e-04   1.320890e-18   600
  6.042000e-01   2.878943e-17   2.717856e-04   1.522140e-18   456
  6.051191e-01   2.868867e-17   1.324567e-04   1.174945e-18   648
  6.062996e-01   2.782754e-17   2.583099e-04   9.316345e-19   936
  6.075741e-01   2.891977e-17   1.586356e-04   1.703775e-18   384
  6.086836e-01   2.967202e-19   0.000000e+00   6.588133e-20   198
  6.095398e-01   2.052376e-19   4.024720e-04   8.226718e-21   1224
  6.104634e-01   1.531076e-19   2.931235e-04   8.655441e-21   420
  6.115558e-01   1.627679e-19   2.836822e-04   6.619527e-21   792
  6.126238e-01   1.714279e-19   2.345810e-04   7.541217e-21   680
  6.138428e-01   1.642119e-19   2.154033e-04   7.342602e-21   600
  6.148235e-01   1.525349e-19   3.123938e-04   5.902909e-21   840
  6.161330e-01   1.588654e-19   1.474979e-04   8.554103e-21   432
  6.166334e-01   1.536544e-19   1.382249e-04   6.549999e-21   720
  6.177213e-01   1.398961e-19   2.768404e-04   4.662163e-21   960
  6.190745e-01   1.429526e-19   2.467829e-04   6.616259e-21   528
  6.200634e-01   1.404608e-19   2.522592e-04   7.172347e-21   624
  6.212404e-01   1.171624e-19   1.982740e-04   4.870779e-21   816
  6.224086e-01   1.335836e-19   3.260658e-04   5.569303e-21   696
  6.236996e-01   1.308689e-19   2.202416e-08   1.003473e-20   240
  6.241851e-01   1.263581e-19   1.922888e-04   6.065128e-21   672
  6.252686e-01   1.219863e-19   3.436476e-04   4.618552e-21   864
  6.264840e-01   1.168190e-19   2.636938e-04   4.912280e-21   816
  6.275795e-01   1.181798e-19   1.509292e-04   4.998985e-21   648
  6.287594e-01   1.336458e-19   1.542771e-04   1.275639e-20   843
  6.297611e-01   1.324456e-19   2.775825e-04   5.827739e-21   780
  6.309548e-01   1.071358e-19   1.489456e-04   6.870284e-21   216
  6.316911e-01   1.074301e-19   3.591661e-04   3.744452e-21   1056
  6.328235e-01   1.021700e-19   2.938382e-04   7.400261e-21   228
  6.338720e-01   9.923555e-20   3.658358e-04   3.630402e-21   924
  6.349484e-01   8.467590e-20   1.357046e-04   3.729179e-21   696
  6.360882e-01   1.040606e-19   2.415153e-04   3.594906e-21   996
  6.372543e-01   1.054891e-19   1.425858e-04   4.745969e-21   576
  6.384675e-01   1.021815e-19   2.200718e-04   5.210960e-21   552
  6.393519e-01   8.614720e-20   2.627580e-04   4.123257e-21   516
  6.402494e-01   8.589834e-20   3.821047e-04   3.370106e-21   744
  6.412749e-01   9.699967e-20   1.874451e-04   4.517288e-21   576
  6.421669e-01   9.401805e-20   1.929285e-04   3.373091e-21   792
  6.434346e-01   8.739965e-20   2.205530e-04   3.364782e-21   792
  6.443636e-01   8.550307e-20   2.378641e-04   3.237739e-21   720
  6.456200e-01   8.517596e-20   2.711104e-04   3.518372e-21   656
  6.467974e-01   8.438376e-20   2.960385e-04   3.507264e-21   816
  6.480043e-01   9.175002e-20   1.596190e-04   4.952365e-21   492
  6.486903e-01   7.389904e-20   2.296231e-04   3.493567e-21   552
  6.499778e-01   9.080856e-20   3.992867e-04   3.573429e-21   780
  6.508139e-01   7.664455e-20   2.452771e-04   3.564813e-21   528
  6.517148e-01   9.008978e-20   2.863130e-04   4.146840e-21   600
  6.530425e-01   8.027353e-20   2.379487e-04   3.039435e-21   900
  6.539577e-01   7.983737e-20   1.317325e-04   3.290860e-21   696
  6.552168e-01   8.046014e-20   3.330907e-04   3.042776e-21   696
  6.564349e-01   7.556577e-20   1.351317e-04   3.465535e-21   552
  6.574592e-01   8.008236e-20   1.571457e-04   3.090706e-21   708
  6.585322e-01   7.934231e-20   2.594565e-04   3.150810e-21   876
  6.596487e-01   6.789074e-20   1.377663e-04   4.372016e-21   216
  6.603980e-01   6.410980e-20   3.768094e-04   2.320811e-21   1032
  6.615201e-01   7.500095e-20   4.195357e-04   3.235539e-21   600
  6.626848e-01   8.743660e-20   2.001869e-04   3.937213e-21   600
  6.635732e-01   7.581454e-20   3.535112e-04   4.046855e-21   528
  6.646233e-01   7.089379e-20   1.940622e-04   2.891251e-21   732
  6.657296e-01   6.329787e-20   1.432973e-04   3.203829e-21   336
  6.670031e-01   6.187044e-20   2.042271e-04   2.154979e-21   912
  6.679548e-01   7.070104e-20   2.049821e-04   3.331655e-21   624
  6.689946e-01   6.602094e-20   1.727341e-04   2.584013e-21   768
  6.702082e-01   6.599394e-20   3.116463e-04   2.403749e-21   792
  6.713995e-01   6.795512e-20   1.545014e-04   2.660047e-21   660
  6.722471e-01   6.316051e-20   2.276826e-04   2.781166e-21   504
  6.731238e-01   6.271852e-20   3.719898e-04   2.718167e-21   480
  6.744376e-01   6.367262e-20   3.440421e-04   2.257108e-21   912
  6.754664e-01   6.645037e-20   3.831443e-04   3.386481e-21   432
  6.764380e-01   6.685747e-20   2.275021e-04   3.102026e-21   564
  6.773006e-01   6.100721e-20   2.177508e-04   2.517504e-21   600
  6.785149e-01   6.151064e-20   3.035240e-04   2.335384e-21   876
  6.794272e-01   6.125349e-20   1.364735e-04   4.438717e-21   264
  6.806846e-01   5.998864e-20   2.648123e-04   2.684460e-21   560
  6.816953e-01   6.129072e-20   1.799457e-04   2.304533e-21   840
  6.829222e-01   6.433833e-20   2.774244e-04   2.116292e-21   1008
  6.840568e-01   6.263689e-20   1.241010e-04   2.904477e-21   456
  6.850930e-01   5.868167e-20   1.607553e-04   2.381405e-21   576
  6.860509e-01   5.525329e-20   2.470177e-04   2.392294e-21   612
  6.873140e-01   5.710353e-20   2.206269e-04   2.093718e-21   780
  6.883444e-01   5.155665e-20   2.528284e-04   2.093930e-21   648
  6.893992e-01   5.199502e-20   1.178213e-04   3.197508e-21   312
  6.900734e-01   5.459725e-20   2.993645e-04   2.293415e-21   528
  6.912414e-01   5.688420e-20   3.909551e-04   1.903603e-21   720
  6.923583e-01   6.522006e-20   3.921794e-04   3.129783e-21   576
  6.937124e-01   5.513582e-20   3.383053e-04   2.639887e-21   444
  6.945549e-01   5.351705e-20   3.317685e-04   1.788052e-21   996
  6.955874e-01   5.419273e-20   2.771265e-04   2.727624e-21   432
  6.965633e-01   4.993807e-20   3.033990e-04   2.323937e-21   504
  6.974062e-01   5.733838e-20   1.367883e-04   2.697706e-21   504
  6.986065e-01   4.663885e-20   2.692009e-04   1.645595e-21   876
  6.996926e-01   4.864422e-20   3.098246e-04   2.412917e-21   504
  7.008236e-01   4.716966e-20   1.975899e-04   1.870995e-21   696
  7.017583e-01   4.675160e-20   1.689187e-04   2.147312e-21   492
  7.030300e-01   5.392390e-20   2.418152e-04   2.816979e-21   432
  7.039719e-01   4.361586e-20   2.264335e-04   1.539249e-21   768
  7.050885e-01   5.296576e-20   2.820533e-04   2.048449e-21   648
  7.061547e-01   5.056525e-20   1.840095e-04   2.131863e-21   456
  7.073798e-01   4.647692e-20   2.530430e-04   1.912402e-21   552
  7.082306e-01   5.067887e-20   1.734358e-04   2.161800e-21   648
  7.094016e-01   4.399490e-20   2.826907e-04   1.619475e-21   840
  7.105454e-01   3.851666e-20   1.348092e-04   1.736152e-21   432
  7.116906e-01   4.602933e-20   1.651183e-04   1.795439e-21   600
  7.124870e-01   4.461746e-20   1.759227e-04   2.466625e-21   432
  7.138248e-01   4.103663e-20   1.751482e-04   1.630403e-21   560
  7.147308e-01   4.317562e-20   2.772412e-04   1.448550e-21   840
  7.158652e-01   4.902942e-20   1.642140e-04   2.097126e-21   504
  7.167662e-01   4.661741e-20   3.351509e-04   1.759403e-21   696
  7.180362e-01   4.278151e-20   1.830475e-04   2.398694e-21   384
  7.190254e-01   4.476496e-20   2.681431e-04   1.856351e-21   576
  7.202219e-01   4.029721e-20   1.654845e-04   2.162508e-21   360
  7.211864e-01   3.768128e-20   2.464465e-04   1.351585e-21   828
  7.222268e-01   4.077695e-20   2.195064e-04   2.220232e-21   372
  7.231800e-01   4.037583e-20   3.352284e-04   1.800744e-21   576
  7.244428e-01   3.927117e-20   1.403933e-04   1.569181e-21   636
  7.253425e-01   3.962806e-20   2.706420e-04   1.581327e-21   648
  7.265596e-01   3.775515e-20   2.200024e-04   1.643980e-21   576
  7.274333e-01   4.196873e-20   3.548870e-04   1.785787e-21   528
  7.285953e-01   3.777658e-20   1.517289e-04   1.934881e-21   360
  7.295571e-01   3.838207e-20   3.490332e-04   1.453120e-21   672
  7.308130e-01   3.828049e-20   1.787806e-04   1.350574e-21   804
  7.318582e-01   3.585072e-20   1.972163e-04   1.867649e-21   408
  7.330145e-01   3.909259e-20   1.219011e-04   1.890302e-21   384
  7.337931e-01   3.591249e-20   2.789567e-04   1.654725e-21   480
  7.348913e-01   3.557067e-20   1.802469e-04   1.666142e-21   432
  7.359446e-01   3.231796e-20   3.321566e-04   1.199817e-21   648
  7.371913e-01   3.654076e-20   2.061016e-04   1.587081e-21   624
  7.381033e-01   3.969024e-20   1.874668e-04   1.788325e-21   456
  7.393486e-01   3.349860e-20   2.560963e-04   1.396312e-21   588
  7.401831e-01   3.908816e-20   1.633884e-04   1.683514e-21   600
  7.414016e-01   3.814775e-20   2.548458e-04   1.622511e-21   708
  7.423640e-01   3.339461e-20   1.605479e-04   1.918137e-21   360
  7.434275e-01   3.567084e-20   1.845541e-04   1.523326e-21   552
  7.444470e-01   3.681530e-20   1.294691e-04   2.123315e-21   288
  7.454820e-01   3.412721e-20   2.434372e-04   1.515708e-21   528
  7.464545e-01   3.620964e-20   1.642340e-04   1.725116e-21   456
  7.475410e-01   3.673999e-20   2.912225e-04   1.457843e-21   608
  7.486338e-01   3.546385e-20   1.408967e-04   1.580273e-21   504
  7.498278e-01   3.430966e-20   3.024972e-04   1.561128e-21   540
  7.507642e-01   2.733475e-20   3.247222e-04   1.398596e-21   360
  7.517735e-01   3.247511e-20   1.470509e-04   1.448364e-21   540
  7.526661e-01   3.301559e-20   1.262606e-04   1.383013e-21   576
  7.539642e-01   3.173852e-20   2.927555e-04   1.324509e-21   588
  7.551985e-01   3.572435e-20   4.039143e-04   1.396163e-21   672
  7.562588e-01   3.114690e-20   3.087151e-04   1.360094e-21   552
  7.571135e-01   2.665266e-20   3.088712e-04   2.783887e-21   144
  7.582042e-01   3.448883e-20   2.624178e-04   1.571549e-21   600
  7.592383e-01   2.771907e-20   3.288668e-04   1.266378e-21   504
  7.603860e-01   3.043727e-20   3.378126e-04   1.736886e-21   336
  7.615932e-01   3.618918e-20   3.797028e-04   1.476599e-21   600
  7.626744e-01   3.205597e-20   2.450478e-04   1.170281e-21   636
  7.638413e-01   3.049721e-20   1.970206e-04   1.500270e-21   384
  7.646595e-01   2.893198e-20   2.748205e-04   1.326281e-21   504
  7.658387e-01   2.568544e-20   1.153383e-04   1.672681e-21   240
  7.667694e-01   3.203201e-20   2.709461e-04   1.180106e-21   744
  7.678860e-01   2.989689e-20   1.850150e-04   1.257411e-21   648
  7.688783e-01   2.293607e-20   1.228185e-04   2.289784e-21   120
  7.700414e-01   2.853513e-20   1.929319e-04   1.189955e-21   564
  7.709202e-01   3.080293e-20   3.030111e-04   1.455303e-21   432
  7.720932e-01   3.043238e-20   2.351965e-04   1.388023e-21   480
  7.729764e-01   2.775265e-20   1.731106e-04   1.550261e-21   456
  7.740189e-01   2.839700e-20   2.864725e-04   1.393760e-21   444
  7.752020e-01   2.845731e-20   4.383180e-04   1.249957e-21   528
  7.762412e-01   2.686934e-20   3.255297e-04   1.462089e-21   264
  7.772498e-01   3.015260e-20   3.336195e-04   1.541253e-21   444
  7.786065e-01   2.778568e-20   3.654311e-04   1.029745e-21   696
  7.797327e-01   2.501791e-20   1.954448e-04   1.309293e-21   384
  7.805563e-01   2.423162e-20   2.469609e-04   1.035675e-21   432
  7.818373e-01   2.480603e-20   1.706384e-04   1.072483e-21   488
  7.826690e-01   2.580854e-20   2.571733e-04   1.183709e-21   480
  7.838749e-01   2.595195e-20   2.868014e-04   1.131503e-21   480
  7.848089e-01   2.509348e-20   1.203331e-04   1.533884e-21   240
  7.858692e-01   2.426918e-20   2.810886e-04   9.084777e-22   600
  7.868694e-01   2.305964e-20   2.449399e-04   1.724223e-21   288
  7.879343e-01   2.755887e-20   2.356143e-04   1.324045e-21   480
  7.890129e-01   2.650837e-20   4.191157e-04   1.058390e-21   504
  7.900748e-01   2.320228e-20   1.798267e-04   1.567859e-21   216
  7.914291e-01   2.324738e-20   2.944050e-04   9.816050e-22   504
  7.924838e-01   2.313319e-20   2.367912e-04   1.195210e-21   456
  7.936384e-01   2.399253e-20   1.358038e-04   1.320596e-21   384
  7.944031e-01   2.319024e-20   2.756326e-04   1.092193e-21   480
  7.954897e-01   2.276897e-20   2.420363e-04   1.059823e-21   504
  7.964966e-01   2.246087e-20   1.535327e-04   1.419601e-21   312
  7.975815e-01   2.526445e-20   2.474127e-04   1.162654e-21   492
  7.985417e-01   2.124460e-20   2.318919e-04   1.185910e-21   312
  7.997779e-01   2.303330e-20   3.766899e-04   9.745464e-22   576
  8.008661e-01   2.382762e-20   3.477153e-04   1.299554e-21   336
  8.017699e-01   2.423638e-20   2.677247e-04   1.757691e-21   240
  8.030228e-01   2.258363e-20   3.549351e-04   1.064348e-21   468
  8.041047e-01   1.979849e-20   2.222407e-04   1.453681e-21   192
  8.052370e-01   2.049926e-20   2.229031e-04   1.237280e-21   324
  8.060669e-01   2.328776e-20   1.617794e-04   9.521292e-22   600
  8.071978e-01   2.074825e-20   2.624704e-04   9.130099e-22   456
  8.080377e-01   1.992119e-20   1.180592e-04   1.114913e-21   336
  8.094297e-01   2.135614e-20   3.535027e-04   7.882888e-22   612
  8.104424e-01   2.098968e-20   2.966749e-04   1.845232e-21   144
  8.114002e-01   1.982471e-20   3.462957e-04   8.929836e-22   552
  8.127025e-01   2.068358e-20   1.363755e-04   1.249671e-21   264
  8.134384e-01   2.149913e-20   3.157441e-04   1.133136e-21   336
  8.145992e-01   2.278982e-20   2.086329e-04   1.393446e-21   384
  8.156059e-01   2.729335e-20   1.174397e-04   1.745369e-21   216
  8.167203e-01   2.031071e-20   2.489964e-04   1.078926e-21   344
  8.177364e-01   2.061074e-20   3.715143e-04   9.354801e-22   408
  8.189746e-01   2.004798e-20   2.854845e-04   1.104086e-21   264
  8.200718e-01   1.822042e-20   3.979796e-04   8.055179e-22   612
  8.211681e-01   2.060823e-20   2.048307e-04   1.047097e-21   408
  8.222956e-01   1.947192e-20   2.051251e-04   9.085642e-22   444
  8.231239e-01   2.310604e-20   1.147249e-04   1.957622e-21   120
  8.242338e-01   2.208542e-20   3.169640e-04   1.480815e-21   336
  8.250576e-01   1.665383e-20   1.101437e-04   9.606788e-22   288
  8.261708e-01   1.848354e-20   3.427692e-04   7.480003e-22   552
  8.277012e-01   1.683846e-20   1.835347e-08   1.814133e-21   72
  8.284882e-01   1.924932e-20   3.404572e-04   8.718094e-22   504
  8.294074e-01   1.901213e-20   1.095558e-04   1.182901e-21   216
  8.305983e-01   1.976203e-20   1.956043e-04   1.112060e-21   312
  8.316675e-01   2.293645e-20   2.227263e-04   1.283828e-21   336
  8.326865e-01   1.818616e-20   3.087236e-04   1.360402e-21   204
  8.337014e-01   1.933496e-20   3.587838e-04   8.277753e-22   504
  8.347777e-01   1.731523e-20   3.416652e-04   8.821625e-22   396
  8.358127e-01   1.820798e-20   3.133249e-04   9.762865e-22   312
  8.370674e-01   2.100145e-20   1.914750e-04   1.565870e-21   216
  8.379516e-01   1.980437e-20   1.039172e-04   1.747898e-21   168
  8.390260e-01   1.757061e-20   2.623966e-04   7.095413e-22   588
  8.402521e-01   1.950313e-20   3.561727e-04   1.219432e-21   240
  8.412047e-01   1.663392e-20   3.145601e-04   1.046028e-21   264
  8.423219e-01   1.845643e-20   3.890183e-04   1.110401e-21   288
  8.433131e-01   2.244004e-20   1.942596e-04   1.447442e-21   288
  8.445693e-01   1.755017e-20   1.824406e-04   1.187860e-21   288
  8.454153e-01   1.696446e-20   2.113423e-04   1.260470e-21   192
  8.464795e-01   1.840749e-20   2.248894e-04   1.041535e-21   264
  8.474933e-01   1.713600e-20   3.699119e-04   9.309316e-22   372
  8.485844e-01   1.610253e-20   3.995208e-04   9.529291e-22   360
  8.499161e-01   1.810698e-20   1.690810e-04   1.481799e-21   144
  8.506044e-01   1.667363e-20   2.348461e-04   9.656709e-22   296
  8.516909e-01   1.738203e-20   2.530345e-04   9.528731e-22   288
  8.529347e-01   1.739118e-20   3.781537e-04   8.245728e-22   480
  8.540076e-01   1.687084e-20   3.142096e-04   1.295857e-21   192
  8.550509e-01   1.593680e-20   3.370327e-04   1.283650e-21   192
  8.559992e-01   1.643774e-20   2.147949e-04   9.373894e-22   288
  8.573180e-01   1.604912e-20   1.869760e-04   1.454525e-21   108
  8.579823e-01   1.628182e-20   1.797545e-04   9.542124e-22   240
  8.591554e-01   1.652972e-20   3.353363e-04   8.531340e-22   384
  8.603605e-01   1.508242e-20   4.090723e-04   1.577189e-21   108
  8.614261e-01   1.710247e-20   2.398466e-04   8.445394e-22   348
  8.625466e-01   1.480915e-20   2.503134e-04   7.814118e-22   312
  8.635474e-01   1.526433e-20   2.432319e-04   1.343860e-21   96
  8.644677e-01   1.658742e-20   3.238194e-04   8.331736e-22   384
  8.654984e-01   1.754063e-20   2.227222e-04   1.410341e-21   144
  8.665066e-01   1.415779e-20   3.422225e-04   6.356400e-22   408
  8.677598e-01   1.505397e-20   1.526554e-04   1.534593e-21   144
  8.689437e-01   1.502634e-20   2.934816e-04   1.046214e-21   192
  8.696459e-01   1.511451e-20   3.303190e-04   1.211621e-21   144
  8.707904e-01   1.421641e-20   2.685615e-04   1.260086e-21   144
  8.718702e-01   1.533441e-20   3.282257e-04   8.480464e-22   336
  8.731927e-01   1.783607e-20   2.428454e-04   1.141443e-21   240
  8.740312e-01   1.718316e-20   1.102739e-04   1.785814e-21   96
  8.752007e-01   1.542254e-20   3.233803e-04   8.461361e-22   372
  8.763838e-01   1.641363e-20   3.846540e-04   1.295783e-21   132
  8.774230e-01   1.493751e-20   2.380193e-04   9.409403e-22   264
  8.783527e-01   1.415126e-20   1.827880e-04   1.181702e-21   168
  8.793449e-01   1.886915e-20   2.922429e-04   1.105683e-21   216
  8.802213e-01   1.384443e-20   1.787978e-04   8.772493e-22   216
  8.814979e-01   1.263938e-20   3.280196e-04   1.571012e-21   96
  8.826561e-01   1.865846e-20   2.140028e-04   1.673342e-21   120
  8.837183e-01   1.344105e-20   2.720578e-04   8.650496e-22   216
  8.845934e-01   1.611751e-20   1.188902e-04   1.048152e-21   200
  8.857519e-01   1.342195e-20   3.077557e-04   7.779025e-22   288
  8.872378e-01   1.039545e-20   8.097649e-05   8.405719e-22   144
  8.878635e-01   1.526084e-20   2.519939e-04   1.272114e-21   168
  8.891412e-01   1.113539e-20   2.835956e-04   1.046086e-21   159
  8.901386e-01   1.416276e-20   2.975600e-04   1.233161e-21   174
  8.911039e-01   1.213707e-20   2.698170e-04   8.992928e-22   144
  8.923678e-01   1.360181e-20   1.557998e-04   8.709839e-22   222
  8.932131e-01   1.331863e-20   1.572158e-04   1.037529e-21   168
  8.946732e-01   2.299950e-20   3.448346e-04   4.617571e-21   30
  8.952763e-01   1.554317e-20   3.044637e-04   1.484791e-21   72
  8.964123e-01   1.257802e-20   2.717302e-04   7.403387e-22   258
  8.976612e-01   1.179341e-20   1.701916e-04   6.830614e-22   264
  8.982857e-01   1.240598e-20   0.000000e+00   1.354638e-21   72
  8.995871e-01   1.110390e-20   3.373270e-04   8.529763e-22   174
  9.007654e-01   1.298228e-20   3.591909e-04   1.001897e-21   168
  9.017127e-01   1.336078e-20   1.123916e-08   1.648577e-21   48
  9.027297e-01   1.334153e-20   2.028435e-04   1.034869e-21   150
  9.039088e-01   1.156684e-20   3.731453e-04   7.639768e-22   168
  9.050911e-01   1.155299e-20   2.273028e-04   9.875922e-22   144
  9.061784e-01   1.469672e-20   2.123525e-04   1.193198e-21   102
  9.069882e-01   9.407662e-21   3.143182e-04   1.025746e-21   96
  9.082731e-01   1.063262e-20   3.119397e-04   9.637748e-22   120
  9.092246e-01   1.116528e-20   3.345635e-04   9.149466e-22   168
  9.102538e-01   1.135037e-20   2.470487e-04   1.020992e-21   126
  9.111308e-01   1.148204e-20   1.863241e-04   9.421804e-22   168
  9.123389e-01   1.164064e-20   2.987709e-04   1.239477e-21   72
  9.133947e-01   1.141127e-20   3.741278e-04   8.625587e-22   168
  9.143196e-01   1.403239e-20   1.025668e-04   1.941165e-21   78
  9.155870e-01   1.372759e-20   1.684070e-04   1.764537e-21   60
  9.166075e-01   1.175450e-20   2.731835e-04   1.235229e-21   96
  9.176659e-01   1.449673e-20   3.314854e-04   1.043297e-21   168
  9.186605e-01   9.224245e-21   2.097511e-04   9.380285e-22   86
  9.197042e-01   1.253233e-20   1.874678e-04   1.112946e-21   120
  9.212002e-01   1.166708e-20   1.336894e-04   9.356815e-22   168
  9.220069e-01   1.034751e-20   0.000000e+00   1.499557e-21   48
  9.230934e-01   1.068602e-20   2.435676e-04   1.047051e-21   120
  9.237177e-01   8.738986e-21   1.776924e-04   1.018935e-21   126
  9.252418e-01   8.450425e-21   3.125113e-04   9.301434e-22   96
  9.262310e-01   9.635878e-21   9.011285e-05   9.767955e-22   96
  9.270111e-01   1.054222e-20   1.059638e-08   1.425936e-21   72
  9.286731e-01   9.769919e-21   1.123916e-08   1.583160e-21   24
  9.297104e-01   1.061073e-20   1.854501e-04   9.066389e-22   120
  9.305196e-01   1.045548e-20   2.705147e-04   1.099552e-21   126
  9.314194e-01   9.392073e-21   2.255107e-04   1.054108e-21   96
  9.324708e-01   7.473646e-21   3.897482e-04   7.782501e-22   72
  9.336415e-01   9.314578e-21   1.685792e-04   7.758414e-22   144
  9.346046e-01   1.097987e-20   9.723254e-05   1.205003e-21   72
  9.355666e-01   1.024066e-20   1.942081e-04   1.315618e-21   54
  9.364132e-01   1.365878e-20   1.711436e-04   1.193381e-21   108
  9.381728e-01   1.016886e-20   1.677650e-04   1.403090e-21   72
  9.387206e-01   1.056398e-20   9.680617e-05   1.258210e-21   72
  9.400202e-01   1.525458e-20   1.946680e-08   2.226540e-21   24
  9.412498e-01   9.013678e-21   2.047976e-04   1.098177e-21   48
  9.419964e-01   9.492753e-21   1.560029e-04   7.720506e-22   102
  9.431203e-01   1.004529e-20   3.528137e-04   7.690108e-22   168
  9.445889e-01   9.808492e-21   1.924163e-04   1.211332e-21   72
  9.451330e-01   1.007253e-20   0.000000e+00   1.105419e-21   48
  9.462744e-01   1.188390e-20   3.309678e-04   9.337665e-22   120
  9.477807e-01   8.365437e-21   2.033864e-04   9.935212e-22   96
  9.492033e-01   8.404152e-21   1.798266e-08   1.332168e-21   30
  9.508942e-01   1.053454e-20   9.555995e-05   1.415162e-21   72
  9.516372e-01   7.111047e-21   1.123916e-08   2.164048e-21   24
  9.525916e-01   9.126493e-21   1.416435e-04   7.394158e-22   56
  9.536606e-01   8.071658e-21   2.021324e-04   7.127630e-22   96
  9.549399e-01   1.011598e-20   2.232036e-04   8.074971e-22   144
  9.559263e-01   5.641281e-21   1.267263e-04   5.870793e-22   54
  9.573592e-01   7.762576e-21   1.898493e-04   7.123270e-22   108
  9.588012e-01   1.317882e-20   1.005243e-04   1.656476e-21   48
  9.601739e-01   8.299030e-21   3.785063e-04   8.835014e-22   72
  9.634680e-01   9.764695e-21   2.500803e-04   9.874450e-22   78
  9.643808e-01   7.463917e-21   1.884669e-04   6.137267e-22   72
  9.654462e-01   7.489460e-21   1.882329e-04   1.222832e-21   72
  9.665603e-01   9.026961e-21   4.542266e-04   9.212393e-22   96
  9.674408e-01   8.150223e-21   1.878449e-04   1.209575e-21   72
  9.685029e-01   8.600496e-21   0.000000e+00   1.337329e-21   24
  9.695638e-01   8.528535e-21   3.748416e-04   1.490736e-21   72
  9.719599e-01   1.107459e-20   2.380359e-04   2.463151e-21   30
  9.724755e-01   8.158116e-21   0.000000e+00   1.600841e-21   24
  9.752466e-01   5.373887e-21   1.976584e-04   9.752446e-22   48
  9.761159e-01   8.486221e-21   4.253608e-04   7.144744e-22   120
  9.772870e-01   8.379972e-21   1.859776e-04   6.792687e-22   72
  9.784697e-01   6.965774e-21   1.857528e-04   9.997466e-22   36
  9.792826e-01   9.058147e-21   3.671339e-04   1.022338e-21   78
  9.815513e-01   1.021950e-20   1.963888e-04   1.301143e-21   48
  9.844928e-01   8.523751e-21   1.589457e-08   1.562458e-21   24
  9.865884e-01   7.336449e-21   1.367612e-04   8.178701e-22   56
  9.876436e-01   7.744672e-21   2.104496e-04   8.600847e-22   102
  9.889860e-01   7.570743e-21   1.498555e-08   7.186622e-22   72
  9.897653e-01   4.882983e-21   1.123916e-08   1.148536e-21   24
  9.911277e-01   8.313804e-21   1.944913e-04   8.655853e-22   48
  9.936528e-01   5.281650e-21   0.000000e+00   9.320993e-22   24
  9.967520e-01   5.250806e-21   0.000000e+00   1.367130e-21   6
  9.977185e-01   3.790815e-21   0.000000e+00   6.517429e-22   24
  9.983623e-01   6.561732e-21   1.820511e-04   9.064749e-22   72
  9.995384e-01   6.023266e-21   3.396336e-04   7.388344e-22   84
  1.000805e+00   5.325256e-21   0.000000e+00   8.381619e-22   24
  1.001190e+00   8.404974e-21   1.589457e-08   1.084240e-21   24
  1.003114e+00   1.084630e-20   1.946680e-08   1.256307e-21   24
  1.005800e+00   1.528833e-20   0.000000e+00   2.851995e-21   6
  1.009244e+00   5.771199e-21   1.910001e-04   9.681545e-22   48
  1.010072e+00   5.381341e-21   3.598129e-04   6.911072e-22   72
  1.011152e+00   5.648306e-21   1.906396e-04   8.174460e-22   48
  1.012867e+00   9.369112e-21   0.000000e+00   1.792495e-21   24
  1.015148e+00   2.060486e-20   0.000000e+00   8.847660e-21   6
  1.020262e+00   8.887182e-21   0.000000e+00   1.597151e-21   8
  1.020640e+00   5.457885e-21   1.123916e-08   7.743718e-22   48
  1.021546e+00   5.508756e-21   1.848806e-04   8.914478e-22   60
  1.022904e+00   4.135600e-21   0.000000e+00   7.324663e-22   24
  1.024787e+00   2.390243e-21   0.000000e+00   3.397370e-22   6
  1.031723e+00   7.280138e-21   0.000000e+00   1.077110e-21   24
  1.032283e+00   6.088466e-21   1.867372e-04   7.818555e-22   48
  1.033217e+00   8.213572e-21   0.000000e+00   1.140384e-21   24
  1.034708e+00   5.729525e-21   0.000000e+00   8.778849e-22   6
  1.043181e+00   5.882236e-21   1.742080e-04   6.114830e-22   36
  1.043797e+00   5.857483e-21   0.000000e+00   9.492501e-22   24
  1.044904e+00   6.424815e-21   0.000000e+00   1.206644e-21   6
  1.054545e+00   6.444778e-21   1.583190e-04   1.402880e-21   32
  1.055367e+00   3.084156e-21   0.000000e+00   5.388826e-22   6
  1.065728e+00   5.580362e-21   0.000000e+00   1.006253e-21   12
  1.066089e+00   3.149059e-21   0.000000e+00   1.430822e-21   6
  1.077063e+00   6.833337e-21   0.000000e+00   6.744634e-22   6
