# power spectrum of delta
# redshift z=96.079122
# k              Pk             sigma(k)       sigma(Pk)      count
  1.963495e-02   3.226978e-06   0.000000e+00   7.230256e-07   6
  2.776802e-02   4.108166e-06   0.000000e+00   7.718492e-07   12
  3.400874e-02   4.491862e-06   3.725290e-10   7.402520e-07   8
  3.926991e-02   8.051204e-06   0.000000e+00   2.206442e-06   6
  4.390509e-02   1.229440e-05   7.024475e-10   2.706973e-06   24
  4.809562e-02   9.693185e-06   7.024475e-10   1.736615e-06   24
  5.553604e-02   2.216409e-05   0.000000e+00   4.731275e-06   12
  5.890486e-02   1.692076e-05   7.947286e-10   2.136796e-06   30
  6.209118e-02   1.180091e-05   0.000000e+00   3.331708e-06   24
  6.512178e-02   2.003620e-05   1.216675e-09   4.883876e-06   24
  6.801748e-02   2.177368e-05   7.450581e-10   4.976440e-06   8
  7.079483e-02   1.595222e-05   9.934107e-10   4.449520e-06   24
  7.346727e-02   4.178819e-05   0.000000e+00   5.493521e-06   48
  7.853982e-02   2.872504e-05   0.000000e+00   1.420663e-06   6
  8.095699e-02   3.386034e-05   9.934107e-10   4.026444e-06   48
  8.330406e-02   5.535978e-05   9.365966e-10   7.304913e-06   36
  8.558678e-02   6.234127e-05   9.934107e-10   1.825984e-05   24
  8.781018e-02   3.071371e-05   1.404895e-09   6.035622e-06   24
  8.997866e-02   3.867003e-05   0.000000e+00   4.604526e-06   48
  9.209610e-02   6.488392e-05   1.404895e-09   1.137909e-05   24
  9.619124e-02   8.053434e-05   1.404895e-09   1.873074e-05   24
  9.817477e-02   3.841666e-05   0.000000e+00   6.508251e-06   30
  1.001190e-01   5.660894e-05   0.000000e+00   6.146756e-06   72
  1.020262e-01   6.214551e-05   1.490116e-09   9.752400e-06   32
  1.057375e-01   4.420694e-05   0.000000e+00   5.006685e-06   72
  1.075451e-01   5.633957e-05   0.000000e+00   8.269486e-06   48
  1.110721e-01   3.121940e-05   0.000000e+00   6.832048e-06   12
  1.127942e-01   6.080121e-05   0.000000e+00   6.291787e-06   48
  1.144905e-01   6.032815e-05   0.000000e+00   5.000094e-06   48
  1.161620e-01   5.890065e-05   1.404895e-09   9.101172e-06   48
  1.178097e-01   7.104135e-05   1.589457e-09   9.592288e-06   30
  1.194348e-01   5.184413e-05   0.000000e+00   1.166607e-05   24
  1.210380e-01   5.905199e-05   2.961779e-09   5.721068e-06   72
  1.241824e-01   7.414533e-05   0.000000e+00   1.433630e-05   24
  1.257251e-01   8.504348e-05   0.000000e+00   8.540796e-06   96
  1.272490e-01   8.832818e-05   0.000000e+00   1.253464e-05   48
  1.287550e-01   1.311367e-04   2.433349e-09   2.276539e-05   24
  1.302436e-01   9.749918e-05   2.433349e-09   1.238918e-05   24
  1.317153e-01   1.018062e-04   0.000000e+00   9.534659e-06   72
  1.331707e-01   6.455121e-05   0.000000e+00   7.473079e-06   48
  1.360350e-01   5.884338e-05   1.490116e-09   1.262216e-05   8
  1.374447e-01   9.270373e-05   1.766064e-09   1.136715e-05   54
  1.388401e-01   7.763092e-05   0.000000e+00   8.237223e-06   84
  1.402216e-01   9.561781e-05   0.000000e+00   1.849160e-05   48
  1.415897e-01   1.009375e-04   1.986821e-09   1.814430e-05   24
  1.429446e-01   1.417759e-04   2.649095e-09   2.168673e-05   72
  1.442869e-01   9.371430e-05   0.000000e+00   8.464485e-06   96
  1.469345e-01   7.440622e-05   0.000000e+00   1.095308e-05   48
  1.482407e-01   7.852359e-05   0.000000e+00   9.451119e-06   48
  1.495354e-01   1.009757e-04   0.000000e+00   2.534240e-05   24
  1.508189e-01   1.162172e-04   0.000000e+00   1.145940e-05   72
  1.533539e-01   7.602974e-05   0.000000e+00   8.199124e-06   72
  1.546058e-01   1.071602e-04   0.000000e+00   1.017535e-05   96
  1.570796e-01   6.200889e-05   0.000000e+00   1.077468e-05   6
  1.583021e-01   9.993125e-05   0.000000e+00   9.321004e-06   96
  1.595151e-01   1.229578e-04   1.986821e-09   1.330350e-05   96
  1.607190e-01   8.571522e-05   0.000000e+00   1.311550e-05   24
  1.619140e-01   1.143462e-04   1.986821e-09   2.227562e-05   48
  1.631002e-01   1.072137e-04   0.000000e+00   1.023174e-05   96
  1.642778e-01   9.957714e-05   0.000000e+00   1.306576e-05   48
  1.666081e-01   1.022640e-04   1.873193e-09   1.889038e-05   36
  1.677611e-01   1.258520e-04   3.441276e-09   2.201537e-05   48
  1.689063e-01   1.373858e-04   3.893359e-09   1.073751e-05   120
  1.700437e-01   1.163197e-04   0.000000e+00   1.541068e-05   56
  1.711736e-01   7.411744e-05   1.986821e-09   1.470806e-05   24
  1.722960e-01   1.197541e-04   0.000000e+00   1.195691e-05   96
  1.734112e-01   1.184082e-04   0.000000e+00   1.874094e-05   48
  1.756204e-01   1.459453e-04   2.809790e-09   2.066568e-05   24
  1.767146e-01   1.310912e-04   0.000000e+00   1.249610e-05   102
  1.778021e-01   1.176519e-04   1.986821e-09   1.515786e-05   48
  1.788829e-01   1.089501e-04   0.000000e+00   1.020006e-05   72
  1.799573e-01   1.648154e-04   0.000000e+00   2.334230e-05   48
  1.810253e-01   1.354073e-04   0.000000e+00   2.951473e-05   48
  1.820871e-01   1.363175e-04   4.495664e-09   1.303504e-05   120
  1.841922e-01   1.214898e-04   2.809790e-09   2.306774e-05   24
  1.852358e-01   1.564032e-04   2.649095e-09   1.052890e-05   144
  1.862735e-01   1.034316e-04   3.178914e-09   8.713142e-06   120
  1.873055e-01   1.310576e-04   2.809790e-09   2.010227e-05   48
  1.893526e-01   1.361332e-04   2.809790e-09   2.192219e-05   48
  1.903679e-01   1.157718e-04   2.809790e-09   1.074845e-05   96
  1.930487e-01   1.587909e-04   4.711199e-04   1.917759e-05   72
  1.943761e-01   1.344112e-04   2.497591e-09   1.194743e-05   108
  1.953653e-01   1.852084e-04   0.000000e+00   1.867855e-05   72
  1.963495e-01   1.208893e-04   0.000000e+00   2.379318e-05   30
  1.973288e-01   1.298944e-04   0.000000e+00   9.509422e-06   168
  1.983033e-01   1.833892e-04   0.000000e+00   1.833387e-05   48
  2.002380e-01   1.088489e-04   0.000000e+00   1.188782e-05   72
  2.011984e-01   1.959523e-04   0.000000e+00   2.041027e-05   96
  2.021542e-01   1.291158e-04   5.298191e-09   1.262139e-05   72
  2.031055e-01   1.396787e-04   0.000000e+00   1.740137e-05   72
  2.047049e-01   1.243890e-04   4.350048e-04   9.749555e-06   104
  2.059331e-01   1.501559e-04   3.746387e-09   1.167601e-05   144
  2.087224e-01   1.540296e-04   6.282881e-09   1.216628e-05   96
  2.096439e-01   1.617957e-04   0.000000e+00   1.547951e-05   96
  2.111095e-01   1.558308e-04   4.475232e-04   1.488350e-05   120
  2.123845e-01   1.457691e-04   0.000000e+00   1.238622e-05   120
  2.132902e-01   1.348526e-04   0.000000e+00   2.234553e-05   72
  2.150901e-01   1.638148e-04   0.000000e+00   2.322803e-05   48
  2.159845e-01   1.480367e-04   4.890638e-09   1.504161e-05   78
  2.171286e-01   1.503629e-04   4.007142e-04   1.083616e-05   168
  2.195255e-01   1.695943e-04   4.588368e-09   1.271120e-05   144
  2.204018e-01   1.563888e-04   3.746387e-09   1.186133e-05   144
  2.229436e-01   1.362925e-04   2.307791e-04   1.169607e-05   156
  2.238729e-01   1.370322e-04   4.866699e-09   1.761872e-05   48
  2.247323e-01   1.898052e-04   3.178914e-09   2.026501e-05   120
  2.255884e-01   1.679548e-04   0.000000e+00   2.226810e-05   48
  2.271022e-01   1.672003e-04   3.532495e-04   1.191297e-05   216
  2.289809e-01   1.764386e-04   0.000000e+00   3.734039e-05   48
  2.298212e-01   1.866538e-04   2.809790e-09   1.942268e-05   96
  2.310160e-01   1.615022e-04   4.128272e-04   1.061004e-05   168
  2.323239e-01   1.607282e-04   2.809790e-09   2.144711e-05   48
  2.331522e-01   1.499706e-04   0.000000e+00   1.340787e-05   96
  2.339775e-01   1.863460e-04   0.000000e+00   2.488564e-05   48
  2.356194e-01   1.267516e-04   3.178914e-09   1.904765e-05   30
  2.364362e-01   1.676514e-04   0.000000e+00   1.470597e-05   96
  2.374123e-01   1.641452e-04   3.244455e-04   9.742160e-06   240
  2.386674e-01   2.016148e-04   3.500299e-04   4.293349e-05   32
  2.396752e-01   2.031171e-04   0.000000e+00   1.456514e-05   168
  2.404781e-01   2.142924e-04   0.000000e+00   1.862251e-05   120
  2.420760e-01   2.168908e-04   5.923557e-09   2.288880e-05   72
  2.428710e-01   1.557572e-04   2.649095e-09   1.145919e-05   144
  2.436634e-01   2.318990e-04   0.000000e+00   2.358710e-05   96
  2.444532e-01   2.289520e-04   0.000000e+00   2.025484e-05   96
  2.460253e-01   1.786854e-04   0.000000e+00   2.050096e-05   72
  2.468075e-01   1.889299e-04   3.973643e-09   1.800508e-05   96
  2.483647e-01   1.034934e-04   0.000000e+00   1.981617e-05   24
  2.491396e-01   1.632989e-04   0.000000e+00   1.233497e-05   192
  2.500522e-01   1.775605e-04   2.970416e-04   1.232547e-05   132
  2.514501e-01   2.001440e-04   0.000000e+00   2.259383e-05   96
  2.522156e-01   1.702153e-04   0.000000e+00   1.927596e-05   96
  2.529787e-01   2.181348e-04   3.178914e-09   2.072088e-05   120
  2.544981e-01   1.583572e-04   0.000000e+00   2.022843e-05   48
  2.557435e-01   1.619364e-04   3.599905e-04   1.250950e-05   222
  2.567603e-01   2.144837e-04   0.000000e+00   1.850542e-05   120
  2.575100e-01   2.339629e-04   4.866699e-09   5.328387e-05   24
  2.586015e-01   2.031045e-04   3.715625e-04   1.027050e-05   312
  2.609797e-01   1.979808e-04   3.483547e-04   1.779673e-05   72
  2.619630e-01   1.942182e-04   4.866699e-09   1.699548e-05   96
  2.629726e-01   1.889103e-04   3.547511e-04   1.607700e-05   192
  2.641613e-01   1.844953e-04   4.495664e-09   1.693289e-05   120
  2.648900e-01   1.906566e-04   0.000000e+00   1.497510e-05   144
  2.663415e-01   1.617540e-04   0.000000e+00   2.249552e-05   48
  2.673732e-01   1.902931e-04   3.567146e-04   1.178663e-05   336
  2.685040e-01   1.785239e-04   0.000000e+00   2.459234e-05   48
  2.699360e-01   1.985109e-04   0.000000e+00   1.566619e-05   192
  2.706492e-01   2.056815e-04   0.000000e+00   2.476634e-05   48
  2.726764e-01   2.933223e-04   2.476067e-04   3.541605e-05   56
  2.736844e-01   1.995085e-04   3.180112e-04   1.159192e-05   336
  2.748894e-01   1.658201e-04   3.532127e-09   1.897887e-05   54
  2.759390e-01   1.943801e-04   3.492904e-04   1.127292e-05   240
  2.781181e-01   1.940829e-04   3.344484e-04   1.224765e-05   228
  2.790651e-01   2.718814e-04   3.746387e-09   2.827034e-05   72
  2.799844e-01   2.568322e-04   3.244231e-04   2.257407e-05   144
  2.811298e-01   2.232061e-04   0.000000e+00   2.757970e-05   96
  2.818146e-01   1.809516e-04   4.495664e-09   1.230362e-05   240
  2.831793e-01   2.145050e-04   3.973643e-09   3.538095e-05   24
  2.840530e-01   2.422352e-04   3.064151e-04   1.238195e-05   336
  2.852142e-01   2.082035e-04   0.000000e+00   2.012538e-05   72
  2.862741e-01   2.016850e-04   3.332831e-04   1.372779e-05   168
  2.872346e-01   1.454960e-04   0.000000e+00   1.341443e-05   72
  2.885737e-01   2.071682e-04   0.000000e+00   1.891659e-05   96
  2.896108e-01   2.328998e-04   3.307829e-04   1.671482e-05   216
  2.905708e-01   2.899187e-04   0.000000e+00   2.267440e-05   96
  2.918946e-01   1.855363e-04   3.973643e-09   1.405326e-05   192
  2.925542e-01   2.055267e-04   3.746387e-09   1.729897e-05   144
  2.938691e-01   3.118142e-04   0.000000e+00   3.347257e-05   48
  2.947794e-01   2.737676e-04   3.189136e-04   1.741259e-05   246
  2.960164e-01   2.217992e-04   2.940434e-04   1.662110e-05   168
  2.971308e-01   2.364724e-04   7.786718e-09   2.494369e-05   120
  2.977788e-01   2.193699e-04   0.000000e+00   1.307433e-05   240
  2.990707e-01   2.382745e-04   0.000000e+00   6.305782e-05   24
  3.001001e-01   2.609993e-04   3.147475e-04   1.324436e-05   360
  3.013820e-01   2.140896e-04   3.134082e-04   1.643950e-05   120
  3.022763e-01   2.387114e-04   0.000000e+00   2.015825e-05   144
  3.029133e-01   2.700839e-04   0.000000e+00   2.762722e-05   96
  3.048165e-01   2.455845e-04   0.000000e+00   1.717220e-05   144
  3.054482e-01   1.939026e-04   0.000000e+00   2.090975e-05   132
  3.063360e-01   1.736930e-04   3.093292e-04   1.279003e-05   176
  3.076248e-01   2.565129e-04   3.123602e-04   1.362411e-05   312
  3.092116e-01   3.006794e-04   0.000000e+00   2.965076e-05   96
  3.098343e-01   3.162374e-04   0.000000e+00   2.818115e-05   144
  3.107899e-01   2.763972e-04   3.092271e-04   1.458925e-05   312
  3.123131e-01   2.440986e-04   0.000000e+00   3.797192e-05   48
  3.129297e-01   2.683225e-04   3.973643e-09   2.257951e-05   192
  3.141593e-01   5.821230e-05   0.000000e+00   1.555285e-05   6
  3.149762e-01   2.459246e-04   2.884066e-04   1.468432e-05   288
  3.162994e-01   2.220088e-04   3.047203e-04   1.426617e-05   192
  3.172124e-01   2.704041e-04   9.345130e-09   1.862917e-05   216
  3.178195e-01   1.787322e-04   0.000000e+00   1.605377e-05   72
  3.193321e-01   2.082739e-04   3.018264e-04   1.691200e-05   192
  3.203366e-01   2.983745e-04   2.241224e-04   1.940388e-05   288
  3.214381e-01   2.062946e-04   0.000000e+00   2.882585e-05   24
  3.222890e-01   2.540755e-04   2.952626e-04   1.076388e-05   456
  3.238280e-01   2.165599e-04   3.973643e-09   2.399748e-05   48
  3.247789e-01   2.208001e-04   2.908218e-04   1.538890e-05   240
  3.258718e-01   2.411722e-04   2.939082e-04   1.839169e-05   216
  3.267908e-01   2.336934e-04   0.000000e+00   2.909181e-05   72
  3.273801e-01   2.922130e-04   1.015467e-08   2.052143e-05   168
  3.290441e-01   2.762556e-04   2.184577e-04   1.948504e-05   288
  3.299773e-01   2.778836e-04   2.890570e-04   2.418664e-05   168
  3.314762e-01   2.379924e-04   0.000000e+00   1.672401e-05   192
  3.320572e-01   3.580159e-04   3.746387e-09   3.068902e-05   144
  3.332162e-01   2.809002e-04   3.746387e-09   3.562717e-05   36
  3.341991e-01   2.391012e-04   2.639705e-04   1.351535e-05   342
  3.351389e-01   2.952302e-04   2.710657e-04   2.607580e-05   144
  3.363470e-01   2.608408e-04   2.842800e-04   1.217439e-05   384
  3.378125e-01   2.686058e-04   7.786718e-09   2.949893e-05   120
  3.385379e-01   2.354302e-04   2.534951e-04   1.552615e-05   264
  3.395201e-01   2.487037e-04   1.256576e-08   1.515712e-05   192
  3.404451e-01   2.946694e-04   2.731894e-04   2.114482e-05   152
  3.412191e-01   2.435666e-04   7.492773e-09   1.859858e-05   144
  3.428472e-01   2.363775e-04   1.768108e-04   1.626087e-05   216
  3.436008e-01   2.485772e-04   2.362665e-04   1.386314e-05   312
  3.449274e-01   2.805087e-04   2.738281e-04   1.868897e-05   240
  3.457090e-01   2.785929e-04   3.973643e-09   2.943911e-05   96
  3.471927e-01   2.290423e-04   2.617995e-04   1.944355e-05   144
  3.481071e-01   2.952153e-04   2.573258e-04   1.472812e-05   456
  3.495904e-01   2.836815e-04   0.000000e+00   2.916294e-05   120
  3.501414e-01   2.627946e-04   0.000000e+00   2.220808e-05   144
  3.512407e-01   2.535658e-04   5.619580e-09   3.376600e-05   24
  3.519456e-01   2.758451e-04   2.473498e-04   1.495309e-05   336
  3.531645e-01   2.402724e-04   2.727931e-04   1.744091e-05   198
  3.543067e-01   2.564827e-04   2.652756e-04   1.070160e-05   432
  3.556041e-01   2.892900e-04   3.973643e-09   4.131755e-05   48
  3.562810e-01   2.790559e-04   2.341925e-04   1.380817e-05   384
  3.574963e-01   3.073199e-04   2.696052e-04   2.421722e-05   144
  3.585975e-01   2.657003e-04   2.676825e-04   1.437448e-05   264
  3.599147e-01   2.603646e-04   0.000000e+00   2.654156e-05   48
  3.607984e-01   2.371281e-04   2.545223e-04   1.330971e-05   276
  3.616510e-01   3.233969e-04   2.307176e-04   2.157373e-05   192
  3.627906e-01   2.832548e-04   2.592759e-04   1.104280e-05   552
  3.641741e-01   2.543180e-04   8.991328e-09   2.325594e-05   120
  3.649965e-01   2.373773e-04   2.624511e-04   1.623754e-05   216
  3.657587e-01   3.053771e-04   4.495664e-09   2.615988e-05   120
  3.671201e-01   2.784283e-04   2.584500e-04   1.289143e-05   408
  3.683844e-01   4.270181e-04   5.619580e-09   9.124399e-05   24
  3.691684e-01   2.718518e-04   2.610810e-04   1.495027e-05   384
  3.702633e-01   3.261045e-04   2.550855e-04   2.278166e-05   240
  3.712141e-01   2.445812e-04   2.569535e-04   1.723233e-05   168
  3.725471e-01   3.292341e-04   6.357829e-09   2.813481e-05   120
  3.734064e-01   2.361718e-04   2.678605e-04   1.182967e-05   350
  3.748037e-01   3.121343e-04   4.409502e-04   1.711403e-05   384
  3.756388e-01   2.905655e-04   0.000000e+00   1.840285e-05   144
  3.771752e-01   2.549101e-04   1.059638e-08   1.522334e-05   288
  3.779773e-01   3.052865e-04   2.524053e-04   1.559485e-05   336
  3.790686e-01   2.886304e-04   2.297941e-04   2.580616e-05   168
  3.797219e-01   3.035498e-04   4.541306e-09   1.591420e-05   336
  3.810732e-01   2.895877e-04   2.385126e-04   1.595815e-05   288
  3.818848e-01   2.995711e-04   2.247398e-04   1.860812e-05   264
  3.832590e-01   2.404466e-04   0.000000e+00   1.620994e-05   240
  3.837616e-01   2.310622e-04   7.947286e-09   2.293654e-05   96
  3.855656e-01   3.291021e-04   3.056310e-04   1.514151e-05   360
  3.864075e-01   2.910968e-04   2.253025e-04   2.611141e-05   168
  3.874713e-01   2.854501e-04   2.456032e-04   1.293025e-05   456
  3.887523e-01   3.458966e-04   4.995182e-09   3.722923e-05   108
  3.894728e-01   3.318186e-04   2.464311e-04   2.111969e-05   264
  3.903716e-01   3.168183e-04   2.198567e-04   1.884476e-05   264
  3.916025e-01   3.064686e-04   2.074668e-04   1.691030e-05   312
  3.931351e-01   3.295285e-04   1.541705e-04   2.076350e-05   270
  3.937775e-01   3.022598e-04   1.957388e-04   1.705159e-05   240
  3.949323e-01   3.024106e-04   2.421536e-04   1.635028e-05   384
  3.956334e-01   3.249281e-04   0.000000e+00   1.997920e-05   192
  3.969952e-01   2.902867e-04   1.942960e-04   2.121551e-05   240
  3.977852e-01   3.370922e-04   2.397927e-04   1.696803e-05   336
  3.992708e-01   2.992842e-04   2.413972e-04   1.324108e-05   480
  4.004761e-01   3.821961e-04   0.000000e+00   5.208847e-05   72
  4.011493e-01   3.460535e-04   2.353842e-04   1.968713e-05   240
  4.020650e-01   3.272923e-04   2.212289e-04   1.788997e-05   312
  4.031147e-01   2.647594e-04   2.390954e-04   1.482838e-05   240
  4.047009e-01   3.124353e-04   1.816506e-04   1.515140e-05   408
  4.053288e-01   3.473254e-04   1.663482e-04   1.666195e-05   336
  4.065560e-01   2.626547e-04   2.112212e-04   2.071283e-05   264
  4.071591e-01   3.002356e-04   0.000000e+00   2.570799e-05   144
  4.088370e-01   3.397149e-04   2.927651e-04   1.521150e-05   464
  4.097211e-01   3.320014e-04   2.328083e-04   2.424791e-05   168
  4.105939e-01   3.111139e-04   2.120376e-04   1.767048e-05   336
  4.121713e-01   3.478353e-04   2.227870e-04   1.672994e-05   414
  4.130606e-01   3.356075e-04   2.319080e-04   2.261370e-05   216
  4.141998e-01   3.147008e-04   5.619580e-09   2.711922e-05   96
  4.146649e-01   3.617308e-04   1.685874e-08   1.873208e-05   384
  4.162944e-01   3.217428e-04   2.314600e-04   1.295542e-05   492
  4.171676e-01   3.293301e-04   2.263480e-04   2.357354e-05   240
  4.181546e-01   3.546703e-04   2.298225e-04   1.720721e-05   312
  4.195176e-01   3.105751e-04   2.297469e-04   2.008708e-05   192
  4.203810e-01   3.292916e-04   2.226525e-04   1.287731e-05   504
  4.215265e-01   3.322332e-04   1.473998e-04   1.556921e-05   408
  4.224284e-01   2.681608e-04   4.515774e-04   1.925874e-05   168
  4.235571e-01   2.672213e-04   2.145032e-04   1.534811e-05   288
  4.245041e-01   3.044056e-04   2.238525e-04   1.794574e-05   288
  4.254743e-01   3.024169e-04   2.251410e-04   1.518435e-05   432
  4.268815e-01   3.657440e-04   2.129084e-04   2.772598e-05   216
  4.276334e-01   3.748785e-04   2.124592e-04   1.720532e-05   360
  4.289721e-01   3.312535e-04   2.073582e-04   2.073787e-05   312
  4.301803e-01   3.924322e-04   0.000000e+00   4.567643e-05   48
  4.308767e-01   3.538405e-04   2.223178e-04   1.753409e-05   432
  4.321240e-01   3.106836e-04   3.708284e-04   1.496122e-05   414
  4.328606e-01   3.375223e-04   1.956255e-08   1.802364e-05   312
  4.342347e-01   3.612931e-04   3.253813e-04   1.611407e-05   528
  4.351620e-01   2.940120e-04   1.707976e-04   1.745726e-05   264
  4.362761e-01   3.188874e-04   2.025191e-04   1.549854e-05   480
  4.377318e-01   3.552496e-04   0.000000e+00   2.037706e-05   288
  4.383604e-01   4.837572e-04   2.176005e-04   3.750838e-05   168
  4.395105e-01   3.456731e-04   3.444610e-04   1.510241e-05   504
  4.408036e-01   3.122724e-04   7.492773e-09   2.691076e-05   144
  4.416171e-01   3.297637e-04   2.212265e-04   1.638098e-05   464
  4.428396e-01   3.355708e-04   3.246624e-04   1.604315e-05   432
  4.434197e-01   3.804484e-04   0.000000e+00   2.892060e-05   192
  4.449189e-01   3.600616e-04   2.406833e-04   2.020796e-05   396
  4.458042e-01   3.419676e-04   2.162000e-04   2.048969e-05   288
  4.466990e-01   3.708088e-04   2.135686e-04   2.282495e-05   336
  4.481283e-01   3.281467e-04   1.352359e-04   1.486712e-05   432
  4.490354e-01   3.150821e-04   3.505126e-04   1.789783e-05   360
  4.500539e-01   3.225876e-04   2.073334e-04   1.649354e-05   384
  4.515004e-01   3.671673e-04   1.830116e-04   2.698259e-05   198
  4.521974e-01   3.352474e-04   2.080246e-04   1.302449e-05   552
  4.534970e-01   3.586956e-04   2.912202e-04   1.765143e-05   432
  4.545821e-01   3.265185e-04   0.000000e+00   2.618637e-05   168
  4.554927e-01   3.664576e-04   3.610065e-04   1.672682e-05   480
  4.566974e-01   3.282952e-04   0.000000e+00   2.580593e-05   120
  4.572396e-01   3.622488e-04   2.948545e-04   1.836790e-05   336
  4.585628e-01   3.263293e-04   2.080152e-04   1.249213e-05   672
  4.598711e-01   3.410658e-04   3.025866e-04   1.377293e-05   528
  4.604805e-01   3.400423e-04   9.082613e-09   2.565028e-05   168
  4.618883e-01   3.256349e-04   3.375333e-04   1.511940e-05   456
  4.627474e-01   3.312915e-04   2.061344e-04   2.517240e-05   168
  4.636392e-01   3.642924e-04   2.057643e-04   1.744120e-05   504
  4.651216e-01   3.870358e-04   2.647872e-04   2.233859e-05   336
  4.660180e-01   3.466094e-04   1.908802e-04   1.882640e-05   312
  4.670124e-01   3.565406e-04   1.865029e-04   1.592637e-05   504
  4.683210e-01   3.207837e-04   1.294009e-04   1.443366e-05   432
  4.689362e-01   2.961505e-04   1.999672e-04   1.553566e-05   312
  4.702151e-01   3.707946e-04   2.049761e-04   1.636473e-05   384
  4.715504e-01   3.532442e-04   1.741510e-04   2.718329e-05   126
  4.723748e-01   3.695738e-04   3.057676e-04   1.715962e-05   492
  4.734278e-01   3.881913e-04   1.958445e-04   1.700527e-05   528
  4.747438e-01   3.732480e-04   1.989360e-04   1.924206e-05   480
  4.755596e-01   3.677600e-04   2.748289e-04   1.789569e-05   432
  4.767402e-01   3.382300e-04   2.161166e-04   1.595299e-05   440
  4.781114e-01   3.263787e-04   1.074739e-04   1.910664e-05   312
  4.786259e-01   3.872147e-04   1.610586e-04   1.809964e-05   480
  4.796813e-01   3.672992e-04   3.153497e-04   1.979059e-05   408
  4.812233e-01   3.332585e-04   1.888588e-04   1.884382e-05   360
  4.818747e-01   3.439282e-04   1.822418e-04   1.884118e-05   408
  4.830820e-01   3.342149e-04   1.854542e-04   1.482907e-05   456
  4.844414e-01   3.181941e-04   1.772485e-04   2.052875e-05   264
  4.851959e-01   3.708698e-04   1.923591e-04   1.945573e-05   384
  4.862943e-01   4.067588e-04   3.238501e-04   1.527092e-05   672
  4.875640e-01   3.649386e-04   1.937042e-04   2.418533e-05   240
  4.882967e-01   3.579166e-04   1.965613e-04   1.989467e-05   264
  4.893308e-01   3.377853e-04   2.424259e-04   1.376995e-05   624
  4.908739e-01   3.190762e-04   0.000000e+00   2.705386e-05   150
  4.914232e-01   3.624728e-04   2.716574e-04   1.560997e-05   600
  4.925819e-01   3.628483e-04   1.874909e-04   1.342510e-05   672
  4.938939e-01   4.035280e-04   1.763484e-04   2.077212e-05   336
  4.946248e-01   3.708319e-04   1.918157e-04   2.031691e-05   408
  4.957926e-01   3.972805e-04   1.913639e-04   1.924408e-05   408
  4.970915e-01   3.461086e-04   9.676385e-05   1.939273e-05   360
  4.978921e-01   3.767068e-04   3.552857e-04   1.569694e-05   456
  4.988592e-01   3.929452e-04   1.932065e-04   1.928946e-05   384
  5.000902e-01   4.018265e-04   1.783541e-04   1.917104e-05   348
  5.007554e-01   3.594529e-04   2.198754e-04   1.510611e-05   576
  5.020050e-01   3.670177e-04   1.810385e-04   1.525741e-05   504
  5.032833e-01   3.692443e-04   2.553443e-04   1.790762e-05   432
  5.043991e-01   3.611107e-04   3.473946e-04   1.471588e-05   576
  5.051948e-01   3.840414e-04   0.000000e+00   2.283026e-05   264
  5.064571e-01   3.822382e-04   2.764393e-04   1.256105e-05   768
  5.075549e-01   3.314056e-04   3.721752e-04   2.184356e-05   240
  5.084277e-01   3.682426e-04   3.282233e-04   2.503528e-05   192
  5.096990e-01   3.856250e-04   2.416124e-04   1.598736e-05   504
  5.106418e-01   3.330991e-04   3.255818e-04   1.303653e-05   590
  5.115460e-01   3.567725e-04   3.647966e-04   2.023870e-05   384
  5.126798e-01   3.707437e-04   3.048625e-04   1.543398e-05   504
  5.140486e-01   3.931706e-04   2.933830e-04   1.507192e-05   648
  5.153764e-01   3.905708e-04   7.967896e-05   1.770905e-05   504
  5.159117e-01   3.975331e-04   1.817627e-04   2.093366e-05   312
  5.168569e-01   3.808886e-04   2.618753e-04   1.652492e-05   576
  5.181545e-01   4.019261e-04   1.822405e-04   2.609622e-05   240
  5.189109e-01   4.032098e-04   1.841453e-04   1.741647e-05   552
  5.199816e-01   3.901004e-04   1.729082e-04   1.571679e-05   600
  5.215067e-01   3.573258e-04   2.111937e-04   1.447982e-05   600
  5.224237e-01   3.377143e-04   3.382099e-04   1.771540e-05   312
  5.233368e-01   3.707363e-04   2.945474e-04   1.732642e-05   480
  5.244775e-01   3.886660e-04   1.837693e-04   1.629474e-05   576
  5.254818e-01   4.157149e-04   2.959085e-04   2.168374e-05   408
  5.263729e-01   3.574046e-04   3.451909e-04   2.299216e-05   216
  5.275243e-01   3.887718e-04   2.643774e-04   1.775933e-05   516
  5.287578e-01   3.686320e-04   2.522429e-04   1.320641e-05   744
  5.300304e-01   4.192540e-04   1.684760e-04   1.994964e-05   462
  5.307494e-01   4.174094e-04   1.712315e-04   1.836030e-05   432
  5.318647e-01   3.751917e-04   1.588547e-04   1.468772e-05   648
  5.331761e-01   3.917900e-04   2.324340e-04   1.601941e-05   528
  5.342295e-01   4.117900e-04   2.799086e-04   1.676678e-05   600
  5.352820e-01   3.643354e-04   3.528915e-04   2.099246e-05   240
  5.363014e-01   4.042277e-04   2.703115e-04   1.599670e-05   720
  5.374863e-01   4.015962e-04   2.138653e-04   1.418109e-05   720
  5.387997e-01   4.375849e-04   0.000000e+00   3.290829e-05   144
  5.394909e-01   3.680316e-04   2.757364e-04   1.335220e-05   720
  5.404742e-01   3.714418e-04   1.653370e-04   1.839145e-05   384
  5.417051e-01   3.778517e-04   1.832848e-04   1.464951e-05   672
  5.428730e-01   3.925255e-04   3.209115e-04   2.355995e-05   336
  5.434308e-01   3.864104e-04   0.000000e+00   2.056768e-05   288
  5.447967e-01   3.884672e-04   2.539800e-04   1.384355e-05   776
  5.460612e-01   4.018406e-04   2.173184e-04   1.498358e-05   720
  5.471231e-01   3.726760e-04   1.750659e-04   1.806834e-05   432
  5.479725e-01   4.283636e-04   2.495786e-04   1.815907e-05   504
  5.489174e-01   4.254459e-04   1.748652e-04   1.963497e-05   528
  5.502396e-01   4.080488e-04   2.382437e-04   2.032200e-05   438
  5.513273e-01   3.690953e-04   2.772938e-04   1.617530e-05   624
  5.521470e-01   4.089731e-04   3.396475e-04   2.427452e-05   312
  5.532738e-01   3.977914e-04   1.829935e-04   1.679866e-05   696
  5.544390e-01   4.203382e-04   1.655760e-04   1.777147e-05   552
  5.556509e-01   4.393917e-04   1.281006e-04   2.008791e-05   516
  5.564006e-01   4.246258e-04   2.558713e-04   1.921339e-05   528
  5.573133e-01   3.937825e-04   1.664001e-04   1.864849e-05   528
  5.586097e-01   3.832686e-04   2.194479e-04   1.234686e-05   864
  5.594897e-01   4.051127e-04   3.005985e-04   1.915011e-05   408
  5.603706e-01   4.865322e-04   2.978186e-04   3.271046e-05   192
  5.616191e-01   4.063497e-04   2.464592e-04   1.528335e-05   720
  5.626731e-01   4.270940e-04   2.272475e-04   1.634966e-05   696
  5.639255e-01   3.694836e-04   2.454294e-04   1.331335e-05   720
  5.650713e-01   3.729982e-04   3.326501e-04   1.775280e-05   432
  5.657395e-01   4.188779e-04   1.958109e-04   2.409592e-05   264
  5.669418e-01   3.936087e-04   2.704061e-04   1.475956e-05   672
  5.680171e-01   3.958140e-04   2.768544e-04   1.674903e-05   600
  5.692933e-01   3.705951e-04   1.620980e-04   2.354291e-05   270
  5.699366e-01   3.750994e-04   2.440026e-04   1.621410e-05   528
  5.709591e-01   4.468509e-04   1.670843e-04   1.561389e-05   840
  5.723613e-01   4.050306e-04   3.194952e-04   1.310120e-05   888
  5.736568e-01   4.333958e-04   2.380474e-04   1.534352e-05   744
  5.747517e-01   4.295525e-04   1.223216e-04   1.946453e-05   456
  5.752963e-01   3.962566e-04   1.671601e-04   1.888871e-05   360
  5.762282e-01   3.844042e-04   1.448348e-04   1.901564e-05   384
  5.776580e-01   4.204460e-04   2.323137e-04   1.507048e-05   816
  5.787308e-01   4.555202e-04   3.370546e-04   1.648794e-05   824
  5.800348e-01   3.727797e-04   1.566791e-04   1.840290e-05   360
  5.807331e-01   4.478161e-04   2.311994e-04   1.908704e-05   624
  5.816941e-01   4.488380e-04   1.562320e-04   2.308953e-05   360
  5.829744e-01   4.352901e-04   2.125215e-04   1.485772e-05   876
  5.841306e-01   3.690657e-04   2.524119e-04   1.357064e-05   696
  5.852967e-01   3.766853e-04   1.629911e-04   1.845957e-05   336
  5.859080e-01   4.154344e-04   1.628079e-04   1.850834e-05   504
  5.869176e-01   4.197292e-04   1.642187e-04   1.566071e-05   672
  5.884155e-01   4.261948e-04   3.269213e-04   1.560137e-05   720
  5.894543e-01   4.013348e-04   2.469541e-04   1.441114e-05   774
  5.906010e-01   4.386143e-04   1.413501e-04   2.258964e-05   384
  5.912015e-01   4.814814e-04   2.720183e-04   2.064264e-05   528
  5.921335e-01   4.590960e-04   2.592486e-04   1.462316e-05   744
  5.936327e-01   4.228837e-04   2.138251e-04   1.452578e-05   768
  5.946281e-01   4.352626e-04   2.400348e-04   1.948726e-05   552
  5.958700e-01   4.367816e-04   2.616108e-04   1.704333e-05   696
  5.967938e-01   3.958643e-04   3.179026e-04   2.058407e-05   408
  5.975272e-01   4.762919e-04   1.373364e-04   2.094611e-05   504
  5.986899e-01   4.158263e-04   2.467198e-04   1.364999e-05   888
  5.998339e-01   4.767188e-04   2.564132e-04   1.941921e-05   648
  6.010230e-01   4.380284e-04   2.542153e-04   1.782356e-05   648
  6.021418e-01   4.078696e-04   2.741064e-04   1.564726e-05   792
  6.033268e-01   4.318146e-04   4.010364e-04   1.972772e-05   600
  6.042000e-01   4.334080e-04   2.717856e-04   2.270080e-05   456
  6.051191e-01   4.311828e-04   1.324567e-04   1.764090e-05   648
  6.062996e-01   4.259628e-04   2.583099e-04   1.440981e-05   936
  6.075741e-01   4.506085e-04   1.586356e-04   2.595666e-05   384
  6.086836e-01   3.162453e-07   0.000000e+00   3.445279e-08   198
  6.095398e-01   2.632534e-07   4.024720e-04   9.481739e-09   1224
  6.104634e-01   2.115525e-07   2.931235e-04   1.433028e-08   420
  6.115558e-01   2.708972e-07   2.836822e-04   1.315646e-08   792
  6.126238e-01   2.914589e-07   2.345810e-04   1.495616e-08   680
  6.138428e-01   2.919113e-07   2.154033e-04   1.581878e-08   600
  6.148235e-01   2.602163e-07   3.123938e-04   1.175630e-08   840
  6.161330e-01   3.098541e-07   1.474979e-04   1.809125e-08   432
  6.166334e-01   2.761999e-07   1.382249e-04   1.365889e-08   720
  6.177213e-01   2.325811e-07   2.768404e-04   9.711132e-09   960
  6.190745e-01   2.973673e-07   2.467829e-04   1.742400e-08   528
  6.200634e-01   2.510667e-07   2.522592e-04   1.421163e-08   624
  6.212404e-01   2.012546e-07   1.982740e-04   9.845127e-09   816
  6.224086e-01   2.414237e-07   3.260658e-04   1.263690e-08   696
  6.236996e-01   2.314851e-07   2.202416e-08   2.022481e-08   240
  6.241851e-01   2.362013e-07   1.922888e-04   1.386704e-08   672
  6.252686e-01   2.337143e-07   3.436476e-04   1.005713e-08   864
  6.264840e-01   2.427676e-07   2.636938e-04   1.121188e-08   816
  6.275795e-01   2.529930e-07   1.509292e-04   1.208323e-08   648
  6.287594e-01   2.024878e-07   1.542771e-04   9.118113e-09   843
  6.297611e-01   2.660460e-07   2.775825e-04   1.300168e-08   780
  6.309548e-01   2.245635e-07   1.489456e-04   1.824422e-08   216
  6.316911e-01   2.156555e-07   3.591661e-04   9.018625e-09   1056
  6.328235e-01   2.557206e-07   2.938382e-04   1.944264e-08   228
  6.338720e-01   2.013380e-07   3.658358e-04   1.012693e-08   924
  6.349484e-01   1.566165e-07   1.357046e-04   7.042874e-09   696
  6.360882e-01   2.224652e-07   2.415153e-04   8.764343e-09   996
  6.372543e-01   2.471978e-07   1.425858e-04   1.179988e-08   576
  6.384675e-01   2.307207e-07   2.200718e-04   1.163418e-08   552
  6.393519e-01   1.994634e-07   2.627580e-04   1.150247e-08   516
  6.402494e-01   2.205926e-07   3.821047e-04   1.077045e-08   744
  6.412749e-01   2.595963e-07   1.874451e-04   1.187023e-08   576
  6.421669e-01   2.181445e-07   1.929285e-04   9.282046e-09   792
  6.434346e-01   2.101914e-07   2.205530e-04   8.623697e-09   792
  6.443636e-01   2.262812e-07   2.378641e-04   1.020144e-08   720
  6.456200e-01   2.174181e-07   2.711104e-04   1.094588e-08   656
  6.467974e-01   2.008160e-07   2.960385e-04   9.246628e-09   816
  6.480043e-01   2.039222e-07   1.596190e-04   9.383499e-09   492
  6.486903e-01   1.930607e-07   2.296231e-04   1.009665e-08   552
  6.499778e-01   2.304566e-07   3.992867e-04   1.065578e-08   780
  6.508139e-01   1.907077e-07   2.452771e-04   1.004633e-08   528
  6.517148e-01   2.216875e-07   2.863130e-04   1.071803e-08   600
  6.530425e-01   2.079375e-07   2.379487e-04   8.246814e-09   900
  6.539577e-01   2.086429e-07   1.317325e-04   9.751313e-09   696
  6.552168e-01   2.332423e-07   3.330907e-04   1.032395e-08   696
  6.564349e-01   2.316434e-07   1.351317e-04   1.079320e-08   552
  6.574592e-01   2.242936e-07   1.571457e-04   1.020890e-08   708
  6.585322e-01   2.281832e-07   2.594565e-04   9.113094e-09   876
  6.596487e-01   1.791726e-07   1.377663e-04   1.143460e-08   216
  6.603980e-01   2.002800e-07   3.768094e-04   8.013622e-09   1032
  6.615201e-01   2.208947e-07   4.195357e-04   9.837503e-09   600
  6.626848e-01   2.704139e-07   2.001869e-04   1.156972e-08   600
  6.635732e-01   2.122537e-07   3.535112e-04   1.284572e-08   528
  6.646233e-01   2.262982e-07   1.940622e-04   9.914573e-09   732
  6.657296e-01   1.632825e-07   1.432973e-04   9.402426e-09   336
  6.670031e-01   2.130738e-07   2.042271e-04   8.126396e-09   912
  6.679548e-01   2.426066e-07   2.049821e-04   1.126319e-08   624
  6.689946e-01   2.137141e-07   1.727341e-04   8.606897e-09   768
  6.702082e-01   2.286523e-07   3.116463e-04   8.770487e-09   792
  6.713995e-01   2.527628e-07   1.545014e-04   1.216041e-08   660
  6.722471e-01   2.108903e-07   2.276826e-04   1.019449e-08   504
  6.731238e-01   2.233134e-07   3.719898e-04   1.075327e-08   480
  6.744376e-01   2.188145e-07   3.440421e-04   7.986829e-09   912
  6.754664e-01   2.134898e-07   3.831443e-04   1.107820e-08   432
  6.764380e-01   2.285426e-07   2.275021e-04   1.080178e-08   564
  6.773006e-01   2.128748e-07   2.177508e-04   8.679144e-09   600
  6.785149e-01   2.156580e-07   3.035240e-04   8.133203e-09   876
  6.794272e-01   1.943928e-07   1.364735e-04   1.345050e-08   264
  6.806846e-01   2.505108e-07   2.648123e-04   1.230015e-08   560
  6.816953e-01   2.245908e-07   1.799457e-04   9.226609e-09   840
  6.829222e-01   2.239081e-07   2.774244e-04   7.134191e-09   1008
  6.840568e-01   2.482929e-07   1.241010e-04   1.481782e-08   456
  6.850930e-01   2.282032e-07   1.607553e-04   9.586809e-09   576
  6.860509e-01   1.963055e-07   2.470177e-04   8.197461e-09   612
  6.873140e-01   2.091505e-07   2.206269e-04   7.772264e-09   780
  6.883444e-01   2.204470e-07   2.528284e-04   1.053255e-08   648
  6.893992e-01   2.014616e-07   1.178213e-04   1.259452e-08   312
  6.900734e-01   2.188920e-07   2.993645e-04   9.831568e-09   528
  6.912414e-01   2.176081e-07   3.909551e-04   8.366431e-09   720
  6.923583e-01   2.111359e-07   3.921794e-04   9.289194e-09   576
  6.937124e-01   2.256024e-07   3.383053e-04   1.123409e-08   444
  6.945549e-01   2.162064e-07   3.317685e-04   7.688226e-09   996
  6.955874e-01   2.456905e-07   2.771265e-04   1.249839e-08   432
  6.965633e-01   2.131138e-07   3.033990e-04   1.012679e-08   504
  6.974062e-01   2.587301e-07   1.367883e-04   1.148932e-08   504
  6.986065e-01   2.125350e-07   2.692009e-04   7.282284e-09   876
  6.996926e-01   2.035686e-07   3.098246e-04   8.862649e-09   504
  7.008236e-01   2.055098e-07   1.975899e-04   7.659408e-09   696
  7.017583e-01   2.123490e-07   1.689187e-04   9.040312e-09   492
  7.030300e-01   2.301419e-07   2.418152e-04   1.097729e-08   432
  7.039719e-01   2.159828e-07   2.264335e-04   8.353647e-09   768
  7.050885e-01   2.280044e-07   2.820533e-04   9.054700e-09   648
  7.061547e-01   2.159172e-07   1.840095e-04   8.910095e-09   456
  7.073798e-01   2.085580e-07   2.530430e-04   8.129134e-09   552
  7.082306e-01   2.471970e-07   1.734358e-04   9.819137e-09   648
  7.094016e-01   2.260521e-07   2.826907e-04   7.451355e-09   840
  7.105454e-01   2.071152e-07   1.348092e-04   1.005637e-08   432
  7.116906e-01   2.259639e-07   1.651183e-04   9.257317e-09   600
  7.124870e-01   2.397630e-07   1.759227e-04   1.252019e-08   432
  7.138248e-01   2.000267e-07   1.751482e-04   8.776053e-09   560
  7.147308e-01   2.178404e-07   2.772412e-04   8.033250e-09   840
  7.158652e-01   2.296974e-07   1.642140e-04   1.085748e-08   504
  7.167662e-01   2.245360e-07   3.351509e-04   9.182606e-09   696
  7.180362e-01   2.151146e-07   1.830475e-04   1.181261e-08   384
  7.190254e-01   2.211005e-07   2.681431e-04   9.304399e-09   576
  7.202219e-01   2.085873e-07   1.654845e-04   1.122907e-08   360
  7.211864e-01   2.037595e-07   2.464465e-04   7.624051e-09   828
  7.222268e-01   2.392525e-07   2.195064e-04   1.331456e-08   372
  7.231800e-01   2.427002e-07   3.352284e-04   1.059568e-08   576
  7.244428e-01   2.193306e-07   1.403933e-04   8.324159e-09   636
  7.253425e-01   2.534433e-07   2.706420e-04   1.078734e-08   648
  7.265596e-01   2.298651e-07   2.200024e-04   9.408008e-09   576
  7.274333e-01   2.480438e-07   3.548870e-04   1.093538e-08   528
  7.285953e-01   2.249773e-07   1.517289e-04   1.180061e-08   360
  7.295571e-01   2.112760e-07   3.490332e-04   7.981098e-09   672
  7.308130e-01   2.164606e-07   1.787806e-04   7.482081e-09   804
  7.318582e-01   2.370563e-07   1.972163e-04   1.223497e-08   408
  7.330145e-01   2.101026e-07   1.219011e-04   1.271850e-08   384
  7.337931e-01   1.873039e-07   2.789567e-04   7.894272e-09   480
  7.348913e-01   2.368661e-07   1.802469e-04   1.167989e-08   432
  7.359446e-01   2.283092e-07   3.321566e-04   8.492841e-09   648
  7.371913e-01   2.306095e-07   2.061016e-04   9.400847e-09   624
  7.381033e-01   2.235085e-07   1.874668e-04   1.094462e-08   456
  7.393486e-01   2.239109e-07   2.560963e-04   9.561380e-09   588
  7.401831e-01   2.499726e-07   1.633884e-04   9.882338e-09   600
  7.414016e-01   2.408719e-07   2.548458e-04   1.036567e-08   708
  7.423640e-01   2.246285e-07   1.605479e-04   1.257046e-08   360
  7.434275e-01   2.681146e-07   1.845541e-04   1.196724e-08   552
  7.444470e-01   2.212666e-07   1.294691e-04   1.130981e-08   288
  7.454820e-01   2.350045e-07   2.434372e-04   1.160037e-08   528
  7.464545e-01   2.596088e-07   1.642340e-04   1.184982e-08   456
  7.475410e-01   2.346209e-07   2.912225e-04   1.033582e-08   608
  7.486338e-01   2.382363e-07   1.408967e-04   1.059316e-08   504
  7.498278e-01   2.225329e-07   3.024972e-04   1.090762e-08   540
  7.507642e-01   2.681286e-07   3.247222e-04   1.713096e-08   360
  7.517735e-01   2.401273e-07   1.470509e-04   9.616415e-09   540
  7.526661e-01   2.312039e-07   1.262606e-04   9.463123e-09   576
  7.539642e-01   2.319188e-07   2.927555e-04   1.121689e-08   588
  7.551985e-01   2.413871e-07   4.039143e-04   9.933129e-09   672
  7.562588e-01   2.253440e-07   3.087151e-04   1.031150e-08   552
  7.571135e-01   1.907061e-07   3.088712e-04   2.238849e-08   144
  7.582042e-01   2.509719e-07   2.624178e-04   1.088060e-08   600
  7.592383e-01   1.996314e-07   3.288668e-04   9.318231e-09   504
  7.603860e-01   2.407680e-07   3.378126e-04   1.680837e-08   336
  7.615932e-01   2.343625e-07   3.797028e-04   1.059430e-08   600
  7.626744e-01   2.260821e-07   2.450478e-04   9.849598e-09   636
  7.638413e-01   2.337918e-07   1.970206e-04   1.310753e-08   384
  7.646595e-01   2.771809e-07   2.748205e-04   1.311479e-08   504
  7.658387e-01   2.391658e-07   1.153383e-04   1.811466e-08   240
  7.667694e-01   2.593562e-07   2.709461e-04   1.058937e-08   744
  7.678860e-01   2.204179e-07   1.850150e-04   8.936532e-09   648
  7.688783e-01   3.075134e-07   1.228185e-04   2.526308e-08   120
  7.700414e-01   2.223705e-07   1.929319e-04   1.019743e-08   564
  7.709202e-01   2.451586e-07   3.030111e-04   1.215737e-08   432
  7.720932e-01   2.445301e-07   2.351965e-04   1.195417e-08   480
  7.729764e-01   2.047141e-07   1.731106e-04   1.089105e-08   456
  7.740189e-01   2.370104e-07   2.864725e-04   1.044700e-08   444
  7.752020e-01   2.110110e-07   4.383180e-04   1.037586e-08   528
  7.762412e-01   2.545609e-07   3.255297e-04   1.849499e-08   264
  7.772498e-01   2.551891e-07   3.336195e-04   1.363631e-08   444
  7.786065e-01   2.661043e-07   3.654311e-04   1.137102e-08   696
  7.797327e-01   2.665513e-07   1.954448e-04   1.417969e-08   384
  7.805563e-01   2.706014e-07   2.469609e-04   1.248499e-08   432
  7.818373e-01   2.217704e-07   1.706384e-04   9.764325e-09   488
  7.826690e-01   2.284715e-07   2.571733e-04   1.041088e-08   480
  7.838749e-01   2.713462e-07   2.868014e-04   1.598374e-08   480
  7.848089e-01   2.229010e-07   1.203331e-04   1.431569e-08   240
  7.858692e-01   2.295257e-07   2.810886e-04   1.093887e-08   600
  7.868694e-01   2.190201e-07   2.449399e-04   1.517689e-08   288
  7.879343e-01   2.256006e-07   2.356143e-04   1.163107e-08   480
  7.890129e-01   2.197212e-07   4.191157e-04   1.012479e-08   504
  7.900748e-01   2.154580e-07   1.798267e-04   1.513217e-08   216
  7.914291e-01   2.562642e-07   2.944050e-04   1.426343e-08   504
  7.924838e-01   2.373537e-07   2.367912e-04   1.291926e-08   456
  7.936384e-01   2.676031e-07   1.358038e-04   1.274931e-08   384
  7.944031e-01   2.566777e-07   2.756326e-04   1.280822e-08   480
  7.954897e-01   2.079177e-07   2.420363e-04   1.080891e-08   504
  7.964966e-01   2.201383e-07   1.535327e-04   1.228191e-08   312
  7.975815e-01   2.307192e-07   2.474127e-04   1.084668e-08   492
  7.985417e-01   2.328069e-07   2.318919e-04   1.372537e-08   312
  7.997779e-01   2.269087e-07   3.766899e-04   9.936202e-09   576
  8.008661e-01   2.706471e-07   3.477153e-04   1.589611e-08   336
  8.017699e-01   2.323206e-07   2.677247e-04   1.554078e-08   240
  8.030228e-01   2.525653e-07   3.549351e-04   1.501515e-08   468
  8.041047e-01   2.258401e-07   2.222407e-04   1.822844e-08   192
  8.052370e-01   1.985857e-07   2.229031e-04   1.359184e-08   324
  8.060669e-01   2.382654e-07   1.617794e-04   1.081676e-08   600
  8.071978e-01   2.586177e-07   2.624704e-04   1.284684e-08   456
  8.080377e-01   2.629596e-07   1.180592e-04   1.834951e-08   336
  8.094297e-01   2.386266e-07   3.535027e-04   1.150474e-08   612
  8.104424e-01   1.590957e-07   2.966749e-04   1.371575e-08   144
  8.114002e-01   2.402889e-07   3.462957e-04   1.112661e-08   552
  8.127025e-01   1.774727e-07   1.363755e-04   1.006268e-08   264
  8.134384e-01   2.430547e-07   3.157441e-04   1.329776e-08   336
  8.145992e-01   2.111472e-07   2.086329e-04   1.476665e-08   384
  8.156059e-01   3.084452e-07   1.174397e-04   2.429085e-08   216
  8.167203e-01   2.023548e-07   2.489964e-04   1.155134e-08   344
  8.177364e-01   2.002666e-07   3.715143e-04   1.137935e-08   408
  8.189746e-01   2.733219e-07   2.854845e-04   2.054902e-08   264
  8.200718e-01   2.352863e-07   3.979796e-04   1.151013e-08   612
  8.211681e-01   3.185150e-07   2.048307e-04   1.827925e-08   408
  8.222956e-01   2.380277e-07   2.051251e-04   1.394901e-08   444
  8.231239e-01   4.110750e-07   1.147249e-04   4.280128e-08   120
  8.242338e-01   2.629041e-07   3.169640e-04   1.680991e-08   336
  8.250576e-01   1.963587e-07   1.101437e-04   1.497549e-08   288
  8.261708e-01   2.187830e-07   3.427692e-04   1.150350e-08   552
  8.277012e-01   3.720344e-07   1.835347e-08   5.018282e-08   72
  8.284882e-01   2.526629e-07   3.404572e-04   1.590389e-08   504
  8.294074e-01   1.545845e-07   1.095558e-04   1.099339e-08   216
  8.305983e-01   2.064488e-07   1.956043e-04   1.376092e-08   312
  8.316675e-01   2.383408e-07   2.227263e-04   1.508176e-08   336
  8.326865e-01   1.830903e-07   3.087236e-04   1.515287e-08   204
  8.337014e-01   3.048739e-07   3.587838e-04   1.808562e-08   504
  8.347777e-01   2.468436e-07   3.416652e-04   1.482900e-08   396
  8.358127e-01   2.437646e-07   3.133249e-04   1.458805e-08   312
  8.370674e-01   3.929256e-07   1.914750e-04   3.031778e-08   216
  8.379516e-01   2.669321e-07   1.039172e-04   2.297508e-08   168
  8.390260e-01   2.221647e-07   2.623966e-04   1.098390e-08   588
  8.402521e-01   1.767559e-07   3.561727e-04   1.232846e-08   240
  8.412047e-01   2.003186e-07   3.145601e-04   1.875240e-08   264
  8.423219e-01   2.301579e-07   3.890183e-04   1.558006e-08   288
  8.433131e-01   2.302066e-07   1.942596e-04   1.932760e-08   288
  8.445693e-01   2.433202e-07   1.824406e-04   1.701155e-08   288
  8.454153e-01   1.981568e-07   2.113423e-04   1.660161e-08   192
  8.464795e-01   1.732263e-07   2.248894e-04   1.100486e-08   264
  8.474933e-01   3.446725e-07   3.699119e-04   2.040731e-08   372
  8.485844e-01   2.968093e-07   3.995208e-04   2.214199e-08   360
  8.499161e-01   2.570915e-07   1.690810e-04   2.224147e-08   144
  8.506044e-01   1.842943e-07   2.348461e-04   1.587674e-08   296
  8.516909e-01   2.408366e-07   2.530345e-04   1.592428e-08   288
  8.529347e-01   2.164369e-07   3.781537e-04   1.114930e-08   480
  8.540076e-01   1.555702e-07   3.142096e-04   1.292055e-08   192
  8.550509e-01   2.765859e-07   3.370327e-04   3.062490e-08   192
  8.559992e-01   2.086933e-07   2.147949e-04   1.681506e-08   288
  8.573180e-01   1.598727e-07   1.869760e-04   1.597029e-08   108
  8.579823e-01   2.551421e-07   1.797545e-04   2.144662e-08   240
  8.591554e-01   1.662370e-07   3.353363e-04   1.133485e-08   384
  8.603605e-01   1.970302e-07   4.090723e-04   1.729194e-08   108
  8.614261e-01   3.351036e-07   2.398466e-04   2.242229e-08   348
  8.625466e-01   1.975040e-07   2.503134e-04   1.702081e-08   312
  8.635474e-01   3.225457e-07   2.432319e-04   5.855291e-08   96
  8.644677e-01   2.191434e-07   3.238194e-04   1.483123e-08   384
  8.654984e-01   2.963691e-07   2.227222e-04   3.645744e-08   144
  8.665066e-01   1.948233e-07   3.422225e-04   1.215438e-08   408
  8.677598e-01   1.714422e-07   1.526554e-04   1.620485e-08   144
  8.689437e-01   2.212500e-07   2.934816e-04   2.503038e-08   192
  8.696459e-01   2.236190e-07   3.303190e-04   1.896542e-08   144
  8.707904e-01   1.712601e-07   2.685615e-04   1.732480e-08   144
  8.718702e-01   2.162317e-07   3.282257e-04   1.214487e-08   336
  8.731927e-01   1.340611e-07   2.428454e-04   8.217813e-09   240
  8.740312e-01   2.492577e-07   1.102739e-04   3.748807e-08   96
  8.752007e-01   2.723856e-07   3.233803e-04   2.364119e-08   372
  8.763838e-01   2.281352e-07   3.846540e-04   2.962841e-08   132
  8.774230e-01   1.584378e-07   2.380193e-04   1.307816e-08   264
  8.783527e-01   2.204894e-07   1.827880e-04   2.831732e-08   168
  8.793449e-01   2.491218e-07   2.922429e-04   1.970142e-08   216
  8.802213e-01   1.645318e-07   1.787978e-04   1.813589e-08   216
  8.814979e-01   1.062650e-07   3.280196e-04   1.029076e-08   96
  8.826561e-01   2.937701e-07   2.140028e-04   3.465289e-08   120
  8.837183e-01   1.626727e-07   2.720578e-04   1.184837e-08   216
  8.845934e-01   1.578805e-07   1.188902e-04   1.405486e-08   200
  8.857519e-01   1.811987e-07   3.077557e-04   1.713247e-08   288
  8.872378e-01   7.533340e-08   8.097649e-05   6.882364e-09   144
  8.878635e-01   1.745577e-07   2.519939e-04   1.848886e-08   168
  8.891412e-01   1.726959e-07   2.835956e-04   2.733638e-08   159
  8.901386e-01   1.552285e-07   2.975600e-04   1.722821e-08   174
  8.911039e-01   1.395232e-07   2.698170e-04   1.301458e-08   144
  8.923678e-01   2.132895e-07   1.557998e-04   2.051295e-08   222
  8.932131e-01   1.325548e-07   1.572158e-04   1.351046e-08   168
  8.946732e-01   2.800408e-07   3.448346e-04   5.543358e-08   30
  8.952763e-01   1.113132e-07   3.044637e-04   1.287326e-08   72
  8.964123e-01   1.660136e-07   2.717302e-04   1.804842e-08   258
  8.976612e-01   1.260225e-07   1.701916e-04   8.370100e-09   264
  8.982857e-01   1.694167e-07   0.000000e+00   2.766506e-08   72
  8.995871e-01   7.796321e-08   3.373270e-04   6.115889e-09   174
  9.007654e-01   1.537093e-07   3.591909e-04   1.990164e-08   168
  9.017127e-01   8.527057e-08   1.123916e-08   1.361839e-08   48
  9.027297e-01   1.186779e-07   2.028435e-04   1.578029e-08   150
  9.039088e-01   1.743021e-07   3.731453e-04   1.229602e-08   168
  9.050911e-01   1.082789e-07   2.273028e-04   7.323229e-09   144
  9.061784e-01   1.479823e-07   2.123525e-04   1.998943e-08   102
  9.069882e-01   7.127067e-08   3.143182e-04   7.823074e-09   96
  9.082731e-01   7.364238e-08   3.119397e-04   8.715903e-09   120
  9.092246e-01   6.716529e-08   3.345635e-04   7.059610e-09   168
  9.102538e-01   1.511290e-07   2.470487e-04   1.426644e-08   126
  9.111308e-01   1.111111e-07   1.863241e-04   1.183996e-08   168
  9.123389e-01   8.311642e-08   2.987709e-04   9.817654e-09   72
  9.133947e-01   8.982726e-08   3.741278e-04   8.666756e-09   168
  9.143196e-01   1.644984e-07   1.025668e-04   3.994655e-08   78
  9.155870e-01   9.595608e-08   1.684070e-04   1.077042e-08   60
  9.166075e-01   2.378794e-07   2.731835e-04   2.724233e-08   96
  9.176659e-01   1.328198e-07   3.314854e-04   9.186861e-09   168
  9.186605e-01   9.367738e-08   2.097511e-04   1.452889e-08   86
  9.197042e-01   7.302323e-08   1.874678e-04   7.416723e-09   120
  9.212002e-01   7.481899e-08   1.336894e-04   7.540854e-09   168
  9.220069e-01   5.241845e-08   0.000000e+00   7.037010e-09   48
  9.230934e-01   1.224219e-07   2.435676e-04   1.228805e-08   120
  9.237177e-01   9.212203e-08   1.776924e-04   1.073592e-08   126
  9.252418e-01   9.033322e-08   3.125113e-04   1.018985e-08   96
  9.262310e-01   8.437068e-08   9.011285e-05   1.002134e-08   96
  9.270111e-01   8.469422e-08   1.059638e-08   9.987466e-09   72
  9.286731e-01   1.107189e-07   1.123916e-08   2.758922e-08   24
  9.297104e-01   1.051806e-07   1.854501e-04   1.309422e-08   120
  9.305196e-01   1.198352e-07   2.705147e-04   2.878551e-08   126
  9.314194e-01   5.366899e-08   2.255107e-04   6.040021e-09   96
  9.324708e-01   3.776804e-08   3.897482e-04   4.081939e-09   72
  9.336415e-01   6.532595e-08   1.685792e-04   6.730202e-09   144
  9.346046e-01   7.266708e-08   9.723254e-05   8.750782e-09   72
  9.355666e-01   1.141293e-07   1.942081e-04   1.760223e-08   54
  9.364132e-01   9.291230e-08   1.711436e-04   1.035672e-08   108
  9.381728e-01   7.649005e-08   1.677650e-04   1.116285e-08   72
  9.387206e-01   8.358320e-08   9.680617e-05   1.062140e-08   72
  9.400202e-01   7.767445e-08   1.946680e-08   9.739836e-09   24
  9.412498e-01   3.568261e-08   2.047976e-04   4.272222e-09   48
  9.419964e-01   7.067394e-08   1.560029e-04   1.596735e-08   102
  9.431203e-01   7.297507e-08   3.528137e-04   7.503183e-09   168
  9.445889e-01   5.442592e-08   1.924163e-04   7.816157e-09   72
  9.451330e-01   3.822090e-08   0.000000e+00   6.130714e-09   48
  9.462744e-01   9.184140e-08   3.309678e-04   1.046658e-08   120
  9.477807e-01   4.370053e-08   2.033864e-04   4.115010e-09   96
  9.492033e-01   9.430332e-08   1.798266e-08   1.446806e-08   30
  9.508942e-01   9.259264e-08   9.555995e-05   1.264765e-08   72
  9.516372e-01   4.817016e-08   1.123916e-08   8.760012e-09   24
  9.525916e-01   2.905392e-08   1.416435e-04   2.816632e-09   56
  9.536606e-01   2.794978e-08   2.021324e-04   2.423459e-09   96
  9.549399e-01   5.474808e-08   2.232036e-04   5.099827e-09   144
  9.559263e-01   3.323853e-08   1.267263e-04   3.563152e-09   54
  9.573592e-01   3.948392e-08   1.898493e-04   2.861553e-09   108
  9.588012e-01   8.520915e-08   1.005243e-04   1.131275e-08   48
  9.601739e-01   5.995966e-08   3.785063e-04   5.933637e-09   72
  9.634680e-01   6.757506e-08   2.500803e-04   9.570126e-09   78
  9.643808e-01   2.759983e-08   1.884669e-04   3.593399e-09   72
  9.654462e-01   3.133361e-08   1.882329e-04   3.790606e-09   72
  9.665603e-01   5.464575e-08   4.542266e-04   6.628808e-09   96
  9.674408e-01   4.118230e-08   1.878449e-04   6.485848e-09   72
  9.685029e-01   3.682066e-08   0.000000e+00   6.447688e-09   24
  9.695638e-01   4.281392e-08   3.748416e-04   6.250724e-09   72
  9.719599e-01   1.152468e-07   2.380359e-04   2.820968e-08   30
  9.724755e-01   3.336674e-08   0.000000e+00   4.995759e-09   24
  9.752466e-01   1.433480e-08   1.976584e-04   2.460544e-09   48
  9.761159e-01   2.968817e-08   4.253608e-04   2.988490e-09   120
  9.772870e-01   2.942642e-08   1.859776e-04   2.572584e-09   72
  9.784697e-01   2.464353e-08   1.857528e-04   3.941105e-09   36
  9.792826e-01   4.431583e-08   3.671339e-04   4.424544e-09   78
  9.815513e-01   5.052319e-08   1.963888e-04   6.486563e-09   48
  9.844928e-01   6.119015e-08   1.589457e-08   2.146553e-08   24
  9.865884e-01   1.920040e-08   1.367612e-04   2.283898e-09   56
  9.876436e-01   2.793736e-08   2.104496e-04   4.513169e-09   102
  9.889860e-01   2.765508e-08   1.498555e-08   2.977671e-09   72
  9.897653e-01   1.999906e-08   1.123916e-08   4.912596e-09   24
  9.911277e-01   3.369202e-08   1.944913e-04   3.326471e-09   48
  9.936528e-01   3.536189e-08   0.000000e+00   6.278726e-09   24
  9.967520e-01   5.878394e-08   0.000000e+00   1.888367e-08   6
  9.977185e-01   7.307851e-09   0.000000e+00   1.407132e-09   24
  9.983623e-01   1.533153e-08   1.820511e-04   1.907535e-09   72
  9.995384e-01   2.074973e-08   3.396336e-04   2.569760e-09   84
  1.000805e+00   2.179794e-08   0.000000e+00   4.959602e-09   24
  1.001190e+00   2.021122e-08   1.589457e-08   2.603978e-09   24
  1.003114e+00   4.296367e-08   1.946680e-08   7.937661e-09   24
  1.005800e+00   6.028002e-08   0.000000e+00   1.678475e-08   6
  1.009244e+00   1.125720e-08   1.910001e-04   1.334168e-09   48
  1.010072e+00   1.380879e-08   3.598129e-04   1.405495e-09   72
  1.011152e+00   1.551288e-08   1.906396e-04   3.162666e-09   48
  1.012867e+00   2.849707e-08   0.000000e+00   4.436139e-09   24
  1.015148e+00   4.399217e-08   0.000000e+00   9.654278e-09   6
  1.020262e+00   1.099563e-08   0.000000e+00   3.217116e-09   8
  1.020640e+00   8.047140e-09   1.123916e-08   1.020114e-09   48
  1.021546e+00   1.348545e-08   1.848806e-04   1.842303e-09   60
  1.022904e+00   9.666435e-09   0.000000e+00   1.773794e-09   24
  1.024787e+00   1.963760e-08   0.000000e+00   5.105916e-09   6
  1.031723e+00   4.937679e-09   0.000000e+00   1.236426e-09   24
  1.032283e+00   1.006109e-08   1.867372e-04   1.312835e-09   48
  1.033217e+00   1.722961e-08   0.000000e+00   2.779995e-09   24
  1.034708e+00   1.085513e-08   0.000000e+00   3.087899e-09   6
  1.043181e+00   4.998455e-09   1.742080e-04   8.639174e-10   36
  1.043797e+00   8.032588e-09   0.000000e+00   2.186926e-09   24
  1.044904e+00   1.528782e-08   0.000000e+00   6.039965e-09   6
  1.054545e+00   3.549263e-09   1.583190e-04   7.133929e-10   32
  1.055367e+00   4.609673e-09   0.000000e+00   8.943730e-10   6
  1.065728e+00   2.191961e-09   0.000000e+00   4.821641e-10   12
  1.066089e+00   3.423987e-09   0.000000e+00   7.827737e-10   6
  1.077063e+00   1.582626e-09   0.000000e+00   7.066465e-10   6
