# power spectrum of delta
# redshift z=100.000000
# k              Pk             sigma(k)       sigma(Pk)      count
  6.283185e-02   1.351132e-05   0.000000e+00   5.884869e-06   6
  8.885766e-02   1.663391e-05   0.000000e+00   3.588922e-06   12
  1.088280e-01   1.800324e-05   1.192093e-09   3.972214e-06   8
  1.256637e-01   8.671687e-05   0.000000e+00   1.008575e-05   6
  1.404963e-01   7.704004e-05   0.000000e+00   2.655073e-05   24
  1.539060e-01   1.262767e-04   2.247832e-09   2.304234e-05   24
  1.777153e-01   7.436110e-05   0.000000e+00   3.614605e-05   12
  1.884956e-01   1.012639e-04   2.543132e-09   2.008482e-05   30
  1.986918e-01   1.436222e-04   0.000000e+00   3.416438e-05   24
  2.083897e-01   1.431077e-04   3.893359e-09   3.834811e-05   24
  2.176559e-01   1.783978e-04   2.384186e-09   3.891132e-05   8
  2.265435e-01   1.619452e-04   3.178914e-09   2.181085e-05   24
  2.350953e-01   1.648505e-04   0.000000e+00   2.508364e-05   48
  2.513274e-01   2.311104e-04   0.000000e+00   1.097885e-04   6
  2.590624e-01   1.994666e-04   4.495664e-09   3.033731e-05   48
  2.665730e-01   1.971940e-04   0.000000e+00   2.220994e-05   36
  2.738777e-01   2.998871e-04   3.178914e-09   6.784196e-05   24
  2.809926e-01   1.844631e-04   0.000000e+00   3.416784e-05   24
  2.879317e-01   1.727505e-04   0.000000e+00   2.530510e-05   48
  2.947075e-01   2.804649e-04   4.495664e-09   4.311871e-05   24
  3.078120e-01   2.497834e-04   4.495664e-09   4.225307e-05   24
  3.141593e-01   1.784094e-04   0.000000e+00   3.161427e-05   30
  3.203808e-01   2.014200e-04   0.000000e+00   2.403257e-05   72
  3.264839e-01   2.048228e-04   4.768372e-09   4.521757e-05   32
  3.383599e-01   2.976205e-04   0.000000e+00   3.735797e-05   72
  3.441442e-01   1.872070e-04   0.000000e+00   2.958378e-05   48
  3.554306e-01   1.067284e-04   0.000000e+00   3.428475e-05   12
  3.636555e-01   2.103247e-04   2.713998e-03   2.072619e-05   96
  3.717183e-01   2.749129e-04   4.495664e-09   3.763862e-05   48
  3.769911e-01   3.449677e-04   5.086263e-09   6.548377e-05   30
  3.860390e-01   3.316974e-04   2.221491e-03   3.344439e-05   96
  3.973835e-01   2.101014e-04   0.000000e+00   4.319573e-05   24
  4.039458e-01   3.101752e-04   2.298939e-03   2.713528e-05   144
  4.120160e-01   2.269157e-04   7.786718e-09   5.983379e-05   24
  4.203115e-01   3.518062e-04   2.039282e-03   4.336552e-05   96
  4.261464e-01   3.180090e-04   0.000000e+00   5.265880e-05   48
  4.392409e-01   4.183598e-04   1.512290e-03   5.119670e-05   62
  4.458959e-01   3.163997e-04   2.126649e-03   4.104909e-05   132
  4.530869e-01   2.169816e-04   6.357829e-09   4.148459e-05   24
  4.598772e-01   3.514232e-04   2.125545e-03   3.246489e-05   168
  4.722803e-01   4.353409e-04   2.089777e-03   3.883280e-05   96
  4.815937e-01   3.083027e-04   1.778593e-03   3.148162e-05   96
  4.930216e-01   3.417524e-04   1.982479e-03   3.051860e-05   168
  5.026548e-01   4.815867e-04   0.000000e+00   2.287319e-04   6
  5.065666e-01   4.031392e-04   0.000000e+00   4.229136e-05   96
  5.112189e-01   3.941682e-04   1.540998e-03   4.208267e-05   120
  5.206553e-01   3.282820e-04   1.789374e-03   2.819276e-05   144
  5.256890e-01   3.920122e-04   0.000000e+00   5.747451e-05   48
  5.352543e-01   3.590835e-04   1.825896e-03   4.149714e-05   84
  5.405000e-01   4.063986e-04   1.245875e-08   3.930006e-05   120
  5.452245e-01   3.229373e-04   1.656870e-03   4.025582e-05   80
  5.525368e-01   3.151043e-04   1.682267e-03   2.495438e-05   144
  5.619852e-01   4.120391e-04   0.000000e+00   8.216273e-05   24
  5.666003e-01   4.600255e-04   1.623314e-03   4.164061e-05   150
  5.738006e-01   4.261636e-04   1.684280e-03   3.323802e-05   120
  5.817079e-01   3.971229e-04   1.534867e-03   3.606556e-05   168
  5.894150e-01   6.164832e-04   8.991328e-09   1.097043e-04   24
  5.942640e-01   3.664545e-04   1.653514e-03   2.517429e-05   264
  5.993777e-01   2.941453e-04   8.991328e-09   4.481854e-05   48
  6.080944e-01   3.979082e-04   1.531579e-03   3.539178e-05   144
  6.177560e-01   5.048224e-04   1.507584e-03   6.678988e-05   72
  6.232698e-01   4.085159e-04   1.550739e-03   2.813052e-05   180
  6.309775e-01   4.424304e-04   1.123617e-03   3.575794e-05   198
  6.345706e-01   4.708961e-04   0.000000e+00   5.514886e-05   48
  6.425178e-01   3.899428e-04   1.520847e-03   3.196278e-05   168
  6.484156e-01   4.705583e-04   1.522111e-03   4.614080e-05   144
  6.573379e-01   4.555118e-04   2.138650e-03   2.563685e-05   248
  6.693862e-01   3.382499e-04   1.474426e-03   2.585903e-05   192
  6.775904e-01   4.517404e-04   2.277467e-03   3.182503e-05   240
  6.825286e-01   5.022419e-04   0.000000e+00   5.906330e-05   72
  6.900601e-01   5.304573e-04   1.389808e-03   5.007938e-05   126
  6.948115e-01   5.685314e-04   1.282285e-03   4.845913e-05   168
  7.038836e-01   5.472867e-04   1.402164e-03   3.288793e-05   288
  7.134195e-01   5.154239e-04   7.384930e-04   4.747629e-05   156
  7.183577e-01   4.454206e-04   1.242360e-03   4.193776e-05   168
  7.258463e-01   4.847475e-04   2.129806e-03   3.197288e-05   264
  7.327390e-01   4.620998e-04   0.000000e+00   6.202057e-05   48
  7.378609e-01   4.726425e-04   2.119673e-03   3.353691e-05   264
  7.452034e-01   4.893500e-04   1.249413e-03   4.378508e-05   144
  7.507488e-01   5.597936e-04   2.556237e-03   6.882908e-05   78
  7.588268e-01   4.607423e-04   1.661659e-03   2.755992e-05   336
  7.664446e-01   4.350944e-04   1.264252e-03   3.144838e-05   200
  7.714474e-01   4.284744e-04   2.475423e-03   3.516104e-05   192
  7.782014e-01   5.470439e-04   1.242230e-03   4.177986e-05   240
  7.844062e-01   5.899332e-04   2.489501e-03   4.390619e-05   168
  7.907807e-01   4.915772e-04   1.993166e-03   4.578397e-05   120
  7.984365e-01   5.590008e-04   1.557833e-03   3.217663e-05   324
  8.058650e-01   5.072204e-04   1.224722e-03   3.700019e-05   192
  8.109210e-01   5.850000e-04   2.196471e-03   4.519849e-05   168
  8.195210e-01   4.409695e-04   1.809076e-03   2.598367e-05   342
  8.272753e-01   6.166931e-04   1.456670e-03   3.413141e-05   336
  8.351352e-01   6.948038e-04   1.114735e-03   8.341047e-05   72
  8.404353e-01   5.619949e-04   1.782870e-03   4.017668e-05   288
  8.465881e-01   5.683909e-04   1.161128e-03   4.422657e-05   264
  8.551815e-01   5.128922e-04   1.527169e-03   3.002226e-05   384
  8.628787e-01   5.463731e-04   1.833000e-03   4.366985e-05   240
  8.660773e-01   5.804265e-04   0.000000e+00   7.563570e-05   48
  8.753293e-01   5.799239e-04   1.500430e-03   3.160634e-05   392
  8.823879e-01   5.412921e-04   1.646647e-03   3.300910e-05   294
  8.899779e-01   5.448304e-04   1.070235e-03   4.350929e-05   228
  8.949696e-01   6.506624e-04   1.625308e-03   4.564548e-05   216
  9.011806e-01   5.506909e-04   9.900252e-04   3.124800e-05   336
  9.087833e-01   5.972383e-04   1.176312e-03   3.674546e-05   360
  9.150596e-01   6.521858e-04   1.792196e-03   4.324373e-05   240
  9.215994e-01   6.001770e-04   2.120579e-03   4.542279e-05   168
  9.276997e-01   5.715880e-04   1.669153e-03   3.492757e-05   312
  9.349673e-01   5.700202e-04   1.044614e-03   3.135109e-05   336
  9.428186e-01   6.269448e-04   1.425047e-03   4.092055e-05   294
  9.487383e-01   7.141137e-04   1.899297e-03   4.709796e-05   288
  9.532681e-01   5.062655e-04   1.188454e-03   3.565928e-05   264
  9.613457e-01   5.936704e-04   2.041458e-03   3.239016e-05   480
  9.680995e-01   6.698863e-04   9.986744e-04   4.269803e-05   240
  9.763795e-01   6.699544e-04   1.009836e-03   4.195873e-05   276
  9.829121e-01   6.387218e-04   2.216788e-03   2.877556e-05   488
  9.906728e-01   7.316932e-04   9.763207e-04   6.937638e-05   240
  9.951775e-01   6.698801e-04   1.895763e-03   3.587146e-05   360
  1.001494e+00   5.754779e-04   6.744840e-04   4.630073e-05   198
  1.009618e+00   5.657107e-04   2.279109e-03   2.645845e-05   480
  1.015565e+00   5.733125e-04   8.412302e-04   3.754839e-05   288
  1.023791e+00   6.697059e-04   1.778169e-03   3.428875e-05   480
  1.031189e+00   6.934211e-04   1.095577e-03   3.162174e-05   480
  1.038785e+00   6.180771e-04   1.416947e-03   4.453290e-05   288
  1.043525e+00   6.982470e-04   1.511621e-03   4.290322e-05   288
  1.050979e+00   6.787174e-04   2.627956e-03   3.521034e-05   456
  1.058485e+00   7.645110e-04   2.474922e-03   4.064038e-05   360
  1.063325e+00   6.857231e-04   1.483541e-03   4.550760e-05   180
  1.070328e+00   5.874279e-04   1.615757e-03   2.690668e-05   486
  1.077427e+00   6.684930e-04   2.149477e-03   3.230342e-05   504
  1.084645e+00   7.284366e-04   1.670035e-03   3.705159e-05   456
  1.090629e+00   7.121724e-04   1.387504e-03   4.544869e-05   296
  1.098536e+00   6.769009e-04   1.369145e-03   3.203295e-05   528
  1.104482e+00   6.913076e-04   1.350990e-03   3.759533e-05   336
  1.113240e+00   7.095674e-04   1.498502e-03   3.147744e-05   600
  1.119651e+00   5.983648e-04   8.779021e-04   3.883418e-05   264
  1.126075e+00   7.168463e-04   9.493468e-04   3.778877e-05   360
  1.132633e+00   6.931830e-04   1.900686e-03   3.260634e-05   630
  1.139859e+00   8.052481e-04   9.811163e-04   4.118714e-05   432
  1.146268e+00   7.830311e-04   1.890363e-03   3.955147e-05   408
  1.154136e+00   7.227515e-04   1.254707e-03   4.193786e-05   324
  1.159989e+00   6.966505e-04   1.788111e-03   2.806436e-05   744
  1.167049e+00   6.910061e-04   1.429476e-03   4.145892e-05   336
  1.173794e+00   7.934450e-04   1.965164e-03   3.742225e-05   528
  1.181191e+00   6.802005e-04   1.002686e-03   3.921687e-05   408
  1.186095e+00   6.756873e-04   1.706573e-03   3.554753e-05   408
  1.194198e+00   7.037767e-04   1.408832e-03   3.414309e-05   470
  1.200101e+00   7.528250e-04   1.692462e-03   3.659421e-05   528
  1.208343e+00   6.592371e-04   1.410280e-03   2.632492e-05   624
  1.214413e+00   7.612886e-04   1.073090e-03   3.781971e-05   504
  1.220676e+00   6.697741e-04   1.494735e-03   3.108875e-05   552
  1.226888e+00   7.433359e-04   7.266155e-04   4.028420e-05   336
  1.234667e+00   7.983978e-04   1.546678e-03   3.742757e-05   528
  1.240693e+00   7.694025e-04   1.760922e-03   3.268653e-05   564
  1.247751e+00   7.413088e-04   1.620744e-03   3.842017e-05   528
  1.255403e+00   8.212338e-04   2.516253e-03   3.872145e-05   582
  1.262362e+00   7.638202e-04   1.937135e-03   3.261922e-05   624
  1.268448e+00   7.542744e-04   2.214518e-03   4.088291e-05   432
  1.275709e+00   7.952036e-04   2.463266e-03   2.922036e-05   816
  1.283181e+00   8.309707e-04   1.122646e-03   4.895340e-05   312
  1.288068e+00   7.390496e-04   1.819497e-03   3.538462e-05   552
  1.295950e+00   7.748104e-04   1.145962e-03   3.083042e-05   744
  1.301660e+00   8.619870e-04   1.070562e-03   5.008335e-05   408
  1.309031e+00   7.576123e-04   1.534161e-03   3.282725e-05   632
  1.316687e+00   8.820669e-04   2.605395e-03   3.502800e-05   750
  1.322915e+00   8.599550e-04   1.792318e-03   4.932555e-05   312
  1.329856e+00   8.227809e-04   2.646108e-03   3.025608e-05   876
  1.336722e+00   6.803151e-04   1.727752e-03   3.032296e-05   552
  1.344457e+00   8.402239e-04   1.428844e-03   3.557587e-05   696
  1.349727e+00   8.489176e-04   1.577173e-03   3.862296e-05   576
  1.356898e+00   7.660126e-04   1.669847e-03   3.805182e-05   576
  1.363019e+00   8.734902e-04   2.237600e-03   3.665564e-05   648
  1.370416e+00   8.751040e-04   2.239697e-03   3.427015e-05   672
  1.378583e+00   8.493265e-04   9.499961e-04   4.319945e-05   480
  1.383810e+00   8.020609e-04   1.471184e-03   3.054274e-05   726
  1.390540e+00   8.953511e-04   1.667043e-03   3.352409e-05   792
  1.397830e+00   8.298497e-04   2.312629e-03   3.263434e-05   768
  1.405514e+00   8.746261e-04   1.890023e-03   3.521980e-05   672
  1.412558e+00   8.537021e-04   1.267788e-03   3.549983e-05   608
  1.417658e+00   8.233837e-04   1.217115e-03   3.483372e-05   624
  1.424933e+00   8.337530e-04   1.581631e-03   3.232617e-05   684
  1.432010e+00   8.562218e-04   2.336252e-03   3.151463e-05   768
  1.438596e+00   8.938966e-04   1.867817e-03   3.277165e-05   744
  1.446443e+00   8.476912e-04   1.176089e-03   3.128051e-05   750
  1.452163e+00   7.944330e-04   1.748099e-03   3.697522e-05   600
  1.458348e+00   8.515392e-04   1.856166e-03   3.678556e-05   600
  1.465990e+00   8.817892e-04   2.139117e-03   2.886114e-05   1008
  1.472058e+00   8.957893e-04   1.186428e-03   3.601580e-05   696
  1.478783e+00   9.226823e-04   1.567324e-03   4.000187e-05   624
  1.485543e+00   9.023854e-04   2.438955e-03   3.522461e-05   840
  1.493223e+00   9.606946e-04   1.659512e-03   3.527763e-05   816
  1.499453e+00   8.715851e-04   1.102287e-03   3.231271e-05   744
  1.505744e+00   9.018644e-04   1.948662e-03   4.031494e-05   510
  1.513344e+00   9.283484e-04   1.870875e-03   3.180478e-05   1020
  1.520417e+00   9.189484e-04   1.509611e-03   3.119606e-05   912
  1.527389e+00   9.579066e-04   2.236573e-03   3.641713e-05   752
  1.533155e+00   9.462192e-04   1.855833e-03   3.871096e-05   888
  1.541022e+00   9.008158e-04   1.197562e-03   3.386685e-05   768
  1.547457e+00   9.262738e-04   2.176075e-03   3.579097e-05   720
  1.554864e+00   9.212909e-04   1.918273e-03   3.121280e-05   1056
  1.561433e+00   9.328056e-04   1.327142e-03   4.312888e-05   504
  1.566815e+00   8.836051e-04   2.072359e-03   3.551609e-05   774
  1.574513e+00   9.184138e-04   1.993062e-03   2.978537e-05   1272
  1.581743e+00   9.533370e-04   1.305769e-03   3.864116e-05   744
  1.588485e+00   8.808152e-04   2.132238e-03   3.344480e-05   768
  1.594670e+00   9.388963e-04   1.803595e-03   3.294463e-05   840
  1.601616e+00   9.930779e-04   1.222789e-03   3.420777e-05   924
  1.608304e+00   9.572281e-04   2.155774e-03   3.337667e-05   936
  1.614877e+00   8.968714e-04   1.498182e-03   3.132649e-05   840
  1.621499e+00   1.005228e-03   1.781163e-03   3.335849e-05   1008
  1.629914e+00   9.227672e-04   2.010767e-03   3.611316e-05   696
  1.635195e+00   8.891597e-04   1.787225e-03   3.002435e-05   974
  1.643039e+00   9.937992e-04   2.373643e-03   3.018331e-05   1152
  1.649859e+00   9.936936e-04   9.288129e-04   3.518716e-05   816
  1.655163e+00   9.013051e-04   2.043284e-03   3.156890e-05   816
  1.662299e+00   9.700324e-04   1.804311e-03   2.949663e-05   1152
  1.669825e+00   9.803366e-04   1.624499e-03   3.313595e-05   912
  1.676669e+00   1.050173e-03   1.973766e-03   3.351672e-05   1056
  1.682529e+00   1.027504e-03   1.687923e-03   4.332111e-05   624
  1.690409e+00   9.748484e-04   2.108438e-03   3.113058e-05   1260
  1.697209e+00   1.018936e-03   1.271720e-03   3.647626e-05   894
  1.703851e+00   1.073489e-03   2.178909e-03   3.085487e-05   1176
  1.710497e+00   9.204713e-04   1.803491e-03   3.621009e-05   840
  1.718060e+00   1.029184e-03   2.049931e-03   2.778478e-05   1440
  1.726002e+00   9.417096e-04   1.152483e-03   3.252562e-05   864
  1.732024e+00   1.067159e-03   1.977718e-03   3.622962e-05   1056
  1.738018e+00   1.083047e-03   1.166036e-03   4.698745e-05   624
  1.745297e+00   1.046929e-03   2.159298e-03   2.881377e-05   1496
  1.752257e+00   1.051134e-03   1.524541e-03   4.190843e-05   936
  1.758454e+00   1.014097e-03   2.207055e-03   3.460309e-05   966
  1.765122e+00   1.007387e-03   1.564451e-03   3.496812e-05   936
  1.772125e+00   1.040821e-03   1.935142e-03   3.041543e-05   1248
  1.779296e+00   9.795281e-04   1.364189e-03   3.027239e-05   1044
  1.785977e+00   1.026736e-03   2.113172e-03   3.061120e-05   1392
  1.791269e+00   9.519411e-04   1.627569e-03   3.900772e-05   600
  1.798839e+00   1.004344e-03   1.849089e-03   2.728748e-05   1416
  1.805937e+00   1.046870e-03   1.990319e-03   3.203448e-05   1152
  1.813129e+00   1.037576e-03   1.909399e-03   3.496452e-05   936
  1.818922e+00   1.052948e-03   2.047923e-03   3.832270e-05   870
  1.825806e+00   1.117035e-03   1.717102e-03   3.451991e-05   1368
  1.833446e+00   1.082093e-03   2.257541e-03   2.991283e-05   1632
  1.839974e+00   1.100947e-03   9.800978e-04   4.107792e-05   816
  1.847041e+00   1.111080e-03   2.236000e-03   3.375523e-05   1200
  1.853207e+00   1.125939e-03   2.137880e-03   3.409313e-05   1184
  1.859471e+00   1.156600e-03   1.622511e-03   3.985482e-05   984
  1.867156e+00   1.091784e-03   1.980919e-03   3.008926e-05   1572
  1.874123e+00   1.196345e-03   1.090927e-03   4.474598e-05   840
  1.880616e+00   1.077285e-03   2.536993e-03   2.976084e-05   1392
  1.887471e+00   1.057962e-03   1.862658e-03   3.464006e-05   1158
  1.893589e+00   1.135339e-03   1.696095e-03   3.380771e-05   1272
  1.900957e+00   1.155920e-03   1.728472e-03   3.298368e-05   1320
  1.907877e+00   1.109622e-03   1.691291e-03   3.656885e-05   1104
  1.914461e+00   1.091850e-03   1.914304e-03   3.232791e-05   1392
  1.921371e+00   1.077193e-03   2.070513e-03   3.275436e-05   1296
  1.928488e+00   1.121294e-03   2.161957e-03   3.179126e-05   1392
  1.935166e+00   1.133569e-03   1.585969e-03   3.604980e-05   1104
  1.941345e+00   1.095126e-03   1.997679e-03   3.084666e-05   1320
  1.950146e+00   1.121502e-03   1.525598e-03   3.158464e-05   1422
  1.955767e+00   1.092067e-03   1.900047e-03   3.375625e-05   1212
  1.962225e+00   1.096059e-03   2.076238e-03   3.118207e-05   1280
  1.968858e+00   1.192182e-03   2.161929e-03   3.553029e-05   1272
  1.975216e+00   1.214921e-03   1.870935e-03   3.189959e-05   1680
  1.982752e+00   1.071778e-03   1.767687e-03   3.369937e-05   1152
  1.989690e+00   1.133466e-03   2.047043e-03   2.942601e-05   1512
  1.996983e+00   1.131629e-03   8.642535e-04   4.037445e-05   912
  2.002749e+00   1.194962e-03   2.178606e-03   2.927085e-05   1680
  2.010417e+00   1.046578e-03   1.929989e-03   2.789468e-05   1518
  2.016100e+00   1.203019e-03   1.786803e-03   3.749820e-05   1056
  2.022086e+00   1.157239e-03   1.804177e-03   3.146715e-05   1344
  2.029825e+00   1.301689e-03   1.937292e-03   3.309186e-05   1680
  2.036827e+00   1.172424e-03   1.909000e-03   3.134130e-05   1656
  2.044478e+00   1.134310e-03   1.622680e-03   3.809921e-05   1140
  2.050222e+00   1.166158e-03   1.878940e-03   3.480431e-05   1368
  2.056980e+00   1.182876e-03   2.137306e-03   3.125383e-05   1656
  2.063850e+00   1.235015e-03   2.189059e-03   3.643666e-05   1448
  2.071328e+00   1.186035e-03   2.056477e-03   3.212698e-05   1422
  2.078235e+00   1.239700e-03   2.270267e-03   3.351753e-05   1512
  2.084142e+00   1.239079e-03   1.730785e-03   3.763456e-05   1296
  2.090976e+00   1.185410e-03   1.580321e-03   3.017181e-05   1824
  2.098365e+00   1.210139e-03   2.049124e-03   3.259402e-05   1464
  2.105829e+00   1.157770e-03   1.828549e-03   2.717096e-05   1824
  2.112755e+00   1.248169e-03   1.453789e-03   3.418426e-05   1416
  2.118782e+00   1.236883e-03   2.129410e-03   3.505006e-05   1392
  2.125287e+00   1.201171e-03   1.964987e-03   3.244543e-05   1464
  2.133224e+00   1.134217e-03   1.921079e-03   3.208611e-05   1524
  2.139358e+00   1.204853e-03   1.770306e-03   3.228986e-05   1686
  2.146446e+00   1.212477e-03   2.107901e-03   3.201923e-05   1800
  2.152539e+00   1.299440e-03   1.673473e-03   3.995114e-05   1344
  2.159298e+00   1.295286e-03   1.952434e-03   3.649424e-05   1656
  2.166075e+00   1.275667e-03   1.558919e-03   3.332176e-05   1488
  2.171963e+00   1.300366e-03   1.556381e-03   3.501022e-05   1536
  2.180167e+00   1.250171e-03   1.728963e-03   3.241651e-05   1760
  2.186523e+00   1.258858e-03   1.923134e-03   3.057415e-05   1824
  2.193874e+00   1.327008e-03   1.613868e-03   3.490009e-05   1560
  2.200948e+00   1.297350e-03   1.853678e-03   3.155338e-05   1926
  2.207600e+00   1.310849e-03   1.318209e-03   3.872014e-05   1272
  2.213672e+00   1.262134e-03   2.215249e-03   3.108715e-05   1848
  2.221653e+00   1.348862e-03   1.789730e-03   3.125145e-05   1908
  2.227724e+00   1.283790e-03   1.745646e-03   3.462458e-05   1488
  2.234129e+00   1.255559e-03   1.968713e-03   3.260479e-05   1800
  2.241073e+00   1.282972e-03   1.970654e-03   3.279782e-05   1752
  2.247724e+00   1.256780e-03   2.095476e-03   3.494337e-05   1368
  2.254380e+00   1.334415e-03   1.969345e-03   2.957073e-05   2016
  2.261701e+00   1.370149e-03   2.080112e-03   3.630824e-05   1542
  2.268457e+00   1.288110e-03   2.036992e-03   3.071659e-05   2184
  2.275936e+00   1.355742e-03   1.863385e-03   3.285398e-05   1776
  2.282397e+00   1.314227e-03   2.130131e-03   3.945353e-05   1568
  2.288555e+00   1.367600e-03   1.946113e-03   3.208860e-05   2040
  2.295255e+00   1.416109e-03   2.080569e-03   3.619856e-05   1704
  2.302269e+00   1.301834e-03   2.085619e-03   3.525094e-05   1512
  2.308882e+00   1.365814e-03   1.779039e-03   3.193363e-05   2028
  2.316313e+00   1.362252e-03   2.145978e-03   3.127752e-05   1968
  2.323106e+00   1.341435e-03   2.176774e-03   3.124304e-05   1854
  2.329754e+00   1.302731e-03   2.075135e-03   3.218467e-05   1632
  2.336568e+00   1.378417e-03   2.132380e-03   2.839469e-05   2424
  2.343629e+00   1.325774e-03   2.134598e-03   3.453358e-05   1560
  2.349599e+00   1.395046e-03   2.017192e-03   3.360214e-05   1728
  2.356812e+00   1.347473e-03   2.153260e-03   3.244948e-05   2088
  2.364073e+00   1.312508e-03   2.049673e-03   3.152178e-05   1968
  2.370751e+00   1.375112e-03   2.029373e-03   3.198779e-05   2256
  2.377449e+00   1.400045e-03   1.804338e-03   3.383846e-05   1728
  2.384441e+00   1.388453e-03   1.778692e-03   4.041588e-05   1416
  2.390635e+00   1.465519e-03   1.875098e-03   3.243080e-05   2246
  2.397648e+00   1.384798e-03   2.076650e-03   3.356114e-05   2148
  2.404357e+00   1.438028e-03   1.754153e-03   3.740336e-05   1680
  2.410673e+00   1.407542e-03   2.217617e-03   2.867007e-05   2280
  2.418263e+00   1.446435e-03   2.065091e-03   3.018515e-05   2352
  2.425353e+00   1.432224e-03   1.735191e-03   3.726832e-05   1632
  2.430962e+00   1.443668e-03   1.985520e-03   3.482506e-05   1968
  2.438660e+00   1.405360e-03   2.037144e-03   3.296737e-05   2112
  2.445797e+00   1.382112e-03   1.530254e-03   3.256303e-05   2208
  2.452732e+00   1.414831e-03   1.542956e-03   3.212546e-05   1974
  2.458206e+00   1.381897e-03   1.509431e-03   3.303852e-05   1944
  2.465602e+00   1.496746e-03   1.707748e-03   3.366719e-05   2160
  2.472011e+00   1.451277e-03   1.597129e-03   3.507038e-05   2040
  2.478938e+00   1.493215e-03   2.234420e-03   3.358720e-05   2352
  2.486043e+00   1.519753e-03   1.856266e-03   3.677412e-05   1836
  2.492527e+00   1.465907e-03   1.980178e-03   3.067175e-05   2352
  2.499807e+00   1.444472e-03   2.076938e-03   3.347584e-05   2008
  2.506481e+00   1.449152e-03   2.043204e-03   3.223395e-05   2464
  2.513923e+00   1.474862e-03   1.647934e-03   3.275741e-05   2118
  2.520027e+00   1.463557e-03   1.656587e-03   3.588819e-05   1848
  2.526310e+00   1.577820e-03   2.192205e-03   3.750427e-05   2280
  2.533899e+00   1.543386e-03   2.085311e-03   3.332806e-05   2472
  2.540990e+00   1.477956e-03   1.393550e-03   3.344440e-05   2280
  2.546943e+00   1.599672e-03   1.703380e-03   3.938005e-05   1992
  2.553363e+00   1.562414e-03   1.790777e-03   3.231076e-05   2184
  2.560766e+00   1.424387e-03   2.160296e-03   3.153799e-05   2352
  2.567899e+00   1.519448e-03   2.276566e-03   3.211928e-05   2496
  2.574884e+00   1.451526e-03   2.126339e-03   3.717586e-05   1770
  2.581149e+00   1.597338e-03   1.834694e-03   3.380444e-05   2568
  2.588680e+00   1.566083e-03   2.250328e-03   3.201624e-05   2712
  2.595526e+00   1.584299e-03   1.787085e-03   3.450588e-05   2448
  2.602363e+00   1.631969e-03   1.506421e-03   3.691258e-05   2064
  2.608033e+00   1.513951e-03   1.590062e-03   3.778235e-05   1944
  2.615386e+00   1.526074e-03   1.964310e-03   3.367709e-05   2480
  2.622887e+00   1.577093e-03   2.133817e-03   3.161278e-05   2880
  2.629531e+00   1.586441e-03   2.046893e-03   3.444669e-05   2304
  2.636471e+00   1.575419e-03   1.880589e-03   3.697412e-05   1806
  2.642624e+00   1.571005e-03   1.844284e-03   3.044783e-05   2856
  2.650335e+00   1.634199e-03   1.768724e-03   3.468708e-05   2568
  2.656204e+00   1.515731e-03   1.774521e-03   3.553924e-05   2112
  2.662590e+00   1.594438e-03   1.709176e-03   3.916268e-05   2028
  2.669442e+00   1.605107e-03   2.023161e-03   3.132882e-05   2712
  2.676399e+00   1.648506e-03   2.179637e-03   3.206651e-05   2952
  2.683877e+00   1.657061e-03   1.684140e-03   3.689889e-05   2112
  2.689921e+00   1.619419e-03   1.973726e-03   3.303739e-05   2520
  2.697182e+00   1.597422e-03   1.903698e-03   3.467965e-05   2376
  2.703795e+00   1.663756e-03   1.526067e-03   3.524803e-05   2526
  2.710660e+00   1.693825e-03   1.899150e-03   3.506573e-05   2664
  2.717457e+00   1.687176e-03   2.265145e-03   3.552668e-05   2408
  2.723971e+00   1.685523e-03   1.814469e-03   3.533375e-05   2568
  2.730616e+00   1.748499e-03   1.710719e-03   3.380978e-05   2904
  2.737824e+00   1.672805e-03   1.919475e-03   3.445418e-05   2544
  2.744672e+00   1.687981e-03   1.413825e-03   3.773441e-05   2160
  2.751134e+00   1.791002e-03   2.444341e-03   3.695204e-05   2652
  2.758272e+00   1.677280e-03   1.935415e-03   3.330122e-05   2784
  2.765141e+00   1.758024e-03   1.911279e-03   3.390249e-05   2694
  2.772259e+00   1.651807e-03   1.717705e-03   3.192316e-05   2952
  2.778443e+00   1.812288e-03   1.626979e-03   3.949187e-05   2208
  2.784743e+00   1.699701e-03   1.734039e-03   3.681436e-05   2304
  2.791775e+00   1.661299e-03   2.254926e-03   2.774512e-05   3504
  2.799976e+00   1.777360e-03   1.825894e-03   3.894388e-05   2616
  2.806373e+00   1.778213e-03   1.783751e-03   3.673001e-05   2664
  2.812534e+00   1.738519e-03   1.657261e-03   3.627326e-05   2448
  2.818743e+00   1.794624e-03   2.308018e-03   3.734271e-05   2472
  2.826048e+00   1.795694e-03   1.835005e-03   3.325862e-05   3134
  2.832923e+00   1.794223e-03   2.006957e-03   3.705079e-05   2616
  2.839787e+00   1.711334e-03   1.625713e-03   3.540482e-05   2712
  2.846848e+00   1.746019e-03   1.864457e-03   3.248504e-05   3204
  2.853598e+00   1.743894e-03   2.147295e-03   3.676532e-05   2760
  2.860007e+00   1.745104e-03   1.873480e-03   3.493401e-05   2688
  2.867076e+00   1.800134e-03   1.771370e-03   3.742640e-05   2760
  2.873326e+00   1.740572e-03   1.462648e-03   3.674673e-05   2568
  2.880524e+00   1.747239e-03   2.271420e-03   3.130752e-05   3336
  2.887433e+00   1.815378e-03   1.922508e-03   3.789259e-05   2334
  2.894409e+00   1.747037e-03   2.127462e-03   3.263600e-05   3264
  2.900929e+00   1.840921e-03   1.546828e-03   3.710047e-05   2760
  2.907615e+00   1.780832e-03   1.868129e-03   3.297546e-05   3192
  2.914423e+00   1.810903e-03   1.939518e-03   3.647081e-05   2904
  2.921663e+00   1.802473e-03   1.946038e-03   3.655899e-05   2784
  2.927724e+00   1.896919e-03   1.601625e-03   4.049188e-05   2592
  2.934618e+00   1.820224e-03   2.183244e-03   3.211587e-05   3284
  2.941945e+00   1.869056e-03   2.192968e-03   3.578729e-05   3168
  2.948500e+00   1.877310e-03   1.809356e-03   3.809064e-05   2616
  2.955391e+00   1.769362e-03   1.748285e-03   3.369634e-05   3222
  2.962094e+00   1.842689e-03   1.961630e-03   3.195511e-05   3240
  2.968586e+00   1.903708e-03   1.984505e-03   4.069350e-05   2568
  2.975966e+00   1.952874e-03   1.820881e-03   3.670975e-05   3120
  2.982136e+00   1.973183e-03   2.001790e-03   3.770291e-05   3168
  2.988773e+00   1.867927e-03   1.752415e-03   3.529866e-05   3240
  2.996033e+00   1.864191e-03   1.797934e-03   3.395791e-05   3144
  3.003086e+00   1.838952e-03   1.713745e-03   3.522241e-05   2856
  3.009752e+00   1.901740e-03   1.830348e-03   3.406907e-05   3264
  3.017296e+00   1.938533e-03   2.022453e-03   3.530229e-05   3318
  3.023233e+00   1.954855e-03   1.416412e-03   4.340077e-05   2556
  3.030308e+00   1.917971e-03   2.419493e-03   3.124453e-05   4008
  3.037472e+00   1.949468e-03   1.786008e-03   3.914450e-05   2904
  3.043600e+00   1.909687e-03   1.826256e-03   3.449312e-05   3144
  3.050576e+00   1.869478e-03   1.903890e-03   3.522647e-05   3200
  3.057796e+00   1.936979e-03   1.877697e-03   3.544600e-05   3312
  3.064268e+00   2.030061e-03   1.513340e-03   4.058004e-05   2832
  3.071494e+00   1.965320e-03   2.177791e-03   3.280363e-05   3984
  3.078203e+00   2.123561e-03   1.770441e-03   4.858571e-05   2238
  3.084328e+00   1.979073e-03   2.083505e-03   3.367915e-05   3984
  3.091928e+00   1.956383e-03   1.979951e-03   3.619129e-05   3384
  3.098241e+00   2.079985e-03   1.850719e-03   4.012264e-05   3048
  3.104832e+00   1.948243e-03   1.699321e-03   3.695094e-05   3096
  3.111718e+00   2.069992e-03   1.926129e-03   3.436197e-05   3708
  3.118563e+00   1.974562e-03   1.825710e-03   3.980127e-05   2784
  3.124922e+00   2.130904e-03   1.896349e-03   3.735176e-05   3648
  3.132145e+00   2.046058e-03   1.951752e-03   3.548831e-05   3888
  3.139833e+00   2.009327e-03   2.083553e-03   3.741583e-05   2958
  3.145572e+00   1.989735e-03   1.778506e-03   3.599327e-05   3264
  3.152488e+00   2.143237e-03   1.963420e-03   3.988499e-05   3160
  3.159022e+00   1.982771e-03   1.779422e-03   3.512231e-05   3736
  3.165215e+00   2.081978e-03   1.621470e-03   3.958089e-05   3216
  3.172519e+00   2.098797e-03   1.987024e-03   3.452381e-05   4032
  3.180136e+00   2.103977e-03   1.814117e-03   3.643432e-05   3528
  3.186631e+00   2.138297e-03   1.601347e-03   3.899964e-05   3192
  3.193124e+00   2.078079e-03   1.753760e-03   3.751565e-05   3456
  3.200167e+00   2.138492e-03   1.818464e-03   4.125923e-05   3060
  3.207227e+00   2.112387e-03   2.162363e-03   3.372280e-05   4518
  3.214106e+00   2.136727e-03   1.926385e-03   3.670693e-05   3528
  3.220429e+00   2.126205e-03   1.617827e-03   4.098111e-05   3024
  3.227171e+00   2.057676e-03   2.190474e-03   3.536321e-05   3672
  3.234039e+00   2.149078e-03   1.880091e-03   3.814428e-05   3864
  3.241663e+00   2.089299e-03   1.992871e-03   3.429957e-05   3816
  3.247899e+00   2.159505e-03   1.813072e-03   3.832775e-05   3456
  3.253878e+00   2.194349e-03   1.641241e-03   4.475879e-05   2688
  3.260921e+00   2.205876e-03   1.947302e-03   3.511625e-05   4248
  3.267905e+00   2.156489e-03   1.865142e-03   3.563930e-05   3926
  3.274919e+00   2.129338e-03   1.969270e-03   3.605801e-05   3504
  3.281694e+00   2.214875e-03   1.760556e-03   3.620599e-05   3960
  3.289176e+00   2.157436e-03   1.981976e-03   3.679688e-05   3684
  3.295592e+00   2.120705e-03   1.981844e-03   3.537836e-05   4104
  3.302006e+00   2.230379e-03   1.879669e-03   4.133895e-05   3144
  3.308897e+00   2.227292e-03   2.058885e-03   3.571344e-05   4224
  3.316473e+00   2.206302e-03   1.827439e-03   3.591240e-05   4008
  3.322945e+00   2.241410e-03   2.010472e-03   4.000786e-05   3312
  3.329610e+00   2.195728e-03   1.999644e-03   3.810934e-05   3726
  3.336699e+00   2.240940e-03   2.053880e-03   3.719654e-05   3936
  3.342993e+00   2.284145e-03   2.117146e-03   3.815353e-05   3888
  3.349525e+00   2.258515e-03   2.001964e-03   3.736026e-05   3864
  3.356321e+00   2.216386e-03   2.128257e-03   3.726616e-05   3888
  3.363322e+00   2.150162e-03   2.007274e-03   3.518904e-05   4080
  3.370232e+00   2.254990e-03   2.130329e-03   4.048177e-05   3400
  3.377284e+00   2.287746e-03   1.953726e-03   3.469934e-05   4588
  3.384413e+00   2.333609e-03   1.933786e-03   4.020039e-05   3816
  3.390643e+00   2.359205e-03   1.832424e-03   3.997872e-05   3534
  3.397239e+00   2.384838e-03   1.809945e-03   3.810647e-05   4080
  3.404139e+00   2.365599e-03   1.891906e-03   3.782906e-05   4248
  3.411068e+00   2.322364e-03   1.906466e-03   4.114764e-05   3528
  3.417463e+00   2.429818e-03   1.949101e-03   3.930681e-05   4248
  3.423926e+00   2.325405e-03   1.906417e-03   4.022883e-05   3696
  3.431123e+00   2.409937e-03   1.978175e-03   3.763377e-05   4560
  3.437949e+00   2.366690e-03   1.852893e-03   3.963633e-05   3864
  3.444959e+00   2.349828e-03   2.017516e-03   3.699290e-05   4440
  3.451603e+00   2.332493e-03   1.882390e-03   4.361292e-05   3432
  3.458584e+00   2.334705e-03   1.845723e-03   3.598904e-05   4470
  3.465452e+00   2.387374e-03   1.640235e-03   3.852830e-05   4188
  3.472202e+00   2.434581e-03   2.101371e-03   3.818023e-05   4392
  3.478906e+00   2.464377e-03   1.625610e-03   4.238746e-05   3960
  3.485878e+00   2.485364e-03   1.836466e-03   3.911676e-05   4328
  3.492632e+00   2.447921e-03   1.911217e-03   3.990613e-05   4320
  3.499457e+00   2.450491e-03   1.998538e-03   3.756572e-05   4152
  3.505787e+00   2.642115e-03   1.671807e-03   4.642606e-05   3528
  3.512945e+00   2.455966e-03   1.809476e-03   3.732771e-05   4512
  3.519642e+00   2.474146e-03   1.849729e-03   4.014831e-05   4134
  3.526444e+00   2.555598e-03   1.970582e-03   3.629514e-05   5208
  3.532986e+00   2.559739e-03   1.716858e-03   4.580334e-05   3240
  3.539754e+00   2.683164e-03   1.893616e-03   4.192720e-05   4680
  3.546643e+00   2.505779e-03   1.874833e-03   3.995494e-05   4440
  3.553539e+00   2.383468e-03   2.124491e-03   3.720964e-05   4260
  3.560154e+00   2.550117e-03   1.734441e-03   4.192923e-05   4056
  3.566966e+00   2.555483e-03   1.922931e-03   3.897508e-05   4704
  3.574116e+00   2.645625e-03   2.237659e-03   3.899111e-05   4800
  3.581674e+00   2.535426e-03   1.938759e-03   3.701481e-05   4806
  3.588205e+00   2.727199e-03   1.932634e-03   4.926497e-05   3552
  3.594426e+00   2.553459e-03   1.937816e-03   4.225553e-05   4304
  3.601449e+00   2.554268e-03   1.879244e-03   3.615376e-05   5280
  3.608394e+00   2.608177e-03   1.802816e-03   4.114641e-05   4320
  3.614968e+00   2.541800e-03   2.035852e-03   4.021658e-05   4296
  3.621900e+00   2.735901e-03   2.263360e-03   4.081595e-05   4608
  3.628911e+00   2.676208e-03   2.168421e-03   3.992932e-05   4824
  3.635852e+00   2.690960e-03   2.047143e-03   4.150498e-05   4488
  3.643300e+00   2.734747e-03   1.911228e-03   4.280044e-05   4530
  3.649450e+00   2.624131e-03   1.866156e-03   3.964690e-05   4464
  3.655604e+00   2.723394e-03   1.758714e-03   4.365070e-05   4104
  3.662669e+00   2.590269e-03   1.896261e-03   3.651283e-05   5424
  3.669619e+00   2.708855e-03   2.041209e-03   3.950634e-05   4392
  3.676692e+00   2.810074e-03   1.998426e-03   4.211550e-05   4896
  3.683115e+00   2.760252e-03   1.958866e-03   4.444384e-05   4104
  3.689817e+00   2.840524e-03   1.766380e-03   4.269763e-05   4824
  3.696888e+00   2.715517e-03   1.688246e-03   4.238027e-05   4680
  3.703048e+00   2.708413e-03   1.726706e-03   4.160565e-05   4328
  3.710199e+00   2.751444e-03   1.990445e-03   3.975132e-05   5118
  3.717384e+00   2.823449e-03   2.306058e-03   4.002283e-05   5304
  3.723868e+00   2.837723e-03   1.815913e-03   4.290333e-05   4392
  3.730932e+00   2.874023e-03   1.822610e-03   4.375161e-05   4476
  3.737110e+00   2.736383e-03   1.810068e-03   4.024890e-05   4704
  3.743984e+00   2.828517e-03   2.190871e-03   4.036215e-05   5208
  3.751209e+00   2.752660e-03   1.847271e-03   4.045415e-05   5304
  3.757866e+00   2.923824e-03   1.978685e-03   4.704919e-05   4296
  3.764692e+00   2.951219e-03   1.876304e-03   4.420150e-05   4752
  3.771865e+00   2.754337e-03   1.883503e-03   4.064955e-05   4950
  3.778311e+00   2.848198e-03   1.968767e-03   4.138124e-05   5064
  3.784759e+00   2.884358e-03   1.649571e-03   4.304046e-05   4872
  3.791279e+00   2.818280e-03   1.736547e-03   4.686427e-05   4224
  3.798241e+00   2.891397e-03   1.918234e-03   3.810401e-05   6120
  3.805649e+00   2.848513e-03   2.110301e-03   4.119918e-05   4968
  3.812370e+00   2.985697e-03   1.867433e-03   4.506339e-05   4424
  3.819323e+00   3.041867e-03   2.385249e-03   4.260417e-05   5436
  3.826191e+00   2.910021e-03   2.033634e-03   4.423832e-05   4896
  3.832830e+00   2.890285e-03   1.946982e-03   4.160769e-05   5214
  3.839231e+00   3.007260e-03   1.655037e-03   4.555774e-05   4656
  3.846342e+00   3.026155e-03   2.104245e-03   4.407533e-05   5448
  3.853138e+00   3.026402e-03   1.777190e-03   4.381762e-05   4992
  3.859792e+00   3.028973e-03   1.966857e-03   4.266490e-05   5400
  3.867106e+00   3.104571e-03   2.179886e-03   4.284608e-05   5328
  3.873845e+00   2.926228e-03   1.949218e-03   4.237446e-05   4776
  3.880186e+00   3.112874e-03   1.831613e-03   4.552677e-05   4800
  3.887230e+00   3.077845e-03   2.355361e-03   3.873647e-05   6552
  3.894600e+00   3.041272e-03   1.779443e-03   4.925398e-05   3942
  3.900986e+00   3.008735e-03   2.242785e-03   4.051323e-05   6072
  3.908058e+00   3.013266e-03   1.741830e-03   4.659841e-05   4692
  3.913986e+00   3.198741e-03   1.818443e-03   4.589829e-05   4944
  3.920931e+00   3.123933e-03   1.951749e-03   4.052884e-05   5840
  3.928062e+00   3.055212e-03   2.089266e-03   4.303520e-05   5712
  3.935082e+00   3.064268e-03   1.750940e-03   4.482045e-05   4800
  3.941487e+00   3.096099e-03   2.318862e-03   4.325038e-05   5688
  3.948502e+00   3.201279e-03   1.829534e-03   4.920086e-05   4848
  3.955454e+00   2.623940e-03   2.036380e-03   4.290878e-05   5406
  3.962052e+00   3.059187e-05   1.838162e-03   5.912190e-07   5568
  3.968677e+00   3.184908e-05   1.652385e-03   5.896069e-07   5736
  3.975837e+00   2.977600e-05   2.052156e-03   6.358119e-07   5280
  3.982334e+00   3.098927e-05   1.897368e-03   6.282926e-07   5592
  3.989022e+00   2.824891e-05   2.171984e-03   6.172276e-07   4968
  3.996092e+00   2.622861e-05   1.947474e-03   5.114115e-07   5964
  4.002991e+00   2.632809e-05   1.956523e-03   5.372331e-07   5376
  4.009258e+00   2.638821e-05   1.889144e-03   5.355241e-07   5472
  4.016525e+00   2.234971e-05   1.794144e-03   4.533054e-07   5472
  4.023170e+00   2.320260e-05   2.039883e-03   5.090144e-07   5415
  4.029609e+00   2.254384e-05   1.794324e-03   4.850163e-07   5096
  4.036576e+00   2.096307e-05   2.307456e-03   3.903526e-07   6372
  4.043623e+00   2.177094e-05   1.873088e-03   5.077387e-07   4656
  4.049939e+00   2.000420e-05   2.044812e-03   3.738850e-07   5844
  4.056735e+00   1.854326e-05   1.797865e-03   3.736529e-07   5508
  4.063937e+00   1.935597e-05   2.039525e-03   3.570823e-07   6324
  4.071004e+00   1.899805e-05   1.751954e-03   4.076099e-07   4752
  4.077464e+00   1.684754e-05   1.961458e-03   3.428972e-07   5676
  4.084456e+00   1.702300e-05   1.794358e-03   3.389338e-07   5472
  4.091092e+00   1.732914e-05   2.023985e-03   3.426870e-07   5556
  4.098222e+00   1.545817e-05   1.972334e-03   2.924617e-07   5436
  4.105104e+00   1.593184e-05   2.018822e-03   3.062230e-07   5916
  4.112170e+00   1.524496e-05   2.100463e-03   3.063043e-07   5520
  4.118533e+00   1.374823e-05   1.910273e-03   2.768789e-07   5280
  4.125052e+00   1.482718e-05   1.877014e-03   3.149519e-07   4416
  4.132408e+00   1.380673e-05   1.829630e-03   2.547568e-07   6260
  4.139317e+00   1.402008e-05   2.175654e-03   2.535047e-07   5940
  4.145576e+00   1.352342e-05   1.703892e-03   2.851633e-07   4188
  4.152466e+00   1.376799e-05   2.178571e-03   2.374833e-07   6360
  4.159711e+00   1.244536e-05   1.943193e-03   2.308234e-07   5256
  4.166440e+00   1.241278e-05   1.836958e-03   2.589300e-07   4848
  4.172206e+00   1.211360e-05   1.665298e-03   2.480148e-07   4704
  4.179303e+00   1.262495e-05   2.042887e-03   2.309120e-07   5784
  4.186524e+00   1.147574e-05   2.161611e-03   2.099915e-07   5820
  4.193493e+00   1.199593e-05   1.936340e-03   2.162872e-07   5700
  4.200505e+00   1.103529e-05   1.795688e-03   2.117100e-07   5232
  4.207526e+00   1.210244e-05   1.992470e-03   2.248116e-07   4932
  4.213744e+00   1.142629e-05   1.714996e-03   2.261535e-07   4716
  4.220279e+00   1.211432e-05   2.184535e-03   2.254138e-07   5616
  4.227002e+00   1.077887e-05   1.929265e-03   2.009734e-07   5184
  4.233937e+00   1.057925e-05   1.946155e-03   1.984166e-07   5064
  4.240477e+00   1.066378e-05   1.992769e-03   1.892025e-07   5544
  4.247731e+00   1.031069e-05   2.000404e-03   1.914350e-07   5192
  4.254330e+00   1.018743e-05   1.797674e-03   1.843241e-07   5244
  4.261270e+00   1.015595e-05   1.945104e-03   1.862812e-07   5112
  4.268168e+00   1.044917e-05   1.785014e-03   1.991053e-07   5040
  4.274499e+00   1.037494e-05   1.876615e-03   1.853297e-07   5124
  4.281892e+00   9.960011e-06   2.106752e-03   1.705836e-07   5952
  4.288717e+00   1.028871e-05   1.845943e-03   1.850289e-07   4824
  4.294903e+00   9.827779e-06   1.863248e-03   1.832042e-07   4536
  4.302065e+00   9.515378e-06   1.980463e-03   1.588697e-07   5712
  4.309420e+00   9.548210e-06   2.167167e-03   1.714845e-07   5352
  4.316357e+00   1.002664e-05   1.887682e-03   1.731762e-07   5004
  4.322555e+00   1.015029e-05   1.888196e-03   1.862549e-07   4800
  4.329215e+00   9.409764e-06   2.029123e-03   1.595975e-07   5148
  4.336593e+00   9.178079e-06   2.107508e-03   1.526309e-07   5664
  4.343261e+00   9.212398e-06   1.892847e-03   1.652439e-07   4692
  4.349421e+00   9.171155e-06   1.758478e-03   1.811199e-07   4008
  4.356605e+00   9.789692e-06   2.015596e-03   1.619576e-07   5852
  4.363909e+00   8.869887e-06   1.908582e-03   1.452184e-07   5784
  4.370397e+00   9.597730e-06   1.759381e-03   1.795982e-07   4392
  4.377074e+00   8.989144e-06   1.725784e-03   1.548989e-07   4944
  4.384084e+00   8.672508e-06   2.034670e-03   1.542052e-07   4776
  4.390695e+00   8.525514e-06   1.957464e-03   1.411356e-07   5244
  4.397870e+00   8.757430e-06   1.954011e-03   1.454414e-07   4884
  4.403890e+00   8.936852e-06   1.657153e-03   1.645779e-07   4488
  4.410890e+00   9.237104e-06   1.969135e-03   1.534757e-07   5160
  4.417939e+00   8.498945e-06   2.004855e-03   1.417318e-07   5316
  4.424730e+00   9.290076e-06   2.027048e-03   1.629236e-07   4896
  4.431349e+00   8.597869e-06   1.883482e-03   1.640873e-07   4188
  4.438020e+00   8.568893e-06   2.054369e-03   1.441989e-07   4836
  4.444832e+00   8.667295e-06   2.037952e-03   1.406280e-07   5316
  4.451731e+00   8.716189e-06   1.886372e-03   1.419296e-07   4920
  4.458184e+00   8.991852e-06   1.900378e-03   1.703496e-07   4128
  4.465107e+00   8.913639e-06   2.044365e-03   1.434953e-07   5348
  4.471921e+00   8.482326e-06   1.773894e-03   1.444232e-07   4836
  4.478427e+00   8.575652e-06   1.911428e-03   1.532188e-07   4392
  4.485434e+00   8.683725e-06   1.679345e-03   1.497205e-07   4632
  4.491743e+00   8.925814e-06   1.876401e-03   1.582097e-07   4596
  4.498988e+00   8.282573e-06   1.886981e-03   1.298062e-07   5424
  4.506156e+00   8.271190e-06   1.942307e-03   1.268108e-07   5256
  4.513541e+00   8.315048e-06   1.972645e-03   1.441906e-07   4524
  4.519690e+00   8.508078e-06   1.876375e-03   1.512138e-07   4440
  4.526578e+00   8.335098e-06   1.604541e-03   1.385807e-07   4380
  4.533319e+00   8.355789e-06   2.099818e-03   1.384240e-07   4812
  4.540494e+00   8.344849e-06   2.085616e-03   1.327237e-07   5376
  4.547054e+00   8.399489e-06   1.665849e-03   1.478239e-07   3888
  4.553339e+00   8.532630e-06   1.907590e-03   1.377708e-07   4896
  4.560353e+00   8.443321e-06   2.012820e-03   1.382273e-07   4608
  4.567716e+00   8.445750e-06   1.899978e-03   1.420590e-07   4448
  4.574125e+00   8.182271e-06   1.961296e-03   1.314627e-07   4752
  4.580879e+00   8.533975e-06   2.054335e-03   1.459923e-07   4356
  4.587980e+00   8.447513e-06   1.976915e-03   1.346314e-07   5232
  4.595042e+00   8.005813e-06   1.992235e-03   1.403546e-07   4548
  4.601888e+00   8.066879e-06   1.936704e-03   1.280977e-07   4608
  4.608571e+00   8.528052e-06   1.759339e-03   1.567290e-07   3936
  4.614881e+00   8.303054e-06   2.102923e-03   1.452350e-07   4260
  4.621970e+00   8.220872e-06   1.885300e-03   1.310033e-07   5004
  4.628453e+00   8.529264e-06   1.862996e-03   1.547781e-07   4224
  4.635561e+00   8.436251e-06   2.012776e-03   1.395678e-07   4788
  4.642465e+00   8.402427e-06   2.116778e-03   1.472701e-07   4428
  4.649192e+00   8.343485e-06   1.768853e-03   1.465859e-07   4080
  4.655668e+00   8.667930e-06   1.934080e-03   1.386754e-07   4632
  4.662486e+00   8.039529e-06   2.011295e-03   1.457086e-07   4056
  4.669653e+00   8.363916e-06   1.893670e-03   1.477813e-07   4536
  4.676201e+00   8.341355e-06   1.931419e-03   1.402433e-07   4668
  4.683373e+00   8.227262e-06   2.070136e-03   1.387088e-07   4604
  4.690357e+00   8.180645e-06   1.860037e-03   1.436974e-07   4152
  4.696802e+00   8.360137e-06   1.802671e-03   1.442254e-07   4224
  4.703635e+00   8.285855e-06   1.733134e-03   1.457181e-07   4152
  4.710462e+00   8.557139e-06   1.965944e-03   1.508611e-07   4224
  4.717098e+00   8.802164e-06   1.818101e-03   1.621063e-07   3960
  4.723491e+00   8.315921e-06   1.876166e-03   1.392338e-07   4656
  4.730474e+00   8.135329e-06   2.024345e-03   1.382384e-07   4452
  4.737635e+00   8.118633e-06   2.058080e-03   1.456940e-07   4056
  4.744298e+00   8.307197e-06   2.039307e-03   1.421060e-07   4212
  4.751048e+00   8.416962e-06   1.694750e-03   1.637287e-07   3432
  4.757889e+00   8.485021e-06   2.168080e-03   1.330173e-07   5352
  4.764574e+00   8.571411e-06   1.587859e-03   1.617831e-07   3600
  4.771852e+00   8.301075e-06   1.751437e-03   1.406724e-07   4584
  4.778207e+00   8.362317e-06   1.746280e-03   1.541531e-07   3768
  4.784752e+00   8.353075e-06   1.864180e-03   1.598221e-07   3848
  4.791286e+00   8.124670e-06   1.709240e-03   1.543438e-07   3720
  4.798694e+00   8.106225e-06   2.145349e-03   1.334421e-07   4764
  4.805235e+00   8.640904e-06   1.727602e-03   1.586792e-07   3864
  4.811952e+00   8.817249e-06   2.139843e-03   1.521869e-07   4332
  4.819279e+00   8.553146e-06   1.826912e-03   1.587578e-07   3792
  4.825825e+00   8.012877e-06   2.072259e-03   1.378809e-07   4284
  4.832763e+00   7.922067e-06   1.962201e-03   1.510963e-07   3840
  4.839330e+00   7.857083e-06   1.867758e-03   1.586282e-07   3480
  4.845998e+00   8.150859e-06   2.084059e-03   1.381643e-07   4380
  4.853206e+00   8.234322e-06   1.957609e-03   1.456141e-07   4200
  4.860289e+00   8.714928e-06   1.881620e-03   1.524121e-07   4056
  4.866866e+00   8.256569e-06   1.891103e-03   1.602800e-07   3600
  4.873029e+00   8.311353e-06   1.884188e-03   1.604272e-07   3492
  4.880230e+00   8.073506e-06   2.200305e-03   1.375227e-07   4500
  4.887576e+00   8.621324e-06   1.927765e-03   1.632840e-07   3516
  4.893890e+00   9.103222e-06   2.015299e-03   1.747569e-07   3968
  4.900966e+00   8.479268e-06   1.936877e-03   1.632376e-07   3648
  4.907231e+00   8.295736e-06   1.852189e-03   1.613306e-07   4224
  4.914332e+00   7.888596e-06   2.078916e-03   1.592831e-07   3588
  4.920995e+00   8.369700e-06   1.917557e-03   1.632752e-07   3456
  4.927700e+00   7.995329e-06   1.703028e-03   1.511887e-07   3660
  4.934629e+00   8.553159e-06   1.869272e-03   1.647309e-07   3768
  4.941086e+00   8.514077e-06   1.890386e-03   1.604197e-07   3744
  4.948022e+00   8.455634e-06   2.075009e-03   1.506255e-07   4176
  4.955400e+00   8.536808e-06   1.913968e-03   1.677228e-07   3612
  4.961499e+00   8.636055e-06   2.079955e-03   1.760352e-07   3216
  4.968478e+00   8.362375e-06   2.010962e-03   1.684417e-07   3624
  4.975495e+00   8.480842e-06   1.890966e-03   1.643464e-07   3744
  4.982276e+00   8.626928e-06   2.017646e-03   1.715598e-07   3672
  4.988966e+00   8.591076e-06   1.829655e-03   1.645281e-07   3852
  4.995875e+00   8.712821e-06   1.883136e-03   1.631484e-07   3672
  5.003224e+00   8.789939e-06   1.834804e-03   2.025193e-07   3248
  5.009361e+00   8.065884e-06   1.878052e-03   1.675026e-07   3336
  5.016061e+00   7.939582e-06   1.911689e-03   1.557683e-07   3576
  5.022911e+00   8.470549e-06   1.622852e-03   1.721716e-07   3336
  5.029889e+00   8.517225e-06   1.927663e-03   1.617406e-07   3936
  5.036775e+00   8.948560e-06   2.053016e-03   1.797694e-07   3408
  5.043606e+00   8.900067e-06   1.808740e-03   1.911221e-07   3336
  5.050242e+00   7.387394e-06   2.031629e-03   1.570614e-07   3312
  5.056875e+00   8.311485e-06   2.057047e-03   1.734243e-07   3432
  5.063942e+00   8.764787e-06   1.783377e-03   1.891856e-07   3144
  5.070388e+00   8.450925e-06   1.936033e-03   1.774556e-07   3456
  5.077642e+00   8.562646e-06   1.860750e-03   1.689408e-07   3792
  5.084196e+00   8.999807e-06   1.827779e-03   2.026041e-07   2868
  5.091276e+00   8.289648e-06   1.893572e-03   1.535388e-07   3888
  5.097892e+00   7.980227e-06   1.644209e-03   1.835103e-07   2784
  5.104405e+00   8.336648e-06   1.877734e-03   2.024171e-07   2964
  5.111520e+00   8.513781e-06   1.933697e-03   1.798449e-07   3432
  5.118294e+00   8.487384e-06   2.001572e-03   1.756271e-07   3416
  5.125147e+00   8.404138e-06   2.139505e-03   1.754208e-07   3528
  5.132162e+00   9.128136e-06   1.717105e-03   2.092283e-07   2904
  5.138366e+00   8.096870e-06   1.925378e-03   1.827385e-07   3072
  5.145583e+00   8.229755e-06   2.162421e-03   1.790107e-07   3216
  5.152797e+00   8.141188e-06   1.751331e-03   1.945846e-07   2844
  5.159130e+00   8.210609e-06   2.004077e-03   1.786282e-07   3432
  5.165632e+00   9.025456e-06   1.610804e-03   2.137223e-07   2880
  5.172895e+00   8.227931e-06   2.133741e-03   1.785910e-07   3576
  5.179736e+00   8.791402e-06   1.907265e-03   2.202099e-07   2700
  5.186289e+00   8.273248e-06   2.142332e-03   1.792362e-07   3000
  5.193149e+00   7.968686e-06   1.778774e-03   1.920416e-07   2556
  5.199811e+00   8.665110e-06   1.906491e-03   1.902105e-07   3360
  5.206698e+00   8.592753e-06   1.852459e-03   1.883075e-07   3120
  5.214120e+00   8.554305e-06   2.180932e-03   2.000781e-07   3216
  5.220509e+00   9.186218e-06   1.538152e-03   2.302379e-07   2628
  5.227691e+00   8.462640e-06   2.033215e-03   2.009957e-07   3200
  5.234243e+00   7.921548e-06   1.918143e-03   2.102072e-07   2232
  5.240860e+00   7.851913e-06   2.189500e-03   1.895237e-07   3108
  5.247447e+00   9.101424e-06   1.923350e-03   2.412171e-07   2604
  5.254188e+00   8.892834e-06   2.071992e-03   2.050291e-07   3096
  5.261604e+00   8.617306e-06   1.887856e-03   1.934314e-07   3084
  5.268038e+00   8.268920e-06   1.926528e-03   2.036524e-07   2664
  5.274669e+00   8.664194e-06   1.698896e-03   2.349314e-07   2232
  5.281167e+00   7.635452e-06   2.092783e-03   1.807508e-07   2808
  5.288282e+00   8.470316e-06   1.976957e-03   2.261209e-07   2592
  5.294924e+00   9.288483e-06   2.029584e-03   2.304079e-07   2952
  5.301904e+00   8.321905e-06   1.916176e-03   2.142930e-07   2772
  5.308690e+00   8.310296e-06   2.060728e-03   1.997567e-07   3036
  5.315790e+00   7.936156e-06   1.998916e-03   2.295405e-07   2136
  5.322263e+00   8.103312e-06   1.594140e-03   2.178865e-07   2496
  5.328910e+00   9.151036e-06   2.123275e-03   2.592890e-07   2228
  5.335842e+00   9.271301e-06   1.979573e-03   2.425284e-07   3048
  5.342740e+00   8.452753e-06   1.890946e-03   2.293656e-07   2676
  5.349596e+00   8.001663e-06   1.883800e-03   1.944118e-07   2784
  5.356148e+00   8.304913e-06   1.830116e-03   2.418786e-07   1920
  5.362719e+00   7.899160e-06   1.953176e-03   2.100838e-07   2400
  5.369840e+00   7.795742e-06   1.791466e-03   1.967615e-07   2532
  5.377204e+00   8.536332e-06   1.989890e-03   2.356249e-07   2544
  5.383829e+00   9.270325e-06   2.081695e-03   2.393219e-07   2772
  5.390356e+00   7.887295e-06   1.949845e-03   2.498521e-07   2160
  5.396838e+00   8.507892e-06   2.100168e-03   2.393730e-07   2304
  5.404337e+00   8.092582e-06   2.055123e-03   2.425390e-07   2328
  5.411061e+00   7.302862e-06   1.970429e-03   2.054779e-07   2304
  5.417288e+00   7.374680e-06   1.863314e-03   2.206338e-07   1908
  5.424372e+00   9.251216e-06   2.083996e-03   2.707398e-07   2736
  5.431195e+00   8.645576e-06   1.974585e-03   2.570662e-07   2448
  5.438452e+00   9.030032e-06   1.846130e-03   2.703092e-07   2040
  5.445019e+00   7.183151e-06   1.922198e-03   2.367142e-07   2120
  5.451333e+00   8.553500e-06   1.593697e-03   2.501886e-07   2040
  5.458130e+00   7.355752e-06   1.977268e-03   2.412603e-07   2208
  5.465821e+00   9.076980e-06   1.775287e-03   2.788400e-07   2208
  5.472051e+00   1.018125e-05   1.967357e-03   3.018808e-07   2196
  5.478490e+00   6.945270e-06   1.730613e-03   2.205717e-07   1848
  5.485041e+00   8.209774e-06   1.962743e-03   2.638688e-07   2124
  5.492368e+00   7.937193e-06   2.058876e-03   2.439004e-07   2328
  5.499523e+00   7.632921e-06   2.096115e-03   2.519088e-07   1920
  5.506480e+00   7.550570e-06   1.924209e-03   2.624532e-07   1548
  5.512666e+00   9.203202e-06   2.110797e-03   2.738352e-07   2388
  5.519965e+00   7.510477e-06   1.953294e-03   2.547357e-07   2160
  5.526648e+00   7.800626e-06   1.777868e-03   2.973946e-07   1704
  5.533051e+00   7.719035e-06   2.002926e-03   2.836545e-07   1776
  5.539109e+00   7.620587e-06   1.873485e-03   2.657688e-07   1800
  5.546768e+00   6.846000e-06   2.162765e-03   2.419899e-07   1700
  5.553922e+00   8.921913e-06   1.947310e-03   3.042898e-07   2292
  5.560585e+00   8.028715e-06   1.807682e-03   2.982410e-07   1704
  5.566872e+00   7.898236e-06   2.021292e-03   2.915914e-07   1728
  5.573757e+00   7.129488e-06   1.870751e-03   2.663256e-07   1728
  5.580505e+00   8.613083e-06   1.868991e-03   3.201285e-07   1680
  5.587683e+00   6.170229e-06   2.153134e-03   2.189240e-07   1704
  5.594834e+00   6.839807e-06   1.690855e-03   2.277366e-07   1752
  5.601227e+00   8.093235e-06   2.010105e-03   2.989944e-07   1872
  5.608144e+00   8.039563e-06   1.970124e-03   3.201718e-07   1500
  5.615161e+00   7.074100e-06   1.725132e-03   2.686141e-07   1656
  5.621976e+00   8.038896e-06   1.849669e-03   2.971547e-07   1464
  5.628032e+00   5.945132e-06   1.620125e-03   2.708376e-07   1488
  5.635460e+00   6.579015e-06   1.955370e-03   2.334637e-07   1680
  5.642249e+00   7.304695e-06   2.042872e-03   2.665138e-07   1692
  5.648602e+00   7.106621e-06   1.956153e-03   3.129241e-07   1128
  5.655652e+00   7.260954e-06   1.883606e-03   2.894013e-07   1536
  5.662529e+00   6.257729e-06   1.963470e-03   2.766186e-07   1616
  5.669491e+00   6.221590e-06   1.893400e-03   2.592055e-07   1476
  5.676510e+00   6.106883e-06   2.083734e-03   2.958389e-07   1176
  5.682773e+00   6.467516e-06   2.238750e-03   2.319723e-07   1656
  5.689596e+00   6.852984e-06   1.966535e-03   3.800081e-07   891
  5.696628e+00   5.961545e-06   2.096343e-03   2.094291e-07   1596
  5.703481e+00   5.915520e-06   1.828067e-03   2.646506e-07   1422
  5.710239e+00   5.759782e-06   1.752994e-03   2.464391e-07   1254
  5.716597e+00   4.991122e-06   1.790882e-03   2.120674e-07   918
  5.723408e+00   6.210766e-06   1.960013e-03   2.186853e-07   1614
  5.730269e+00   4.958443e-06   1.693086e-03   2.790780e-07   798
  5.737091e+00   5.001445e-06   2.170335e-03   1.939128e-07   1458
  5.744008e+00   5.472329e-06   1.987302e-03   2.042195e-07   1374
  5.750845e+00   4.637653e-06   1.697289e-03   2.226393e-07   984
  5.757627e+00   5.095152e-06   2.335234e-03   2.023404e-07   1062
  5.764535e+00   5.857813e-06   1.979552e-03   2.481030e-07   1246
  5.771244e+00   4.194199e-06   1.835533e-03   1.924179e-07   1072
  5.778411e+00   4.364169e-06   1.987765e-03   2.150746e-07   1110
  5.785033e+00   5.240781e-06   2.153454e-03   1.963945e-07   1254
  5.791994e+00   4.546151e-06   2.043742e-03   2.230315e-07   1032
  5.799580e+00   5.076541e-06   1.893512e-03   2.841563e-07   786
  5.805348e+00   5.008576e-06   1.941259e-03   2.022755e-07   1152
  5.812103e+00   4.279444e-06   2.115778e-03   1.801163e-07   1086
  5.819141e+00   3.488217e-06   1.908905e-03   1.373057e-07   912
  5.825645e+00   6.178339e-06   1.913500e-03   2.722687e-07   1062
  5.832284e+00   4.033727e-06   1.907297e-03   1.604155e-07   912
  5.839956e+00   3.425094e-06   2.129169e-03   1.618106e-07   750
  5.845935e+00   5.032637e-06   2.051470e-03   2.073731e-07   1200
  5.852855e+00   4.146733e-06   1.857767e-03   2.105634e-07   918
  5.859734e+00   3.514948e-06   1.928300e-03   1.545587e-07   876
  5.866724e+00   5.060732e-06   1.684948e-03   2.186915e-07   870
  5.872846e+00   4.366297e-06   1.965223e-03   1.984779e-07   768
  5.880021e+00   3.081873e-06   1.801231e-03   1.369117e-07   830
  5.886666e+00   4.261228e-06   1.864935e-03   1.880148e-07   1080
  5.893547e+00   4.007112e-06   2.098296e-03   1.819223e-07   840
  5.900484e+00   3.239172e-06   2.020428e-03   1.403524e-07   798
  5.908351e+00   5.113137e-06   1.603645e-03   2.557852e-07   792
  5.914452e+00   3.378809e-06   1.870370e-03   1.564984e-07   726
  5.920853e+00   2.845633e-06   2.095853e-03   1.010059e-07   864
  5.927865e+00   3.548699e-06   1.794002e-03   1.745416e-07   900
  5.934974e+00   3.004528e-06   1.993790e-03   1.230341e-07   726
  5.941072e+00   3.164812e-06   1.725538e-03   1.434202e-07   576
  5.949208e+00   3.649555e-06   1.795730e-03   1.721829e-07   840
  5.954932e+00   3.173447e-06   1.864079e-03   1.565440e-07   750
  5.961713e+00   2.943428e-06   1.869740e-03   1.323334e-07   720
  5.968110e+00   3.577946e-06   1.891525e-03   1.804990e-07   702
  5.975579e+00   3.326396e-06   2.065800e-03   1.516865e-07   696
  5.981727e+00   3.401605e-06   1.847470e-03   1.830913e-07   480
  5.988972e+00   3.262847e-06   1.750554e-03   1.575768e-07   830
  5.995386e+00   3.123109e-06   2.036462e-03   1.444981e-07   756
  6.002573e+00   3.137407e-06   1.955362e-03   1.552198e-07   624
  6.008917e+00   2.821013e-06   2.066114e-03   1.453405e-07   582
  6.016416e+00   3.429514e-06   1.585789e-03   1.892801e-07   576
  6.022902e+00   2.768059e-06   2.123890e-03   1.274204e-07   624
  6.029552e+00   3.065621e-06   1.734580e-03   1.502284e-07   702
  6.036135e+00   2.807341e-06   1.995231e-03   1.357696e-07   624
  6.043954e+00   3.140231e-06   1.930252e-03   1.451402e-07   672
  6.050322e+00   2.397727e-06   1.444974e-03   1.382109e-07   342
  6.057317e+00   3.089429e-06   1.806408e-03   1.694172e-07   660
  6.063748e+00   2.436368e-06   1.856910e-03   1.524266e-07   576
  6.070389e+00   2.612536e-06   1.805290e-03   1.502731e-07   600
  6.077102e+00   2.368661e-06   2.088067e-03   1.290371e-07   510
  6.084654e+00   2.823072e-06   1.956206e-03   1.356832e-07   600
  6.090478e+00   2.072347e-06   1.558043e-03   1.472230e-07   216
  6.097259e+00   2.376501e-06   1.896408e-03   1.104179e-07   758
  6.105166e+00   2.260221e-06   2.076164e-03   1.159251e-07   576
  6.112095e+00   2.753073e-06   1.762607e-03   1.432385e-07   528
  6.118348e+00   2.413876e-06   1.213808e-03   1.815762e-07   318
  6.125065e+00   2.860803e-06   2.096863e-03   1.441276e-07   540
  6.133009e+00   1.503360e-06   1.482451e-03   8.515611e-08   384
  6.138391e+00   2.411511e-06   2.048230e-03   1.380217e-07   576
  6.145397e+00   1.996227e-06   1.673784e-03   1.108122e-07   414
  6.152023e+00   2.672587e-06   1.869070e-03   1.592598e-07   504
  6.159099e+00   2.369528e-06   2.051803e-03   1.306255e-07   312
  6.165897e+00   2.271278e-06   1.858958e-03   1.401327e-07   414
  6.172641e+00   1.782337e-06   1.717379e-03   1.018251e-07   432
  6.178916e+00   1.940800e-06   2.274422e-03   1.001269e-07   504
  6.186181e+00   2.385191e-06   2.190524e-03   1.420030e-07   432
  6.192981e+00   2.076853e-06   1.794368e-03   1.266725e-07   354
  6.199908e+00   2.160022e-06   2.611024e-03   1.657262e-07   200
  6.205850e+00   1.807595e-06   1.852606e-03   9.456452e-08   480
  6.213879e+00   1.849836e-06   2.117008e-03   9.514423e-08   552
  6.221243e+00   1.962916e-06   1.318727e-03   1.234915e-07   366
  6.226919e+00   2.186953e-06   1.403851e-03   2.243206e-07   240
  6.233165e+00   2.234143e-06   1.962641e-03   1.399847e-07   288
  6.241957e+00   1.870395e-06   1.348841e-03   1.261802e-07   366
  6.247640e+00   1.536311e-06   2.186897e-03   8.811270e-08   408
  6.253984e+00   1.678896e-06   1.643982e-03   1.250737e-07   360
  6.260548e+00   1.907617e-06   1.532467e-03   1.216866e-07   324
  6.266914e+00   1.956884e-06   1.809892e-03   1.724065e-07   174
  6.274497e+00   1.744613e-06   2.079311e-03   1.369426e-07   264
  6.281614e+00   1.609887e-06   1.896434e-03   1.000497e-07   456
  6.288712e+00   1.704245e-06   1.906939e-03   1.075429e-07   360
  6.294547e+00   1.522463e-06   2.100676e-03   1.197392e-07   270
  6.301693e+00   2.031247e-06   2.297515e-03   1.620013e-07   240
  6.310645e+00   2.251184e-06   1.674268e-03   2.013269e-07   120
  6.315046e+00   9.828649e-07   1.747879e-03   7.560771e-08   320
  6.322150e+00   1.539537e-06   2.162699e-03   7.182645e-08   462
  6.329591e+00   1.495915e-06   1.258273e-03   9.392732e-08   276
  6.336056e+00   1.822605e-06   1.427492e-03   1.868277e-07   144
  6.342283e+00   2.164208e-06   1.499145e-03   2.126651e-07   120
  6.350561e+00   1.092691e-06   1.135247e-03   6.142023e-08   294
  6.356817e+00   1.451089e-06   2.013989e-03   8.324331e-08   384
  6.362654e+00   1.360083e-06   1.333247e-03   9.616675e-08   216
  6.368240e+00   1.719586e-06   1.238145e-03   1.267328e-07   168
  6.374551e+00   1.385081e-06   1.473195e-03   1.713243e-07   102
  6.383675e+00   1.597402e-06   2.235128e-03   1.341826e-07   168
  6.390072e+00   1.416852e-06   1.956275e-03   8.206955e-08   384
  6.397085e+00   1.489744e-06   1.987624e-03   1.121430e-07   300
  6.403611e+00   1.446420e-06   2.128315e-03   1.103862e-07   144
  6.410968e+00   1.458428e-06   2.179695e-03   1.322588e-07   102
  6.419796e+00   1.751445e-06   5.159823e-04   2.181753e-07   56
  6.424025e+00   1.042654e-06   1.679904e-03   6.760893e-08   288
  6.430659e+00   1.144900e-06   2.186180e-03   5.945886e-08   360
  6.437882e+00   1.239241e-06   1.172736e-03   1.000017e-07   126
  6.443967e+00   1.195334e-06   5.775856e-04   1.509889e-07   72
  6.450601e+00   2.016501e-06   3.060057e-04   2.442351e-07   48
  6.459255e+00   9.547132e-07   1.237938e-03   6.921753e-08   240
  6.464943e+00   1.222962e-06   1.836775e-03   6.869371e-08   306
  6.470766e+00   1.284277e-06   1.020838e-03   1.272178e-07   120
  6.477473e+00   1.670630e-06   2.512419e-03   1.884703e-07   96
  6.482347e+00   1.450977e-06   0.000000e+00   2.837011e-07   24
  6.493300e+00   9.240698e-07   2.175691e-03   9.009267e-08   120
  6.498667e+00   1.011119e-06   1.881574e-03   5.922070e-08   318
  6.505232e+00   1.256340e-06   2.010717e-03   1.038291e-07   168
  6.512423e+00   1.667530e-06   2.157725e-03   1.755169e-07   72
  6.520300e+00   1.439267e-06   0.000000e+00   2.311941e-07   24
  6.528771e+00   1.862675e-06   1.047367e-03   4.668013e-07   14
  6.532801e+00   8.246375e-07   1.651932e-03   5.295154e-08   288
  6.539060e+00   1.123815e-06   1.987364e-03   1.038407e-07   204
  6.546283e+00   1.424451e-06   3.015331e-04   1.929794e-07   48
  6.552010e+00   1.891452e-06   0.000000e+00   3.427557e-07   24
  6.558634e+00   3.293474e-07   0.000000e+00   8.814535e-08   6
  6.568158e+00   9.339473e-07   1.235073e-03   6.879384e-08   216
  6.573065e+00   1.246270e-06   1.644779e-03   8.798398e-08   192
  6.579068e+00   1.213847e-06   3.000305e-04   2.333879e-07   48
  6.585365e+00   1.541137e-06   2.397294e-03   2.245891e-07   30
  6.603176e+00   1.038423e-06   4.957369e-04   1.008155e-07   96
  6.606833e+00   8.993243e-07   1.624400e-03   6.321908e-08   228
  6.613780e+00   1.165659e-06   2.124197e-03   1.471226e-07   72
  6.622132e+00   2.783217e-06   7.193062e-08   1.458770e-06   6
  6.641152e+00   8.636131e-07   1.603884e-03   6.553025e-08   248
  6.647222e+00   1.037127e-06   1.835728e-03   1.087994e-07   72
  6.654543e+00   1.308460e-06   0.000000e+00   1.055975e-07   6
  6.676674e+00   8.873798e-07   1.139742e-03   7.431868e-08   180
  6.681087e+00   1.071270e-06   1.550799e-03   1.341969e-07   72
  6.687387e+00   3.768479e-07   0.000000e+00   1.537763e-07   6
  6.711989e+00   1.031875e-06   4.876999e-04   1.286798e-07   96
  6.714929e+00   8.342383e-07   1.338941e-03   9.933307e-08   96
  6.720659e+00   2.279254e-06   0.000000e+00   4.363403e-07   6
  6.749089e+00   9.458158e-07   1.281470e-03   8.877597e-08   140
  6.754351e+00   8.369163e-07   7.193062e-08   9.339261e-08   6
  6.784822e+00   8.780882e-07   8.605644e-04   1.063387e-07   96
  6.788458e+00   3.713143e-07   1.245875e-07   1.491612e-07   6
  6.820657e+00   1.383621e-06   5.177004e-04   1.546044e-07   60
  6.822972e+00   1.197462e-06   0.000000e+00   1.464314e-07   6
  6.856798e+00   8.782536e-07   5.248414e-04   1.443468e-07   38
  6.892819e+00   6.768469e-07   2.699918e-04   2.580476e-07   18
  6.928903e+00   5.579350e-07   0.000000e+00   1.600381e-07   6
